12.828014633758087
12.824638095467233
12.820975137886677
12.811301366159253
12.78645983197396
12.770148039370127
12.770148039370127
12.770148039370127
12.770148039370127
12.770148039370127
12.770148039370127
12.691605994393196
12.691605994393196
12.363681439977466
12.363681439977466
12.358542536616078
12.356296491239789
12.329199439731415
12.326371827114343
11.999014596758482
11.769767103662737
11.190321848544581
11.179265470144891
11.179265470144891
11.163355943080585
11.148967308632738
11.148967308632738
10.458045749049546
10.458045749049546
10.458045749049546
10.452266646402457
10.297616892031868
10.297616892031868
10.297616892031868
10.27192015865094
10.262700628285803
10.160627277385334
9.98436574156375
9.98436574156375
9.98436574156375
9.98436574156375
9.835706545959685
9.835706545959685
9.71894677498927
9.251085895236525
9.241078068662837
9.231788248412236
9.231788248412236
9.231788248412236
9.231788248412236
9.044091482947522
9.044091482947522
8.999327919298985
8.999327919298985
8.999327919298985
8.999327919298985
8.80387373626614
8.779563198839774
8.779563198839774
8.779563198839774
8.772253500677973
8.115761964196508
7.779251842442456
7.778405212422243
7.764306622219145
7.7628953879705875
7.7628953879705875
7.759186551192826
7.759186551192826
7.759186551192826
7.730789721765326
7.730789721765326
7.730789721765326
7.730789721765326
7.719824685777503
7.719824685777503
7.719824685777503
7.719824685777503
7.6470504816410525
7.646210452886031
7.534828505362107
7.534828505362107
7.51783842568269
7.514859436205114
7.495558212069639
7.350560893013423
7.350560893013423
7.342808428389411
7.208340608577878
6.84885188605552
6.84885188605552
6.841076234163808
6.841076234163808
6.841076234163808
6.841076234163808
6.841076234163808
6.841076234163808
6.835049784154215
6.835049784154215
6.47323868097434
6.446975885640136
6.446975885640136
6.446975885640136
6.446975885640136
5.988967487412431
5.978866929225312
5.978866929225312
5.978866929225312
5.963651939933143
5.963651939933143
5.963651939933143
5.963651939933143
5.9472109052387765
5.9472109052387765
5.9472109052387765
5.9472109052387765
5.9472109052387765
5.9472109052387765
5.9472109052387765
5.9472109052387765
5.9472109052387765
5.9472109052387765
5.9472109052387765
5.946899321524143
5.946899321524143
5.946899321524143
5.923513372367992
5.9180546475508535
5.856011723501567
5.856011723501567
5.840901096184474
5.840901096184474
5.8407298704871025
5.8407298704871025
5.8407298704871025
5.8407298704871025
5.8404502809950785
5.832878137934948
5.832878137934948
5.799166766597594
5.610684196527686
5.610684196527686
5.610684196527686
5.610684196527686
5.6060690870511465
5.5995451490628625
5.5995451490628625
5.5995451490628625
5.5995451490628625
5.581401853701784
5.21468146086346
5.21468146086346
5.21468146086346
5.21468146086346
5.2088096143847835
5.199896070134358
5.199896070134358
5.197959168627733
5.197959168627733
5.197959168627733
5.197959168627733
5.197959168627733
5.197959168627733
5.197959168627733
5.187801907124609
5.1872820978258645
5.1872820978258645
5.1872820978258645
5.1872820978258645
5.1872820978258645
5.1872820978258645
5.1872820978258645
5.182055542717279
5.182055542717279
5.182055542717279
5.182055542717279
5.182055542717279
5.182055542717279
5.182055542717279
5.1778672946908415
5.1778672946908415
5.1778672946908415
5.174351309267486
5.174351309267486
5.167844671936557
5.167844671936557
5.167844671936557
5.167844671936557
5.167844671936557
5.167844671936557
5.161933938023509
5.161933938023509
5.161933938023509
5.161933938023509
5.155131850678089
5.155131850678089
5.155131850678089
5.155131850678089
5.155131850678089
5.153443458736781
5.033883256366202
5.033883256366202
5.030357064415696
5.030357064415696
5.0267977731059545
5.0267977731059545
4.997317116871713
4.997317116871713
4.997317116871713
4.997317116871713
4.997317116871713
4.893998976525104
4.893998976525104
4.892840538424373
4.858121961707795
4.858121961707795
4.858121961707795
4.858121961707795
4.786243828171322
4.778831670405516
4.778831670405516
4.768261479169482
4.768261479169482
4.766278732344645
4.766278732344645
4.6721660309141555
4.671765664297972
4.671765664297972
4.671765664297972
4.671765664297972
4.671765664297972
4.6642804415860795
4.6620788033322
4.65785071761551
4.65785071761551
4.65785071761551
4.619038483470042
4.619038483470042
4.6036862706597645
4.6036862706597645
4.6036862706597645
4.6036862706597645
4.6036862706597645
4.6036862706597645
4.579239003185741
4.575376660833776
4.575376660833776
4.575376660833776
4.574810266552539
4.569437341973689
4.569437341973689
4.567833066815595
4.567833066815595
4.567833066815595
4.533426917442775
4.527007454182993
4.527007454182993
4.5253595366738395
4.5253595366738395
4.5253595366738395
4.370574213978742
4.359280854664604
4.359280854664604
4.359280854664604
4.3582552350474515
4.3582552350474515
4.3582552350474515
4.081986468004516
4.081986468004516
4.081347712930295
4.081347712930295
4.081347712930295
4.079605054793944
4.033431854494658
4.030969849901332
4.009055815585178
4.009055815585178
4.009055815585178
4.009055815585178
4.009055815585178
4.009055815585178
4.007803986781589
4.007803986781589
4.003412346587552
3.9979859935114206
3.9963084705474614
3.9963084705474614
3.965428800825144
3.965428800825144
3.965428800825144
3.950492858678743
3.938983872187009
3.938983872187009
3.938983872187009
3.938983872187009
3.938983872187009
3.938983872187009
3.938983872187009
3.938983872187009
3.937333018669527
3.8632345753024637
3.8632345753024637
3.8632345753024637
3.8632345753024637
3.836145755143697
3.8120781420208587
3.8120781420208587
3.7992310686967414
3.7992310686967414
3.78973650498407
3.78973650498407
3.78973650498407
3.78973650498407
3.7842083415186067
3.7842083415186067
3.7842083415186067
3.7842083415186067
3.7842083415186067
3.7842083415186067
3.7797221900728246
3.7797221900728246
3.7797221900728246
3.7797221900728246
3.7797221900728246
3.7797221900728246
3.7643796621747043
3.7643796621747043
3.7643796621747043
3.7633481846558823
3.761234303584949
3.7112847386691925
3.7050157807672903
3.7050157807672903
3.7023537838814846
3.6953105467712035
3.6953105467712035
3.6922266564993507
3.6922266564993507
3.6922266564993507
3.6922266564993507
3.6922266564993507
3.6922266564993507
3.6922266564993507
3.6867852384924333
3.6867852384924333
3.6867852384924333
3.6157836927095275
3.6028121071820465
3.599209518524482
3.599209518524482
3.599209518524482
3.556882223356631
3.556882223356631
3.314865247882061
3.297032132756641
3.2853591693703663
3.2853591693703663
3.28408084343792
3.28408084343792
3.28408084343792
3.28408084343792
3.28408084343792
3.28408084343792
3.2742938126468744
3.2698229709262208
3.2698229709262208
3.2698229709262208
3.2698229709262208
3.268706841517549
3.268706841517549
3.268706841517549
3.264408947873406
3.264408947873406
3.264408947873406
3.264408947873406
3.2610923926041266
3.2610923926041266
3.2447472358508733
3.2447472358508733
3.2447472358508733
3.2447472358508733
3.2447472358508733
3.2447472358508733
3.244526064802251
2.837662481288419
2.7840046441721924
2.755569720349854
2.755569720349854
2.755569720349854
2.755569720349854
2.755569720349854
2.755569720349854
2.755569720349854
2.755569720349854
2.6279617608754364
2.222467586546145
2.222467586546145
2.222467586546145
2.222467586546145
2.222467586546145
2.222467586546145
2.222467586546145
2.222467586546145
2.2132417165769382
2.202912787271188
2.2006811067161607
2.2006811067161607
2.1895453768315605
2.1895453768315605
2.170889309545977
2.170889309545977
2.170889309545977
2.170889309545977
2.170889309545977
2.170889309545977
2.170889309545977
2.170889309545977
2.170889309545977
2.170889309545977
2.170889309545977
2.170889309545977
2.170889309545977
2.170889309545977
2.170889309545977
2.170889309545977
2.1698697657340134
2.165287264577344
2.165287264577344
2.165287264577344
2.119385060295947
2.1129149585405074
2.1129149585405074
2.1129149585405074
2.1129149585405074
2.1129149585405074
2.1129149585405074
2.1129149585405074
2.1129149585405074
2.1129149585405074
2.1129149585405074
2.1129149585405074
2.1119658902792864
2.09087486308956
2.0877442961955524
2.0804903699142727
2.0804903699142727
2.0804903699142727
2.0741157386376443
2.0741157386376443
2.060709972307052
2.0144066414712185
2.011989572601273
2.011989572601273
2.0119524938472395
2.0098613721813265
1.968101844425071
1.968101844425071
1.964708275558749
1.9416210845165196
1.9416210845165196
1.94004788533789
1.9164990262041144
1.903417618667227
1.8799075203881443
1.8799075203881443
1.8799075203881443
1.8799075203881443
1.8731600056037365
1.8731600056037365
1.872222518441177
1.872222518441177
1.872222518441177
1.653248996033632
1.6129299344974726
1.611010374329446
1.611010374329446
1.611010374329446
1.611010374329446
1.611010374329446
1.6080982075541996
1.6080982075541996
1.6080982075541996
1.5998583410254241
1.5998583410254241
1.5998583410254241
1.5998583410254241
1.596373235037241
1.596373235037241
1.596373235037241
1.596373235037241
1.596373235037241
1.596373235037241
1.596373235037241
1.5908490095570684
1.5908490095570684
1.586990744381552
1.5858019888119443
1.5858019888119443
1.5858019888119443
1.5858019888119443
1.5858019888119443
1.5858019888119443
1.5858019888119443
1.5858019888119443
1.5858019888119443
1.4813671977701048
1.4540099754768505
1.4540099754768505
1.4540099754768505
1.4540099754768505
1.4540099754768505
1.4540099754768505
1.4540099754768505
1.4459466849437987
1.4459466849437987
1.4459466849437987
1.4459466849437987
1.4459466849437987
1.4437597169647063
1.4437597169647063
1.4414557717444083
1.4171332391550564
1.4171332391550564
1.405565258804799
1.405565258804799
1.405565258804799
1.4053162125161194
1.4053162125161194
1.4053162125161194
1.4053162125161194
1.4053162125161194
1.4053162125161194
1.4053162125161194
1.3378687291323885
1.3378687291323885
1.3378687291323885
1.3277141345196881
1.3246958626709855
1.3224659176915523
1.3224659176915523
1.2254185519140535
1.2254185519140535
1.2175267055150059
1.2175267055150059
1.2175267055150059
1.2175267055150059
1.2069229502593046
1.2069229502593046
1.2069229502593046
1.2069229502593046
1.2069229502593046
1.2069229502593046
1.2069229502593046
1.1975389972045392
1.196958362246619
1.196958362246619
1.196958362246619
1.196958362246619
1.196958362246619
1.196958362246619
1.196958362246619
1.196958362246619
1.1829087617547387
1.1821972839881312
1.1821972839881312
1.1684793980189028
1.1684793980189028
1.1684793980189028
1.1684793980189028
1.1684793980189028
1.1684793980189028
1.1684793980189028
1.1684793980189028
1.1684793980189028
1.1684793980189028
1.1684793980189028
1.1684793980189028
1.1684793980189028
1.1674323503262087
1.1674323503262087
1.1674323503262087
1.1296874380581414
1.1296874380581414
1.1296874380581414
1.1296874380581414
1.1296874380581414
1.1296874380581414
1.1296874380581414
1.1296874380581414
1.1250535702740834
1.1250535702740834
1.1250535702740834
1.1250535702740834
1.1250535702740834
1.1250535702740834
1.1250535702740834
1.1250535702740834
1.1110546215456338
1.1047886007035146
1.0948520489397993
1.0948520489397993
1.0948520489397993
1.0923688802800697
1.0923688802800697
1.089836441071803
1.089836441071803
1.088272905036476
1.088272905036476
1.088272905036476
1.088272905036476
1.088272905036476
1.088272905036476
1.0806192483739991
1.0806192483739991
1.0796879270748718
1.0794228245950421
1.067891311491401
1.0219381239159873
1.0219381239159873
1.0219381239159873
1.0219381239159873
1.0219381239159873
1.0219381239159873
1.0219381239159873
1.0219381239159873
1.0219381239159873
1.0219381239159873
1.0219381239159873
1.0219381239159873
1.0219381239159873
1.0219381239159873
1.0113504486847233
1.0098955608438445
1.0098955608438445
1.0072206103181927
1.0072206103181927
1.0072206103181927
1.0000432601919087
0.9958475962097921
0.9958475962097921
0.9958475962097921
0.9958475962097921
0.9948315290385423
0.9948315290385423
0.9948315290385423
0.9948315290385423
0.990289059526809
0.990289059526809
0.990289059526809
0.9874094275188554
0.9874094275188554
0.9874094275188554
0.9874094275188554
0.9814344459609359
0.9814344459609359
0.9814344459609359
0.9814344459609359
0.9814344459609359
0.9814344459609359
0.9814344459609359
0.9814344459609359
0.9814344459609359
0.9814344459609359
0.9814344459609359
0.9814344459609359
0.9814344459609359
0.9783765404078082
0.9783765404078082
0.9783765404078082
0.9783765404078082
0.9672331480240786
0.9672331480240786
0.9655051768628056
0.9641740953686337
0.9641740953686337
0.9641740953686337
0.9577611970138875
0.9577611970138875
0.9577611970138875
0.956394539571221
0.956394539571221
0.956394539571221
0.956394539571221
0.956394539571221
0.956394539571221
0.956394539571221
0.956394539571221
0.956394539571221
0.9560620592723126
0.9560620592723126
0.9560620592723126
0.9560620592723126
0.952049191681688
0.9515882311435888
0.9495806576728896
0.9495806576728896
0.948991512143202
0.9311134164758244
0.9311134164758244
0.9310312888304182
0.9310312888304182
0.9310312888304182
0.9310312888304182
0.9278659569596357
0.9278659569596357
0.9278659569596357
0.9278659569596357
0.9201710818029554
0.9201710818029554
0.9201710818029554
0.9201710818029554
0.9010688468435291
0.9010688468435291
0.9010688468435291
0.9010688468435291
0.9010688468435291
0.9010688468435291
0.9010688468435291
0.9010688468435291
0.9010688468435291
0.9010688468435291
0.8982385206556955
0.8906300245841337
0.8906300245841337
0.8869342399834963
0.8869342399834963
0.8869342399834963
0.885948648515857
0.885948648515857
0.885948648515857
0.885948648515857
0.885948648515857
0.885948648515857
0.885948648515857
0.8841927018424229
0.8841927018424229
0.8841927018424229
0.8841927018424229
0.8841927018424229
0.8841927018424229
0.8841927018424229
0.8841927018424229
0.8841927018424229
0.8841927018424229
0.8808682731306163
0.8685338485819898
0.86543234221012
0.8521353018258893
0.8428345687319165
0.8428345687319165
0.8428345687319165
0.8428345687319165
0.8028853671276153
0.7995502570136566
0.7993355609758979
0.7993355609758979
0.7993355609758979
0.7993355609758979
0.7993355609758979
0.7993355609758979
0.786941211694355
0.786941211694355
0.7839892564282991
0.7832867262542607
0.7832867262542607
0.7745535606863854
0.7567870005004167
0.7448275238849718
0.7366561289346834
0.7317147029703222
0.729980836336928
0.7219196545307014
0.7185670213711219
0.7185670213711219
0.7185670213711219
0.7185670213711219
0.7185670213711219
0.7185670213711219
0.7185670213711219
0.7185670213711219
0.7185670213711219
0.7165968943026186
0.6781686514911129
0.6781686514911129
0.6781686514911129
0.6767677705802555
0.6767677705802555
0.6767677705802555
0.6767677705802555
0.6644246775577543
0.6644246775577543
0.6644246775577543
0.6644246775577543
0.6644246775577543
0.6641673108508996
0.6641673108508996
0.6613434356663888
0.6613434356663888
0.6484255481434644
0.6443178289473295
0.6362734926675913
0.6362734926675913
0.6362734926675913
0.6362734926675913
0.6362734926675913
0.6057996041758642
0.6043243551287105
0.6043243551287105
0.6043243551287105
0.6043243551287105
0.6042372327369137
0.6008250686509555
0.6008250686509555
0.6008250686509555
0.5990375926822651
0.5990375926822651
0.5990375926822651
0.5990375926822651
0.5990375926822651
0.5873194324075612
0.5873194324075612
0.5873194324075612
0.5873194324075612
0.5873194324075612
0.5873194324075612
0.5873194324075612
0.5873194324075612
0.5873194324075612
0.5873194324075612
0.5873194324075612
0.5733577513177437
0.5733577513177437
0.5733577513177437
0.5733577513177437
0.5733577513177437
0.5733577513177437
0.5733577513177437
0.5733577513177437
0.5733577513177437
0.5733577513177437
0.5707443969580908
0.5707443969580908
0.5707443969580908
0.5707443969580908
0.5707443969580908
0.5707443969580908
0.5707443969580908
0.5707443969580908
0.5707443969580908
0.5707443969580908
0.5707443969580908
0.5707443969580908
0.5707443969580908
0.5707443969580908
0.5707443969580908
0.5707443969580908
0.5707443969580908
0.5707443969580908
0.5707443969580908
0.5707443969580908
0.5707443969580908
0.5707443969580908
0.5598119421659717
0.5598119421659717
0.5598119421659717
0.5598119421659717
0.5598119421659717
0.5598119421659717
0.5598119421659717
0.5598119421659717
0.5598119421659717
0.5446540857255258
0.5446540857255258
0.5446540857255258
0.5446540857255258
0.5446540857255258
0.5435154190024676
0.5435154190024676
0.5435154190024676
0.5435154190024676
0.5435154190024676
0.5435154190024676
0.5435154190024676
0.5435154190024676
0.5396991332442411
0.5396991332442411
0.5396991332442411
0.5396991332442411
0.5396991332442411
0.5396991332442411
0.5396991332442411
0.5396991332442411
0.5396991332442411
0.5396991332442411
0.5396991332442411
0.5396991332442411
0.5396991332442411
0.5396991332442411
0.5396991332442411
0.5396991332442411
0.5396991332442411
0.5396991332442411
0.5396991332442411
0.5386554789176046
0.5386554789176046
0.5386554789176046
0.5386554789176046
0.5386554789176046
0.5386554789176046
0.5386554789176046
0.5386554789176046
0.5386554789176046
0.5386554789176046
0.5377843927310195
0.5335189247005516
0.5186658171771583
0.5155948730716347
0.5155948730716347
0.5155948730716347
0.5155948730716347
0.49994494323455996
0.49970777538689504
0.48198065065373186
0.48198065065373186
0.48198065065373186
0.48198065065373186
0.48198065065373186
0.48198065065373186
0.48198065065373186
0.48198065065373186
0.48198065065373186
0.47801134912642596
0.47801134912642596
0.4545926429862348
0.4545926429862348
0.4545926429862348
0.44306781190573474
0.44306781190573474
0.44306781190573474
0.44306781190573474
0.44306781190573474
0.44306781190573474
0.44306781190573474
0.44306781190573474
0.44306781190573474
0.44306781190573474
0.44306781190573474
0.42381089558755747
0.42381089558755747
0.42381089558755747
0.42381089558755747
0.42381089558755747
0.42381089558755747
0.42381089558755747
0.42381089558755747
0.42381089558755747
0.42381089558755747
0.42381089558755747
0.41711156153973405
0.41358088948391014
0.41358088948391014
0.41358088948391014
0.41358088948391014
0.4095388635056594
0.4095388635056594
0.4095388635056594
0.4095388635056594
0.3949365917405103
0.3949365917405103
0.3949365917405103
0.3863184744216568
0.3863184744216568
0.3863184744216568
0.3863184744216568
0.3863184744216568
0.3863184744216568
0.3863184744216568
0.3863184744216568
0.37250878351994743
0.37250878351994743
0.37250878351994743
0.37250878351994743
0.3646065088836039
0.35735065007039424
0.35735065007039424
0.35735065007039424
0.35735065007039424
0.35735065007039424
0.35735065007039424
0.35735065007039424
0.35735065007039424
0.34713943764875665
0.34713943764875665
0.34713943764875665
0.34713943764875665
0.3426553711955407
0.3404163394109645
0.3375403399898218
0.3375403399898218
0.3360796128275325
