0.010187625885009766
0.010173797607421875
0.009795427322387695
0.01007533073425293
0.010101318359375
0.009390115737915039
0.008838891983032227
0.008760452270507812
0.008516311645507812
0.008437156677246094
0.008574962615966797
0.008550167083740234
0.008600950241088867
0.008750200271606445
0.008834123611450195
0.008877992630004883
0.008808612823486328
0.008926868438720703
0.00923013687133789
0.008599519729614258
0.00867152214050293
0.008638143539428711
0.008417606353759766
0.008635759353637695
0.008563756942749023
0.008901119232177734
0.009451627731323242
0.009536504745483398
0.009370088577270508
0.009187936782836914
0.009013891220092773
0.009226799011230469
0.009050130844116211
0.00919342041015625
0.009142637252807617
0.008701086044311523
0.008506298065185547
0.008568525314331055
0.00837564468383789
0.008176088333129883
0.008636713027954102
0.00872492790222168
0.008682966232299805
0.008429288864135742
0.00830698013305664
0.008461475372314453
0.008609533309936523
0.008332967758178711
0.00855565071105957
0.008486032485961914
0.008717775344848633
0.008629798889160156
0.008654594421386719
0.008446455001831055
0.008269548416137695
0.008464813232421875
0.008278846740722656
0.008384227752685547
0.008317708969116211
0.008254528045654297
0.008316993713378906
0.008475780487060547
0.00810384750366211
0.008188962936401367
0.008319616317749023
0.008459091186523438
0.008406639099121094
0.008227348327636719
0.008299589157104492
0.008290290832519531
0.008236408233642578
0.008180856704711914
0.008266687393188477
0.008476018905639648
0.008380889892578125
0.008387565612792969
0.008342742919921875
0.008312225341796875
0.008300304412841797
0.00835108757019043
0.008158445358276367
0.008437871932983398
0.008102655410766602
0.008164405822753906
0.008011102676391602
0.008396148681640625
0.008283376693725586
0.008335590362548828
0.008277177810668945
0.008383989334106445
0.008397102355957031
0.008121252059936523
0.008892536163330078
0.009164571762084961
0.008855581283569336
0.008776664733886719
0.008352994918823242
0.008381366729736328
0.008176803588867188
0.008720159530639648
0.008374452590942383
0.008547306060791016
0.008472919464111328
0.008382320404052734
0.008491277694702148
0.008298397064208984
0.008128881454467773
0.008415699005126953
0.008554220199584961
0.008380413055419922
0.008451700210571289
0.008817911148071289
0.008573293685913086
0.008640527725219727
0.008460044860839844
0.008165121078491211
0.008387327194213867
0.008505582809448242
0.008167505264282227
0.008147001266479492
0.008415937423706055
0.008263587951660156
0.008461475372314453
0.008624076843261719
0.008425712585449219
0.008544445037841797
0.00881338119506836
0.008999109268188477
0.00864410400390625
0.008782386779785156
0.008795499801635742
0.00876617431640625
0.008932828903198242
0.0084686279296875
0.00885009765625
0.008859395980834961
0.008905649185180664
0.008820295333862305
0.008657455444335938
0.008866310119628906
0.008778572082519531
0.009212493896484375
0.009440183639526367
0.00890493392944336
0.00875401496887207
0.008811712265014648
0.008635759353637695
0.008559465408325195
0.008604049682617188
0.008931875228881836
0.009811639785766602
0.009668588638305664
0.009032487869262695
0.00914621353149414
0.00942683219909668
0.008898258209228516
0.00909280776977539
0.009006023406982422
0.008963584899902344
0.009087324142456055
0.009226083755493164
0.009192228317260742
0.008976459503173828
0.008991241455078125
0.008774518966674805
0.008579254150390625
0.008783102035522461
0.00896906852722168
0.008849620819091797
0.008425712585449219
0.00862741470336914
0.00840306282043457
0.00856924057006836
0.008339166641235352
0.008372068405151367
0.008342504501342773
0.008327960968017578
0.008364200592041016
0.008291244506835938
0.00830841064453125
0.008416414260864258
0.00826716423034668
0.008403778076171875
0.008343935012817383
0.008135080337524414
0.008185148239135742
0.008183002471923828
0.008454084396362305
0.008465051651000977
0.00827646255493164
0.008252859115600586
0.008309364318847656
0.008060455322265625
0.007798433303833008
0.0081024169921875
0.008037805557250977
0.008237361907958984
0.008083343505859375
0.00798940658569336
0.008152246475219727
0.007993936538696289
0.007895469665527344
0.00796198844909668
0.007972478866577148
0.007808685302734375
0.008251190185546875
0.00841665267944336
0.008303403854370117
0.00836801528930664
0.008632421493530273
0.008496284484863281
0.008414030075073242
0.008558988571166992
0.008322715759277344
0.008446216583251953
0.00832509994506836
0.008224248886108398
0.008500099182128906
0.008360147476196289
0.00830388069152832
0.008327245712280273
0.008316755294799805
0.00821065902709961
0.00828409194946289
0.008438587188720703
0.008303165435791016
0.008449792861938477
0.008387088775634766
0.008246898651123047
0.008345603942871094
0.008327960968017578
0.008238554000854492
0.008357048034667969
0.008321523666381836
0.008234739303588867
0.008376598358154297
0.008422613143920898
0.008250236511230469
0.008330345153808594
0.00836634635925293
0.008247137069702148
0.00830841064453125
0.008411169052124023
0.008231163024902344
0.008370637893676758
0.008268594741821289
0.008252620697021484
0.008296728134155273
0.00843667984008789
0.008249521255493164
0.008363008499145508
0.008254766464233398
0.007824182510375977
0.008169889450073242
0.007899284362792969
0.008101701736450195
0.008336782455444336
0.008374691009521484
0.008379697799682617
0.008529901504516602
0.00887751579284668
0.00860452651977539
0.008731365203857422
0.008831262588500977
0.008696317672729492
0.009067058563232422
0.008876562118530273
0.00865626335144043
0.008765220642089844
0.008559942245483398
0.008508682250976562
0.008515119552612305
0.008503913879394531
0.008483648300170898
0.008537054061889648
0.008855104446411133
0.008950948715209961
0.008626937866210938
0.008781671524047852
0.008689165115356445
0.00859212875366211
0.008946657180786133
0.008697271347045898
0.008408308029174805
0.008270025253295898
0.00879049301147461
0.008183956146240234
0.008284330368041992
0.008371353149414062
0.008709907531738281
0.008807897567749023
0.008715391159057617
0.009026765823364258
0.008779048919677734
0.008809089660644531
0.008544206619262695
0.008411169052124023
0.008445262908935547
0.008443832397460938
0.008360624313354492
0.008485078811645508
0.00847005844116211
0.008424758911132812
0.00818324089050293
0.008256673812866211
0.008646011352539062
0.008814334869384766
0.00882577896118164
0.008541345596313477
0.00853419303894043
0.008158206939697266
0.008051633834838867
0.007957220077514648
0.008264303207397461
0.008419036865234375
0.008252143859863281
0.008309602737426758
0.008199691772460938
0.008195638656616211
0.007940530776977539
0.007918596267700195
0.007906436920166016
0.007924556732177734
0.007984161376953125
0.008308172225952148
0.008568048477172852
0.008811473846435547
0.008691787719726562
0.008567094802856445
0.008489608764648438
0.008540868759155273
0.008652687072753906
0.008491277694702148
0.008482217788696289
0.008504629135131836
0.008378982543945312
0.008389949798583984
0.008447408676147461
0.008133649826049805
0.007964611053466797
0.008096933364868164
0.008292675018310547
0.00831294059753418
0.008329153060913086
0.008323192596435547
0.008263349533081055
0.008374214172363281
0.008312225341796875
0.008314371109008789
0.008344173431396484
0.008285760879516602
0.008263111114501953
0.008347272872924805
0.008271217346191406
0.00838327407836914
0.008265972137451172
0.008304357528686523
0.008298873901367188
0.00833749771118164
0.008302688598632812
0.008275747299194336
0.00832223892211914
0.008189678192138672
0.008262872695922852
0.008348464965820312
0.008252620697021484
0.008303642272949219
0.00832676887512207
0.008280515670776367
0.008316278457641602
0.008333683013916016
0.008237361907958984
0.00830841064453125
0.008354425430297852
0.00820779800415039
0.008245229721069336
0.00836944580078125
0.008418560028076172
0.008376121520996094
0.00835418701171875
0.008387088775634766
0.008599281311035156
0.00864410400390625
0.00861501693725586
0.008392810821533203
0.00863790512084961
0.008667469024658203
0.008390665054321289
0.008504867553710938
0.008365392684936523
0.008291482925415039
0.00832986831665039
0.008282661437988281
0.008407354354858398
0.008310794830322266
0.008178234100341797
0.00830221176147461
0.008179664611816406
0.008464336395263672
0.008398056030273438
0.00843954086303711
0.008460044860839844
0.008376836776733398
0.008478403091430664
0.008186817169189453
0.008275508880615234
0.008339405059814453
0.008312225341796875
0.008400678634643555
0.008298635482788086
0.008214473724365234
0.008303403854370117
0.008044719696044922
0.008170604705810547
0.008069515228271484
0.008231401443481445
0.008319377899169922
0.008257865905761719
0.008358478546142578
0.008370161056518555
0.008443593978881836
0.008558511734008789
0.00842142105102539
0.008504867553710938
0.008527278900146484
0.008217334747314453
0.008200645446777344
0.00817561149597168
0.00852513313293457
0.008526325225830078
0.008441925048828125
0.008447647094726562
0.008722305297851562
0.008628368377685547
0.008542299270629883
0.00858759880065918
0.008526325225830078
0.008558273315429688
0.00862431526184082
0.008581399917602539
0.008503913879394531
0.008615732192993164
0.008736610412597656
0.008731365203857422
0.008777379989624023
0.009011983871459961
0.008694648742675781
0.008917570114135742
0.008797645568847656
0.008787393569946289
0.00860595703125
0.00871729850769043
0.008660078048706055
0.008548974990844727
0.008569955825805664
0.00835871696472168
0.007991552352905273
0.008388996124267578
0.008309125900268555
0.00814056396484375
0.008339405059814453
0.008372783660888672
0.008256196975708008
0.008204936981201172
0.008638143539428711
0.008227825164794922
0.008460044860839844
0.008365392684936523
0.008690595626831055
0.009398460388183594
0.009674310684204102
0.009469747543334961
0.008923768997192383
0.008762359619140625
0.008763790130615234
0.008557558059692383
0.008720159530639648
0.008690357208251953
0.008822441101074219
0.008897542953491211
0.009681224822998047
0.00950932502746582
0.009610652923583984
0.009562015533447266
0.009134769439697266
0.008874893188476562
0.00883626937866211
0.008624076843261719
0.008653640747070312
0.008823871612548828
0.008493423461914062
0.008544921875
0.008506298065185547
0.008828163146972656
0.008717060089111328
0.008728742599487305
0.00851750373840332
0.008438348770141602
0.008463859558105469
0.00859379768371582
0.008696794509887695
0.008907318115234375
0.008778572082519531
0.008878946304321289
0.008693456649780273
0.008641481399536133
0.00875401496887207
0.008563995361328125
0.008457183837890625
0.008623123168945312
0.008508920669555664
0.008487701416015625
0.008502721786499023
0.008428335189819336
0.008421897888183594
0.008460283279418945
0.008464574813842773
0.008197307586669922
0.008348464965820312
0.008237123489379883
0.008268594741821289
0.008217573165893555
0.008332014083862305
0.008352041244506836
0.008561372756958008
0.008270978927612305
0.00829768180847168
0.008446216583251953
0.008465766906738281
0.008290290832519531
0.008344173431396484
0.008358478546142578
0.00863337516784668
0.008530139923095703
0.008608102798461914
0.008606195449829102
0.008557796478271484
0.0085601806640625
0.00968170166015625
0.01059103012084961
0.010511636734008789
0.009079933166503906
0.009142398834228516
0.009176254272460938
0.008525609970092773
0.00843358039855957
0.008674383163452148
0.008440256118774414
0.008020877838134766
0.008341789245605469
0.00871586799621582
0.008791685104370117
0.008695363998413086
0.008504629135131836
0.00854182243347168
0.008823633193969727
0.009013891220092773
0.009729623794555664
0.009944677352905273
0.009101390838623047
0.008902549743652344
0.009183406829833984
0.008983135223388672
0.00927114486694336
0.009556293487548828
0.009538888931274414
0.009549379348754883
0.009660959243774414
0.009360790252685547
0.00930333137512207
0.008826971054077148
0.008899211883544922
0.009303092956542969
0.008678436279296875
0.00869894027709961
0.008462905883789062
0.00857996940612793
0.00857996940612793
0.008567571640014648
0.008625268936157227
0.008952617645263672
0.008608579635620117
0.008988618850708008
0.008666038513183594
0.008706808090209961
0.008527755737304688
0.008503913879394531
0.008531570434570312
0.00874018669128418
0.008400917053222656
0.008635282516479492
0.008388757705688477
0.008275270462036133
0.008285760879516602
0.008442878723144531
0.008353948593139648
0.008365392684936523
0.008243083953857422
0.008226156234741211
0.008257865905761719
0.008342504501342773
0.008246421813964844
0.00840449333190918
0.008326292037963867
0.008326053619384766
0.008427619934082031
0.008378267288208008
0.008450031280517578
0.008345365524291992
0.008277177810668945
0.008248329162597656
0.008380413055419922
0.008498430252075195
0.008565187454223633
0.008468151092529297
0.008445262908935547
0.008259773254394531
0.008512020111083984
0.008442401885986328
0.008679866790771484
0.008675336837768555
0.008576154708862305
0.008757829666137695
0.009917259216308594
0.009041547775268555
0.008828878402709961
0.008693933486938477
0.008565664291381836
0.008616209030151367
0.008471488952636719
0.008462905883789062
0.00828242301940918
0.008310556411743164
0.008212804794311523
0.008281946182250977
0.008212566375732422
0.008282899856567383
0.008288145065307617
0.008166074752807617
0.008203983306884766
0.008080244064331055
0.007819414138793945
0.008318662643432617
0.008207321166992188
0.008265018463134766
0.008265256881713867
0.008250713348388672
0.008298397064208984
0.00830078125
0.00825953483581543
0.008187055587768555
0.00836038589477539
0.008249998092651367
0.00821375846862793
0.008407831192016602
0.008280038833618164
0.008175373077392578
0.008250951766967773
0.008195161819458008
0.00826716423034668
0.008296012878417969
0.008317947387695312
0.008134841918945312
0.00834035873413086
0.00820016860961914
0.008321523666381836
0.00838470458984375
0.00823974609375
0.008223295211791992
0.008281946182250977
0.008227109909057617
0.00844430923461914
0.008462190628051758
0.008440732955932617
0.008749961853027344
0.008598804473876953
0.008434772491455078
0.009014129638671875
0.009119987487792969
0.008781671524047852
0.008541345596313477
0.008786201477050781
0.00875091552734375
0.008571386337280273
0.008483409881591797
0.008494377136230469
0.008405685424804688
0.0084228515625
0.008844137191772461
0.008823871612548828
0.008877992630004883
0.008792400360107422
0.008661270141601562
0.008850336074829102
0.008873462677001953
0.010036230087280273
0.00945425033569336
0.009052753448486328
0.008942127227783203
0.009318828582763672
0.008930444717407227
0.00904083251953125
0.009257078170776367
0.009115934371948242
0.008797168731689453
0.00887918472290039
0.009156942367553711
0.008542776107788086
0.008403778076171875
0.008418083190917969
0.008394241333007812
0.008437871932983398
0.008528947830200195
0.008101940155029297
0.008170843124389648
0.00818943977355957
0.008221149444580078
0.008369207382202148
0.008602380752563477
0.008537530899047852
0.008906126022338867
0.008428573608398438
0.008450984954833984
0.008548736572265625
0.008346796035766602
0.008244991302490234
0.008242607116699219
0.008309602737426758
0.008203268051147461
0.008374452590942383
0.008422613143920898
0.008707761764526367
0.008869409561157227
0.008800506591796875
0.008736610412597656
0.008661985397338867
0.008454322814941406
0.008213043212890625
0.008079051971435547
0.008388757705688477
0.008280038833618164
0.008321762084960938
0.00837850570678711
0.008247613906860352
0.00814962387084961
0.008125543594360352
0.008002996444702148
0.008132219314575195
0.008310079574584961
0.007802486419677734
0.007939815521240234
0.007965087890625
0.007753849029541016
0.007950067520141602
0.00805974006652832
0.007898092269897461
0.008074760437011719
0.00778651237487793
0.007918834686279297
0.00816798210144043
0.007792472839355469
0.007962465286254883
0.008164167404174805
0.007811546325683594
0.008170366287231445
0.007834672927856445
0.007819414138793945
0.007958650588989258
0.00791311264038086
0.007876157760620117
0.0080718994140625
0.00789785385131836
0.008041620254516602
0.008108854293823242
0.007971763610839844
0.00796961784362793
0.007854938507080078
0.0077936649322509766
0.008023977279663086
0.008070707321166992
0.007861137390136719
0.00804448127746582
0.008021354675292969
0.007966995239257812
0.008109569549560547
0.008120059967041016
0.00814199447631836
0.008194684982299805
0.008289337158203125
0.007988691329956055
0.008524656295776367
0.008500099182128906
0.008530378341674805
0.008459091186523438
0.008226156234741211
0.008410215377807617
0.008369207382202148
0.008310556411743164
0.00825047492980957
0.008260965347290039
0.008316278457641602
0.008285045623779297
0.00833272933959961
0.008303165435791016
0.008280515670776367
0.00834345817565918
0.008254051208496094
0.008333683013916016
0.008227348327636719
0.008315801620483398
0.008210420608520508
0.008229970932006836
0.00834345817565918
0.008409261703491211
0.008297920227050781
0.0082855224609375
0.008281707763671875
0.008219480514526367
0.008434057235717773
0.008443832397460938
0.008400917053222656
0.008307933807373047
0.008304834365844727
0.008198976516723633
0.00828409194946289
0.008290767669677734
0.008187055587768555
0.008433818817138672
0.00825190544128418
0.008402585983276367
0.00843048095703125
0.008435487747192383
0.008308649063110352
0.008365392684936523
0.008375167846679688
0.008278608322143555
0.008552074432373047
0.008509159088134766
0.00842428207397461
0.008358240127563477
0.008318185806274414
0.008274555206298828
0.008479118347167969
0.008700132369995117
0.008567571640014648
0.008407115936279297
0.008399248123168945
0.00852346420288086
0.008757829666137695
0.008966684341430664
0.008742570877075195
0.008686542510986328
0.008862018585205078
0.009052038192749023
0.008810281753540039
0.008942127227783203
0.008748292922973633
0.008911371231079102
0.008775711059570312
0.008810043334960938
0.008863449096679688
0.008594036102294922
0.008759260177612305
0.008623838424682617
0.008471488952636719
0.008426904678344727
0.008469343185424805
0.008454561233520508
0.00823068618774414
0.008207082748413086
0.008188247680664062
0.008320331573486328
0.00830221176147461
0.00824737548828125
0.008183717727661133
0.008234262466430664
0.008167266845703125
0.008475780487060547
0.008398771286010742
0.008243799209594727
0.008250951766967773
0.00829005241394043
0.008298635482788086
0.008260965347290039
0.008291959762573242
0.008260011672973633
0.008284568786621094
0.008341312408447266
0.008322477340698242
0.008530378341674805
0.008465051651000977
0.008190393447875977
0.008350372314453125
0.008231163024902344
0.008145332336425781
0.008231639862060547
0.008284568786621094
0.00827932357788086
0.008240938186645508
0.008199214935302734
0.008266687393188477
0.008309125900268555
0.008335113525390625
0.00845479965209961
0.008393526077270508
0.008327245712280273
0.008527278900146484
0.008343935012817383
0.008391857147216797
0.008473873138427734
0.00843191146850586
0.008158206939697266
0.008342981338500977
0.008384943008422852
0.008388757705688477
0.00841665267944336
0.008363723754882812
0.008376121520996094
0.008310079574584961
0.008282184600830078
0.008289337158203125
0.008345603942871094
0.008336782455444336
0.008152961730957031
0.008318662643432617
0.008316278457641602
0.008280038833618164
0.008246421813964844
0.00796365737915039
0.008230924606323242
0.008020877838134766
0.008045434951782227
0.007712125778198242
0.008028745651245117
0.007918596267700195
0.007967710494995117
0.008216142654418945
0.007932424545288086
0.00821995735168457
0.008166313171386719
0.007792472839355469
0.008287668228149414
0.008476972579956055
0.008675098419189453
0.008871793746948242
0.008383750915527344
0.008281469345092773
0.008349895477294922
0.008397340774536133
0.00850534439086914
0.008445262908935547
0.00855112075805664
0.008529424667358398
0.008855819702148438
0.008918523788452148
0.008436918258666992
0.008561372756958008
0.008916139602661133
0.008972406387329102
0.008875608444213867
0.009590625762939453
0.009434938430786133
0.009195804595947266
0.008867979049682617
0.008800268173217773
0.008850336074829102
0.009174823760986328
0.00950765609741211
0.009538412094116211
0.009531497955322266
0.009239912033081055
0.009248018264770508
0.009629487991333008
0.008859872817993164
0.009311914443969727
0.00902557373046875
0.008794546127319336
0.008654356002807617
0.008432149887084961
0.008584022521972656
0.008651971817016602
0.00866842269897461
0.008825540542602539
0.009009122848510742
0.009183168411254883
0.009051084518432617
0.008715629577636719
0.00859379768371582
0.008379220962524414
0.008575677871704102
0.008461475372314453
0.008375167846679688
0.008464813232421875
0.008625507354736328
0.008442163467407227
0.008537769317626953
0.008392333984375
0.008654117584228516
0.008827924728393555
0.008685588836669922
