0.00434422492980957
0.004315853118896484
0.0042994022369384766
0.004666805267333984
0.0043032169342041016
0.00432896614074707
0.004328489303588867
0.004354953765869141
0.004335165023803711
0.004327297210693359
0.00436711311340332
0.004292964935302734
0.004309654235839844
0.0043179988861083984
0.0043146610260009766
0.004269599914550781
0.004343986511230469
0.0042803287506103516
0.004284858703613281
0.0042972564697265625
0.004291534423828125
0.0042874813079833984
0.0042819976806640625
0.004363059997558594
0.0043163299560546875
0.004300594329833984
0.004299163818359375
0.0042877197265625
0.004284858703613281
0.004284858703613281
0.004359722137451172
0.004272937774658203
0.00426030158996582
0.004289150238037109
0.0042819976806640625
0.0042743682861328125
0.004274129867553711
0.004316091537475586
0.004281759262084961
0.004281759262084961
0.004277229309082031
0.004301548004150391
0.004282712936401367
0.0043032169342041016
0.004257678985595703
0.0042917728424072266
0.004281282424926758
0.0042955875396728516
0.004283905029296875
0.004280567169189453
0.004291057586669922
0.004263401031494141
0.004270792007446289
0.00428009033203125
0.00429534912109375
0.004278659820556641
0.004277944564819336
0.004277944564819336
0.00426936149597168
0.0043032169342041016
0.004297018051147461
0.004656791687011719
0.00433802604675293
0.004283428192138672
0.004425525665283203
0.0043430328369140625
0.004369258880615234
0.004425048828125
0.004381895065307617
0.004344463348388672
0.00446319580078125
0.00438690185546875
0.004370212554931641
0.004338502883911133
0.0045359134674072266
0.004426717758178711
0.0045201778411865234
0.00440526008605957
0.004391193389892578
0.004372835159301758
0.0044400691986083984
0.0044133663177490234
0.004533052444458008
0.004373073577880859
0.004452943801879883
0.004370450973510742
0.004517555236816406
0.004383087158203125
0.00446319580078125
0.004381895065307617
0.004358768463134766
0.0043718814849853516
0.004518270492553711
0.0043811798095703125
0.004521846771240234
0.00433659553527832
0.004365444183349609
0.004331827163696289
0.0043561458587646484
0.004637956619262695
0.0044040679931640625
0.0045223236083984375
0.004386186599731445
0.004347562789916992
0.004334688186645508
0.004469394683837891
0.004417896270751953
0.004522085189819336
0.004387617111206055
0.004312038421630859
0.004369497299194336
0.0043332576751708984
0.004311323165893555
0.0045032501220703125
0.004437446594238281
0.004366159439086914
0.00432896614074707
0.0044362545013427734
0.0044248104095458984
0.00447392463684082
0.0044057369232177734
0.0043485164642333984
0.004404783248901367
0.004350423812866211
0.004510164260864258
0.004523038864135742
0.004388332366943359
0.004398822784423828
0.004336118698120117
0.0043756961822509766
0.004458189010620117
0.004389524459838867
0.004520416259765625
0.004381418228149414
0.004326581954956055
0.0045735836029052734
0.004341840744018555
0.004476308822631836
0.004464387893676758
0.0046732425689697266
0.004662513732910156
0.004628658294677734
0.0046918392181396484
0.0046575069427490234
0.004909992218017578
0.004670858383178711
0.0046749114990234375
0.004633188247680664
0.004685401916503906
0.0044994354248046875
0.004775285720825195
0.004583120346069336
0.00463104248046875
0.0045702457427978516
0.0045948028564453125
0.004766225814819336
0.005012989044189453
0.004633665084838867
0.004544258117675781
0.004680633544921875
0.004667997360229492
0.004990577697753906
0.0049896240234375
0.005158424377441406
0.004647493362426758
0.00466465950012207
0.004654645919799805
0.004700660705566406
0.004534721374511719
0.004930734634399414
0.00459742546081543
0.004290342330932617
0.0043926239013671875
0.004456758499145508
0.004369497299194336
0.004424095153808594
0.0043413639068603516
0.0044498443603515625
0.004404783248901367
0.0043261051177978516
0.004590749740600586
0.0046803951263427734
0.004325389862060547
0.004334449768066406
0.004314899444580078
0.004322052001953125
0.004331827163696289
0.0043239593505859375
0.00438690185546875
0.004317760467529297
0.0043277740478515625
0.004334449768066406
0.004302501678466797
0.004320383071899414
0.004312276840209961
0.004300594329833984
0.0042879581451416016
0.004294157028198242
0.0042934417724609375
0.004294872283935547
0.0044248104095458984
0.0044558048248291016
0.0045735836029052734
0.004547595977783203
0.00444793701171875
0.00443267822265625
0.00441288948059082
0.0045337677001953125
0.004425048828125
0.0050504207611083984
0.004683494567871094
0.0049648284912109375
0.004838228225708008
0.004955291748046875
0.0046732425689697266
0.005039215087890625
0.004725456237792969
0.0046672821044921875
0.004654407501220703
0.004677295684814453
0.004637002944946289
0.00519871711730957
0.004505157470703125
0.0045244693756103516
0.004461526870727539
0.004439353942871094
0.0045626163482666016
0.0044307708740234375
0.004770755767822266
0.004529476165771484
0.0044612884521484375
0.004548311233520508
0.004447221755981445
0.004448890686035156
0.005038022994995117
0.004602909088134766
0.0047228336334228516
0.00447535514831543
0.004372596740722656
0.004373073577880859
0.004378318786621094
0.004382610321044922
0.004393577575683594
0.004344463348388672
0.004330873489379883
0.004714250564575195
0.00444340705871582
0.004375457763671875
0.004572153091430664
0.004468679428100586
0.004370689392089844
0.004375457763671875
0.004374980926513672
0.004383563995361328
0.004380226135253906
0.004536867141723633
0.004403114318847656
0.00437164306640625
0.004401683807373047
0.004372358322143555
0.004372358322143555
0.004698276519775391
0.004385709762573242
0.004449605941772461
0.0043604373931884766
0.004362583160400391
0.004359006881713867
0.0043697357177734375
0.004413604736328125
0.004546403884887695
0.004484891891479492
0.004798173904418945
0.0044574737548828125
0.004362344741821289
0.004370212554931641
0.004645347595214844
0.004638671875
0.004637718200683594
0.004673480987548828
0.004381418228149414
0.004362821578979492
0.00429534912109375
0.004308462142944336
0.004354953765869141
0.0043218135833740234
0.004340648651123047
0.005507469177246094
0.004641056060791016
0.00464940071105957
0.0044193267822265625
0.0043582916259765625
0.004416465759277344
0.0044558048248291016
0.004315376281738281
0.0043375492095947266
0.004349946975708008
0.0043714046478271484
0.004370689392089844
0.0048961639404296875
0.004853487014770508
0.0044345855712890625
0.004364967346191406
0.00439143180847168
0.004443168640136719
0.004642009735107422
0.0043032169342041016
0.0044438838958740234
0.00436091423034668
0.0043294429779052734
0.0042781829833984375
0.004314899444580078
0.00408935546875
0.004189491271972656
0.004287242889404297
0.004366159439086914
0.004337310791015625
0.004354715347290039
0.0042912960052490234
0.0043010711669921875
0.004327535629272461
0.0042955875396728516
0.004303455352783203
0.004361867904663086
0.004493236541748047
0.004546403884887695
0.004291534423828125
0.004463672637939453
0.004735708236694336
0.004805088043212891
0.005774497985839844
0.0051839351654052734
0.004765033721923828
0.00469660758972168
0.004777669906616211
0.0043430328369140625
0.00441288948059082
0.004335641860961914
0.004337310791015625
0.004430532455444336
0.004400968551635742
0.004395246505737305
0.0043544769287109375
0.00426173210144043
0.004556417465209961
0.004403591156005859
0.004429817199707031
0.004570960998535156
0.00494074821472168
0.004421710968017578
0.004805803298950195
0.004755496978759766
0.0046977996826171875
0.0046961307525634766
0.0052051544189453125
0.0044329166412353516
0.004765987396240234
0.00442814826965332
0.004369020462036133
0.005145072937011719
0.004734992980957031
0.005053281784057617
0.005180835723876953
0.0046880245208740234
0.0046465396881103516
0.004985809326171875
0.004654407501220703
0.0051801204681396484
0.004639625549316406
0.004658222198486328
0.004296779632568359
0.004391193389892578
0.004411458969116211
0.004395008087158203
0.004343509674072266
0.004568815231323242
0.00467228889465332
0.005170583724975586
0.0043866634368896484
0.004919290542602539
0.004400968551635742
0.004355669021606445
0.005043745040893555
0.004633426666259766
0.00444793701171875
0.005136728286743164
0.004809856414794922
0.004729509353637695
0.004849910736083984
0.004760026931762695
0.004508495330810547
0.005069255828857422
0.0044214725494384766
0.004025459289550781
0.0043218135833740234
0.004316091537475586
0.004323720932006836
0.004324436187744141
0.004326820373535156
0.004308223724365234
0.004305362701416016
0.004305362701416016
0.004304647445678711
0.00433659553527832
0.0047931671142578125
0.004403114318847656
0.00435948371887207
0.0048220157623291016
0.00444483757019043
0.004454374313354492
0.004644870758056641
0.0044460296630859375
0.004371166229248047
0.004343986511230469
0.004770040512084961
0.0043261051177978516
0.004279613494873047
0.0044307708740234375
0.0044023990631103516
0.004333019256591797
0.004435300827026367
0.00444340705871582
0.0043659210205078125
0.004467487335205078
0.0043604373931884766
0.004289865493774414
0.00426030158996582
0.00428009033203125
0.0042765140533447266
0.0042688846588134766
0.004284858703613281
0.004273891448974609
0.004317283630371094
0.004292964935302734
0.004293203353881836
0.004277706146240234
0.004274845123291016
0.004302024841308594
0.004333019256591797
0.004442930221557617
0.004393815994262695
0.004351139068603516
0.0044634342193603516
0.004519462585449219
0.004360198974609375
0.004477739334106445
0.004389524459838867
0.004422664642333984
0.004446983337402344
0.004438161849975586
0.004441499710083008
0.00443577766418457
0.00431513786315918
0.004278421401977539
0.004282712936401367
0.00429081916809082
0.00427556037902832
0.004285097122192383
0.004302501678466797
0.004290103912353516
0.004324674606323242
0.004290342330932617
0.004278659820556641
0.004298686981201172
0.004294395446777344
0.004332065582275391
0.00426793098449707
0.0042688846588134766
0.0042726993560791016
0.004284381866455078
0.004285335540771484
0.0042743682861328125
0.004323005676269531
0.004282951354980469
0.004271745681762695
0.004361867904663086
0.004407644271850586
0.004284858703613281
0.004285097122192383
0.004278421401977539
0.004264354705810547
0.004302263259887695
0.00429987907409668
0.004573822021484375
0.004440784454345703
0.004541635513305664
0.0044231414794921875
0.004350185394287109
0.00433659553527832
0.0043294429779052734
0.004312992095947266
0.004889011383056641
0.004372119903564453
0.004355430603027344
0.0044176578521728516
0.0043833255767822266
0.004583120346069336
0.0053293704986572266
0.004651546478271484
0.0046274662017822266
0.004305839538574219
0.004323244094848633
0.004316091537475586
0.004337310791015625
0.0044329166412353516
0.0043277740478515625
0.00448298454284668
0.004365205764770508
0.004860639572143555
0.005037546157836914
0.004735469818115234
0.004711627960205078
0.004658699035644531
0.004682064056396484
0.005045890808105469
0.005039691925048828
0.004669904708862305
0.004650592803955078
0.00461268424987793
0.004433870315551758
0.004726409912109375
0.004889965057373047
0.004419088363647461
0.0043659210205078125
0.004365205764770508
0.004436969757080078
0.004482269287109375
0.004520416259765625
0.004348278045654297
0.004380702972412109
0.004405975341796875
0.004420280456542969
0.004400968551635742
0.004451274871826172
0.004464864730834961
0.004326343536376953
0.00434112548828125
0.004332065582275391
0.004342555999755859
0.004322052001953125
0.004329204559326172
0.004358053207397461
0.004300594329833984
0.0043163299560546875
0.0043103694915771484
0.004338264465332031
0.004324197769165039
0.004321575164794922
0.0042765140533447266
0.0042841434478759766
0.004380464553833008
0.004404783248901367
0.004329681396484375
0.004390716552734375
0.004812955856323242
0.004378557205200195
0.004660129547119141
0.004656791687011719
0.0045337677001953125
0.0045642852783203125
0.005181789398193359
0.005145072937011719
0.004498004913330078
0.004304409027099609
0.004291534423828125
0.004258155822753906
0.004285335540771484
0.004256010055541992
0.004305839538574219
0.004288196563720703
0.004381656646728516
0.004368782043457031
0.0044591426849365234
0.004338502883911133
0.004343748092651367
0.0043909549713134766
0.0043642520904541016
0.004358053207397461
0.004372596740722656
0.0044138431549072266
0.004271984100341797
0.004277229309082031
0.004263639450073242
0.004293203353881836
0.004286289215087891
0.004302263259887695
0.004296302795410156
0.004289150238037109
0.004274845123291016
0.00429224967956543
0.0042726993560791016
0.004266262054443359
0.004277706146240234
0.004320383071899414
0.0042819976806640625
0.004334926605224609
0.004289388656616211
0.00436854362487793
0.0043048858642578125
0.004415750503540039
0.004428386688232422
0.004364967346191406
0.004291057586669922
0.004273653030395508
0.0046002864837646484
0.004422903060913086
0.0043735504150390625
0.004361867904663086
0.004338741302490234
0.0043942928314208984
0.004561424255371094
0.004312753677368164
0.00427699089050293
0.00426483154296875
0.004277467727661133
0.004284381866455078
0.004279136657714844
0.004333972930908203
0.004363059997558594
0.0046596527099609375
0.0044786930084228516
0.004559755325317383
0.004288434982299805
0.004274129867553711
0.004283905029296875
0.004305362701416016
0.004318952560424805
0.004291057586669922
0.00428462028503418
0.0042803287506103516
0.004286527633666992
0.004340648651123047
0.004306316375732422
0.004304409027099609
0.004314899444580078
0.004311561584472656
0.0042917728424072266
0.004330873489379883
0.004287004470825195
0.004294157028198242
0.004326581954956055
0.004412174224853516
0.004526853561401367
0.004328489303588867
0.004301786422729492
0.0043125152587890625
0.004277944564819336
0.004307270050048828
0.004282236099243164
0.004321575164794922
0.004306316375732422
0.004307985305786133
0.004297494888305664
0.004378080368041992
0.00443577766418457
0.0042705535888671875
0.0042688846588134766
0.004452943801879883
0.004312992095947266
0.004302024841308594
0.004278898239135742
0.004317522048950195
0.004297971725463867
0.004349470138549805
0.004311800003051758
0.004307270050048828
0.004306793212890625
0.004296302795410156
0.004370927810668945
0.004317760467529297
0.004311800003051758
0.004372358322143555
0.004420280456542969
0.004359722137451172
0.0046274662017822266
0.004432201385498047
0.0044078826904296875
0.004395008087158203
0.004462003707885742
0.004445075988769531
0.004646778106689453
0.004467487335205078
0.004525661468505859
0.004462242126464844
0.00467228889465332
0.004555702209472656
0.0047588348388671875
0.004464387893676758
0.004463911056518555
0.0044078826904296875
0.004431724548339844
0.004690885543823242
0.004681587219238281
0.004456043243408203
0.004426002502441406
0.0044023990631103516
0.004437685012817383
0.004449129104614258
0.004426717758178711
0.004361391067504883
0.004350185394287109
0.004345417022705078
0.00434565544128418
0.0044057369232177734
0.0045664310455322266
0.004568576812744141
0.0044367313385009766
0.00442194938659668
0.004338264465332031
0.0043451786041259766
0.004437923431396484
0.0043506622314453125
0.0043599605560302734
0.004457235336303711
0.0043141841888427734
0.004307270050048828
0.0045130252838134766
0.004463911056518555
0.0043675899505615234
0.0043239593505859375
0.004430055618286133
0.004334211349487305
0.004362821578979492
0.004432201385498047
0.004357814788818359
0.004370450973510742
0.004309654235839844
0.004304409027099609
0.004299640655517578
0.004518747329711914
0.004450798034667969
0.0044209957122802734
0.004451751708984375
0.0044155120849609375
0.004517078399658203
0.004402875900268555
0.004508018493652344
0.004374980926513672
0.00431513786315918
0.004342317581176758
0.004334449768066406
0.004349231719970703
0.0045316219329833984
0.0044193267822265625
0.004348039627075195
0.0043108463287353516
0.004341602325439453
0.004332304000854492
0.004510164260864258
0.0043659210205078125
0.004350423812866211
0.004446506500244141
0.004372358322143555
0.004339933395385742
0.003981590270996094
0.0038115978240966797
0.004328012466430664
0.0042972564697265625
0.0043087005615234375
0.004295825958251953
0.004283428192138672
0.004296064376831055
0.004299640655517578
0.004299163818359375
0.0042836666107177734
0.004332065582275391
0.004289150238037109
0.004298210144042969
0.004301548004150391
0.0042781829833984375
0.004285097122192383
0.00428318977355957
0.004260063171386719
0.004286050796508789
0.00446009635925293
0.004499673843383789
0.004478931427001953
0.004412174224853516
0.004504680633544922
0.004500627517700195
0.004412412643432617
0.00439453125
0.004502058029174805
0.0044438838958740234
0.00439453125
0.00431370735168457
0.0044498443603515625
0.004339694976806641
0.004556894302368164
0.004364490509033203
0.004401683807373047
0.004351139068603516
0.0043756961822509766
0.004406452178955078
0.0042972564697265625
0.0042724609375
0.004304170608520508
0.004263639450073242
0.004264354705810547
0.004273176193237305
0.004302978515625
0.004282951354980469
0.004304409027099609
0.004286527633666992
0.004288673400878906
0.004305839538574219
0.0042819976806640625
0.0042972564697265625
0.004309415817260742
0.004288911819458008
0.004273176193237305
0.004271268844604492
0.004271984100341797
0.004301548004150391
0.004303693771362305
0.004312038421630859
0.004439115524291992
0.004390716552734375
0.004315614700317383
0.0045735836029052734
0.004309892654418945
0.004312276840209961
0.004494428634643555
0.004626274108886719
0.00444793701171875
0.0043163299560546875
0.004357576370239258
0.00434565544128418
0.004389286041259766
0.00435948371887207
0.006010532379150391
0.00435638427734375
0.004288911819458008
0.004594326019287109
0.004331350326538086
0.00441288948059082
0.004616737365722656
0.004461526870727539
0.004411935806274414
0.0045318603515625
0.004761695861816406
0.0044367313385009766
0.004998207092285156
0.004620552062988281
0.0046389102935791016
0.004276275634765625
0.004296064376831055
0.004282951354980469
0.0042726993560791016
0.0042803287506103516
0.004298686981201172
0.00429844856262207
0.004288434982299805
0.004311561584472656
0.004302978515625
0.0043621063232421875
0.004313468933105469
0.004316568374633789
0.00426793098449707
0.004277467727661133
0.004298210144042969
0.004454135894775391
0.004365205764770508
0.004354953765869141
0.004324436187744141
0.004312276840209961
0.0043430328369140625
0.0045549869537353516
0.0043125152587890625
0.004324674606323242
0.004297971725463867
0.004290342330932617
0.0042994022369384766
0.004296302795410156
0.00432586669921875
0.004281759262084961
0.004280567169189453
0.004287004470825195
0.0042841434478759766
0.004385709762573242
0.004352092742919922
0.0043010711669921875
0.004285573959350586
0.004330158233642578
0.0044362545013427734
0.00442194938659668
0.004487752914428711
0.00454401969909668
0.004449129104614258
0.004464149475097656
0.004445552825927734
0.004424571990966797
0.004465579986572266
0.004574775695800781
0.004437685012817383
0.0043964385986328125
0.004439592361450195
0.004279613494873047
0.004395484924316406
0.0044095516204833984
0.004438638687133789
0.0043659210205078125
0.004308938980102539
0.004292011260986328
0.00435948371887207
0.004266023635864258
0.004283428192138672
0.004300832748413086
0.0043332576751708984
0.004279136657714844
0.004302978515625
0.004368305206298828
0.004483222961425781
0.004418373107910156
0.004292488098144531
0.004299163818359375
0.004296302795410156
0.004433870315551758
0.004334688186645508
0.004561424255371094
0.004346609115600586
0.004302263259887695
0.004332780838012695
0.0044133663177490234
0.00437617301940918
0.004506349563598633
0.004334926605224609
0.004273414611816406
0.004326343536376953
0.0043337345123291016
0.004368782043457031
0.00451207160949707
0.004517078399658203
0.004437446594238281
0.004313468933105469
0.004319906234741211
0.0043201446533203125
0.0044994354248046875
0.004380702972412109
0.004369020462036133
0.004286527633666992
0.004396915435791016
0.0044362545013427734
0.004337787628173828
0.004913330078125
0.004462718963623047
0.0043027400970458984
0.004274845123291016
0.00429987907409668
0.004378795623779297
0.004428863525390625
0.0047795772552490234
0.004454612731933594
0.004415035247802734
0.004349231719970703
0.004377841949462891
0.0043430328369140625
0.004647731781005859
0.004683971405029297
0.005430936813354492
0.0051457881927490234
0.004543304443359375
0.004820823669433594
0.004346132278442383
0.004323005676269531
0.0043179988861083984
0.004331111907958984
0.004327535629272461
0.004306316375732422
0.004314899444580078
0.004302263259887695
0.004305124282836914
0.00430750846862793
0.0043048858642578125
0.004288196563720703
0.004311561584472656
0.004327297210693359
0.0042989253997802734
0.004330635070800781
0.004292726516723633
0.004304170608520508
0.004314899444580078
0.004297494888305664
0.00432133674621582
0.004280567169189453
0.004297494888305664
0.004309177398681641
0.0043256282806396484
0.004299163818359375
0.004309177398681641
0.004326820373535156
0.0042536258697509766
0.00428318977355957
0.004289388656616211
0.004354715347290039
0.004440784454345703
0.005552053451538086
0.004660606384277344
0.004650115966796875
0.004693031311035156
0.004718780517578125
