0.01647472381591797
0.016283512115478516
0.01646900177001953
0.01660752296447754
0.016699552536010742
0.017008304595947266
0.016802549362182617
0.016582012176513672
0.018085956573486328
0.017670869827270508
0.017581939697265625
0.017209291458129883
0.017786741256713867
0.01777958869934082
0.016947269439697266
0.017344236373901367
0.017397165298461914
0.01708197593688965
0.01733112335205078
0.016985177993774414
0.01781773567199707
0.01833343505859375
0.020731449127197266
0.020580768585205078
0.018723249435424805
0.018311738967895508
0.018121004104614258
0.018198251724243164
0.01755666732788086
0.01716446876525879
0.016916751861572266
0.017035484313964844
0.01708841323852539
0.017285823822021484
0.01907205581665039
0.017277956008911133
0.017298221588134766
0.016693115234375
0.0166318416595459
0.01661372184753418
0.016716480255126953
0.016726016998291016
0.0166628360748291
0.016659259796142578
0.016782760620117188
0.01634073257446289
0.016522884368896484
0.016416549682617188
0.016621828079223633
0.016894102096557617
0.01690840721130371
0.016771554946899414
0.016714811325073242
0.016687631607055664
0.016350269317626953
0.016399383544921875
0.016747474670410156
0.016649961471557617
0.016595125198364258
0.01665472984313965
0.01678466796875
0.016797304153442383
0.016849756240844727
0.016865015029907227
0.017322063446044922
0.018438339233398438
0.018113136291503906
0.0196993350982666
0.01762247085571289
0.016999006271362305
0.01674056053161621
0.016841888427734375
0.017006874084472656
0.016799211502075195
0.016993999481201172
0.016825437545776367
0.016608715057373047
0.016274690628051758
0.01660299301147461
0.016597270965576172
0.01659393310546875
0.017139911651611328
0.016929149627685547
0.016878843307495117
0.016848087310791016
0.016670703887939453
0.016615867614746094
0.0166475772857666
0.01673102378845215
0.01653909683227539
0.01700282096862793
0.017158985137939453
0.01682567596435547
0.01671624183654785
0.016551971435546875
0.016796350479125977
0.016772985458374023
0.01651763916015625
0.01607060432434082
0.016347169876098633
0.01602005958557129
0.0158841609954834
0.016222000122070312
0.01568126678466797
0.016262531280517578
0.01571059226989746
0.015508890151977539
0.015846729278564453
0.016611337661743164
0.016527175903320312
0.01678752899169922
0.016458988189697266
0.016466140747070312
0.01674175262451172
0.016618013381958008
0.016637086868286133
0.016648292541503906
0.01636648178100586
0.016575098037719727
0.016712188720703125
0.017086505889892578
0.01669597625732422
0.017663002014160156
0.017787933349609375
0.017589330673217773
0.018062829971313477
0.017443418502807617
0.01746225357055664
0.017352819442749023
0.01704263687133789
0.017203330993652344
0.017160892486572266
0.017153263092041016
0.017004013061523438
0.016858816146850586
0.016848087310791016
0.016837596893310547
0.016864538192749023
0.017021656036376953
0.017134428024291992
0.01664257049560547
0.016724586486816406
0.016942501068115234
0.017856121063232422
0.017772912979125977
0.017704248428344727
0.017429590225219727
0.01706075668334961
0.016999244689941406
0.017049074172973633
0.017036914825439453
0.017534494400024414
0.020334720611572266
0.018973827362060547
0.01810002326965332
0.016922712326049805
0.017325878143310547
0.017065048217773438
0.01687026023864746
0.0167691707611084
0.017124652862548828
0.01638936996459961
0.016721725463867188
0.01676487922668457
0.016607999801635742
0.01645040512084961
0.016785383224487305
0.016770601272583008
0.01687479019165039
0.016528844833374023
0.016730308532714844
0.01766490936279297
0.01690363883972168
0.016985416412353516
0.016957759857177734
0.0169069766998291
0.016727209091186523
0.01670098304748535
0.01638174057006836
0.016476869583129883
0.016737937927246094
0.01685190200805664
0.01665496826171875
0.016561269760131836
0.01639246940612793
0.016460180282592773
0.016373157501220703
0.016219615936279297
0.01638650894165039
0.01647162437438965
0.01600813865661621
0.015691518783569336
0.016269683837890625
0.01614546775817871
0.016376972198486328
0.016262531280517578
0.016716480255126953
0.016411304473876953
0.01672816276550293
0.016696453094482422
0.01628875732421875
0.01633906364440918
0.01672816276550293
0.0158231258392334
0.016635894775390625
0.01616072654724121
0.01648569107055664
0.01660776138305664
0.016574621200561523
0.016530513763427734
0.016792774200439453
0.016336679458618164
0.01640772819519043
0.016064882278442383
0.016135215759277344
0.01589035987854004
0.016442537307739258
0.016313791275024414
0.01609492301940918
0.016244888305664062
0.01650094985961914
0.01732659339904785
0.017108440399169922
0.017017364501953125
0.016289710998535156
0.01612544059753418
0.0163421630859375
0.016533374786376953
0.016910314559936523
0.016591310501098633
0.016362667083740234
0.016619443893432617
0.016721248626708984
0.01665949821472168
0.01686573028564453
0.016720056533813477
0.01616215705871582
0.016880273818969727
0.01681971549987793
0.01662921905517578
0.01650094985961914
0.016486644744873047
0.016721487045288086
0.016719818115234375
0.01667642593383789
0.016190290451049805
0.016438007354736328
0.016802072525024414
0.01639556884765625
0.016501665115356445
0.016663074493408203
0.01640605926513672
0.01653909683227539
0.01634526252746582
0.01644420623779297
0.016278505325317383
0.016424894332885742
0.016646623611450195
0.016758203506469727
0.016659975051879883
0.016423940658569336
0.01653432846069336
0.016566038131713867
0.01639080047607422
0.01660013198852539
0.016352176666259766
0.0164337158203125
0.016553878784179688
0.016212940216064453
0.015844106674194336
0.016773462295532227
0.01690053939819336
0.018725872039794922
0.017407655715942383
0.01714348793029785
0.01663994789123535
0.016508102416992188
0.016378164291381836
0.01624894142150879
0.01640629768371582
0.016628742218017578
0.016423940658569336
0.016453981399536133
0.01563405990600586
0.016156911849975586
0.01651453971862793
0.016712665557861328
0.016515016555786133
0.01666259765625
0.016226530075073242
0.016217947006225586
0.01644301414489746
0.016570329666137695
0.016370534896850586
0.016475200653076172
0.016109466552734375
0.016156435012817383
0.01626729965209961
0.016288042068481445
0.016051769256591797
0.01627659797668457
0.015657663345336914
0.015843868255615234
0.016131877899169922
0.016463518142700195
0.016532182693481445
0.016544818878173828
0.016473770141601562
0.016180753707885742
0.01626110076904297
0.019288301467895508
0.018408775329589844
0.01783919334411621
0.017469406127929688
0.016948461532592773
0.01731109619140625
0.0173032283782959
0.017309188842773438
0.017580270767211914
0.01745319366455078
0.01737046241760254
0.01807260513305664
0.017347097396850586
0.017225265502929688
0.017522335052490234
0.017202138900756836
0.01739048957824707
0.017699003219604492
0.017108678817749023
0.017312288284301758
0.016856908798217773
0.016852378845214844
0.017016887664794922
0.016730308532714844
0.016468286514282227
0.016795635223388672
0.01660609245300293
0.016234874725341797
0.016831636428833008
0.016888141632080078
0.0166776180267334
0.01669001579284668
0.0168154239654541
0.016533374786376953
0.016672134399414062
0.016542434692382812
0.016784191131591797
0.01674365997314453
0.016761064529418945
0.016434431076049805
0.016693830490112305
0.016538143157958984
0.016327619552612305
0.016910076141357422
0.016814470291137695
0.0163114070892334
0.016774415969848633
0.016499757766723633
0.016217470169067383
0.01654338836669922
0.016477346420288086
0.01622295379638672
0.016518592834472656
0.016555309295654297
0.016311168670654297
0.016577482223510742
0.016985654830932617
0.0175628662109375
0.018645763397216797
0.018625259399414062
0.01751708984375
0.01819610595703125
0.018268823623657227
0.01846027374267578
0.018411636352539062
0.018326282501220703
0.018177509307861328
0.018216371536254883
0.01871466636657715
0.017927885055541992
0.018441200256347656
0.0178225040435791
0.017368793487548828
0.016884565353393555
0.016735553741455078
0.016542911529541016
0.016496896743774414
0.016606807708740234
0.01681685447692871
0.016793012619018555
0.019123077392578125
0.018128633499145508
0.017153501510620117
0.016541481018066406
0.016945838928222656
0.01667642593383789
0.01678323745727539
0.017037153244018555
0.01681208610534668
0.01683950424194336
0.01691412925720215
0.0168304443359375
0.017091035842895508
0.016963958740234375
0.016747713088989258
0.016842365264892578
0.016762256622314453
0.0165712833404541
0.016823291778564453
0.016720294952392578
0.016681909561157227
0.01680302619934082
0.016527175903320312
0.016570329666137695
0.01683950424194336
0.01650094985961914
0.016305208206176758
0.016559600830078125
0.01653146743774414
0.016222238540649414
0.016520977020263672
0.016409635543823242
0.01622486114501953
0.016495227813720703
0.01659226417541504
0.016492843627929688
0.01683187484741211
0.016631126403808594
0.016379833221435547
0.01651787757873535
0.016823768615722656
0.016576051712036133
0.0165255069732666
0.01663374900817871
0.01698470115661621
0.01677846908569336
0.016930580139160156
0.0166475772857666
0.016486406326293945
0.016568899154663086
0.01627516746520996
0.016572237014770508
0.016562938690185547
0.01627063751220703
0.016558408737182617
0.016707658767700195
0.016689300537109375
0.016886234283447266
0.016805171966552734
0.016783714294433594
0.01677989959716797
0.01693558692932129
0.016574382781982422
0.016712188720703125
0.016673564910888672
0.016468048095703125
0.01641392707824707
0.01656484603881836
0.016434431076049805
0.016328096389770508
0.01598811149597168
0.015369415283203125
0.01599264144897461
0.016817569732666016
0.01685333251953125
0.016704559326171875
0.016582965850830078
0.01661849021911621
0.016860246658325195
0.0167238712310791
0.016529083251953125
0.016917705535888672
0.016350984573364258
0.015655517578125
0.01663064956665039
0.016285419464111328
0.01530313491821289
0.01571202278137207
0.0162353515625
0.016092538833618164
0.015531301498413086
0.01672053337097168
0.01645183563232422
0.01649785041809082
0.016676902770996094
0.016261816024780273
0.016447067260742188
0.0165250301361084
0.01595020294189453
0.015753746032714844
0.01610541343688965
0.016097545623779297
0.015466928482055664
0.015648365020751953
0.016418933868408203
0.01645374298095703
0.016589641571044922
0.016823530197143555
0.016885995864868164
0.017106294631958008
0.01641082763671875
0.01667046546936035
0.016900062561035156
0.016636133193969727
0.01634836196899414
0.01652693748474121
0.016757726669311523
0.016290664672851562
0.01647639274597168
0.01625823974609375
0.018926382064819336
0.017528772354125977
0.017297983169555664
0.016940593719482422
0.01717543601989746
0.017750978469848633
0.017748117446899414
0.017647504806518555
0.017127275466918945
0.017310142517089844
0.016849994659423828
0.016528844833374023
0.016951322555541992
0.017335891723632812
0.01698470115661621
0.01708197593688965
0.017023801803588867
0.016893386840820312
0.016729116439819336
0.016394376754760742
0.01641845703125
0.01679825782775879
0.016588926315307617
0.016248226165771484
0.01653432846069336
0.016429424285888672
0.01623082160949707
0.016404390335083008
0.01645803451538086
0.016587257385253906
0.016660690307617188
0.016562223434448242
0.01653003692626953
0.01664280891418457
0.016583681106567383
0.01652073860168457
0.01645803451538086
0.016467809677124023
0.016393184661865234
0.016877174377441406
0.016263484954833984
0.015836477279663086
0.015960693359375
0.016057252883911133
0.016547441482543945
0.016286849975585938
0.016841888427734375
0.01635599136352539
0.016286611557006836
0.016319990158081055
0.015768766403198242
0.016134023666381836
0.01629924774169922
0.02145242691040039
0.017124652862548828
0.01644587516784668
0.016554832458496094
0.016224145889282227
0.016849517822265625
0.01657891273498535
0.01663994789123535
0.016463279724121094
0.016341209411621094
0.01621103286743164
0.016149520874023438
0.016234397888183594
0.016641616821289062
0.016853809356689453
0.016453981399536133
0.016684293746948242
0.016666889190673828
0.016330957412719727
0.016336679458618164
0.01668524742126465
0.016505718231201172
0.016657114028930664
0.016899824142456055
0.016716718673706055
0.016988754272460938
0.016811847686767578
0.016490459442138672
0.016596317291259766
0.016663551330566406
0.01608109474182129
0.01653885841369629
0.0164337158203125
0.01649928092956543
0.016196012496948242
0.0164792537689209
0.016196250915527344
0.016446352005004883
0.01638007164001465
0.01613450050354004
0.016330957412719727
0.01647043228149414
0.016347169876098633
0.01637554168701172
0.016092538833618164
0.015549421310424805
0.01578497886657715
0.01610589027404785
0.01624155044555664
0.016219615936279297
0.016248703002929688
0.01640009880065918
0.01660442352294922
0.016692638397216797
0.01620769500732422
0.017081737518310547
0.016984224319458008
0.01678752899169922
0.01685619354248047
0.01738452911376953
0.016867399215698242
0.017035961151123047
0.016910076141357422
0.016620397567749023
0.016691207885742188
0.01690053939819336
0.016714811325073242
0.01870417594909668
0.017045259475708008
0.016568899154663086
0.016669750213623047
0.016697168350219727
0.01661992073059082
0.016881227493286133
0.01699066162109375
0.016482830047607422
0.01676654815673828
0.01669454574584961
0.016614675521850586
0.01678919792175293
0.016819477081298828
0.016605854034423828
0.016950607299804688
0.017147541046142578
0.01733541488647461
0.017056703567504883
0.016719579696655273
0.01679086685180664
0.01684427261352539
0.01665186882019043
0.016815900802612305
0.016638755798339844
0.016568899154663086
0.01659369468688965
0.01678299903869629
0.01687169075012207
0.01694202423095703
0.017096996307373047
0.016730785369873047
0.01724982261657715
0.017203092575073242
0.017308712005615234
0.017012834548950195
0.017020225524902344
0.01684093475341797
0.016610383987426758
0.016772985458374023
0.01685333251953125
0.016649484634399414
0.016526460647583008
0.016475439071655273
0.016542911529541016
0.01694774627685547
0.016608238220214844
0.016724586486816406
0.016669034957885742
0.016414403915405273
0.0163266658782959
0.016720294952392578
0.015999317169189453
0.016147375106811523
0.016079187393188477
0.015765905380249023
0.016002893447875977
0.016258716583251953
0.016584157943725586
0.01644110679626465
0.016072988510131836
0.016355276107788086
0.015766143798828125
0.015559673309326172
0.015680313110351562
0.015537261962890625
0.01595783233642578
0.01584315299987793
0.015492677688598633
0.015410184860229492
0.015798330307006836
0.015359640121459961
0.016306400299072266
0.01711583137512207
0.01673579216003418
0.0174868106842041
0.01714777946472168
0.01670551300048828
0.016932249069213867
0.018393754959106445
0.020473241806030273
0.01806950569152832
0.01750326156616211
0.017275571823120117
0.017459630966186523
0.017056941986083984
0.017092227935791016
0.018097400665283203
0.017300128936767578
0.016907215118408203
0.016332149505615234
0.01639723777770996
0.016622066497802734
0.016932010650634766
0.016410112380981445
0.016514062881469727
0.01677703857421875
0.016811847686767578
0.016994476318359375
0.0176239013671875
0.017623186111450195
0.017806291580200195
0.017775535583496094
0.016924381256103516
0.017549753189086914
0.01749134063720703
0.017780303955078125
0.01720905303955078
0.01654672622680664
0.016219615936279297
0.016336679458618164
0.01599597930908203
0.016025543212890625
0.016013145446777344
0.016199588775634766
0.016036272048950195
0.016214370727539062
0.01677250862121582
0.016188859939575195
0.01803112030029297
0.017938613891601562
0.016820430755615234
0.01703643798828125
0.016866207122802734
0.01702427864074707
0.016913175582885742
0.01658797264099121
0.01660919189453125
0.01648235321044922
0.016365766525268555
0.01619696617126465
0.01668691635131836
0.016821861267089844
0.01650094985961914
0.01668548583984375
0.016457319259643555
0.017679691314697266
0.01726222038269043
0.016816139221191406
0.016744136810302734
0.01674032211303711
0.01630234718322754
0.01652812957763672
0.016600847244262695
0.01648736000061035
0.016295909881591797
0.016492128372192383
0.016625642776489258
0.016393184661865234
0.016717195510864258
0.01677989959716797
0.0167844295501709
0.0174562931060791
0.01691269874572754
0.01682901382446289
0.016904115676879883
0.016635656356811523
0.016543865203857422
0.01668095588684082
0.01680779457092285
0.016508817672729492
0.0168154239654541
0.016820192337036133
0.016793489456176758
0.017161130905151367
0.016850709915161133
0.016997098922729492
0.016780376434326172
0.016528844833374023
0.01682567596435547
0.017381906509399414
0.017472505569458008
0.016937971115112305
0.016846179962158203
0.017081499099731445
0.01719951629638672
0.018007755279541016
0.017148494720458984
0.017023324966430664
0.016583919525146484
0.016279935836791992
0.016199111938476562
0.016301393508911133
0.016223669052124023
0.016475677490234375
0.01636195182800293
0.01685023307800293
0.01670050621032715
0.016907215118408203
0.016710519790649414
0.016902446746826172
0.016603708267211914
0.016579151153564453
0.016501903533935547
0.016724586486816406
0.016656875610351562
0.016829252243041992
0.016532421112060547
0.0165712833404541
0.016535520553588867
0.016739368438720703
0.01669478416442871
0.016612768173217773
0.016564607620239258
0.01654505729675293
0.016620159149169922
0.01671743392944336
0.016415834426879883
0.016657352447509766
0.016699790954589844
0.016407251358032227
0.016542434692382812
0.01647186279296875
0.016383647918701172
0.016574382781982422
0.016427278518676758
0.01607680320739746
0.016582727432250977
0.016761302947998047
0.016484737396240234
0.017371416091918945
0.01738739013671875
0.017337322235107422
0.017386674880981445
0.016960859298706055
0.0168764591217041
0.016689300537109375
0.01644754409790039
0.01717400550842285
0.017464637756347656
0.017138004302978516
0.0172879695892334
0.017906904220581055
0.01779460906982422
0.01708197593688965
0.017708539962768555
0.017426013946533203
0.018932342529296875
0.019368410110473633
0.019260883331298828
0.018344402313232422
0.01804494857788086
0.017530441284179688
0.017409563064575195
0.017009735107421875
0.01675868034362793
0.01760125160217285
0.017438173294067383
0.017691612243652344
0.017823457717895508
0.016986370086669922
0.016745328903198242
0.01675248146057129
0.01645517349243164
0.01643681526184082
0.01623058319091797
0.016295671463012695
0.01635146141052246
0.016545534133911133
0.015776395797729492
0.01617264747619629
0.016324996948242188
0.015922069549560547
0.01630997657775879
0.016236305236816406
0.016609907150268555
0.016440153121948242
0.016679048538208008
0.01659250259399414
0.016739845275878906
0.016993045806884766
0.016546010971069336
0.016475200653076172
0.016802310943603516
0.01636219024658203
0.016442298889160156
0.01680612564086914
0.016721725463867188
0.01665353775024414
0.016927480697631836
0.01676487922668457
0.01638960838317871
0.017119646072387695
0.016602277755737305
0.016770601272583008
0.01604747772216797
0.01632404327392578
0.016422033309936523
0.01674485206604004
0.016139984130859375
0.016136884689331055
0.0159914493560791
0.016237258911132812
0.016483068466186523
0.016591787338256836
0.01660299301147461
0.016421079635620117
0.016878843307495117
0.016314029693603516
0.016885042190551758
0.01692986488342285
0.01614999771118164
0.017241477966308594
0.01738119125366211
0.016634225845336914
0.01596379280090332
0.016547679901123047
0.01619887351989746
0.017186641693115234
0.017992019653320312
0.01755809783935547
0.017258882522583008
0.017770051956176758
0.01700139045715332
0.01688075065612793
0.016827106475830078
0.01713085174560547
0.017517566680908203
0.017486572265625
0.016945600509643555
0.016676664352416992
0.016041994094848633
0.01610422134399414
0.016354799270629883
0.01651310920715332
0.01636981964111328
0.01632213592529297
0.016443490982055664
0.016354799270629883
0.016444921493530273
0.016417741775512695
0.016231536865234375
0.016211748123168945
0.01616191864013672
0.01675724983215332
0.016530990600585938
0.016773223876953125
0.01656365394592285
0.016438007354736328
0.016501903533935547
0.01644444465637207
0.016566038131713867
0.016863107681274414
0.016701221466064453
0.016576290130615234
0.016536235809326172
0.016602754592895508
0.01678180694580078
0.016588687896728516
0.016541481018066406
0.016494035720825195
0.016019821166992188
0.016238927841186523
0.016057968139648438
0.01658153533935547
0.016439437866210938
0.01653265953063965
0.016346216201782227
0.01939702033996582
0.01938939094543457
0.01922750473022461
0.019319772720336914
0.018444061279296875
0.017127275466918945
0.016959190368652344
0.01760125160217285
0.017055511474609375
0.0179443359375
0.01912975311279297
0.017880678176879883
