5.546173381646485
5.546173381646485
5.546173381646485
5.546173381646485
5.535757320403643
5.535757320403643
5.535757320403643
5.535757320403643
5.535757320403643
5.535757320403643
5.535757320403643
5.535757320403643
5.535757320403643
5.535757320403643
5.535757320403643
5.535757320403643
5.535757320403643
5.535757320403643
5.535757320403643
5.535757320403643
5.535757320403643
5.535757320403643
5.535757320403643
5.048746228144285
5.048746228144285
5.048746228144285
5.048746228144285
5.048746228144285
5.048746228144285
5.048746228144285
5.048746228144285
5.048746228144285
5.048746228144285
5.048746228144285
5.048746228144285
5.048746228144285
5.048746228144285
5.048746228144285
5.048746228144285
5.048746228144285
5.048746228144285
5.048746228144285
5.048746228144285
4.461641148021991
4.461641148021991
4.461641148021991
4.461641148021991
4.461641148021991
4.461641148021991
4.461641148021991
4.461641148021991
4.461641148021991
4.461641148021991
4.461641148021991
4.461641148021991
4.461641148021991
4.461641148021991
4.461641148021991
4.461641148021991
4.461641148021991
4.461641148021991
4.461641148021991
4.461641148021991
4.461641148021991
4.461641148021991
4.461641148021991
4.461641148021991
4.461641148021991
4.461641148021991
4.052348553501551
4.052348553501551
4.052348553501551
4.052348553501551
4.052348553501551
4.052348553501551
4.052348553501551
4.052348553501551
4.052348553501551
4.052348553501551
4.052348553501551
4.052348553501551
4.052348553501551
4.052348553501551
4.052348553501551
4.052348553501551
4.052348553501551
4.052348553501551
4.052348553501551
4.052348553501551
3.9561266211983153
3.9561266211983153
3.9561266211983153
3.9561266211983153
3.9561266211983153
3.9561266211983153
3.9095106823343464
3.9095106823343464
3.9095106823343464
3.9095106823343464
3.9095106823343464
3.9095106823343464
3.9095106823343464
3.9095106823343464
3.9095106823343464
3.9095106823343464
3.9095106823343464
3.9095106823343464
3.9095106823343464
3.9095106823343464
3.9095106823343464
3.9095106823343464
3.9095106823343464
3.9095106823343464
3.9095106823343464
3.9095106823343464
3.9095106823343464
3.9095106823343464
3.682337974865458
3.682337974865458
3.682337974865458
3.682337974865458
3.682337974865458
3.682337974865458
3.682337974865458
3.682337974865458
3.682337974865458
3.682337974865458
3.682337974865458
3.682337974865458
3.682337974865458
3.682337974865458
3.682337974865458
3.682337974865458
3.682337974865458
3.682337974865458
3.682337974865458
3.682337974865458
3.682337974865458
3.682337974865458
3.682337974865458
3.682337974865458
3.682337974865458
3.682337974865458
3.682337974865458
3.682337974865458
3.682337974865458
3.682337974865458
3.682337974865458
3.682337974865458
3.682337974865458
3.682337974865458
3.682337974865458
3.682337974865458
3.682337974865458
3.682337974865458
3.6652178560104183
3.6652178560104183
3.6652178560104183
3.6652178560104183
3.6652178560104183
3.6652178560104183
3.6652178560104183
3.6652178560104183
3.6652178560104183
3.6652178560104183
3.6652178560104183
3.6652178560104183
3.6652178560104183
3.6652178560104183
3.6652178560104183
3.6652178560104183
3.6652178560104183
3.6652178560104183
3.6652178560104183
3.6652178560104183
3.6652178560104183
3.6652178560104183
3.6652178560104183
3.6652178560104183
3.6652178560104183
3.6652178560104183
3.6652178560104183
3.6652178560104183
3.6652178560104183
3.6652178560104183
3.6652178560104183
3.6652178560104183
3.6652178560104183
3.6652178560104183
3.6652178560104183
3.6652178560104183
3.6652178560104183
3.6652178560104183
3.6652178560104183
3.6652178560104183
3.6652178560104183
3.6652178560104183
3.6652178560104183
3.6652178560104183
3.6652178560104183
3.6652178560104183
3.6652178560104183
3.6652178560104183
3.6652178560104183
3.6652178560104183
3.6652178560104183
3.6652178560104183
3.6652178560104183
3.6652178560104183
3.6652178560104183
3.6652178560104183
3.6652178560104183
3.6652178560104183
3.6652178560104183
3.6652178560104183
3.6652178560104183
3.6652178560104183
3.6652178560104183
3.6652178560104183
3.6301342174309035
3.6301342174309035
3.6301342174309035
3.6301342174309035
3.6301342174309035
3.6301342174309035
3.6301342174309035
3.6301342174309035
3.6301342174309035
3.6301342174309035
3.6301342174309035
3.6301342174309035
3.6301342174309035
3.6301342174309035
3.6301342174309035
3.4293710329732043
3.4293710329732043
3.4293710329732043
3.4293710329732043
3.4293710329732043
3.4293710329732043
3.4293710329732043
3.4293710329732043
3.4293710329732043
3.4293710329732043
3.4293710329732043
3.4293710329732043
3.4293710329732043
3.4293710329732043
3.4293710329732043
3.4293710329732043
3.4293710329732043
3.4293710329732043
3.4293710329732043
3.4293710329732043
3.4293710329732043
3.4293710329732043
3.3305345574728804
3.3305345574728804
3.3305345574728804
3.3305345574728804
3.3305345574728804
3.3305345574728804
3.3305345574728804
3.3305345574728804
3.3305345574728804
3.3305345574728804
3.3305345574728804
3.3305345574728804
3.3305345574728804
3.3305345574728804
3.3305345574728804
3.3305345574728804
3.3305345574728804
3.3305345574728804
3.3305345574728804
3.3305345574728804
3.3305345574728804
3.3305345574728804
3.3305345574728804
3.3305345574728804
3.3305345574728804
3.3305345574728804
3.3305345574728804
3.2339864608571887
3.2339864608571887
3.2339864608571887
3.2339864608571887
3.2339864608571887
3.2339864608571887
3.2339864608571887
3.2339864608571887
3.2339864608571887
3.2339864608571887
3.2339864608571887
3.2339864608571887
3.2339864608571887
3.2339864608571887
3.0086574528006906
3.0086574528006906
3.0086574528006906
3.0086574528006906
3.0086574528006906
3.0086574528006906
3.0086574528006906
3.0086574528006906
3.0086574528006906
3.0086574528006906
3.0086574528006906
3.0086574528006906
3.0086574528006906
3.0086574528006906
3.0086574528006906
3.0086574528006906
3.0086574528006906
3.0086574528006906
3.0086574528006906
3.0086574528006906
3.0086574528006906
3.0086574528006906
3.0086574528006906
3.0086574528006906
3.0086574528006906
3.0086574528006906
3.0086574528006906
3.0086574528006906
3.0086574528006906
3.0086574528006906
3.0086574528006906
3.0086574528006906
3.0086574528006906
3.0086574528006906
3.0086574528006906
3.0086574528006906
3.0086574528006906
3.0086574528006906
3.0086574528006906
3.0086574528006906
3.0086574528006906
3.0086574528006906
3.0086574528006906
3.0086574528006906
3.0086574528006906
3.0086574528006906
3.0086574528006906
3.0086574528006906
3.0086574528006906
3.0086574528006906
3.0086574528006906
3.0086574528006906
3.0086574528006906
3.0086574528006906
3.0086574528006906
3.0086574528006906
3.0086574528006906
3.0086574528006906
3.0086574528006906
3.0086574528006906
3.0086574528006906
3.0086574528006906
3.0086574528006906
3.0086574528006906
3.0086574528006906
3.0086574528006906
3.0086574528006906
3.0086574528006906
3.0086574528006906
3.0086574528006906
3.0086574528006906
3.0086574528006906
3.0086574528006906
3.0086574528006906
3.0086574528006906
3.0086574528006906
3.0086574528006906
3.0086574528006906
3.0086574528006906
3.0086574528006906
3.0086574528006906
3.0086574528006906
3.0086574528006906
3.0086574528006906
3.0086574528006906
3.0086574528006906
3.0086574528006906
3.0086574528006906
3.0086574528006906
3.0086574528006906
3.0086574528006906
3.0086574528006906
2.5192393815687915
2.5192393815687915
2.5192393815687915
2.5192393815687915
2.5192393815687915
2.5192393815687915
2.5192393815687915
2.5192393815687915
2.5192393815687915
2.5192393815687915
2.5192393815687915
2.5192393815687915
2.5192393815687915
2.5192393815687915
2.5192393815687915
2.5192393815687915
2.5192393815687915
2.5192393815687915
2.5192393815687915
2.5192393815687915
2.5192393815687915
2.5192393815687915
2.5192393815687915
2.5192393815687915
2.5192393815687915
2.5192393815687915
2.5192393815687915
2.5192393815687915
2.5192393815687915
2.5192393815687915
2.5192393815687915
2.5192393815687915
2.5192393815687915
2.5192393815687915
2.5192393815687915
2.5192393815687915
2.5192393815687915
2.5192393815687915
2.5192393815687915
2.5192393815687915
2.5192393815687915
2.5192393815687915
2.5192393815687915
2.5192393815687915
2.5192393815687915
2.5192393815687915
2.5192393815687915
2.5192393815687915
2.5192393815687915
2.5192393815687915
2.5192393815687915
2.5192393815687915
2.5192393815687915
2.5192393815687915
2.5192393815687915
2.5192393815687915
2.5192393815687915
2.5192393815687915
2.5192393815687915
2.5192393815687915
2.5192393815687915
2.5192393815687915
2.5192393815687915
2.5192393815687915
2.5192393815687915
2.508891446350429
2.508891446350429
2.508891446350429
2.508891446350429
2.508891446350429
2.508891446350429
2.508891446350429
2.508891446350429
2.508891446350429
2.508891446350429
2.508891446350429
2.508891446350429
2.508891446350429
2.508891446350429
2.508891446350429
2.508891446350429
2.508891446350429
2.508891446350429
2.508891446350429
2.508891446350429
2.508891446350429
2.215922298636446
2.215922298636446
2.215922298636446
2.215922298636446
2.215922298636446
2.215922298636446
2.215922298636446
2.215922298636446
2.215922298636446
2.215922298636446
2.215922298636446
2.215922298636446
2.215922298636446
2.215922298636446
2.215922298636446
2.215922298636446
2.215922298636446
2.215922298636446
2.215922298636446
2.215922298636446
2.215922298636446
2.215922298636446
2.0420335292520697
2.0420335292520697
2.0420335292520697
2.0420335292520697
2.0420335292520697
2.0420335292520697
2.0420335292520697
2.0420335292520697
2.0420335292520697
2.0420335292520697
2.0420335292520697
2.0420335292520697
2.0420335292520697
2.0420335292520697
2.0420335292520697
2.0420335292520697
2.0420335292520697
2.0420335292520697
2.0420335292520697
2.0420335292520697
2.0420335292520697
2.0420335292520697
2.0420335292520697
2.0420335292520697
2.0420335292520697
2.0420335292520697
2.0420335292520697
2.0420335292520697
2.0420335292520697
2.0420335292520697
2.0420335292520697
2.0420335292520697
2.0420335292520697
2.0420335292520697
2.0420335292520697
2.0420335292520697
2.0420335292520697
2.0420335292520697
2.0420335292520697
2.0420335292520697
2.0420335292520697
2.0420335292520697
2.0420335292520697
2.0420335292520697
2.0420335292520697
2.0420335292520697
2.0420335292520697
2.0420335292520697
2.0420335292520697
2.0420335292520697
2.0420335292520697
2.0420335292520697
2.0420335292520697
2.0420335292520697
2.0420335292520697
2.0420335292520697
2.0420335292520697
2.0420335292520697
2.0420335292520697
2.0420335292520697
2.0420335292520697
2.0420335292520697
2.0420335292520697
2.0420335292520697
2.0420335292520697
2.0420335292520697
2.0420335292520697
2.0420335292520697
2.0420335292520697
2.0420335292520697
2.0420335292520697
2.0420335292520697
2.0420335292520697
1.9077950930056566
1.9077950930056566
1.9077950930056566
1.9077950930056566
1.9077950930056566
1.9077950930056566
1.9077950930056566
1.9077950930056566
1.9077950930056566
1.9077950930056566
1.9077950930056566
1.5538424152043646
1.5538424152043646
1.5538424152043646
1.5538424152043646
1.5538424152043646
1.5538424152043646
1.5538424152043646
1.5538424152043646
1.5538424152043646
1.5538424152043646
1.5538424152043646
1.5538424152043646
1.5538424152043646
1.5538424152043646
1.5538424152043646
1.5538424152043646
1.5538424152043646
1.5538424152043646
1.5538424152043646
1.5538424152043646
1.5538424152043646
1.5538424152043646
1.5538424152043646
1.5538424152043646
1.5538424152043646
1.5538424152043646
1.5538424152043646
1.5538424152043646
1.5538424152043646
1.5538424152043646
1.5538424152043646
1.5538424152043646
1.5538424152043646
1.5538424152043646
1.5538424152043646
1.5538424152043646
1.5538424152043646
1.5538424152043646
1.5538424152043646
1.5538424152043646
1.5538424152043646
1.5538424152043646
1.5538424152043646
1.5538424152043646
1.5538424152043646
1.5538424152043646
1.5538424152043646
1.5538424152043646
1.5538424152043646
1.5538424152043646
1.5538424152043646
1.5538424152043646
1.5538424152043646
1.5538424152043646
1.5538424152043646
1.5538424152043646
1.5538424152043646
1.5538424152043646
1.5538424152043646
1.5538424152043646
1.5538424152043646
1.5538424152043646
1.5538424152043646
1.5538424152043646
1.5538424152043646
1.5538424152043646
1.5538424152043646
1.5538424152043646
1.5538424152043646
1.5538424152043646
1.5538424152043646
1.5538424152043646
1.5538424152043646
1.5538424152043646
1.5538424152043646
1.5538424152043646
1.5538424152043646
1.5538424152043646
1.5538424152043646
1.5538424152043646
1.5538424152043646
1.5538424152043646
1.5538424152043646
1.5538424152043646
1.5538424152043646
1.5538424152043646
1.5538424152043646
1.5340806213328761
1.5340806213328761
1.5340806213328761
1.5340806213328761
1.5340806213328761
1.5340806213328761
1.5340806213328761
1.5340806213328761
1.5340806213328761
1.5340806213328761
1.5340806213328761
1.5340806213328761
1.5340806213328761
1.5340806213328761
1.5340806213328761
1.5340806213328761
1.5340806213328761
1.5340806213328761
1.5340806213328761
1.5340806213328761
1.5340806213328761
1.5340806213328761
1.5340806213328761
1.5340806213328761
1.5340806213328761
1.5340806213328761
1.5340806213328761
1.5340806213328761
1.5340806213328761
1.5340806213328761
1.5340806213328761
1.5340806213328761
1.5340806213328761
1.5340806213328761
1.5340806213328761
1.5340806213328761
1.5340806213328761
1.5340806213328761
1.5340806213328761
1.5340806213328761
1.5340806213328761
1.5340806213328761
1.5340806213328761
1.5340806213328761
1.5340806213328761
1.5340806213328761
1.5340806213328761
1.5340806213328761
1.5340806213328761
1.5340806213328761
1.5340806213328761
1.5340806213328761
1.5340806213328761
1.5340806213328761
1.5340806213328761
1.5340806213328761
1.5340806213328761
1.5340806213328761
1.5340806213328761
1.5340806213328761
1.5340806213328761
1.5340806213328761
1.5340806213328761
1.5340806213328761
1.5340806213328761
1.5340806213328761
1.5340806213328761
1.5340806213328761
1.5340806213328761
1.5340806213328761
1.5340806213328761
1.5340806213328761
1.5340806213328761
1.5340806213328761
1.5340806213328761
1.5340806213328761
1.5340806213328761
1.5340806213328761
1.5340806213328761
1.5340806213328761
1.5340806213328761
1.5340806213328761
1.5340806213328761
1.5340806213328761
1.5340806213328761
1.5340806213328761
1.5340806213328761
1.5340806213328761
1.5340806213328761
1.5340806213328761
1.5340806213328761
1.5340806213328761
1.5340806213328761
1.5340806213328761
1.5340806213328761
1.5340806213328761
1.5340806213328761
1.5340806213328761
1.5340806213328761
1.5340806213328761
1.5340806213328761
1.5340806213328761
1.5340806213328761
1.5340806213328761
1.5340806213328761
1.5340806213328761
1.5340806213328761
1.5340806213328761
1.281715842678004
1.281715842678004
1.281715842678004
1.281715842678004
1.281715842678004
1.281715842678004
1.281715842678004
1.281715842678004
1.281715842678004
1.281715842678004
1.281715842678004
1.281715842678004
1.281715842678004
1.281715842678004
1.281715842678004
1.281715842678004
1.281715842678004
1.281715842678004
1.281715842678004
1.281715842678004
1.281715842678004
1.281715842678004
1.281715842678004
1.281715842678004
1.281715842678004
1.281715842678004
1.281715842678004
1.281715842678004
1.281715842678004
1.281715842678004
1.281715842678004
1.281715842678004
1.281715842678004
1.281715842678004
1.281715842678004
1.281715842678004
1.281715842678004
1.281715842678004
1.281715842678004
1.281715842678004
1.281715842678004
1.281715842678004
1.281715842678004
1.281715842678004
1.281715842678004
1.281715842678004
1.281715842678004
1.281715842678004
1.281715842678004
1.281715842678004
1.281715842678004
1.281715842678004
1.281715842678004
1.281715842678004
1.281715842678004
1.281715842678004
1.281715842678004
1.281715842678004
1.281715842678004
1.281715842678004
1.281715842678004
1.281715842678004
1.281715842678004
1.281715842678004
1.281715842678004
1.281715842678004
1.281715842678004
1.281715842678004
1.281715842678004
1.281715842678004
1.281715842678004
1.281715842678004
1.281715842678004
1.281715842678004
1.281715842678004
1.281715842678004
1.281715842678004
1.281715842678004
1.281715842678004
1.281715842678004
1.281715842678004
1.281715842678004
1.281715842678004
1.281715842678004
1.281715842678004
1.281715842678004
1.281715842678004
1.281715842678004
1.281715842678004
1.281715842678004
1.281715842678004
1.281715842678004
1.281715842678004
1.281715842678004
1.281715842678004
1.281715842678004
1.281715842678004
1.281715842678004
1.281715842678004
1.281715842678004
1.281715842678004
1.281715842678004
1.281715842678004
1.281715842678004
1.281715842678004
1.281715842678004
1.281715842678004
1.281715842678004
1.281715842678004
1.281715842678004
1.2027401034399254
1.2027401034399254
1.2027401034399254
1.2027401034399254
1.2027401034399254
1.2027401034399254
1.2027401034399254
1.2027401034399254
1.2027401034399254
1.2027401034399254
1.2027401034399254
1.2027401034399254
1.2027401034399254
1.2027401034399254
1.2027401034399254
1.2027401034399254
1.2027401034399254
1.2027401034399254
1.2027401034399254
1.2027401034399254
1.2027401034399254
1.2027401034399254
1.2027401034399254
1.2027401034399254
1.2027401034399254
1.2027401034399254
1.2027401034399254
1.2027401034399254
1.2027401034399254
1.2027401034399254
1.2027401034399254
1.2027401034399254
1.2027401034399254
1.2027401034399254
1.2027401034399254
1.2027401034399254
1.2027401034399254
1.2027401034399254
1.2027401034399254
1.2027401034399254
1.2027401034399254
1.2027401034399254
1.2027401034399254
1.2027401034399254
1.2027401034399254
1.2027401034399254
1.2027401034399254
1.2027401034399254
1.2027401034399254
1.2027401034399254
1.2027401034399254
1.2027401034399254
1.2027401034399254
1.2027401034399254
1.2027401034399254
1.2027401034399254
1.2027401034399254
1.2027401034399254
1.2027401034399254
1.2027401034399254
1.2027401034399254
1.2027401034399254
1.2027401034399254
1.2027401034399254
1.2027401034399254
1.2027401034399254
1.2027401034399254
1.2027401034399254
1.2027401034399254
1.2027401034399254
1.2027401034399254
1.2027401034399254
1.2027401034399254
1.2027401034399254
1.2027401034399254
1.2027401034399254
1.2027401034399254
1.2027401034399254
1.2027401034399254
1.2027401034399254
1.2027401034399254
1.2027401034399254
1.2027401034399254
1.2027401034399254
1.2027401034399254
1.2027401034399254
1.2027401034399254
1.2027401034399254
1.2027401034399254
1.2027401034399254
1.2027401034399254
1.2027401034399254
1.2027401034399254
1.2027401034399254
1.2027401034399254
1.2027401034399254
1.2027401034399254
1.2027401034399254
1.2027401034399254
1.2027401034399254
1.2027401034399254
1.2027401034399254
1.2027401034399254
1.2027401034399254
1.2027401034399254
1.2027401034399254
1.2027401034399254
1.2027401034399254
1.2027401034399254
1.2027401034399254
1.2027401034399254
1.2027401034399254
1.2027401034399254
1.2027401034399254
