0.03049015998840332
0.031568050384521484
0.04406857490539551
0.03407096862792969
0.028937816619873047
0.028791189193725586
0.028794527053833008
0.028792619705200195
0.028646469116210938
0.02873969078063965
0.028788089752197266
0.0289456844329834
0.028913497924804688
0.028792381286621094
0.028788089752197266
0.028691768646240234
0.029320478439331055
0.0288698673248291
0.02863621711730957
0.02893829345703125
0.02871847152709961
0.02961277961730957
0.028762102127075195
0.0288546085357666
0.028784513473510742
0.028979063034057617
0.0285794734954834
0.028586626052856445
0.028660297393798828
0.0286409854888916
0.02864837646484375
0.02855825424194336
0.028743982315063477
0.028690099716186523
0.028592824935913086
0.028806686401367188
0.02889561653137207
0.028975725173950195
0.029183387756347656
0.02895379066467285
0.028993844985961914
0.028878211975097656
0.028871536254882812
0.029014110565185547
0.02896738052368164
0.02962660789489746
0.02892589569091797
0.02897787094116211
0.028924942016601562
0.028971433639526367
0.028964757919311523
0.02903890609741211
0.028890609741210938
0.02891254425048828
0.029014110565185547
0.029137134552001953
0.02872443199157715
0.028825044631958008
0.028821468353271484
0.029427051544189453
0.028825998306274414
0.02896261215209961
0.028658390045166016
0.029143095016479492
0.02871561050415039
0.029289960861206055
0.02888941764831543
0.02905750274658203
0.028862476348876953
0.028824567794799805
0.028845787048339844
0.028760194778442383
0.029003143310546875
0.02899003028869629
0.02869415283203125
0.029042482376098633
0.02898383140563965
0.029590368270874023
0.028918027877807617
0.029094457626342773
0.0288083553314209
0.02878284454345703
0.02878856658935547
0.028723955154418945
0.02878594398498535
0.02924203872680664
0.029050827026367188
0.029029369354248047
0.028795957565307617
0.02899646759033203
0.02885746955871582
0.02891087532043457
0.029016971588134766
0.029082536697387695
0.028989315032958984
0.029053449630737305
0.0288541316986084
0.02896881103515625
0.028698205947875977
0.028679609298706055
0.028556346893310547
0.02862858772277832
0.028536081314086914
0.028702259063720703
0.02860093116760254
0.028618335723876953
0.028716325759887695
0.028776168823242188
0.028902053833007812
0.0289309024810791
0.02880239486694336
0.028936386108398438
0.02914285659790039
0.029079437255859375
0.02822589874267578
0.028625965118408203
0.029677391052246094
0.029358386993408203
0.028980731964111328
0.028850317001342773
0.029021024703979492
0.028948307037353516
0.028935909271240234
0.028875350952148438
0.028904438018798828
0.029015541076660156
0.029509544372558594
0.029026031494140625
0.02910757064819336
0.0288088321685791
0.02883768081665039
0.02882671356201172
0.028972864151000977
0.0291287899017334
0.028969764709472656
0.029053688049316406
0.029052734375
0.02914285659790039
0.02907085418701172
0.029031038284301758
0.028811216354370117
0.028876781463623047
0.028979778289794922
0.028882741928100586
0.028892993927001953
0.028967857360839844
0.02912163734436035
0.029091835021972656
0.02897357940673828
0.028702497482299805
0.028822898864746094
0.028894901275634766
0.028923749923706055
0.029015779495239258
0.02917027473449707
0.029027938842773438
0.029053211212158203
0.028987407684326172
0.028778076171875
0.02895331382751465
0.028658390045166016
0.02864217758178711
0.029673099517822266
0.028758525848388672
0.028809309005737305
0.028685569763183594
0.02886199951171875
0.0291287899017334
0.028662443161010742
0.02894735336303711
0.02877068519592285
0.028756141662597656
0.028643131256103516
0.02862858772277832
0.028677940368652344
0.02857208251953125
0.02856898307800293
0.028557777404785156
0.02863931655883789
0.028769969940185547
0.028554916381835938
0.02862715721130371
0.028467655181884766
0.028563976287841797
0.028504133224487305
0.028511762619018555
0.02857041358947754
0.028543710708618164
0.02856135368347168
0.028578758239746094
0.028641462326049805
0.02856755256652832
0.028609514236450195
0.028569459915161133
0.028557777404785156
0.02854776382446289
0.0284574031829834
0.0285189151763916
0.028486013412475586
0.028601408004760742
0.028512239456176758
0.02852916717529297
0.02864670753479004
0.02859330177307129
0.028726577758789062
0.02859210968017578
0.028016328811645508
0.02864694595336914
0.028554201126098633
0.028601884841918945
0.02871394157409668
0.028838396072387695
0.028594017028808594
0.028551340103149414
0.028663158416748047
0.028601408004760742
0.028614521026611328
0.02864241600036621
0.02886962890625
0.02877521514892578
0.028560400009155273
0.02856135368347168
0.028592348098754883
0.028515338897705078
0.028618335723876953
0.0285491943359375
0.02864217758178711
0.028552770614624023
0.02857184410095215
0.02853560447692871
0.028600215911865234
0.028674840927124023
0.02866530418395996
0.028460025787353516
0.028577327728271484
0.02854633331298828
0.02851557731628418
0.028527021408081055
0.028553247451782227
0.02857828140258789
0.028796911239624023
0.028537273406982422
0.028521299362182617
0.028515338897705078
0.028595924377441406
0.0286257266998291
0.028593778610229492
0.028835058212280273
0.02851247787475586
0.02853846549987793
0.028632402420043945
0.028619766235351562
0.02857375144958496
0.02857232093811035
0.02850961685180664
0.028807640075683594
0.028947114944458008
0.02932882308959961
0.029140472412109375
0.02902698516845703
0.029101133346557617
0.02914714813232422
0.0294950008392334
0.0288083553314209
0.028989553451538086
0.029006481170654297
0.02888798713684082
0.028980493545532227
0.028885364532470703
0.029082298278808594
0.028796672821044922
0.0291595458984375
0.02898240089416504
0.029351234436035156
0.0288240909576416
0.028868436813354492
0.028971433639526367
0.028785228729248047
0.028873205184936523
0.02894878387451172
0.028916120529174805
0.02897191047668457
0.028780460357666016
0.028875112533569336
0.029102087020874023
0.029073238372802734
0.02893543243408203
0.02900981903076172
0.028842926025390625
0.028833866119384766
0.029039382934570312
0.029006481170654297
0.028997421264648438
0.028845548629760742
0.02872610092163086
0.028876543045043945
0.028829097747802734
0.028763771057128906
0.029035568237304688
0.02947711944580078
0.029056787490844727
0.028764009475708008
0.028877735137939453
0.028760194778442383
0.02881908416748047
0.028937339782714844
0.028964996337890625
0.028911590576171875
0.029064178466796875
0.029190778732299805
0.028951406478881836
0.028954029083251953
0.029264211654663086
0.02880573272705078
0.029053926467895508
0.028908491134643555
0.028904199600219727
0.028687477111816406
0.028644800186157227
0.02877950668334961
0.028522014617919922
0.02859187126159668
0.028501033782958984
0.02860260009765625
0.02846503257751465
0.028504610061645508
0.028482437133789062
0.028549671173095703
0.028500795364379883
0.02850818634033203
0.028470754623413086
0.02858710289001465
0.028466224670410156
0.02846240997314453
0.028412818908691406
0.02857661247253418
0.028472900390625
0.02856302261352539
0.028502225875854492
0.028558731079101562
0.028453350067138672
0.02844977378845215
0.028790712356567383
0.028827190399169922
0.02865433692932129
0.028479814529418945
0.028760671615600586
0.029078245162963867
0.028827190399169922
0.02899789810180664
0.028979778289794922
0.028802156448364258
0.02849864959716797
0.028564929962158203
0.0288083553314209
0.02884078025817871
0.028591632843017578
0.02868199348449707
0.02904963493347168
0.02900838851928711
0.028903722763061523
0.028920650482177734
0.029060840606689453
0.028935909271240234
0.028830289840698242
0.029314279556274414
0.02925705909729004
0.029140233993530273
0.02894449234008789
0.028896808624267578
0.028867721557617188
0.02901434898376465
0.02892589569091797
0.028961181640625
0.028933048248291016
0.029020071029663086
0.028953075408935547
0.028825044631958008
0.0288083553314209
0.028980731964111328
0.02943563461303711
0.02951502799987793
0.0294339656829834
0.029001712799072266
0.0288848876953125
0.028943538665771484
0.029107093811035156
0.029051542282104492
0.028979778289794922
0.029008150100708008
0.029676198959350586
0.02900075912475586
0.028913497924804688
0.028956890106201172
0.02899479866027832
0.028926372528076172
0.028901100158691406
0.0287630558013916
0.0289309024810791
0.028705596923828125
0.028581857681274414
0.02865290641784668
0.028611421585083008
0.02867412567138672
0.028604984283447266
0.02857232093811035
0.02861762046813965
0.028905630111694336
0.02873682975769043
0.02890300750732422
0.028919696807861328
0.028931140899658203
0.02889108657836914
0.028820276260375977
0.028768301010131836
0.0287320613861084
0.02875542640686035
0.02863335609436035
0.02863764762878418
0.028729915618896484
0.02883601188659668
0.029001951217651367
0.028790950775146484
0.028679609298706055
0.028670787811279297
0.028626680374145508
0.028545379638671875
0.028707265853881836
0.02861499786376953
0.028902530670166016
0.02883148193359375
0.02884531021118164
0.028740882873535156
0.028774738311767578
0.028933048248291016
0.028801441192626953
0.028682231903076172
0.028586387634277344
0.028594017028808594
0.028588056564331055
0.028581857681274414
0.028580427169799805
0.028605222702026367
0.0285794734954834
0.02855229377746582
0.028638839721679688
0.028636932373046875
0.028551340103149414
0.02858734130859375
0.028748035430908203
0.02866387367248535
0.028623342514038086
0.028682947158813477
0.02859187126159668
0.02853870391845703
0.028626680374145508
0.02852654457092285
0.02861928939819336
0.028650522232055664
0.02863311767578125
0.028632402420043945
0.028583049774169922
0.028623104095458984
0.028630971908569336
0.02871561050415039
0.028516769409179688
0.02849721908569336
0.028565645217895508
0.02849745750427246
0.02857828140258789
0.028547286987304688
0.02888965606689453
0.028812408447265625
0.028674840927124023
0.028814315795898438
0.028923988342285156
0.028870820999145508
0.028983592987060547
0.029253721237182617
0.02887701988220215
0.028821945190429688
0.028865814208984375
0.02894449234008789
0.028917551040649414
0.028929948806762695
0.02915215492248535
0.028870582580566406
0.02878117561340332
0.028830766677856445
0.028858661651611328
0.028987884521484375
0.028890371322631836
0.02929377555847168
0.02894115447998047
0.028892993927001953
0.028963804244995117
0.028844356536865234
0.029032468795776367
0.028936147689819336
0.028992891311645508
0.028725147247314453
0.02881312370300293
0.02866649627685547
0.029064655303955078
0.028880596160888672
0.028911352157592773
0.02883291244506836
0.02882981300354004
0.02878713607788086
0.02886366844177246
0.028843402862548828
0.02898240089416504
0.02940988540649414
0.028664588928222656
0.02859950065612793
0.028696298599243164
0.028697967529296875
0.028662443161010742
0.028606891632080078
0.028597116470336914
0.02863168716430664
0.02847433090209961
0.028828859329223633
0.02886819839477539
0.0285642147064209
0.0286257266998291
0.02854752540588379
0.028555870056152344
0.028604507446289062
0.029016733169555664
0.028555631637573242
0.028603792190551758
0.028553485870361328
0.02856135368347168
0.028688430786132812
0.028587818145751953
0.02858901023864746
0.028500080108642578
0.028581619262695312
0.02858281135559082
0.02857685089111328
0.028537988662719727
0.028675079345703125
0.028746843338012695
0.028683185577392578
0.02863478660583496
0.02863764762878418
0.02885580062866211
0.028777122497558594
0.028885364532470703
0.029010295867919922
0.028992414474487305
0.02903270721435547
0.029254436492919922
0.028927326202392578
0.029377222061157227
0.028720378875732422
0.028946399688720703
0.02901744842529297
0.029260873794555664
0.0288846492767334
0.02903294563293457
0.028548002243041992
0.02915501594543457
0.02886486053466797
0.029460668563842773
0.028995037078857422
0.029018402099609375
0.029007911682128906
0.028982162475585938
0.029036760330200195
0.02899003028869629
0.02870798110961914
0.028673171997070312
0.02858710289001465
0.029018402099609375
0.028831958770751953
0.028812408447265625
0.02886343002319336
0.02878594398498535
0.028788089752197266
0.02873539924621582
0.028789520263671875
0.028935670852661133
0.02879166603088379
0.0289306640625
0.02899003028869629
0.029158592224121094
0.028877973556518555
0.028966188430786133
0.02907538414001465
0.02898120880126953
0.028887033462524414
0.028880596160888672
0.02867746353149414
0.02886199951171875
0.028988361358642578
0.02886366844177246
0.028857946395874023
0.02890300750732422
0.028964996337890625
0.02894759178161621
0.02887558937072754
0.02892160415649414
0.028975248336791992
0.028883934020996094
0.02881002426147461
0.02905869483947754
0.02893805503845215
0.0295712947845459
0.02875494956970215
0.029166698455810547
0.028865575790405273
0.028941631317138672
0.029231786727905273
0.02933979034423828
0.029288530349731445
0.03058648109436035
0.02930736541748047
0.02874588966369629
0.02881479263305664
0.028862476348876953
0.02874755859375
0.028894424438476562
0.028780460357666016
0.028963088989257812
0.028962373733520508
0.02866673469543457
0.028784513473510742
0.0288088321685791
0.02883625030517578
0.028738737106323242
0.028800010681152344
0.029539823532104492
0.02915477752685547
0.029203176498413086
0.02926468849182129
0.02863931655883789
0.028864622116088867
0.028963327407836914
0.028574466705322266
0.028613567352294922
0.028609275817871094
0.028615951538085938
0.0286257266998291
0.02855706214904785
0.028558731079101562
0.02861499786376953
0.028551578521728516
0.028603792190551758
0.028844118118286133
0.02873682975769043
0.028608083724975586
0.028542280197143555
0.028538227081298828
0.028590679168701172
0.028499603271484375
0.028545856475830078
0.028489351272583008
0.028521299362182617
0.028547048568725586
0.0286099910736084
0.028501510620117188
0.02893233299255371
0.029474258422851562
0.028893232345581055
0.028764009475708008
0.028838157653808594
0.02907276153564453
0.02907872200012207
0.028925657272338867
0.02898693084716797
0.028669118881225586
0.028640031814575195
0.02868056297302246
0.028972148895263672
0.02889728546142578
0.02877354621887207
0.028771638870239258
0.028825759887695312
0.02871394157409668
0.02866053581237793
0.0290067195892334
0.029106616973876953
0.02893972396850586
0.02884364128112793
0.028785228729248047
0.0287017822265625
0.02862405776977539
0.028603553771972656
0.028666019439697266
0.028675079345703125
0.028590679168701172
0.028548479080200195
0.0285952091217041
0.028619050979614258
0.02860116958618164
0.02859044075012207
0.028543472290039062
0.028658628463745117
0.028652429580688477
0.02857184410095215
0.028554439544677734
0.02869248390197754
0.028674840927124023
0.028632402420043945
0.028609037399291992
0.028758525848388672
0.028652191162109375
0.02865743637084961
0.028649091720581055
0.028661489486694336
0.028681039810180664
0.028720617294311523
0.028734922409057617
0.02848196029663086
0.028727293014526367
0.028671741485595703
0.028605222702026367
0.02861618995666504
0.02867269515991211
0.02856159210205078
0.02859807014465332
0.028562068939208984
0.028552770614624023
0.02855706214904785
0.028625965118408203
0.02873516082763672
0.028734683990478516
0.028736114501953125
0.028693199157714844
0.0288851261138916
0.028866052627563477
0.028825044631958008
0.02872014045715332
0.02886486053466797
0.02872180938720703
0.029384613037109375
0.028647899627685547
0.02865290641784668
0.02866816520690918
0.028791427612304688
0.028699636459350586
0.028673887252807617
0.02904367446899414
0.02900075912475586
0.028936147689819336
0.028757333755493164
0.028716564178466797
0.028818845748901367
0.02885913848876953
0.029401540756225586
0.028874635696411133
0.029114484786987305
0.02882695198059082
0.02882838249206543
0.028987884521484375
0.028816699981689453
0.02942347526550293
0.028905391693115234
0.02911853790283203
0.028839588165283203
0.0289304256439209
0.028918027877807617
0.028879404067993164
0.028988122940063477
0.028908252716064453
0.02883625030517578
0.02893543243408203
0.02894735336303711
0.028944969177246094
0.02872753143310547
0.028884172439575195
0.028817415237426758
0.029475688934326172
0.0288846492767334
0.028848886489868164
0.028699636459350586
0.02891087532043457
0.028958797454833984
0.028913021087646484
0.02920055389404297
0.028987407684326172
0.02901172637939453
0.029330015182495117
0.029516935348510742
0.029470205307006836
0.029102087020874023
0.02906036376953125
0.029101848602294922
0.029084205627441406
0.029140949249267578
0.02904963493347168
0.028975486755371094
0.02905440330505371
0.028919219970703125
0.028893709182739258
0.028853654861450195
0.029279232025146484
0.029161691665649414
0.02888798713684082
0.028849363327026367
0.02891230583190918
0.028971433639526367
0.0288393497467041
0.029003143310546875
0.028832674026489258
0.02873516082763672
0.028566837310791016
0.028763532638549805
0.028934001922607422
0.02897191047668457
0.02896261215209961
0.028979778289794922
0.028866291046142578
0.02901434898376465
0.028939247131347656
0.028875112533569336
0.02891850471496582
0.02895522117614746
0.029057025909423828
0.028870344161987305
0.0287933349609375
0.028885602951049805
0.028965234756469727
0.02887415885925293
0.029674530029296875
0.028998851776123047
0.029661178588867188
0.02884650230407715
0.028937578201293945
0.028885602951049805
0.029015779495239258
0.02893972396850586
0.0289306640625
0.028911828994750977
0.0288393497467041
0.028885841369628906
0.028855562210083008
0.028925418853759766
0.02866840362548828
0.02883315086364746
0.028844833374023438
0.029228687286376953
0.028917551040649414
0.028811216354370117
0.029095888137817383
0.028931140899658203
0.028815746307373047
0.0289306640625
0.0289766788482666
0.028869152069091797
0.028941869735717773
0.028928041458129883
0.02947258949279785
0.028839588165283203
0.02903890609741211
0.02887582778930664
0.02895522117614746
0.028972148895263672
0.02894878387451172
0.028951168060302734
0.02898120880126953
0.028931379318237305
0.02884197235107422
0.028827905654907227
0.028925180435180664
0.02893972396850586
0.028805017471313477
0.028894424438476562
0.028792619705200195
0.028960227966308594
0.028910398483276367
0.028883695602416992
0.0290067195892334
0.028818607330322266
0.02888345718383789
0.02891850471496582
0.028700828552246094
0.028902292251586914
0.028871536254882812
0.028665781021118164
0.028681278228759766
0.028742313385009766
0.02864670753479004
0.028658151626586914
0.028574466705322266
0.02861189842224121
0.02853536605834961
0.02858734130859375
0.02880120277404785
0.029021024703979492
0.02871990203857422
0.02897357940673828
0.028956174850463867
0.029140233993530273
0.029059171676635742
0.028937578201293945
0.028691530227661133
0.028943777084350586
0.028897523880004883
0.028682231903076172
0.028647661209106445
0.02933645248413086
0.02864551544189453
0.028752565383911133
0.028763532638549805
0.028631210327148438
0.028937578201293945
0.028812885284423828
0.029143333435058594
0.029099464416503906
0.028867244720458984
0.029138565063476562
0.028966665267944336
0.028905153274536133
0.028916597366333008
0.028872013092041016
0.028889179229736328
0.028940677642822266
0.028917312622070312
0.028935909271240234
0.02891993522644043
0.02889084815979004
0.028831005096435547
0.02894759178161621
0.02903890609741211
0.029056549072265625
0.028682708740234375
0.02866959571838379
0.02856922149658203
0.02891254425048828
0.028925180435180664
0.028823137283325195
0.0290374755859375
0.02873992919921875
0.028966903686523438
0.02886056900024414
0.029016971588134766
0.029469728469848633
0.02935051918029785
0.028893232345581055
0.028887033462524414
0.028998851776123047
0.029021263122558594
0.028852224349975586
0.028805255889892578
0.02905106544494629
0.028813838958740234
0.028876543045043945
0.02879190444946289
0.028604984283447266
0.02861809730529785
0.02864980697631836
0.02857518196105957
0.028896331787109375
0.02913379669189453
0.02882099151611328
0.028862476348876953
0.028985977172851562
0.02886509895324707
0.029030323028564453
0.028728246688842773
0.029078006744384766
0.02901315689086914
0.028904199600219727
0.028859615325927734
0.02885150909423828
0.028961896896362305
0.028775453567504883
0.02868056297302246
0.029006242752075195
0.028839588165283203
0.02872323989868164
0.02876448631286621
0.029002666473388672
0.028969764709472656
0.029128074645996094
0.02920246124267578
0.02880072593688965
0.028930187225341797
0.02897357940673828
0.02893662452697754
0.028931856155395508
0.028775930404663086
0.028795719146728516
0.028805017471313477
0.028933286666870117
0.028905391693115234
0.028894901275634766
0.028963088989257812
0.0294802188873291
0.028786897659301758
0.029656410217285156
0.02890324592590332
0.02910757064819336
0.029056072235107422
0.02898240089416504
0.029169559478759766
0.028961181640625
