16.1928792171391
16.1928792171391
16.1928792171391
16.1928792171391
16.1928792171391
15.693299664110224
15.693299664110224
15.693299664110224
15.693299664110224
15.693299664110224
15.693299664110224
15.693299664110224
15.693299664110224
15.693299664110224
15.403912041903348
15.403912041903348
15.212166288452087
14.14403898977006
14.14403898977006
14.14403898977006
14.14403898977006
14.14403898977006
14.14403898977006
13.227906792033835
12.477703796767237
12.477703796767237
12.477703796767237
12.477703796767237
10.623126812920553
10.623126812920553
10.623126812920553
10.623126812920553
10.623126812920553
10.623126812920553
10.623126812920553
10.623126812920553
10.623126812920553
10.623126812920553
10.623126812920553
10.623126812920553
10.623126812920553
9.151993852299846
9.151993852299846
9.151993852299846
9.151993852299846
9.151993852299846
8.756554116456297
8.756554116456297
8.675977608730921
8.536421811140023
8.536421811140023
8.536421811140023
8.536421811140023
8.536421811140023
8.536421811140023
8.536421811140023
8.536421811140023
8.536421811140023
8.425744722619545
8.425744722619545
8.425744722619545
8.425744722619545
8.425744722619545
8.425744722619545
7.463424425991516
7.463424425991516
7.395645956422378
7.395645956422378
7.395645956422378
7.395645956422378
7.395645956422378
6.842848529810434
6.664168023895218
6.664168023895218
6.664168023895218
6.664168023895218
6.664168023895218
6.664168023895218
5.876985718914494
5.745150429950428
5.745150429950428
5.745150429950428
5.745150429950428
5.4449676004241105
5.4449676004241105
5.4449676004241105
5.4449676004241105
5.4449676004241105
5.4449676004241105
5.430303214857602
4.99114250104067
4.99114250104067
4.99114250104067
4.99114250104067
4.708078147138437
4.708078147138437
4.708078147138437
4.708078147138437
4.708078147138437
4.708078147138437
4.708078147138437
4.682987606514928
4.661572524244274
4.661572524244274
4.661572524244274
4.340774051779423
4.340774051779423
4.340774051779423
4.340774051779423
4.332385863389103
4.332385863389103
4.332385863389103
4.254724849074723
3.882028608038759
3.882028608038759
3.882028608038759
3.882028608038759
3.882028608038759
3.882028608038759
3.882028608038759
3.882028608038759
3.713731276926648
3.713731276926648
3.713731276926648
3.713731276926648
3.713731276926648
3.713731276926648
3.5179169337011196
3.5179169337011196
3.5179169337011196
3.5179169337011196
3.5179169337011196
3.5179169337011196
3.5179169337011196
3.5179169337011196
3.5179169337011196
3.5179169337011196
3.5179169337011196
3.5179169337011196
3.5179169337011196
3.5179169337011196
3.37492811712913
3.37492811712913
3.37492811712913
3.37492811712913
3.252823914436913
3.252823914436913
3.19052583288822
3.19052583288822
3.0632468734455145
3.0632468734455145
3.0632468734455145
3.0632468734455145
3.0632468734455145
3.0632468734455145
3.0632468734455145
3.0632468734455145
3.0632468734455145
3.0632468734455145
3.0632468734455145
2.9712820456476052
2.9712820456476052
2.9712820456476052
2.9712820456476052
2.9712820456476052
2.9712820456476052
2.9307243270074714
2.9307243270074714
2.700650147807046
2.700650147807046
2.700650147807046
2.700650147807046
2.700650147807046
2.700650147807046
2.700650147807046
2.700650147807046
2.700650147807046
2.700650147807046
2.6107170656614542
2.5767950287840655
2.5523125441005377
2.534684900492472
2.534684900492472
2.534684900492472
2.534684900492472
2.305096681896977
2.305096681896977
2.305096681896977
2.305096681896977
2.305096681896977
1.8728633643900032
1.8728633643900032
1.8728633643900032
1.8728633643900032
1.8728633643900032
1.8728633643900032
1.8728633643900032
1.8728633643900032
1.8728633643900032
1.8728633643900032
1.8728633643900032
1.8728633643900032
1.8728633643900032
1.8728633643900032
1.8728633643900032
1.8728633643900032
1.7610354305781364
1.7610354305781364
1.7610354305781364
1.7610354305781364
1.390562141421885
1.390562141421885
1.390562141421885
1.390562141421885
1.3013930959790159
1.3013930959790159
1.3013930959790159
1.3013930959790159
1.3013930959790159
1.3013930959790159
1.3013930959790159
1.3013930959790159
1.065588218202791
1.065588218202791
1.065588218202791
1.065588218202791
1.065588218202791
1.065588218202791
0.9507441099324296
0.9507441099324296
0.9507441099324296
0.9507441099324296
0.9507441099324296
0.9507441099324296
0.9507441099324296
0.9311604734506709
0.9311604734506709
0.9311604734506709
0.9311604734506709
0.9311604734506709
0.625394103725764
0.625394103725764
0.625394103725764
0.625394103725764
0.625394103725764
0.625394103725764
0.625394103725764
0.625394103725764
0.625394103725764
0.625394103725764
0.625394103725764
0.5832104842390287
0.5832104842390287
0.5394407669563392
0.5394407669563392
0.5012295546050609
0.5012295546050609
0.5012295546050609
0.5012295546050609
0.5012295546050609
0.5012295546050609
0.5012295546050609
0.4940973109040385
0.4940973109040385
0.4940973109040385
0.4940973109040385
0.4940973109040385
0.48960353274885193
0.480072047861583
0.480072047861583
0.480072047861583
0.480072047861583
0.44303672174932274
0.44303672174932274
0.4422762677032388
0.4422762677032388
0.3775979070662139
0.3775979070662139
0.3775979070662139
0.3775979070662139
0.3775979070662139
0.3775979070662139
0.3775979070662139
0.3775979070662139
0.3288354225136949
0.3288354225136949
0.3288354225136949
0.2567817451842984
0.2567817451842984
0.2567817451842984
0.2567817451842984
0.22386494904183962
0.22386494904183962
0.22386494904183962
0.22386494904183962
0.22386494904183962
0.22386494904183962
0.22386494904183962
0.22386494904183962
0.1551722201998018
0.1551722201998018
0.1551722201998018
0.1551722201998018
0.1551722201998018
0.1551722201998018
0.1551722201998018
0.1551722201998018
0.1551722201998018
0.1365467477239548
0.1365467477239548
0.1365467477239548
0.1365467477239548
0.1365467477239548
0.12776488667000052
0.12776488667000052
0.10482844583831152
0.10482844583831152
0.10475075834649772
0.10475075834649772
0.10475075834649772
0.10106422299465123
0.10106422299465123
0.10106422299465123
0.10106422299465123
0.10106422299465123
0.10106422299465123
0.10106422299465123
0.09733967349303896
0.09343266107912385
0.09343266107912385
0.09343266107912385
0.09343266107912385
0.09025245910929769
0.09025245910929769
0.09025245910929769
0.09025245910929769
0.08841275748163469
0.08841275748163469
0.08251881635921521
0.08251881635921521
0.08251881635921521
0.0791883259875874
0.0791883259875874
0.0791883259875874
0.07340008960332156
0.06830368971845857
0.055271061934973886
0.055271061934973886
0.055271061934973886
0.055271061934973886
0.055271061934973886
0.055271061934973886
0.04760960310548512
0.04760960310548512
0.04760960310548512
0.04760960310548512
0.04760960310548512
0.04760960310548512
0.04760960310548512
0.04760960310548512
0.04760960310548512
0.04760960310548512
0.04760960310548512
0.04372327255017083
0.04372327255017083
0.04372327255017083
0.03816765463204064
0.03816765463204064
0.03816765463204064
0.03816765463204064
0.03816765463204064
0.03816765463204064
0.035107207285353326
0.035107207285353326
0.029296979095033038
0.029296979095033038
0.029296979095033038
0.029296979095033038
0.029296979095033038
0.029296979095033038
0.029296979095033038
0.029296979095033038
0.029296979095033038
0.029296979095033038
0.029296979095033038
0.029296979095033038
0.02723403381892453
0.02723403381892453
0.024395859340145876
0.024395859340145876
0.024395859340145876
0.024395859340145876
0.024395859340145876
0.024395859340145876
0.024395859340145876
0.024335226107758956
0.024192607187757176
0.024185882850822793
0.024185882850822793
0.023149435921268946
0.023149435921268946
0.023149435921268946
0.022388181098083493
0.021823710693290366
0.021823710693290366
0.02135809815421652
0.02135809815421652
0.019941795953315022
0.017958439588547037
0.017958439588547037
0.017958439588547037
0.017958439588547037
0.017958439588547037
0.017958439588547037
0.017958439588547037
0.017958439588547037
0.01734626187002064
0.01734626187002064
0.01734626187002064
0.01734626187002064
0.015307633286067102
0.015307633286067102
0.015307633286067102
0.015307633286067102
0.015307633286067102
0.01236932726160589
0.01236932726160589
0.01236932726160589
0.01236932726160589
0.01236932726160589
0.01236932726160589
0.01236932726160589
0.0074670938546468335
0.0074670938546468335
0.0074670938546468335
0.0074670938546468335
0.0074670938546468335
0.0074670938546468335
0.0074670938546468335
0.0074670938546468335
0.0074670938546468335
0.0074670938546468335
0.0074670938546468335
0.0074670938546468335
0.007402602401313629
0.006540136103545535
0.006540136103545535
0.006540136103545535
0.006540136103545535
0.006540136103545535
0.006540136103545535
0.006540136103545535
0.006540136103545535
0.006540136103545535
0.005674849724425002
0.005674849724425002
0.005674849724425002
0.005506009032938408
0.005506009032938408
0.005506009032938408
0.0045109778060989925
0.0045109778060989925
0.0045109778060989925
0.0045109778060989925
0.0045109778060989925
0.0045109778060989925
0.0045109778060989925
0.0045109778060989925
0.0045109778060989925
0.0045109778060989925
0.0045109778060989925
0.0045109778060989925
0.0045109778060989925
0.0045109778060989925
0.00448063377193364
0.00448063377193364
0.00448063377193364
0.0035415583118059146
0.0035415583118059146
0.0035415583118059146
0.0035415583118059146
0.0035415583118059146
0.0023974191561038083
0.0023974191561038083
0.0023974191561038083
0.001965143602486563
0.001965143602486563
0.001839126337220165
0.001839126337220165
0.001839126337220165
0.0016440332698870463
0.0016440332698870463
0.0016440332698870463
0.0016440332698870463
0.0016440332698870463
0.0015182388500392108
0.0015182388500392108
0.0014555548467214408
0.0014555548467214408
0.0014555548467214408
0.0014555548467214408
0.0014555548467214408
0.0014555548467214408
0.0014555548467214408
0.0014555548467214408
0.0014555548467214408
0.0014555548467214408
0.0014555548467214408
0.0014555548467214408
0.0014555548467214408
0.0014555548467214408
0.0014555548467214408
0.0014555548467214408
0.0014555548467214408
0.0014555548467214408
0.0014555548467214408
0.0012610727214656947
0.0012610727214656947
0.0012610727214656947
0.0012610727214656947
0.0012610727214656947
0.001164343923115041
0.001164343923115041
0.000940196833830953
0.000940196833830953
0.000940196833830953
0.000940196833830953
0.000940196833830953
0.000940196833830953
0.000940196833830953
0.000940196833830953
0.000940196833830953
0.0008531304681653751
0.0008531304681653751
0.0008531304681653751
0.0008531304681653751
0.0008531304681653751
0.0008531304681653751
0.0008531304681653751
0.0008531304681653751
0.0008531304681653751
0.0008531304681653751
0.0008531304681653751
0.000717868660231602
0.000717868660231602
0.000717868660231602
0.000717868660231602
0.000717868660231602
0.000717868660231602
0.0007169326244742535
0.0006507186597914938
0.0006507186597914938
0.0006507186597914938
0.0006507186597914938
0.0006507186597914938
0.0006507186597914938
0.0006507186597914938
0.0006507186597914938
0.0006507186597914938
0.0006356321322726899
0.0006356321322726899
0.0006356321322726899
0.0006356321322726899
0.0006356321322726899
0.0006356321322726899
0.0006159107541421349
0.0005478185995038132
0.0005478185995038132
0.0005478185995038132
0.0005478185995038132
0.0005152815998030746
0.0005152815998030746
0.0005152815998030746
0.0004936202271395018
0.0004936202271395018
0.0004936202271395018
0.00042238450738096844
0.00042238450738096844
0.00042238450738096844
0.00042238450738096844
0.00042238450738096844
0.00042238450738096844
0.00042238450738096844
0.00042238450738096844
0.00042238450738096844
0.00042238450738096844
0.0004165758066712044
0.0004165758066712044
0.0004165758066712044
0.0004165758066712044
0.0002684132540835549
0.0002684132540835549
0.0002684132540835549
0.0002684132540835549
0.0002684132540835549
0.0002684132540835549
0.0002684132540835549
0.0002684132540835549
0.0002684132540835549
0.0002684132540835549
0.0002684132540835549
0.0002684132540835549
0.0002552183427049215
0.00024377327223135126
0.00024377327223135126
0.00024377327223135126
0.00024377327223135126
0.00024377327223135126
0.00022183980445689144
0.00021443942817001016
0.00020138427650451263
0.00020138427650451263
0.00013538884323338607
0.00013538884323338607
0.00013538884323338607
0.00013538884323338607
0.00013538884323338607
0.00013538884323338607
0.00013538884323338607
0.00013538884323338607
0.00013538884323338607
0.00013538884323338607
0.00013538884323338607
0.00013538884323338607
0.00013284519141976148
0.00013284519141976148
0.00013284519141976148
0.00013284519141976148
0.00013284519141976148
0.00013284519141976148
0.00013284519141976148
0.00011765197509561176
0.00011765197509561176
0.00011765197509561176
0.00011765197509561176
0.00011765197509561176
0.00011765197509561176
0.00011765197509561176
0.00011765197509561176
0.00011765197509561176
0.00011765197509561176
0.00010621757898832129
0.00010621757898832129
9.612830137228912e-05
9.612830137228912e-05
9.612830137228912e-05
9.612830137228912e-05
9.612830137228912e-05
9.612830137228912e-05
8.490511467229567e-05
8.490511467229567e-05
8.490511467229567e-05
8.490511467229567e-05
8.490511467229567e-05
8.490511467229567e-05
8.490511467229567e-05
6.953779398699567e-05
6.953779398699567e-05
6.953779398699567e-05
6.953779398699567e-05
6.812661801447462e-05
6.812661801447462e-05
6.812661801447462e-05
6.812661801447462e-05
6.812661801447462e-05
6.812661801447462e-05
6.620933264400719e-05
6.620933264400719e-05
6.547721424610131e-05
6.547721424610131e-05
6.547721424610131e-05
4.772885005266403e-05
4.772885005266403e-05
4.772885005266403e-05
4.772885005266403e-05
4.772885005266403e-05
4.256917766554125e-05
4.256917766554125e-05
4.256917766554125e-05
4.256917766554125e-05
4.15910904045802e-05
3.8664614734784664e-05
3.8664614734784664e-05
3.8664614734784664e-05
3.8664614734784664e-05
3.8664614734784664e-05
3.8664614734784664e-05
3.432418600368692e-05
3.432418600368692e-05
3.432418600368692e-05
3.432418600368692e-05
3.432418600368692e-05
3.432418600368692e-05
3.432418600368692e-05
3.432418600368692e-05
3.432418600368692e-05
3.432418600368692e-05
3.432418600368692e-05
3.432418600368692e-05
3.432418600368692e-05
3.432418600368692e-05
3.432418600368692e-05
3.432418600368692e-05
3.432418600368692e-05
3.432418600368692e-05
3.432418600368692e-05
3.432418600368692e-05
3.432418600368692e-05
3.4253876378897985e-05
3.237304779446504e-05
3.237304779446504e-05
3.237304779446504e-05
3.193608932505754e-05
3.193608932505754e-05
3.0472593557817618e-05
3.0472593557817618e-05
3.0472593557817618e-05
2.8854212420270642e-05
2.8854212420270642e-05
2.8432516305798572e-05
2.8432516305798572e-05
2.2678998224279212e-05
2.2678998224279212e-05
2.2678998224279212e-05
2.2678998224279212e-05
2.2678998224279212e-05
2.2678998224279212e-05
2.2678998224279212e-05
2.198315551993346e-05
2.176143708965128e-05
2.176143708965128e-05
2.176143708965128e-05
2.176143708965128e-05
2.176143708965128e-05
1.7380145898471255e-05
1.7380145898471255e-05
1.7380145898471255e-05
1.4824908010524496e-05
1.4824908010524496e-05
1.4824908010524496e-05
1.4824908010524496e-05
1.4824908010524496e-05
1.4824908010524496e-05
1.4824908010524496e-05
1.1607346319664202e-05
1.1607346319664202e-05
1.1607346319664202e-05
1.1607346319664202e-05
1.1607346319664202e-05
1.1607346319664202e-05
1.1607346319664202e-05
1.1226547918852248e-05
1.1226547918852248e-05
1.1226547918852248e-05
1.1226547918852248e-05
1.1226547918852248e-05
1.1226547918852248e-05
1.1219666252060279e-05
1.1219666252060279e-05
1.072796760936967e-05
1.072796760936967e-05
1.072796760936967e-05
1.072796760936967e-05
1.072796760936967e-05
1.0667711453749007e-05
1.0154369061154966e-05
1.0154369061154966e-05
1.0024832480581836e-05
1.0024832480581836e-05
1.0024832480581836e-05
1.0024832480581836e-05
1.0024832480581836e-05
7.143664323194798e-06
7.143664323194798e-06
7.143664323194798e-06
6.978924858458413e-06
6.978924858458413e-06
6.978924858458413e-06
6.978924858458413e-06
6.978924858458413e-06
6.978924858458413e-06
6.978924858458413e-06
6.978924858458413e-06
6.978924858458413e-06
6.435607222243789e-06
6.435607222243789e-06
6.435607222243789e-06
6.435607222243789e-06
5.706927467485912e-06
5.323324462125356e-06
5.323324462125356e-06
5.323324462125356e-06
5.323324462125356e-06
5.323324462125356e-06
5.323324462125356e-06
5.323324462125356e-06
5.2744489309475284e-06
5.2744489309475284e-06
5.2744489309475284e-06
5.2744489309475284e-06
5.2744489309475284e-06
5.2744489309475284e-06
5.2744489309475284e-06
4.691843027870846e-06
4.691843027870846e-06
4.683225252932743e-06
4.683225252932743e-06
4.683225252932743e-06
4.683225252932743e-06
2.78592662894539e-06
2.78592662894539e-06
2.78592662894539e-06
2.78592662894539e-06
2.78592662894539e-06
2.78592662894539e-06
2.78592662894539e-06
2.78592662894539e-06
2.78592662894539e-06
2.78592662894539e-06
2.78592662894539e-06
2.78592662894539e-06
2.78592662894539e-06
2.78592662894539e-06
2.78592662894539e-06
2.78592662894539e-06
2.78592662894539e-06
2.78592662894539e-06
2.4750552825025807e-06
2.4750552825025807e-06
2.4750552825025807e-06
2.4750552825025807e-06
2.4750552825025807e-06
2.4750552825025807e-06
2.2854832728569363e-06
2.2854832728569363e-06
2.2854832728569363e-06
2.2734817513025973e-06
2.2734817513025973e-06
2.094824807841178e-06
2.094824807841178e-06
1.9052006479114425e-06
1.9052006479114425e-06
1.9052006479114425e-06
1.9052006479114425e-06
1.5562035322602696e-06
1.5562035322602696e-06
1.5562035322602696e-06
1.5562035322602696e-06
1.5562035322602696e-06
1.5562035322602696e-06
1.5562035322602696e-06
1.5562035322602696e-06
1.5562035322602696e-06
1.5562035322602696e-06
1.5562035322602696e-06
1.5562035322602696e-06
1.5562035322602696e-06
1.4556665455245366e-06
1.4556665455245366e-06
1.4556665455245366e-06
1.4556665455245366e-06
1.4556665455245366e-06
1.4556665455245366e-06
1.4352879595946888e-06
1.4352879595946888e-06
1.4352879595946888e-06
1.4352879595946888e-06
1.1824431851437112e-06
1.1824431851437112e-06
1.1824431851437112e-06
1.1824431851437112e-06
1.1824431851437112e-06
1.1824431851437112e-06
1.1824431851437112e-06
1.1824431851437112e-06
1.1824431851437112e-06
1.0472725371357683e-06
1.0472725371357683e-06
1.0472725371357683e-06
1.0472725371357683e-06
1.0472725371357683e-06
1.0472725371357683e-06
1.0152318701273089e-06
1.0152318701273089e-06
9.319013507536056e-07
9.319013507536056e-07
9.319013507536056e-07
9.319013507536056e-07
9.319013507536056e-07
9.139337180386065e-07
8.338314358979915e-07
8.338314358979915e-07
8.000664522000989e-07
7.979282301562307e-07
7.979282301562307e-07
7.979282301562307e-07
7.665122581101969e-07
7.665122581101969e-07
7.665122581101969e-07
7.568296780391393e-07
7.568296780391393e-07
7.473987686523742e-07
7.473987686523742e-07
7.290405754645235e-07
6.714921561012943e-07
6.714921561012943e-07
6.714921561012943e-07
6.714921561012943e-07
6.714921561012943e-07
6.583735761012122e-07
6.583735761012122e-07
6.583735761012122e-07
6.583735761012122e-07
6.583735761012122e-07
6.583735761012122e-07
6.583735761012122e-07
6.583735761012122e-07
6.220741362028548e-07
6.220741362028548e-07
6.220741362028548e-07
6.220741362028548e-07
5.782209413496275e-07
5.782209413496275e-07
5.682201766887829e-07
2.1477785594470333e-07
2.1477785594470333e-07
2.1477785594470333e-07
2.1477785594470333e-07
2.1477785594470333e-07
2.1477785594470333e-07
2.1477785594470333e-07
2.1477785594470333e-07
2.1477785594470333e-07
2.1477785594470333e-07
2.1477785594470333e-07
2.1477785594470333e-07
2.1477785594470333e-07
2.1477785594470333e-07
2.1477785594470333e-07
2.1477785594470333e-07
2.1477785594470333e-07
2.1477785594470333e-07
2.1477785594470333e-07
2.1477785594470333e-07
2.025728278454153e-07
2.025728278454153e-07
2.025728278454153e-07
2.025728278454153e-07
2.025728278454153e-07
2.025728278454153e-07
2.025728278454153e-07
2.025728278454153e-07
2.025728278454153e-07
1.806987057761944e-07
1.806987057761944e-07
1.806987057761944e-07
1.806987057761944e-07
1.806987057761944e-07
1.8068024232320568e-07
1.790984569538523e-07
1.790984569538523e-07
1.790984569538523e-07
1.790984569538523e-07
1.4570501605248865e-07
1.4570501605248865e-07
1.4570501605248865e-07
1.4570501605248865e-07
1.4570501605248865e-07
1.4570501605248865e-07
1.4570501605248865e-07
1.4570501605248865e-07
1.4570501605248865e-07
1.4570501605248865e-07
1.4570501605248865e-07
1.4570501605248865e-07
1.4570501605248865e-07
1.4570501605248865e-07
1.4570501605248865e-07
1.4570501605248865e-07
1.4570501605248865e-07
1.4570501605248865e-07
1.4122441527320007e-07
1.4122441527320007e-07
1.3682823052363347e-07
1.2876110488946324e-07
1.2876110488946324e-07
1.2876110488946324e-07
1.2264898430203175e-07
1.2264898430203175e-07
1.2048213449133982e-07
1.0963995933366277e-07
1.0963995933366277e-07
1.0963995933366277e-07
1.0963995933366277e-07
1.0761806734649326e-07
9.830383973508106e-08
9.232207531795211e-08
9.232207531795211e-08
8.938043549733266e-08
8.001903495369334e-08
