18.379021796250104
17.878215150919743
17.878215150919743
17.878215150919743
17.878215150919743
17.878215150919743
17.878215150919743
17.878215150919743
17.6391577574322
17.542307668921968
17.542307668921968
17.542307668921968
17.542307668921968
17.542307668921968
17.542307668921968
17.542307668921968
17.542307668921968
17.542307668921968
17.542307668921968
17.542307668921968
17.542307668921968
17.371675273626167
16.94092108038552
16.82368343980669
16.82368343980669
16.82368343980669
16.82368343980669
16.69658943314828
16.69658943314828
16.69658943314828
16.69658943314828
16.68028987219018
16.68028987219018
16.68028987219018
16.68028987219018
16.68028987219018
16.68028987219018
16.68028987219018
16.68028987219018
15.863659537699812
15.863659537699812
15.693802958568693
15.693802958568693
15.693802958568693
15.693802958568693
15.693802958568693
15.693802958568693
15.693802958568693
15.693802958568693
15.670480488891213
15.670480488891213
15.670480488891213
15.429209661953845
15.429209661953845
15.312368851373572
14.761050707958134
14.761050707958134
14.761050707958134
14.761050707958134
14.761050707958134
14.761050707958134
14.761050707958134
14.761050707958134
14.761050707958134
14.761050707958134
14.761050707958134
14.761050707958134
14.761050707958134
14.761050707958134
14.761050707958134
14.736203522078553
14.736203522078553
13.618426349063382
13.618426349063382
13.618426349063382
13.618426349063382
13.618426349063382
13.618426349063382
13.618426349063382
13.618426349063382
13.618426349063382
13.618426349063382
13.509182594916512
13.509182594916512
13.326545084850205
13.326545084850205
13.326545084850205
12.852757327627788
12.7616513033633
12.7616513033633
12.273419731507243
12.273419731507243
12.273419731507243
12.273419731507243
12.273419731507243
12.273419731507243
12.273419731507243
12.273419731507243
11.66699837073396
11.66699837073396
11.66699837073396
11.66699837073396
11.66699837073396
11.354102303413715
11.354102303413715
11.035122745378882
11.035122745378882
11.035122745378882
11.035122745378882
11.035122745378882
11.035122745378882
11.035122745378882
11.035122745378882
11.035122745378882
11.035122745378882
10.303476258502574
10.303476258502574
10.303476258502574
10.303476258502574
10.303476258502574
10.303476258502574
10.303476258502574
10.303476258502574
10.303476258502574
10.303476258502574
10.303476258502574
10.303476258502574
10.303476258502574
10.303476258502574
10.001785159692856
10.001785159692856
10.001785159692856
10.001785159692856
9.809835611878595
9.809835611878595
9.809835611878595
9.525594770949715
9.525594770949715
9.525594770949715
9.525594770949715
9.525594770949715
9.525594770949715
9.525594770949715
9.525594770949715
9.525594770949715
9.396467731520335
9.392756719146327
9.392756719146327
9.392756719146327
9.392756719146327
9.392756719146327
9.392756719146327
9.37910782152238
9.37910782152238
9.37910782152238
8.865027993572438
8.865027993572438
8.865027993572438
8.865027993572438
8.750101098293253
8.750101098293253
8.750101098293253
8.750101098293253
8.750101098293253
8.750101098293253
8.750101098293253
8.750101098293253
8.475477809768137
8.475477809768137
7.997324614145436
7.997324614145436
7.997324614145436
7.997324614145436
7.997324614145436
7.997324614145436
7.997324614145436
7.997324614145436
7.997324614145436
7.997324614145436
7.997324614145436
7.407565744671578
7.407565744671578
7.407565744671578
7.407565744671578
7.407565744671578
7.407565744671578
7.407565744671578
7.407565744671578
7.407565744671578
7.407565744671578
7.407565744671578
7.407565744671578
7.407565744671578
7.407565744671578
7.407565744671578
7.407565744671578
7.407565744671578
7.407565744671578
7.407565744671578
7.407565744671578
7.407565744671578
7.407565744671578
7.168942877392675
7.168942877392675
6.989322652321723
6.884866011866189
6.884866011866189
6.884866011866189
6.458230454859233
6.458230454859233
6.458230454859233
6.458230454859233
6.458230454859233
6.397640190873032
6.397640190873032
6.397640190873032
6.397640190873032
6.397640190873032
6.397640190873032
6.397640190873032
6.397640190873032
6.397640190873032
6.397640190873032
6.397640190873032
5.947320718156874
5.947320718156874
5.947320718156874
5.947320718156874
5.901296976262783
5.901296976262783
5.901296976262783
5.901296976262783
5.901296976262783
5.901296976262783
5.901296976262783
5.901296976262783
5.901296976262783
5.901296976262783
5.901296976262783
5.901296976262783
5.536635782762886
5.536635782762886
5.536635782762886
5.536635782762886
5.173374119800442
5.173374119800442
5.173374119800442
5.173374119800442
5.173374119800442
5.173374119800442
5.173374119800442
5.173374119800442
5.173374119800442
5.173374119800442
5.173374119800442
5.173374119800442
5.173374119800442
5.173374119800442
5.173374119800442
5.173374119800442
5.173374119800442
5.173374119800442
5.173374119800442
5.173374119800442
5.173374119800442
5.173374119800442
5.173374119800442
5.173374119800442
5.173374119800442
5.173374119800442
5.173374119800442
5.173374119800442
5.173374119800442
5.173374119800442
5.173374119800442
5.173374119800442
5.173374119800442
5.173374119800442
5.020492363145106
5.020492363145106
5.020492363145106
4.832698748403789
4.585640164903559
4.585640164903559
4.585640164903559
4.585640164903559
4.585640164903559
4.585640164903559
4.585640164903559
4.585640164903559
4.585640164903559
4.229382530613108
4.229382530613108
4.229382530613108
4.229382530613108
4.229382530613108
4.229382530613108
4.229382530613108
4.229382530613108
4.229382530613108
4.229382530613108
4.003695879704434
4.003695879704434
4.003695879704434
4.003695879704434
4.003695879704434
4.003695879704434
4.003695879704434
4.003695879704434
4.003695879704434
4.003695879704434
4.003695879704434
4.003695879704434
4.003695879704434
4.003695879704434
4.003695879704434
4.003695879704434
4.003695879704434
4.003695879704434
4.003695879704434
4.003695879704434
3.8763606807575854
3.8763606807575854
3.8763606807575854
3.8763606807575854
3.8763606807575854
3.8763606807575854
3.8763606807575854
3.8763606807575854
3.8726123981528957
3.8726123981528957
3.8726123981528957
3.8726123981528957
3.8726123981528957
3.8726123981528957
3.8726123981528957
3.8726123981528957
3.8726123981528957
3.8726123981528957
3.8726123981528957
3.8726123981528957
3.8726123981528957
3.8726123981528957
3.8726123981528957
3.8726123981528957
3.8726123981528957
3.8726123981528957
3.6445817486535326
3.6445817486535326
3.6445817486535326
3.6445817486535326
3.6445817486535326
3.567173929060786
3.567173929060786
3.567173929060786
3.567173929060786
3.567173929060786
3.567173929060786
3.327052964640547
3.327052964640547
3.327052964640547
3.327052964640547
3.327052964640547
3.327052964640547
3.327052964640547
3.327052964640547
3.327052964640547
3.327052964640547
3.327052964640547
3.327052964640547
3.327052964640547
3.327052964640547
3.327052964640547
3.2623778159549772
3.2623778159549772
3.2623778159549772
3.2623778159549772
3.2623778159549772
3.2171346567931565
3.2171346567931565
3.2171346567931565
3.2171346567931565
3.2171346567931565
3.2171346567931565
3.2171346567931565
3.2171346567931565
3.2171346567931565
3.1382068427439513
3.1382068427439513
3.1382068427439513
3.1382068427439513
3.1382068427439513
3.1382068427439513
3.1382068427439513
3.1382068427439513
3.1382068427439513
3.1382068427439513
3.1382068427439513
3.1382068427439513
3.1382068427439513
3.1382068427439513
3.1382068427439513
3.1382068427439513
3.1382068427439513
3.1382068427439513
3.1382068427439513
3.1382068427439513
3.1382068427439513
3.1382068427439513
2.7519429442292775
2.7519429442292775
2.7519429442292775
2.7519429442292775
2.7519429442292775
2.7519429442292775
2.7519429442292775
2.7519429442292775
2.748387153315317
2.748387153315317
2.748387153315317
2.748387153315317
2.748387153315317
2.7400662862538425
2.7400662862538425
2.7400662862538425
2.7400662862538425
2.7400662862538425
2.7400662862538425
2.7400662862538425
2.5519325434117093
2.5519325434117093
2.5519325434117093
2.5519325434117093
2.5519325434117093
2.5519325434117093
2.5519325434117093
2.5519325434117093
2.5519325434117093
2.5519325434117093
2.5519325434117093
2.5519325434117093
2.5519325434117093
2.5519325434117093
2.5519325434117093
2.5519325434117093
2.5519325434117093
2.5519325434117093
2.5519325434117093
2.5519325434117093
2.5519325434117093
2.538330188436394
2.518269777181974
2.518269777181974
2.5094459095012063
2.5094459095012063
2.3502760261103894
2.3502760261103894
2.3502760261103894
2.3502760261103894
2.3502760261103894
2.3502760261103894
2.3502760261103894
2.3502760261103894
2.3502760261103894
2.3502760261103894
2.3210695049406027
2.3210695049406027
2.3210695049406027
2.3210695049406027
2.3210695049406027
2.2873022450269893
2.2873022450269893
2.2873022450269893
2.2873022450269893
2.2873022450269893
2.2213039755387705
2.2213039755387705
2.2135395342632975
2.2009810333792963
1.8837481585898743
1.8837481585898743
1.8837481585898743
1.8837481585898743
1.8837481585898743
1.8837481585898743
1.8837481585898743
1.8837481585898743
1.8647637610129202
1.8647637610129202
1.8647637610129202
1.8647637610129202
1.8647637610129202
1.8647637610129202
1.8647637610129202
1.8647637610129202
1.8647637610129202
1.8647637610129202
1.8647637610129202
1.8647637610129202
1.8647637610129202
1.8573184163968541
1.8573184163968541
1.8094933395037742
1.8094933395037742
1.8094933395037742
1.637629182478289
1.637629182478289
1.637629182478289
1.637629182478289
1.637629182478289
1.637629182478289
1.637629182478289
1.637629182478289
1.4518422448477502
1.4518422448477502
1.4518422448477502
1.3986396015258364
1.2541395746590531
1.2541395746590531
1.2541395746590531
1.2541395746590531
1.2541395746590531
1.2435707718146638
1.2435707718146638
1.2435707718146638
1.217197761502522
1.217197761502522
1.139159454170727
1.139159454170727
1.139159454170727
1.139159454170727
1.139159454170727
1.0339453843272288
1.0339453843272288
1.0339453843272288
1.0339453843272288
1.0339453843272288
1.0339453843272288
1.0339453843272288
1.0339453843272288
1.0339453843272288
1.0207789848325284
1.0207789848325284
1.0207789848325284
1.0207789848325284
1.0207789848325284
1.0207789848325284
1.0207789848325284
1.0207789848325284
1.0207789848325284
1.0207789848325284
1.0207789848325284
1.0207789848325284
1.0207789848325284
1.0207789848325284
1.0207789848325284
1.0207789848325284
0.9512437502740028
0.9512437502740028
0.9512437502740028
0.9512437502740028
0.9512437502740028
0.9512437502740028
0.9512437502740028
0.9512437502740028
0.9512437502740028
0.9512437502740028
0.9512437502740028
0.9512437502740028
0.8842565511255778
0.8842565511255778
0.8842565511255778
0.8505019341783928
0.8505019341783928
0.8505019341783928
0.8505019341783928
0.8505019341783928
0.84668678309313
0.84668678309313
0.84668678309313
0.84668678309313
0.84668678309313
0.84668678309313
0.84668678309313
0.84668678309313
0.8399156476604581
0.8221915267404682
0.8221915267404682
0.8221915267404682
0.8221915267404682
0.8221915267404682
0.8221915267404682
0.8221915267404682
0.7967546143689255
0.7967546143689255
0.7967546143689255
0.7967546143689255
0.7027250800563607
0.7027250800563607
0.7027250800563607
0.7027250800563607
0.7027250800563607
0.7027250800563607
0.6518544200901601
0.6518544200901601
0.6518544200901601
0.6518544200901601
0.6518544200901601
0.6261666241544006
0.6261666241544006
0.6249752565892486
0.6249752565892486
0.6249752565892486
0.6249752565892486
0.6249752565892486
0.6249752565892486
0.6249752565892486
0.6249752565892486
0.6116284757179216
0.5714823874436732
0.5714823874436732
0.5714823874436732
0.5714823874436732
0.5714823874436732
0.5714823874436732
0.5714823874436732
0.5714823874436732
0.5707162339229441
0.5707162339229441
0.559198663401407
0.559198663401407
0.5464735425472043
0.5464735425472043
0.5464735425472043
0.43385896303681903
0.43385896303681903
0.43385896303681903
0.43385896303681903
0.43385896303681903
0.43385896303681903
0.43385896303681903
0.43385896303681903
0.43385896303681903
0.43385896303681903
0.39324166422496276
0.39324166422496276
0.39324166422496276
0.39324166422496276
0.39324166422496276
0.39324166422496276
0.39324166422496276
0.39324166422496276
0.39324166422496276
0.39324166422496276
0.39324166422496276
0.39324166422496276
0.39324166422496276
0.39324166422496276
0.39324166422496276
0.39324166422496276
0.39324166422496276
0.36819146300985395
0.36819146300985395
0.36819146300985395
0.36819146300985395
0.36122617943208013
0.36122617943208013
0.36122617943208013
0.36122617943208013
0.36122617943208013
0.36122617943208013
0.36122617943208013
0.36122617943208013
0.36122617943208013
0.36122617943208013
0.28602394913165696
0.28602394913165696
0.28602394913165696
0.28602394913165696
0.28602394913165696
0.28602394913165696
0.28602394913165696
0.28602394913165696
0.28602394913165696
0.28602394913165696
0.28602394913165696
0.28602394913165696
0.28602394913165696
0.28602394913165696
0.28602394913165696
0.28602394913165696
0.28602394913165696
0.28602394913165696
0.28602394913165696
0.28602394913165696
0.28602394913165696
0.28602394913165696
0.26503146905105623
0.26503146905105623
0.26503146905105623
0.26503146905105623
0.26503146905105623
0.26503146905105623
0.2619504451665158
0.2619504451665158
0.2619504451665158
0.25998298517381
0.25998298517381
0.25998298517381
0.25998298517381
0.2448227418946729
0.2448227418946729
0.2448227418946729
0.23568545531959373
0.23568545531959373
0.21738458638881752
0.2085893247448496
0.2085893247448496
0.2085893247448496
0.2085893247448496
0.2085893247448496
0.2085893247448496
0.2085893247448496
0.2085893247448496
0.2085893247448496
0.2085893247448496
0.19942770927216102
0.19942770927216102
0.19942770927216102
0.19942770927216102
0.19942770927216102
0.19534530605061562
0.19534530605061562
0.17190235610985738
0.17190235610985738
0.17190235610985738
0.17190235610985738
0.16905525645229247
0.16905525645229247
0.16905525645229247
0.16905525645229247
0.16905525645229247
0.16905525645229247
0.16905525645229247
0.16905525645229247
0.16905525645229247
0.16905525645229247
0.16905525645229247
0.16832358898563982
0.16580193014922529
0.16408764114652996
0.16408764114652996
0.16408764114652996
0.16086106525278154
0.16086106525278154
0.16086106525278154
0.16086106525278154
0.16086106525278154
0.16086106525278154
0.16086106525278154
0.16086106525278154
0.15689824451548162
0.14872294332278813
0.14872294332278813
0.14872294332278813
0.14872294332278813
0.14403267294451538
0.14403267294451538
0.14403267294451538
0.14403267294451538
0.14403267294451538
0.14403267294451538
0.1377000267574573
0.1377000267574573
0.13483483036485922
0.13483483036485922
0.13483483036485922
0.13483483036485922
0.12320926122376363
0.12320926122376363
0.12320926122376363
0.12320926122376363
0.12320926122376363
0.12320926122376363
0.12320926122376363
0.11828130579420915
0.11828130579420915
0.11828130579420915
0.11828130579420915
0.11828130579420915
0.11828130579420915
0.11828130579420915
0.11828130579420915
0.11828130579420915
0.11828130579420915
0.11459722705345854
0.11459722705345854
0.11459722705345854
0.11459722705345854
0.11459722705345854
0.11459722705345854
0.11459722705345854
0.1124021384242404
0.10476108462145817
0.10476108462145817
0.10476108462145817
0.10476108462145817
0.10476108462145817
0.10476108462145817
0.10476108462145817
0.10409644621298852
0.10191895969407128
0.10191895969407128
0.09422930109966643
0.09422930109966643
0.09422930109966643
0.09422930109966643
0.07864775312236816
0.07864775312236816
0.07864775312236816
0.07864775312236816
0.07864775312236816
0.07864775312236816
0.07864775312236816
0.07864775312236816
0.07864775312236816
0.07864775312236816
0.07207222302879401
0.07207222302879401
0.07207222302879401
0.07207222302879401
0.06416806663114372
0.06416806663114372
0.06416806663114372
0.06416806663114372
0.05855098127477021
0.05855098127477021
0.05855098127477021
0.05855098127477021
0.05855098127477021
0.05855098127477021
0.05855098127477021
0.05855098127477021
0.05855098127477021
0.05855098127477021
0.05855098127477021
0.05855098127477021
0.05855098127477021
0.05855098127477021
0.05855098127477021
0.053324058841404565
0.053324058841404565
0.053324058841404565
0.053324058841404565
0.053324058841404565
0.053324058841404565
0.053324058841404565
0.053324058841404565
0.053324058841404565
0.053324058841404565
0.053324058841404565
0.053324058841404565
0.053324058841404565
0.053324058841404565
0.053324058841404565
0.04963143777870016
0.0443628710451307
0.0443628710451307
0.0443628710451307
0.0443628710451307
0.0443628710451307
0.0443628710451307
0.0443628710451307
0.0443628710451307
0.0443628710451307
0.0443628710451307
0.0443628710451307
0.0443628710451307
0.0443628710451307
0.0393068228550888
0.0393068228550888
0.0393068228550888
0.0393068228550888
0.0393068228550888
0.03777202631403043
0.03777202631403043
0.03777202631403043
0.03470216573917284
0.03470216573917284
0.03470216573917284
0.03470216573917284
0.03470216573917284
0.03470216573917284
0.03470216573917284
0.03470216573917284
0.03470216573917284
0.03470216573917284
0.03470216573917284
0.025316796555745924
0.025316796555745924
0.025316796555745924
0.025316796555745924
0.025316796555745924
0.025316796555745924
0.025316796555745924
0.025316796555745924
0.025316796555745924
0.025316796555745924
0.025316796555745924
0.025316796555745924
0.025316796555745924
0.025316796555745924
0.025316796555745924
0.025316796555745924
0.025316796555745924
0.025316796555745924
0.025316796555745924
0.025316796555745924
0.025316796555745924
0.025316796555745924
0.025316796555745924
0.025316796555745924
0.025316796555745924
0.025316796555745924
0.025316796555745924
0.02457329731348068
0.02457329731348068
0.02457329731348068
0.02457329731348068
0.02457329731348068
0.02457329731348068
0.02457329731348068
0.02406272791930064
0.02406272791930064
0.02406272791930064
0.02406272791930064
0.02406272791930064
0.02406272791930064
0.02406272791930064
0.02406272791930064
0.02247585223298998
0.02247585223298998
0.02247585223298998
0.02247585223298998
0.02247585223298998
0.02247585223298998
0.02247585223298998
0.02247585223298998
0.02247585223298998
0.02247585223298998
0.022297320731638592
0.022099608234224632
0.022099608234224632
0.022099608234224632
0.020524491712578197
0.020524491712578197
0.020524491712578197
0.020524491712578197
0.020524491712578197
0.020524491712578197
0.01941690875976576
0.01941690875976576
0.01941690875976576
0.01941690875976576
0.01941690875976576
0.01941690875976576
0.01941690875976576
0.01836397917931265
0.018108729595208928
0.018108729595208928
0.018108729595208928
0.018108729595208928
0.018108729595208928
0.017081755426840317
0.017081755426840317
0.017081755426840317
0.017081755426840317
0.017081755426840317
0.017081755426840317
0.017081755426840317
0.017081755426840317
0.017081755426840317
0.01615181747902028
0.014763071560469854
0.014763071560469854
0.014763071560469854
0.014763071560469854
0.014763071560469854
0.014763071560469854
0.014763071560469854
0.013439477243693432
0.013439477243693432
0.013439477243693432
0.013439477243693432
0.013439477243693432
0.013439477243693432
0.013439477243693432
0.013439477243693432
0.013439477243693432
0.012977326048162041
