5.573377465116788
5.557505793381857
5.557505793381857
5.427403156643587
5.427403156643587
5.427403156643587
5.13204961266436
5.13204961266436
5.13204961266436
5.13204961266436
5.043501521534909
4.955926207011721
4.955926207011721
4.955926207011721
4.955926207011721
4.955926207011721
4.955926207011721
4.955926207011721
4.955926207011721
4.955926207011721
4.771518416358997
4.771518416358997
4.771518416358997
4.569964391160514
4.569964391160514
4.569964391160514
3.885103612686933
3.885103612686933
3.885103612686933
3.885103612686933
3.885103612686933
3.885103612686933
3.885103612686933
3.885103612686933
3.885103612686933
3.885103612686933
3.885103612686933
3.885103612686933
3.885103612686933
3.712346263134016
3.712346263134016
3.712346263134016
3.712346263134016
3.712346263134016
3.712346263134016
3.712346263134016
3.712346263134016
3.712346263134016
3.712346263134016
3.712346263134016
3.437531884930703
3.437531884930703
3.437531884930703
3.437531884930703
3.2742830671748138
3.2742830671748138
3.2742830671748138
3.2742830671748138
3.1965265373428053
3.1965265373428053
3.1859746228554826
3.1859746228554826
3.1095277480015433
3.1095277480015433
3.1095277480015433
3.1095277480015433
3.1095277480015433
3.0944282622405304
3.0944282622405304
3.0944282622405304
3.0944282622405304
3.0944282622405304
2.772643269197985
2.772643269197985
2.772643269197985
2.772643269197985
2.772643269197985
2.772643269197985
2.772643269197985
2.772643269197985
2.772643269197985
2.772643269197985
2.772643269197985
2.772643269197985
2.5569796554962245
2.5569796554962245
2.5569796554962245
2.5569796554962245
2.5569796554962245
2.5569796554962245
2.5569796554962245
2.5569796554962245
2.5240448038371603
2.5240448038371603
2.5240448038371603
2.415268472720836
2.334328722522706
2.275104305259685
2.275104305259685
2.275104305259685
2.275104305259685
2.2454078604096033
2.2454078604096033
2.2454078604096033
2.2454078604096033
2.2454078604096033
2.2454078604096033
2.2454078604096033
2.2454078604096033
2.2454078604096033
2.2454078604096033
2.2454078604096033
2.2454078604096033
2.2454078604096033
2.2454078604096033
2.2454078604096033
2.2454078604096033
2.2454078604096033
2.2454078604096033
2.2454078604096033
2.2454078604096033
2.2454078604096033
2.2454078604096033
2.2454078604096033
2.245130505735677
2.2356723253500377
2.2356723253500377
2.2356723253500377
2.1936751454475854
2.1936751454475854
2.1936751454475854
2.1936751454475854
2.1936751454475854
2.1936751454475854
2.1936751454475854
2.1936751454475854
2.1936751454475854
2.1936751454475854
2.1113027470108108
2.1113027470108108
2.053932883887658
2.053932883887658
1.987336726623031
1.987336726623031
1.987336726623031
1.987336726623031
1.987336726623031
1.987336726623031
1.987336726623031
1.959403093263198
1.959403093263198
1.959403093263198
1.959403093263198
1.959403093263198
1.959403093263198
1.959403093263198
1.959403093263198
1.959403093263198
1.959403093263198
1.959403093263198
1.959403093263198
1.959403093263198
1.959403093263198
1.959403093263198
1.9520831686340578
1.9520831686340578
1.9520831686340578
1.9520831686340578
1.9520831686340578
1.9520831686340578
1.9520831686340578
1.9520831686340578
1.9520831686340578
1.9520831686340578
1.9520831686340578
1.8649975214785215
1.8054861413725618
1.8054861413725618
1.8054861413725618
1.8054861413725618
1.745877599896744
1.745877599896744
1.745877599896744
1.745877599896744
1.745877599896744
1.745877599896744
1.745877599896744
1.745877599896744
1.745877599896744
1.745877599896744
1.6506785886379092
1.6506785886379092
1.6506785886379092
1.6506785886379092
1.6506785886379092
1.6506785886379092
1.6506785886379092
1.6506785886379092
1.641534854365613
1.641534854365613
1.641534854365613
1.641534854365613
1.641534854365613
1.641534854365613
1.641534854365613
1.6314980220411641
1.6314980220411641
1.6314980220411641
1.555076125369581
1.555076125369581
1.555076125369581
1.555076125369581
1.555076125369581
1.555076125369581
1.555076125369581
1.555076125369581
1.555076125369581
1.555076125369581
1.555076125369581
1.4475420784784987
1.4475420784784987
1.4475420784784987
1.4475420784784987
1.4475420784784987
1.4475420784784987
1.4121754030006706
1.4121754030006706
1.4121754030006706
1.0475375442216155
1.0475375442216155
1.0475375442216155
1.0475375442216155
1.0475375442216155
1.0475375442216155
1.0475375442216155
1.0475375442216155
1.0475375442216155
1.0475375442216155
1.0475375442216155
1.0475375442216155
1.0475375442216155
0.8896954913152442
0.8896954913152442
0.8896954913152442
0.8896954913152442
0.8896954913152442
0.8896954913152442
0.8896954913152442
0.8896954913152442
0.8896954913152442
0.8896954913152442
0.8896954913152442
0.8896954913152442
0.8896954913152442
0.8896954913152442
0.8896954913152442
0.8896954913152442
0.8896954913152442
0.8896954913152442
0.8896954913152442
0.8896954913152442
0.8896954913152442
0.8896954913152442
0.8896954913152442
0.8896954913152442
0.8896954913152442
0.8896954913152442
0.8896954913152442
0.8896954913152442
0.8896954913152442
0.8896954913152442
0.8896954913152442
0.8896954913152442
0.8896954913152442
0.8896954913152442
0.8896954913152442
0.8896954913152442
0.8896954913152442
0.8896954913152442
0.8896954913152442
0.8896954913152442
0.8896954913152442
0.8896954913152442
0.8896954913152442
0.8896954913152442
0.8896954913152442
0.8896954913152442
0.8884211007717795
0.8884211007717795
0.8884211007717795
0.8884211007717795
0.8884211007717795
0.8884211007717795
0.8884211007717795
0.8884211007717795
0.8884211007717795
0.8884211007717795
0.8884211007717795
0.8884211007717795
0.8884211007717795
0.8884211007717795
0.8884211007717795
0.8884211007717795
0.8884211007717795
0.8884211007717795
0.8884211007717795
0.8884211007717795
0.8694754968543137
0.8694754968543137
0.8694754968543137
0.859798209301541
0.859798209301541
0.8498881006766545
0.8498881006766545
0.8498881006766545
0.8498881006766545
0.8498881006766545
0.8498881006766545
0.8498881006766545
0.8498881006766545
0.8498881006766545
0.8498881006766545
0.8498881006766545
0.8498881006766545
0.8498881006766545
0.8498881006766545
0.8498881006766545
0.8498881006766545
0.8066701236982112
0.8066701236982112
0.8066701236982112
0.8066701236982112
0.8066701236982112
0.8066701236982112
0.8066701236982112
0.8066701236982112
0.8066701236982112
0.8066701236982112
0.8066701236982112
0.8066701236982112
0.7696840597170969
0.7696840597170969
0.7696840597170969
0.7696840597170969
0.7696840597170969
0.7696840597170969
0.765334069766979
0.7578204363774503
0.7578204363774503
0.7388803781603279
0.7388803781603279
0.7388803781603279
0.7388803781603279
0.7378657635106443
0.7378657635106443
0.7378657635106443
0.7378657635106443
0.7378657635106443
0.7378657635106443
0.7378657635106443
0.7378657635106443
0.7378657635106443
0.7378657635106443
0.70617355075332
0.70617355075332
0.6644352441922088
0.6644352441922088
0.6644352441922088
0.6644352441922088
0.6644352441922088
0.6644352441922088
0.6644352441922088
0.6644352441922088
0.6644352441922088
0.6644352441922088
0.6644352441922088
0.6644352441922088
0.6644352441922088
0.6644352441922088
0.6644352441922088
0.6644352441922088
0.6644352441922088
0.5772006980433453
0.5772006980433453
0.5772006980433453
0.5772006980433453
0.5772006980433453
0.5772006980433453
0.5772006980433453
0.5772006980433453
0.5772006980433453
0.5772006980433453
0.5772006980433453
0.5772006980433453
0.5772006980433453
0.5772006980433453
0.5772006980433453
0.5772006980433453
0.5772006980433453
0.5772006980433453
0.5772006980433453
0.5772006980433453
0.5395493743603694
0.5395493743603694
0.5395493743603694
0.5395493743603694
0.5395493743603694
0.5395493743603694
0.5395493743603694
0.5360328651509931
0.5360328651509931
0.5360328651509931
0.5360328651509931
0.5360328651509931
0.5360328651509931
0.5360328651509931
0.5360328651509931
0.5360328651509931
0.5124252451146454
0.5124252451146454
0.5124252451146454
0.5124252451146454
0.5124252451146454
0.5124252451146454
0.5124252451146454
0.5124252451146454
0.49722713956451514
0.49333192878744825
0.49333192878744825
0.49333192878744825
0.49333192878744825
0.49333192878744825
0.49333192878744825
0.49333192878744825
0.4406986606506571
0.4406986606506571
0.4406986606506571
0.4406986606506571
0.4406986606506571
0.4406986606506571
0.4406986606506571
0.4179135322592913
0.4179135322592913
0.4179135322592913
0.4179135322592913
0.4179135322592913
0.4179135322592913
0.4179135322592913
0.4179135322592913
0.4179135322592913
0.4179135322592913
0.4179135322592913
0.4179135322592913
0.4179135322592913
0.4179135322592913
0.4179135322592913
0.4179135322592913
0.4179135322592913
0.4179135322592913
0.4179135322592913
0.4179135322592913
0.4167473967419504
0.40344690114910975
0.40344690114910975
0.40344690114910975
0.40344690114910975
0.40344690114910975
0.40344690114910975
0.40344690114910975
0.40344690114910975
0.40344690114910975
0.40344690114910975
0.40344690114910975
0.40173563023682135
0.40173563023682135
0.40173563023682135
0.40173563023682135
0.38860665555634455
0.38860665555634455
0.38860665555634455
0.38860665555634455
0.38860665555634455
0.38860665555634455
0.38860665555634455
0.3827160436223558
0.3827160436223558
0.3771285789040739
0.3771285789040739
0.3604227733687573
0.3604227733687573
0.3604227733687573
0.3604227733687573
0.3604227733687573
0.3604227733687573
0.3604227733687573
0.3604227733687573
0.3604227733687573
0.3604227733687573
0.3604227733687573
0.3604227733687573
0.3604227733687573
0.3604227733687573
0.3604227733687573
0.3604227733687573
0.3604227733687573
0.3604227733687573
0.3604227733687573
0.3604227733687573
0.3604227733687573
0.3604227733687573
0.3604227733687573
0.3604227733687573
0.3524274391652824
0.3524274391652824
0.3524274391652824
0.3524274391652824
0.3524274391652824
0.32060999943450597
0.32060999943450597
0.32060999943450597
0.32060999943450597
0.32060999943450597
0.32060999943450597
0.32060999943450597
0.32060999943450597
0.31151168670289664
0.31151168670289664
0.31151168670289664
0.31151168670289664
0.31151168670289664
0.30451617286704646
0.30451617286704646
0.30451617286704646
0.30451617286704646
0.30451617286704646
0.29810065049266754
0.29810065049266754
0.29810065049266754
0.29810065049266754
0.29810065049266754
0.29810065049266754
0.29810065049266754
0.29810065049266754
0.2872600333720712
0.2872600333720712
0.27656538405905806
0.27656538405905806
0.27656538405905806
0.27656538405905806
0.27656538405905806
0.2744564569327004
0.2744564569327004
0.2744564569327004
0.2664279877015261
0.2664279877015261
0.2664279877015261
0.2664279877015261
0.2664279877015261
0.2664279877015261
0.2664279877015261
0.2664279877015261
0.2664279877015261
0.2664279877015261
0.2664279877015261
0.2664279877015261
0.2657223299907976
0.2631929732645979
0.25692512202431317
0.25692512202431317
0.25692512202431317
0.25692512202431317
0.25692512202431317
0.25692512202431317
0.25692512202431317
0.25692512202431317
0.25692512202431317
0.25692512202431317
0.25572475304810993
0.2519956241191359
0.2519956241191359
0.2519956241191359
0.2519956241191359
0.25139124930802836
0.25139124930802836
0.25139124930802836
0.24877967353181418
0.24877967353181418
0.24265345630799828
0.24265345630799828
0.24231846632080334
0.24019083869554692
0.24019083869554692
0.24019083869554692
0.24019083869554692
0.24019083869554692
0.24019083869554692
0.24019083869554692
0.23574330900364515
0.23574330900364515
0.23483687677896015
0.23483687677896015
0.22182687890540365
0.22182687890540365
0.2122056981259135
0.2122056981259135
0.2122056981259135
0.2122056981259135
0.2122056981259135
0.2122056981259135
0.2122056981259135
0.2122056981259135
0.2122056981259135
0.2122056981259135
0.2122056981259135
0.2122056981259135
0.2122056981259135
0.2122056981259135
0.2122056981259135
0.2122056981259135
0.2122056981259135
0.2122056981259135
0.2122056981259135
0.2122056981259135
0.2122056981259135
0.2122056981259135
0.2122056981259135
0.2122056981259135
0.2122056981259135
0.2122056981259135
0.2122056981259135
0.2122056981259135
0.2122056981259135
0.2122056981259135
0.20955301630304746
0.20955301630304746
0.20921020260841416
0.20921020260841416
0.20921020260841416
0.20921020260841416
0.20921020260841416
0.20921020260841416
0.20921020260841416
0.20921020260841416
0.20921020260841416
0.20921020260841416
0.20921020260841416
0.20921020260841416
0.20921020260841416
0.20921020260841416
0.20921020260841416
0.20921020260841416
0.20921020260841416
0.20921020260841416
0.20921020260841416
0.20921020260841416
0.20921020260841416
0.20921020260841416
0.20921020260841416
0.20921020260841416
0.20921020260841416
0.20921020260841416
0.20921020260841416
0.20921020260841416
0.20445285890622245
0.20445285890622245
0.20445285890622245
0.20445285890622245
0.20445285890622245
0.20445285890622245
0.20445285890622245
0.20445285890622245
0.20445285890622245
0.20445285890622245
0.20445285890622245
0.20445285890622245
0.20445285890622245
0.20445285890622245
0.19043144777957366
0.19043144777957366
0.19043144777957366
0.19043144777957366
0.19043144777957366
0.19043144777957366
0.19043144777957366
0.19043144777957366
0.19043144777957366
0.19043144777957366
0.19043144777957366
0.19043144777957366
0.19043144777957366
0.19043144777957366
0.19043144777957366
0.19043144777957366
0.19043144777957366
0.19043144777957366
0.19043144777957366
0.19043144777957366
0.19043144777957366
0.19043144777957366
0.19043144777957366
0.19043144777957366
0.19043144777957366
0.19043144777957366
0.19043144777957366
0.19043144777957366
0.19043144777957366
0.19043144777957366
0.19043144777957366
0.19043144777957366
0.19043144777957366
0.19043144777957366
0.19043144777957366
0.19043144777957366
0.19043144777957366
0.19043144777957366
0.19043144777957366
0.16817902850289101
0.16817902850289101
0.16817902850289101
0.16817902850289101
0.16817902850289101
0.16817902850289101
0.16817902850289101
0.16817902850289101
0.16817902850289101
0.16817902850289101
0.16817902850289101
0.16817902850289101
0.16817902850289101
0.16817902850289101
0.16817902850289101
0.16817902850289101
0.16817902850289101
0.16817902850289101
0.1659008142966627
0.1659008142966627
0.1659008142966627
0.1659008142966627
0.1659008142966627
0.1659008142966627
0.1659008142966627
0.1659008142966627
0.1659008142966627
0.16351703018536767
0.16162329201433323
0.16162329201433323
0.16162329201433323
0.16162329201433323
0.16162329201433323
0.16162329201433323
0.16162329201433323
0.16162329201433323
0.16162329201433323
0.16162329201433323
0.15910896824631848
0.15910896824631848
0.15910896824631848
0.15293713795401587
0.15293713795401587
0.15293713795401587
0.15293713795401587
0.13004384864443708
0.13004384864443708
0.13004384864443708
0.13004384864443708
0.13004384864443708
0.13004384864443708
0.13004384864443708
0.1276431146598327
0.1276431146598327
0.1276431146598327
0.1276431146598327
0.1276431146598327
0.1276431146598327
0.1276431146598327
0.1276431146598327
0.1276431146598327
0.1276431146598327
0.1276431146598327
0.1276431146598327
0.11704408207778982
0.11704408207778982
0.11704408207778982
0.11704408207778982
0.11704408207778982
0.11704408207778982
0.11704408207778982
0.11704408207778982
0.11704408207778982
0.11704408207778982
0.11704408207778982
0.11704408207778982
0.11704408207778982
0.10739461597577105
0.10664553912857144
0.10664553912857144
0.10664553912857144
0.10288611891948207
0.10288611891948207
0.10288611891948207
0.10288611891948207
0.10288611891948207
0.09871200380696621
0.09871200380696621
0.09799085662309537
0.09799085662309537
0.09799085662309537
0.09799085662309537
0.09799085662309537
0.09799085662309537
0.09799085662309537
0.09799085662309537
0.09799085662309537
0.09799085662309537
0.09799085662309537
0.09799085662309537
0.09799085662309537
0.09799085662309537
0.09799085662309537
0.09799085662309537
0.09799085662309537
0.09799085662309537
0.09799085662309537
0.09799085662309537
0.09799085662309537
0.09799085662309537
0.09799085662309537
0.09799085662309537
0.09799085662309537
0.09799085662309537
0.09799085662309537
0.09799085662309537
0.09799085662309537
0.09799085662309537
0.09799085662309537
0.09799085662309537
0.09799085662309537
0.09799085662309537
0.09799085662309537
0.09799085662309537
0.09799085662309537
0.09799085662309537
0.09799085662309537
0.09163786647961203
0.09163786647961203
0.09163786647961203
0.09163786647961203
0.08962926554038475
0.08962926554038475
0.08962926554038475
0.08962926554038475
0.08962926554038475
0.08962926554038475
0.08962926554038475
0.08116762153963109
0.08116762153963109
0.08116762153963109
0.08116762153963109
0.08116762153963109
0.08116762153963109
0.08116762153963109
0.08116762153963109
0.08116762153963109
0.08116762153963109
0.0791129207766268
0.0791129207766268
0.0791129207766268
0.0791129207766268
0.0791129207766268
0.0791129207766268
0.07308880747551783
0.07308880747551783
0.07012050690319782
0.07012050690319782
0.07012050690319782
0.07012050690319782
0.07012050690319782
0.07012050690319782
0.07012050690319782
0.07012050690319782
0.07012050690319782
0.07012050690319782
0.07012050690319782
0.06710573787501772
0.06710573787501772
0.06710573787501772
0.06710573787501772
0.06710573787501772
0.06710573787501772
0.06710573787501772
0.05951092477407016
0.05951092477407016
0.05951092477407016
0.05951092477407016
0.05951092477407016
0.05951092477407016
0.05951092477407016
0.05951092477407016
0.05951092477407016
0.05951092477407016
0.05951092477407016
0.05951092477407016
0.05951092477407016
0.05951092477407016
0.05951092477407016
0.05951092477407016
0.05951092477407016
0.05951092477407016
0.05951092477407016
0.05951092477407016
0.05951092477407016
0.05951092477407016
0.05951092477407016
0.05951092477407016
0.05951092477407016
0.05951092477407016
0.05951092477407016
0.05951092477407016
0.05951092477407016
0.05951092477407016
0.05951092477407016
0.05951092477407016
0.05810539619806576
0.05810539619806576
0.05810539619806576
0.05810539619806576
0.05810539619806576
0.05810539619806576
0.05810539619806576
0.05810539619806576
0.05810539619806576
0.05748517220040483
0.05393241499273671
0.05393241499273671
0.05393241499273671
0.05393241499273671
0.05393241499273671
0.05393241499273671
0.05393241499273671
0.05393241499273671
0.05393241499273671
0.05393241499273671
0.05393241499273671
0.05393241499273671
0.05393241499273671
0.05393241499273671
0.05393241499273671
0.05393241499273671
0.05393241499273671
0.053750903226497115
0.053750903226497115
0.053750903226497115
0.053750903226497115
0.053750903226497115
0.053750903226497115
0.053750903226497115
0.053750903226497115
0.052302118396816866
0.052302118396816866
0.052302118396816866
0.052302118396816866
0.052302118396816866
0.052302118396816866
0.052302118396816866
0.052302118396816866
0.052302118396816866
0.052302118396816866
0.052302118396816866
0.052302118396816866
0.052302118396816866
0.052302118396816866
0.052302118396816866
0.052302118396816866
0.052302118396816866
0.052302118396816866
0.052302118396816866
0.052302118396816866
0.052302118396816866
0.052302118396816866
0.052302118396816866
0.052302118396816866
0.052302118396816866
0.052302118396816866
0.052302118396816866
0.052302118396816866
0.052302118396816866
0.052302118396816866
0.052302118396816866
0.052302118396816866
0.052302118396816866
0.052302118396816866
0.052302118396816866
0.052302118396816866
0.052302118396816866
0.052302118396816866
0.052302118396816866
0.051560616700765394
0.051560616700765394
0.051560616700765394
0.051560616700765394
