0.01588606834411621
0.01563715934753418
0.015194416046142578
0.015178680419921875
0.015219449996948242
0.015530586242675781
0.01588129997253418
0.01508331298828125
0.015412569046020508
0.015432596206665039
0.015529394149780273
0.015597820281982422
0.0161287784576416
0.016086339950561523
0.016201019287109375
0.015999794006347656
0.015906333923339844
0.015997648239135742
0.015811443328857422
0.016448974609375
0.016958236694335938
0.01834416389465332
0.017340660095214844
0.0168454647064209
0.016612768173217773
0.016273975372314453
0.01641082763671875
0.01630115509033203
0.016651153564453125
0.01663827896118164
0.01644277572631836
0.01639842987060547
0.016446828842163086
0.016843080520629883
0.01781296730041504
0.017305850982666016
0.017342805862426758
0.017407894134521484
0.01777362823486328
0.0176084041595459
0.017255544662475586
0.016760826110839844
0.016702890396118164
0.016961336135864258
0.017224788665771484
0.01724553108215332
0.017630815505981445
0.0180971622467041
0.0176694393157959
0.017371416091918945
0.01743316650390625
0.018000364303588867
0.018625736236572266
0.017900466918945312
0.017443418502807617
0.017097949981689453
0.016916513442993164
0.01750326156616211
0.01709270477294922
0.01709604263305664
0.016931533813476562
0.017246484756469727
0.017344236373901367
0.01745319366455078
0.01701521873474121
0.017399072647094727
0.017208576202392578
0.016610145568847656
0.017109155654907227
0.017089366912841797
0.016963958740234375
0.016873836517333984
0.016548871994018555
0.016977548599243164
0.017087221145629883
0.017037391662597656
0.017210960388183594
0.01656341552734375
0.016710519790649414
0.017268657684326172
0.016657590866088867
0.0167386531829834
0.016454219818115234
0.015897274017333984
0.015839099884033203
0.015126705169677734
0.015550374984741211
0.015869855880737305
0.01589226722717285
0.01588892936706543
0.015780210494995117
0.015683889389038086
0.016256093978881836
0.016180753707885742
0.01635265350341797
0.017550230026245117
0.018423080444335938
0.01721334457397461
0.016899824142456055
0.016994237899780273
0.016690731048583984
0.017082691192626953
0.017292261123657227
0.0175931453704834
0.016802072525024414
0.01640462875366211
0.016496896743774414
0.016556501388549805
0.01625370979309082
0.01631927490234375
0.016324281692504883
0.01620650291442871
0.016152620315551758
0.016239404678344727
0.016138792037963867
0.01642632484436035
0.01645374298095703
0.01647329330444336
0.01676654815673828
0.016335725784301758
0.016295909881591797
0.016559839248657227
0.01658344268798828
0.016160249710083008
0.015757083892822266
0.016258716583251953
0.015746593475341797
0.015419483184814453
0.015547037124633789
0.01604175567626953
0.015426397323608398
0.016350984573364258
0.016676664352416992
0.01627635955810547
0.016276836395263672
0.01619577407836914
0.01613020896911621
0.016083240509033203
0.015807628631591797
0.01601266860961914
0.01605844497680664
0.015700101852416992
0.01572394371032715
0.015764474868774414
0.015969514846801758
0.01588296890258789
0.015966415405273438
0.015897035598754883
0.01630854606628418
0.01627063751220703
0.01611495018005371
0.015993595123291016
0.016465425491333008
0.016285181045532227
0.016217708587646484
0.016029834747314453
0.016188621520996094
0.01535797119140625
0.015619039535522461
0.015804290771484375
0.015898704528808594
0.015830039978027344
0.016089200973510742
0.016067028045654297
0.016217947006225586
0.0173189640045166
0.01688694953918457
0.017282724380493164
0.017793893814086914
0.016387939453125
0.016298294067382812
0.016305923461914062
0.016725540161132812
0.016171932220458984
0.01661539077758789
0.016956329345703125
0.017144441604614258
0.016614675521850586
0.016577482223510742
0.01729440689086914
0.017766475677490234
0.01703643798828125
0.01661205291748047
0.01648712158203125
0.016588926315307617
0.01721668243408203
0.01775336265563965
0.0173494815826416
0.01819920539855957
0.01726365089416504
0.02004551887512207
0.019873619079589844
0.01780867576599121
0.017091751098632812
0.01720714569091797
0.017293691635131836
0.01719379425048828
0.016543149948120117
0.015935420989990234
0.01597142219543457
0.01586318016052246
0.015961885452270508
0.015813112258911133
0.015509843826293945
0.015440225601196289
0.015361547470092773
0.015236139297485352
0.01529693603515625
0.015475749969482422
0.015760183334350586
0.01538538932800293
0.015224218368530273
0.016034603118896484
0.0160067081451416
0.01682138442993164
0.016571998596191406
0.01649761199951172
0.01786494255065918
0.016646862030029297
0.01646137237548828
0.016400575637817383
0.016220569610595703
0.016083478927612305
0.016094684600830078
0.01580214500427246
0.016173124313354492
0.016565799713134766
0.016193389892578125
0.016045331954956055
0.016031742095947266
0.0160677433013916
0.0158083438873291
0.015993356704711914
0.016109228134155273
0.01657843589782715
0.016429424285888672
0.01624441146850586
0.016124486923217773
0.016718149185180664
0.017284870147705078
0.016560077667236328
0.01635122299194336
0.0158998966217041
0.015834808349609375
0.016269445419311523
0.016365528106689453
0.01714015007019043
0.016674280166625977
0.016467809677124023
0.015797138214111328
0.015496492385864258
0.016153812408447266
0.016332149505615234
0.016339540481567383
0.016288042068481445
0.016440629959106445
0.016206026077270508
0.01633906364440918
0.016402006149291992
0.016355276107788086
0.016715288162231445
0.016949176788330078
0.01660442352294922
0.017264842987060547
0.01790022850036621
0.01843571662902832
0.018494606018066406
0.017160415649414062
0.016835689544677734
0.01652383804321289
0.016794919967651367
0.017284870147705078
0.0169527530670166
0.016208171844482422
0.01647663116455078
0.016155242919921875
0.01611185073852539
0.01595449447631836
0.015894412994384766
0.015797853469848633
0.016091108322143555
0.016184329986572266
0.01616191864013672
0.01587390899658203
0.015816450119018555
0.016021013259887695
0.016068220138549805
0.015968799591064453
0.016302824020385742
0.016091585159301758
0.015932559967041016
0.0159454345703125
0.015960216522216797
0.015917301177978516
0.016082763671875
0.015587329864501953
0.01571035385131836
0.016060829162597656
0.015958070755004883
0.016134262084960938
0.016127586364746094
0.016040563583374023
0.01605510711669922
0.016001224517822266
0.016193389892578125
0.01585078239440918
0.01612401008605957
0.01611018180847168
0.015953779220581055
0.016440391540527344
0.01665496826171875
0.01671314239501953
0.016222476959228516
0.01706671714782715
0.01662302017211914
0.016971111297607422
0.016956090927124023
0.01697230339050293
0.016999006271362305
0.016947269439697266
0.016440153121948242
0.01608586311340332
0.016716957092285156
0.01741933822631836
0.01743340492248535
0.01664876937866211
0.015935897827148438
0.01580810546875
0.016471147537231445
0.017297744750976562
0.017693519592285156
0.01694202423095703
0.017266511917114258
0.01673603057861328
0.015949249267578125
0.01621222496032715
0.016113758087158203
0.016994476318359375
0.0187835693359375
0.017930030822753906
0.016944169998168945
0.017064332962036133
0.016777992248535156
0.016609907150268555
0.016130447387695312
0.015973567962646484
0.01634836196899414
0.016281604766845703
0.0162045955657959
0.016388654708862305
0.015753507614135742
0.01619744300842285
0.016057252883911133
0.016015291213989258
0.0160367488861084
0.016071557998657227
0.015958070755004883
0.0158998966217041
0.016183137893676758
0.016021251678466797
0.015974044799804688
0.01598501205444336
0.015858888626098633
0.015636444091796875
0.016034841537475586
0.015718460083007812
0.015779733657836914
0.0162200927734375
0.015761613845825195
0.015754222869873047
0.015948772430419922
0.015691280364990234
0.01591205596923828
0.015883207321166992
0.01610732078552246
0.01578998565673828
0.01584005355834961
0.016092300415039062
0.016193866729736328
0.016430377960205078
0.01584315299987793
0.016984939575195312
0.01717853546142578
0.016649484634399414
0.01600050926208496
0.015822649002075195
0.015530586242675781
0.015281200408935547
0.01587963104248047
0.016251802444458008
0.01682424545288086
0.01710224151611328
0.0163266658782959
0.01592278480529785
0.016150236129760742
0.016742944717407227
0.01670551300048828
0.01672983169555664
0.016512632369995117
0.016208648681640625
0.0167386531829834
0.016829490661621094
0.017215967178344727
0.017016887664794922
0.018076419830322266
0.017069578170776367
0.01651787757873535
0.01661992073059082
0.017066240310668945
0.017881155014038086
0.017093896865844727
0.01636672019958496
0.01609349250793457
0.015720129013061523
0.015347957611083984
0.015449047088623047
0.015459060668945312
0.015437126159667969
0.015184640884399414
0.015374898910522461
0.015393733978271484
0.015711545944213867
0.01558685302734375
0.015230655670166016
0.015184164047241211
0.014988899230957031
0.015128612518310547
0.015323877334594727
0.01522970199584961
0.01635146141052246
0.01580524444580078
0.015360593795776367
0.015952587127685547
0.015949010848999023
0.015387296676635742
0.01619410514831543
0.016015291213989258
0.015799522399902344
0.01596856117248535
0.015878677368164062
0.01622748374938965
0.016248703002929688
0.015804529190063477
0.01574087142944336
0.016071796417236328
0.015618562698364258
0.015666961669921875
0.01555013656616211
0.015289545059204102
0.015107393264770508
0.015338659286499023
0.0156862735748291
0.015868425369262695
0.01602315902709961
0.016027450561523438
0.015695571899414062
0.015912294387817383
0.015889883041381836
0.015117883682250977
0.015520811080932617
0.01620936393737793
0.015574455261230469
0.016738414764404297
0.016960620880126953
0.016419410705566406
0.016656160354614258
0.01640796661376953
0.016060352325439453
0.016962289810180664
0.016870975494384766
0.016599416732788086
0.01630711555480957
0.016452312469482422
0.016396760940551758
0.016507387161254883
0.017006397247314453
0.016283035278320312
0.01651597023010254
0.016674518585205078
0.01628398895263672
0.01631617546081543
0.016512393951416016
0.016455650329589844
0.016820907592773438
0.016394615173339844
0.016171693801879883
0.015997886657714844
0.015889644622802734
0.01590585708618164
0.015830278396606445
0.0159451961517334
0.015477657318115234
0.01526641845703125
0.015003681182861328
0.01516103744506836
0.014867544174194336
0.015027761459350586
0.016065120697021484
0.0159299373626709
0.015721797943115234
0.01598191261291504
0.01562976837158203
0.016045808792114258
0.016167402267456055
0.01580953598022461
0.015703916549682617
0.015901565551757812
0.015814781188964844
0.01584339141845703
0.015833377838134766
0.01573967933654785
0.0158383846282959
0.015875816345214844
0.016008377075195312
0.015828371047973633
0.015964746475219727
0.015862703323364258
0.015802383422851562
0.01578497886657715
0.015858888626098633
0.01567864418029785
0.01570415496826172
0.01596236228942871
0.015883922576904297
0.01563405990600586
0.015514612197875977
0.015593767166137695
0.015752553939819336
0.01648426055908203
0.016660690307617188
0.016712188720703125
0.016427278518676758
0.016289710998535156
0.01638174057006836
0.01652383804321289
0.016080379486083984
0.01648259162902832
0.01686239242553711
0.016680240631103516
0.01653289794921875
0.01600790023803711
0.01685166358947754
0.01665806770324707
0.016349077224731445
0.01572132110595703
0.015645503997802734
0.015783071517944336
0.016750097274780273
0.01630425453186035
0.01649951934814453
0.016468048095703125
0.01657867431640625
0.016310930252075195
0.01615309715270996
0.01584029197692871
0.016089200973510742
0.01692509651184082
0.01690196990966797
0.01598334312438965
0.016216754913330078
0.01588129997253418
0.015725135803222656
0.015766382217407227
0.015341520309448242
0.016165494918823242
0.01605987548828125
0.016269445419311523
0.016777992248535156
0.0168917179107666
0.016550302505493164
0.01618170738220215
0.016531705856323242
0.01619720458984375
0.01677417755126953
0.017236709594726562
0.01716017723083496
0.016814231872558594
0.01619744300842285
0.01579141616821289
0.015848159790039062
0.01606583595275879
0.015732765197753906
0.015878677368164062
0.016287803649902344
0.016018390655517578
0.016216039657592773
0.018266916275024414
0.017034292221069336
0.016986370086669922
0.01646256446838379
0.016423463821411133
0.01608872413635254
0.0164639949798584
0.015973806381225586
0.016419649124145508
0.016188621520996094
0.01600790023803711
0.015953779220581055
0.016092300415039062
0.01645374298095703
0.017241239547729492
0.017369508743286133
0.016742467880249023
0.016244173049926758
0.016106605529785156
0.016021013259887695
0.016002416610717773
0.016074657440185547
0.016709327697753906
0.0167388916015625
0.016618013381958008
0.016249895095825195
0.015946149826049805
0.017034292221069336
0.016622543334960938
0.016521692276000977
0.01688551902770996
0.01669788360595703
0.016490936279296875
0.017651796340942383
0.017384767532348633
0.017035722732543945
0.01705312728881836
0.01665353775024414
0.017189979553222656
0.016847610473632812
0.016279220581054688
0.016633987426757812
0.016470670700073242
0.016486406326293945
0.01631450653076172
0.01613759994506836
0.015947818756103516
0.015902042388916016
0.01607656478881836
0.015958070755004883
0.016015291213989258
0.01608109474182129
0.015898942947387695
0.015747547149658203
0.01573634147644043
0.015944957733154297
0.015968799591064453
0.016226768493652344
0.01627326011657715
0.015881776809692383
0.015982389450073242
0.01609516143798828
0.01569962501525879
0.01578688621520996
0.016016244888305664
0.016062259674072266
0.015845775604248047
0.016087055206298828
0.016187429428100586
0.01608419418334961
0.01612401008605957
0.01570415496826172
0.01595139503479004
0.015769004821777344
0.015753507614135742
0.015774011611938477
0.016091108322143555
0.01599717140197754
0.015976667404174805
0.015882253646850586
0.016096115112304688
0.016115903854370117
0.015883922576904297
0.015941858291625977
0.01583409309387207
0.015543937683105469
0.015819787979125977
0.015681028366088867
0.015887975692749023
0.01631021499633789
0.015956401824951172
0.01574087142944336
0.016015291213989258
0.015931367874145508
0.015779972076416016
0.0166623592376709
0.01664590835571289
0.016509056091308594
0.016484737396240234
0.016123056411743164
0.01700305938720703
0.016806840896606445
0.016335725784301758
0.015996456146240234
0.015860795974731445
0.01595783233642578
0.016333341598510742
0.016399621963500977
0.0159299373626709
0.016177892684936523
0.016440629959106445
0.016138792037963867
0.016045093536376953
0.01648426055908203
0.015981197357177734
0.016182422637939453
0.01661372184753418
0.016255617141723633
0.016289710998535156
0.01681685447692871
0.016562461853027344
0.016164064407348633
0.01788163185119629
0.016885995864868164
0.016437053680419922
0.016823530197143555
0.016490697860717773
0.0165402889251709
0.01663661003112793
0.017200708389282227
0.01749420166015625
0.01674032211303711
0.016072511672973633
0.01582789421081543
0.015888214111328125
0.015969276428222656
0.01586627960205078
0.01569366455078125
0.01590108871459961
0.016031980514526367
0.01585698127746582
0.015850543975830078
0.01593017578125
0.0160977840423584
0.015965700149536133
0.015872955322265625
0.015807390213012695
0.015921831130981445
0.015904903411865234
0.01581263542175293
0.015890836715698242
0.015741825103759766
0.015591621398925781
0.015861988067626953
0.01579594612121582
0.015770673751831055
0.016513824462890625
0.016386747360229492
0.01652669906616211
0.017418384552001953
0.017099380493164062
0.016965150833129883
0.016695261001586914
0.015936613082885742
0.015965700149536133
0.016164541244506836
0.015891075134277344
0.016219615936279297
0.016704320907592773
0.017187833786010742
0.016500473022460938
0.015789270401000977
0.016599178314208984
0.016990184783935547
0.016915082931518555
0.01678299903869629
0.016531705856323242
0.016556739807128906
0.018360137939453125
0.01793956756591797
0.018217086791992188
0.01734161376953125
0.017683982849121094
0.017514705657958984
0.016983985900878906
0.01706385612487793
0.01723957061767578
0.017860889434814453
0.017391443252563477
0.017749309539794922
0.01694798469543457
0.01663947105407715
0.016168832778930664
0.016114473342895508
0.016088485717773438
0.016426563262939453
0.016158342361450195
0.016121387481689453
0.015889883041381836
0.016146421432495117
0.015929698944091797
0.016148090362548828
0.015878915786743164
0.016134977340698242
0.016308307647705078
0.016028165817260742
0.015650272369384766
0.015683650970458984
0.015630722045898438
0.015352964401245117
0.015656471252441406
0.015256881713867188
0.015288352966308594
0.01569652557373047
0.015731334686279297
0.016039371490478516
0.01798701286315918
0.01807379722595215
0.017634153366088867
0.017198801040649414
0.016620635986328125
0.01656937599182129
0.016327619552612305
0.015985727310180664
0.0159761905670166
0.015908479690551758
0.016237735748291016
0.016315221786499023
0.016119003295898438
0.015984296798706055
0.01600193977355957
0.016192913055419922
0.016362428665161133
0.01613640785217285
0.01641988754272461
0.015949487686157227
0.015875577926635742
0.0160520076751709
0.016114234924316406
0.01757645606994629
0.01796698570251465
0.016796350479125977
0.016206026077270508
0.016432523727416992
0.019560813903808594
0.018750429153442383
0.01789546012878418
0.017187833786010742
0.017067670822143555
0.017203330993652344
0.017861604690551758
0.0179288387298584
0.017604827880859375
0.017514705657958984
0.01649928092956543
0.016624927520751953
0.016154766082763672
0.016405105590820312
0.01698756217956543
0.016498088836669922
0.015612602233886719
0.016252994537353516
0.01711726188659668
0.01672530174255371
0.0159759521484375
0.015716552734375
0.015586614608764648
0.015067815780639648
0.015639066696166992
0.015809297561645508
0.01582813262939453
0.0153961181640625
0.014972209930419922
0.014995813369750977
0.015004158020019531
0.015510082244873047
0.01559591293334961
0.01587200164794922
0.015456438064575195
0.016347646713256836
0.016655683517456055
0.01650714874267578
0.016178607940673828
0.01618194580078125
0.01584768295288086
0.01625204086303711
0.016392230987548828
0.01641559600830078
0.017116546630859375
0.016937971115112305
0.016618967056274414
0.015871047973632812
0.015787601470947266
0.015184640884399414
0.015402555465698242
0.01504659652709961
0.015125274658203125
0.015144824981689453
0.015422344207763672
0.015841960906982422
0.016100406646728516
0.01563882827758789
0.01788640022277832
0.020154953002929688
0.01853322982788086
0.017492294311523438
0.016558170318603516
0.016585350036621094
0.01723933219909668
0.01680469512939453
0.01687335968017578
0.01696610450744629
0.01716780662536621
0.016815185546875
0.016482114791870117
0.016347646713256836
0.016906261444091797
0.01661539077758789
0.016314029693603516
0.016019821166992188
0.015899181365966797
0.016373395919799805
0.016750097274780273
0.016990184783935547
0.017668724060058594
0.0169980525970459
0.016476154327392578
0.01650071144104004
0.016309499740600586
0.016307353973388672
0.01687932014465332
0.016842365264892578
0.016491413116455078
0.016424894332885742
0.016267776489257812
0.01616644859313965
0.01636791229248047
0.016486167907714844
0.0164639949798584
0.016411304473876953
0.016558170318603516
0.016326189041137695
0.01637864112854004
0.01629018783569336
0.016475677490234375
0.016407489776611328
0.01776123046875
0.016930341720581055
0.016394615173339844
0.015735626220703125
0.015497684478759766
0.014821529388427734
0.015062570571899414
0.015612125396728516
0.01583695411682129
0.015752553939819336
0.015578508377075195
0.015740394592285156
0.015811920166015625
0.015847206115722656
0.015791654586791992
0.01590561866760254
0.01615118980407715
0.015794038772583008
0.01586008071899414
0.017353534698486328
0.017152786254882812
0.016526222229003906
0.01650714874267578
0.01633477210998535
0.016292095184326172
0.016625165939331055
0.016686439514160156
0.016678810119628906
0.016656875610351562
0.01649165153503418
0.01644158363342285
0.016450166702270508
0.01621699333190918
0.016055583953857422
0.01627182960510254
0.016126155853271484
0.016071319580078125
0.016253948211669922
0.016796350479125977
0.01728200912475586
0.016841888427734375
0.01637578010559082
0.016975879669189453
0.01684737205505371
0.016326189041137695
0.016345500946044922
0.016279220581054688
0.016829967498779297
0.0169069766998291
0.016959428787231445
0.016566038131713867
0.016750574111938477
0.016666412353515625
0.016489267349243164
0.017132043838500977
0.01770806312561035
0.017727136611938477
0.01741504669189453
0.017019033432006836
0.016240596771240234
0.016017436981201172
0.015803098678588867
0.015861988067626953
0.015977859497070312
0.01581859588623047
0.015573740005493164
0.014885663986206055
0.015563249588012695
