18.64215795644689
18.64215795644689
18.64215795644689
18.173758997211436
18.006070033050907
18.006070033050907
18.006070033050907
18.006070033050907
18.006070033050907
18.006070033050907
17.862426115294703
17.513568753014635
17.513568753014635
17.26657576838093
17.26657576838093
17.26657576838093
17.26657576838093
17.26657576838093
17.26657576838093
16.636691673345588
16.636691673345588
16.636691673345588
16.636691673345588
16.57800195082209
16.57800195082209
16.57800195082209
16.57800195082209
16.57800195082209
16.117025865610728
16.117025865610728
16.117025865610728
16.117025865610728
15.925729667708204
15.925729667708204
15.925729667708204
15.925729667708204
15.909968809906436
15.909968809906436
15.909968809906436
15.909968809906436
15.909968809906436
15.909968809906436
15.892399201861842
15.892399201861842
15.892399201861842
15.65360642155205
15.65360642155205
15.65360642155205
15.470537097009146
15.470537097009146
14.948632208899923
14.948632208899923
14.948632208899923
14.948632208899923
14.948632208899923
14.480241404152189
14.480241404152189
14.480241404152189
14.480241404152189
14.480241404152189
14.480241404152189
14.480241404152189
14.480241404152189
14.060123999785793
14.060123999785793
14.060123999785793
14.060123999785793
14.060123999785793
14.060123999785793
13.897182842153693
12.461417479103577
12.461417479103577
12.461417479103577
12.461417479103577
12.461417479103577
12.461417479103577
12.461417479103577
12.461417479103577
12.461417479103577
12.461417479103577
12.461417479103577
12.461417479103577
12.461417479103577
12.461417479103577
12.008898962289557
12.008898962289557
11.456207926567247
11.456207926567247
11.456207926567247
11.456207926567247
11.456207926567247
11.456207926567247
11.456207926567247
11.456207926567247
11.456207926567247
11.456207926567247
11.456207926567247
11.456207926567247
11.456207926567247
11.362723754619074
11.362723754619074
11.231044577594373
10.877005148321869
10.877005148321869
10.877005148321869
10.877005148321869
10.877005148321869
10.877005148321869
10.877005148321869
10.877005148321869
10.64856394066921
10.64856394066921
10.64856394066921
10.64856394066921
10.64856394066921
10.184607157557517
10.184607157557517
10.184607157557517
10.184607157557517
10.184607157557517
10.184607157557517
10.184607157557517
10.026983097866427
10.026983097866427
9.665750827054682
9.665750827054682
9.665750827054682
9.665750827054682
9.665750827054682
9.665750827054682
9.325891422312734
9.325891422312734
9.325891422312734
9.325891422312734
9.325891422312734
9.325891422312734
9.325891422312734
9.325891422312734
9.325891422312734
9.325891422312734
9.325891422312734
9.325891422312734
9.325891422312734
9.325891422312734
9.198190891554686
9.198190891554686
9.198190891554686
9.102468760160406
9.102468760160406
9.102468760160406
9.102468760160406
9.102468760160406
9.102468760160406
9.102468760160406
9.091159274909968
9.091159274909968
8.788289816951632
8.788289816951632
8.788289816951632
8.712442612898307
8.712442612898307
8.712442612898307
8.712442612898307
8.712442612898307
8.712442612898307
8.712442612898307
8.712442612898307
8.712442612898307
8.712442612898307
8.712442612898307
8.624163253033345
8.624163253033345
8.624163253033345
8.624163253033345
8.624163253033345
8.058928453246445
8.058928453246445
8.058928453246445
8.058928453246445
8.058928453246445
8.058928453246445
8.058928453246445
7.987360021509273
7.987360021509273
7.987360021509273
7.136644420964727
7.136644420964727
7.136644420964727
7.136644420964727
7.136644420964727
7.136644420964727
7.027445093521514
6.976968946665551
6.976968946665551
6.976968946665551
6.976968946665551
6.976968946665551
6.571576769421354
6.571576769421354
6.571576769421354
6.571576769421354
6.571576769421354
6.571576769421354
6.571576769421354
6.571576769421354
6.491554816488833
6.491554816488833
6.491554816488833
6.491554816488833
6.491554816488833
6.491554816488833
6.491554816488833
6.491554816488833
6.491554816488833
6.252313242814262
6.131669594707436
6.131669594707436
6.131669594707436
6.131669594707436
6.112687344895411
5.989311679252584
5.989311679252584
5.989311679252584
5.989311679252584
5.989311679252584
5.989311679252584
5.989311679252584
5.5274155609499775
5.5274155609499775
5.5274155609499775
5.5274155609499775
5.5274155609499775
5.5274155609499775
5.5274155609499775
5.5274155609499775
5.5274155609499775
5.5274155609499775
5.5274155609499775
5.5274155609499775
5.5274155609499775
5.5274155609499775
5.5274155609499775
5.5274155609499775
5.5274155609499775
5.5274155609499775
5.5274155609499775
5.5274155609499775
5.45027697141634
5.45027697141634
5.383028722350577
5.383028722350577
5.383028722350577
5.383028722350577
5.383028722350577
5.079311020811549
5.079311020811549
4.987118215471508
4.971416393946679
4.971416393946679
4.818613272418819
4.818613272418819
4.818613272418819
4.818613272418819
4.818613272418819
4.818613272418819
4.818613272418819
4.818613272418819
4.818613272418819
4.818613272418819
4.818613272418819
4.818613272418819
4.818613272418819
4.818613272418819
4.818613272418819
4.818613272418819
4.818613272418819
4.818613272418819
4.818613272418819
4.582186038156603
4.582186038156603
4.582186038156603
4.582186038156603
4.582186038156603
4.582186038156603
4.582186038156603
4.582186038156603
4.582186038156603
4.5775637166016026
4.5774234176126285
4.493470907216011
4.493470907216011
4.493470907216011
4.493470907216011
4.454974066819805
4.395339933549582
4.395339933549582
4.395339933549582
4.126787324694288
4.126787324694288
4.126787324694288
4.126787324694288
4.126787324694288
4.126787324694288
4.126787324694288
4.126787324694288
4.126787324694288
4.126787324694288
4.126787324694288
4.126787324694288
4.126787324694288
4.126787324694288
4.126787324694288
4.126787324694288
4.126787324694288
4.126787324694288
4.126787324694288
4.126787324694288
4.126787324694288
4.126787324694288
4.126787324694288
4.118159975084872
4.118159975084872
4.118159975084872
3.942989376538833
3.942989376538833
3.942989376538833
3.942989376538833
3.942989376538833
3.942989376538833
3.942989376538833
3.942989376538833
3.653387494205333
3.653387494205333
3.653387494205333
3.653387494205333
3.653387494205333
3.653387494205333
3.653387494205333
3.653387494205333
3.653387494205333
3.653387494205333
3.653387494205333
3.653387494205333
3.653387494205333
3.653387494205333
3.653387494205333
3.653387494205333
3.653387494205333
3.653387494205333
3.653387494205333
3.608993776955746
3.608993776955746
3.608993776955746
3.608993776955746
3.608993776955746
3.608993776955746
3.608993776955746
3.608993776955746
3.608993776955746
3.608993776955746
3.608993776955746
3.608993776955746
3.608993776955746
3.548761073574834
3.548761073574834
3.548761073574834
3.548761073574834
3.548761073574834
3.548761073574834
3.548761073574834
3.5310816426044838
3.5310816426044838
3.523426849216058
3.331013330575157
3.331013330575157
3.331013330575157
3.331013330575157
3.331013330575157
3.331013330575157
3.331013330575157
3.331013330575157
3.331013330575157
3.331013330575157
3.331013330575157
3.331013330575157
3.1855303053004995
3.1855303053004995
3.1855303053004995
3.1855303053004995
3.1634213254040233
3.1634213254040233
3.1634213254040233
3.1574495911649727
3.138942950476231
3.138942950476231
3.138942950476231
3.138942950476231
3.0923616710793027
3.045212562609997
2.946801464188411
2.946801464188411
2.946801464188411
2.946801464188411
2.946801464188411
2.946801464188411
2.946801464188411
2.946801464188411
2.946801464188411
2.946801464188411
2.946801464188411
2.946801464188411
2.946801464188411
2.946801464188411
2.946801464188411
2.946801464188411
2.946801464188411
2.946801464188411
2.76363975025064
2.76363975025064
2.7010770563446336
2.7010770563446336
2.7010770563446336
2.7010770563446336
2.7010770563446336
2.7010770563446336
2.7010770563446336
2.7010770563446336
2.7010770563446336
2.6947576922866467
2.693652850840799
2.693652850840799
2.693652850840799
2.693652850840799
2.693652850840799
2.693652850840799
2.6886128296618956
2.6886128296618956
2.6886128296618956
2.4065869425373236
2.4065869425373236
2.4065869425373236
2.4065869425373236
2.4065869425373236
2.4065869425373236
2.4065869425373236
2.4065869425373236
2.4065869425373236
2.4065869425373236
2.4065869425373236
2.4065869425373236
2.4065869425373236
2.4065869425373236
2.4065869425373236
2.4065869425373236
2.4065869425373236
2.4065869425373236
2.4065869425373236
2.4065869425373236
2.4065869425373236
2.4065869425373236
2.4065869425373236
2.4065869425373236
2.4065869425373236
2.4065869425373236
2.2380598634211957
2.2380598634211957
2.2380598634211957
2.2380598634211957
2.2380598634211957
2.2380598634211957
2.2380598634211957
2.2380598634211957
2.2380598634211957
2.2380598634211957
2.2380598634211957
2.2380598634211957
2.2380598634211957
2.2380598634211957
2.2380598634211957
2.164696878816592
2.164696878816592
2.164696878816592
2.0367240903989945
2.0367240903989945
1.6897078615544139
1.6897078615544139
1.6897078615544139
1.6897078615544139
1.6897078615544139
1.6897078615544139
1.6897078615544139
1.6897078615544139
1.6897078615544139
1.6897078615544139
1.6897078615544139
1.6343408901750216
1.6343408901750216
1.6343408901750216
1.6343408901750216
1.6343408901750216
1.6343408901750216
1.6343408901750216
1.6343408901750216
1.6343408901750216
1.6343408901750216
1.623955948598855
1.4426389254707495
1.4426389254707495
1.4426389254707495
1.4426389254707495
1.4426389254707495
1.4426389254707495
1.4426389254707495
1.4426389254707495
1.4426389254707495
1.424087448892628
1.424087448892628
1.424087448892628
1.424087448892628
1.424087448892628
1.424087448892628
1.424087448892628
1.424087448892628
1.424087448892628
1.424087448892628
1.3688068041342412
1.3688068041342412
1.3688068041342412
1.3688068041342412
1.3688068041342412
1.3688068041342412
1.3688068041342412
1.3688068041342412
1.3688068041342412
1.3688068041342412
1.3688068041342412
1.3587960064629776
1.3389995026599664
1.3389995026599664
1.3389995026599664
1.3389995026599664
1.3389995026599664
1.3120315808772745
1.1639042188461701
1.1639042188461701
1.1639042188461701
1.1639042188461701
1.1639042188461701
1.1485059193121572
1.1485059193121572
1.1485059193121572
1.1253712455282852
1.1253712455282852
1.0842383203633936
1.0842383203633936
1.0842383203633936
1.0842383203633936
1.0842383203633936
1.0842383203633936
1.0842383203633936
1.0842383203633936
1.0842383203633936
1.0842383203633936
1.0842383203633936
1.0842383203633936
1.0842383203633936
1.069938921218462
1.069938921218462
1.069938921218462
1.0469844899836325
1.0469844899836325
1.0301432793739416
1.0301432793739416
0.9913578380963699
0.9913578380963699
0.9108877311919343
0.9108877311919343
0.9108877311919343
0.9108877311919343
0.9108877311919343
0.9108877311919343
0.9108877311919343
0.9108877311919343
0.9108877311919343
0.9108877311919343
0.9108877311919343
0.9108877311919343
0.8925076213119425
0.8925076213119425
0.8252131447657867
0.8252131447657867
0.8252131447657867
0.7241789881047112
0.7241789881047112
0.7241789881047112
0.7241789881047112
0.7241789881047112
0.616282133433895
0.616282133433895
0.616282133433895
0.616282133433895
0.616282133433895
0.616282133433895
0.616282133433895
0.616282133433895
0.616282133433895
0.6077623980756108
0.5733179064202538
0.5733179064202538
0.5733179064202538
0.5733179064202538
0.5733179064202538
0.5733179064202538
0.5733179064202538
0.5733179064202538
0.5032227310690658
0.5032227310690658
0.45245987503410845
0.45245987503410845
0.45245987503410845
0.45245987503410845
0.45245987503410845
0.45245987503410845
0.45245987503410845
0.45245987503410845
0.45245987503410845
0.45245987503410845
0.45245987503410845
0.45245987503410845
0.45245987503410845
0.4411823119730691
0.4411823119730691
0.4411823119730691
0.4411823119730691
0.4411823119730691
0.4411823119730691
0.4411823119730691
0.4411823119730691
0.4411823119730691
0.4411823119730691
0.4411823119730691
0.4411823119730691
0.4411823119730691
0.4411823119730691
0.4411823119730691
0.4411823119730691
0.4411823119730691
0.3720518236262471
0.3720518236262471
0.3720518236262471
0.354272461907879
0.3444147572121423
0.3444147572121423
0.34075533166998184
0.34075533166998184
0.32468664353701726
0.32468664353701726
0.32468664353701726
0.32468664353701726
0.32468664353701726
0.32468664353701726
0.32468664353701726
0.2965475698947735
0.2965475698947735
0.2965475698947735
0.2960965820611072
0.292404261770308
0.292404261770308
0.292404261770308
0.292404261770308
0.292404261770308
0.292404261770308
0.27406501543267936
0.27406501543267936
0.27406501543267936
0.2689528088162305
0.2689528088162305
0.26484137971674215
0.26484137971674215
0.26484137971674215
0.23372746822077062
0.23372746822077062
0.23372746822077062
0.23372746822077062
0.23372746822077062
0.23372746822077062
0.23372746822077062
0.23372746822077062
0.2214815810990025
0.2214815810990025
0.20681487494980644
0.1888398242461342
0.1888398242461342
0.1888398242461342
0.1888398242461342
0.1888398242461342
0.1888398242461342
0.1888398242461342
0.1823280204193587
0.1823280204193587
0.17349227506554143
0.17349227506554143
0.17349227506554143
0.17349227506554143
0.17349227506554143
0.17190077516447388
0.17190077516447388
0.17190077516447388
0.17190077516447388
0.17190077516447388
0.17190077516447388
0.17190077516447388
0.17190077516447388
0.17190077516447388
0.1700239217250541
0.1700239217250541
0.16300976841617043
0.16300976841617043
0.16281063816168384
0.15350359357944043
0.1456684148846037
0.1456684148846037
0.13846525274607302
0.13846525274607302
0.13846525274607302
0.13846525274607302
0.13846525274607302
0.1366200675869571
0.1366200675869571
0.13330093817182131
0.13330093817182131
0.1330962702326417
0.1330962702326417
0.1330962702326417
0.13288270932062574
0.13288270932062574
0.13288270932062574
0.13288270932062574
0.13288270932062574
0.12821433273271055
0.12821433273271055
0.12821433273271055
0.12382990910182201
0.12382990910182201
0.12382990910182201
0.12382990910182201
0.11900239335200169
0.11900239335200169
0.1181725821027726
0.10888609184478071
0.10424148004453215
0.10424148004453215
0.10188335284369998
0.10188335284369998
0.0969435357889239
0.07844764804018922
0.07844764804018922
0.07844764804018922
0.07844764804018922
0.07844764804018922
0.07844764804018922
0.07844764804018922
0.07844764804018922
0.07844764804018922
0.07844764804018922
0.07844764804018922
0.07844764804018922
0.07844764804018922
0.07844764804018922
0.07844764804018922
0.07844764804018922
0.07707060349160955
0.07654377024713455
0.07635295677369314
0.07635295677369314
0.07635295677369314
0.07635295677369314
0.07246971245893619
0.07246971245893619
0.07246971245893619
0.07246971245893619
0.07246971245893619
0.07246971245893619
0.07246971245893619
0.07190008222173105
0.06489791532252198
0.06489791532252198
0.06489791532252198
0.06489791532252198
0.06489791532252198
0.064094591200611
0.064094591200611
0.06119278390797689
0.06119278390797689
0.06119278390797689
0.05878106774087399
0.05878106774087399
0.05878106774087399
0.05878106774087399
0.05878106774087399
0.05878106774087399
0.05671856174198808
0.0557523159751554
0.052973082924790305
0.052973082924790305
0.052816071201064574
0.052816071201064574
0.052816071201064574
0.052816071201064574
0.052816071201064574
0.049233788911280385
0.049233788911280385
0.0463472192630725
0.0463472192630725
0.044094820889466035
0.044094820889466035
0.044094820889466035
0.044094820889466035
0.044094820889466035
0.044094820889466035
0.044094820889466035
0.044094820889466035
0.042088166213918754
0.042088166213918754
0.042088166213918754
0.042088166213918754
0.042088166213918754
0.042088166213918754
0.042088166213918754
0.0346174467415139
0.0346174467415139
0.0346174467415139
0.0346174467415139
0.0346174467415139
0.0346174467415139
0.0346174467415139
0.0346174467415139
0.0346174467415139
0.0346174467415139
0.0346174467415139
0.034507527804571225
0.034507527804571225
0.034507527804571225
0.034507527804571225
0.034507527804571225
0.03292030286255354
0.03292030286255354
0.03292030286255354
0.03292030286255354
0.03292030286255354
0.03292030286255354
0.03292030286255354
0.03292030286255354
0.028809054937870116
0.028809054937870116
0.028809054937870116
0.028809054937870116
0.02780824454941211
0.02780824454941211
0.02780824454941211
0.02780824454941211
0.02643738545740959
0.02643738545740959
0.02643738545740959
0.02643738545740959
0.02643738545740959
0.02643738545740959
0.02643738545740959
0.02643738545740959
0.02643738545740959
0.02643738545740959
0.02643738545740959
0.02643738545740959
0.02643738545740959
0.02643738545740959
0.024028437116601964
0.024028437116601964
0.024028437116601964
0.024028437116601964
0.023118299186993596
0.023118299186993596
0.02187793582373132
0.02187793582373132
0.021800700579774457
0.021800700579774457
0.021800700579774457
0.021800700579774457
0.021800700579774457
0.018713587284931776
0.018713587284931776
0.018713587284931776
0.018713587284931776
0.01706004857512511
0.01706004857512511
0.015027448205778171
0.015027448205778171
0.015027448205778171
0.015027448205778171
0.015027448205778171
0.015027448205778171
0.015027448205778171
0.015027448205778171
0.015027448205778171
0.015027448205778171
0.015027448205778171
0.015027448205778171
0.015027448205778171
0.015027448205778171
0.015027448205778171
0.015027448205778171
0.015027448205778171
0.015027448205778171
0.015027448205778171
0.015027448205778171
0.015027448205778171
0.015027448205778171
0.015027448205778171
0.015027448205778171
0.015027448205778171
0.015027448205778171
0.015027448205778171
0.015027448205778171
0.015027448205778171
0.015027448205778171
0.015027448205778171
0.015027448205778171
0.015027448205778171
0.01499717781588572
0.01470718616149469
0.014215993897579438
0.014215993897579438
0.012689321271057707
0.012689321271057707
0.012689321271057707
0.012689321271057707
0.012689321271057707
0.011058328896989877
0.011058328896989877
0.011058328896989877
0.011058328896989877
0.011058328896989877
0.011058328896989877
0.010923175590793477
0.010923175590793477
0.010923175590793477
0.010923175590793477
0.010923175590793477
0.010923175590793477
0.010923175590793477
0.010923175590793477
0.010923175590793477
0.010923175590793477
0.010923175590793477
0.010923175590793477
0.010237320635116731
0.010237320635116731
0.010237320635116731
0.010237320635116731
0.010237320635116731
0.010237320635116731
0.010237320635116731
0.010237320635116731
0.010237320635116731
0.010237320635116731
0.010237320635116731
0.01021888323041864
0.010113462047691257
0.010011411954206295
0.009116653826190202
0.009116653826190202
0.009116653826190202
0.009116653826190202
0.008748807476301579
0.008748807476301579
0.008748807476301579
0.008748807476301579
0.008748807476301579
0.008748807476301579
0.008502155579495962
0.008184348852601886
0.007846313513113046
0.007846313513113046
0.007846313513113046
0.007846313513113046
0.007846313513113046
0.007846313513113046
0.007846313513113046
0.0074859059117038385
0.0074859059117038385
0.0074859059117038385
0.0074859059117038385
0.0074859059117038385
0.0074859059117038385
0.0074859059117038385
0.0074859059117038385
0.0074859059117038385
0.0074859059117038385
0.0074859059117038385
0.007070570584684077
0.007070570584684077
