12.909225783444011
12.89730279270011
12.89730279270011
12.89730279270011
11.58619244541648
11.58619244541648
11.58619244541648
11.578331070237162
11.578331070237162
11.578331070237162
11.578331070237162
11.578331070237162
11.578331070237162
11.348595846243061
10.995967116131148
10.687351426980321
10.687351426980321
10.587782322469401
9.850404726717166
9.837562934424756
9.786954248566808
9.766373589824049
9.766373589824049
9.713710676943048
9.70622033579501
9.70622033579501
9.70622033579501
9.70622033579501
9.705480206542173
9.705480206542173
9.705480206542173
9.705480206542173
9.705480206542173
9.705480206542173
9.705480206542173
9.675754345811537
9.628394796543255
9.617735524717492
9.617735524717492
9.611560327691834
9.609681645453456
9.595519871931145
9.595519871931145
9.38136136697463
9.365676165451202
9.36206512992915
9.360119231998585
8.728794270391802
8.728794270391802
8.728794270391802
8.728794270391802
8.728794270391802
8.720970353475032
8.720970353475032
8.719720245697879
8.719720245697879
8.719720245697879
8.719720245697879
8.719152301898447
8.714750734953597
8.680147935656933
8.430806302983243
8.430806302983243
8.414822696422974
8.390998524183967
8.390998524183967
8.390998524183967
8.390998524183967
8.390998524183967
8.379210400968944
7.242176826696479
7.237868956834248
7.237868956834248
7.2372953436625735
7.235563818253198
7.233099264752177
7.227705265877667
7.227705265877667
7.162289308502331
7.155015204278776
7.153519496578809
7.153519496578809
7.148485805056076
7.148485805056076
7.148485805056076
7.147202513316266
7.147202513316266
7.147202513316266
7.147202513316266
7.143818764851247
7.143818764851247
7.143818764851247
7.143818764851247
7.143818764851247
7.143818764851247
7.143818764851247
7.143818764851247
7.143818764851247
7.143818764851247
7.143818764851247
7.143818764851247
7.138935394584507
7.138935394584507
7.138935394584507
6.961306513062091
6.873255339699838
6.871502870985829
6.871502870985829
6.871502870985829
6.864558985654703
6.859920316939942
6.576842110541712
6.576842110541712
6.576842110541712
6.576842110541712
6.573922647015756
6.450151783014093
6.450151783014093
6.4416431090489965
6.4416431090489965
6.356205661323237
6.3255342290735115
6.3255342290735115
6.080466198333973
6.080466198333973
6.080466198333973
6.077058197771706
6.077058197771706
6.075274876435699
6.075274876435699
6.075274876435699
6.0629228117895835
6.0435547922394335
6.0435547922394335
6.021753296063075
6.021753296063075
6.021753296063075
6.021753296063075
6.018464097672847
6.018464097672847
6.018464097672847
6.009286542038637
6.009286542038637
6.008901556908178
6.008901556908178
6.008901556908178
6.008901556908178
6.008901556908178
6.008901556908178
6.008901556908178
6.008901556908178
6.008901556908178
6.008901556908178
6.008901556908178
6.008901556908178
6.008901556908178
6.008901556908178
6.008901556908178
6.008901556908178
6.008901556908178
6.008901556908178
5.987283920388464
5.987283920388464
5.987283920388464
5.987283920388464
5.987283920388464
5.987283920388464
5.987283920388464
5.987283920388464
5.986831737023962
5.983151350881407
5.983151350881407
5.983151350881407
5.981335574723687
5.814598723806405
5.8138663267438915
5.792164475121666
5.79146800956601
5.79146800956601
5.79146800956601
5.790579487349447
5.789238622003047
5.789238622003047
5.789238622003047
5.789238622003047
5.789238622003047
5.789238622003047
5.7044934470117
5.704443005820977
5.704443005820977
5.5906118158927995
5.575896913345929
5.575896913345929
5.575896913345929
5.575896913345929
5.575896913345929
5.575896913345929
4.920423978535034
4.831976599557002
4.831976599557002
4.831976599557002
4.8071365811761595
4.806271939484127
4.806271939484127
4.804362193246625
4.804362193246625
4.804362193246625
4.804362193246625
4.794988025157089
4.794988025157089
4.794988025157089
4.794988025157089
4.794988025157089
4.794988025157089
4.781881744573255
4.781881744573255
4.781881744573255
4.781881744573255
4.770805283904885
4.770805283904885
4.770805283904885
4.632805141333343
4.547079713830769
4.547079713830769
4.541778781383513
4.529618611045976
4.529618611045976
4.529618611045976
4.529240429033926
4.52556686322545
4.52556686322545
4.525133054025275
4.522683230089868
4.522683230089868
4.517086483783217
4.516414808269133
4.516414808269133
4.512390026973044
4.512390026973044
4.512390026973044
4.512390026973044
4.511240275392865
4.511240275392865
4.505958603772527
4.503291974752123
4.498284158950732
4.498284158950732
4.498284158950732
4.498284158950732
4.498284158950732
4.498284158950732
4.498284158950732
4.498284158950732
4.498284158950732
4.498284158950732
4.4651681329492305
4.4651681329492305
4.4651681329492305
4.4651681329492305
4.4651681329492305
4.4651681329492305
4.4651681329492305
4.4651681329492305
4.456372308939201
4.456372308939201
4.456372308939201
4.456372308939201
4.456372308939201
4.456372308939201
4.456372308939201
4.456372308939201
4.456372308939201
4.456372308939201
4.456372308939201
4.456372308939201
4.456372308939201
4.456372308939201
4.456372308939201
4.454215309761274
4.454215309761274
4.412942168887369
4.19799525594248
4.19799525594248
4.19799525594248
4.191411781323858
4.191411781323858
4.191411781323858
4.190276944912
4.1846973146042
4.1846973146042
4.008100723679647
3.961539254695971
3.961539254695971
3.961539254695971
3.951141466859653
3.9502765621701315
3.9502765621701315
3.943883195350324
3.9426691788841026
3.9426691788841026
3.9426691788841026
3.9426691788841026
3.9426691788841026
3.9426691788841026
3.9421429718476872
3.9421429718476872
3.9421429718476872
3.9421429718476872
3.9421429718476872
3.9421429718476872
3.9421429718476872
3.9421429718476872
3.9421429718476872
3.7877782579273216
3.7877782579273216
3.7877782579273216
3.7877782579273216
3.783430660685511
3.783430660685511
3.783430660685511
3.783430660685511
3.7620381250680666
3.7476295136697004
3.7476295136697004
3.6896422881399076
3.685684034658614
3.685684034658614
3.685684034658614
3.685684034658614
3.683402325299973
3.6816623983954457
3.6816623983954457
3.6099752958854694
3.6092093440706563
3.6092093440706563
3.6092093440706563
3.6072302662498856
3.6072302662498856
3.6072302662498856
3.6072302662498856
3.6072302662498856
3.6041540132001586
3.6041540132001586
3.6041540132001586
3.5874934680889794
3.5802106920063466
3.56678907387564
3.5598698205532813
3.5541788555854907
3.5541788555854907
3.529005258694184
3.4725450475960926
3.4700850700445187
3.4370707799702487
3.3865687245896083
3.3770140280735674
3.3644070437959783
3.3644070437959783
3.3644070437959783
3.3644070437959783
3.3644070437959783
3.3644070437959783
3.363636684700282
3.363636684700282
3.3574566724391275
3.3574566724391275
3.3574566724391275
3.3574566724391275
3.272494647862594
3.2632848227725475
3.0667398484340325
2.990109883249552
2.9768418906007525
2.976533552680401
2.976533552680401
2.925639192728113
2.925639192728113
2.921482108715061
2.921482108715061
2.921482108715061
2.921482108715061
2.921482108715061
2.8996478119482703
2.8996478119482703
2.869870888712157
2.832903846426561
2.832903846426561
2.832903846426561
2.634120256317594
2.484098590062196
2.484098590062196
2.484098590062196
2.4772281581364552
2.42610976275499
2.42610976275499
2.42610976275499
2.42610976275499
2.42610976275499
2.42610976275499
2.42610976275499
2.42610976275499
2.42610976275499
2.42610976275499
2.42610976275499
2.42610976275499
2.42610976275499
2.410555136441971
2.410555136441971
2.410555136441971
2.389407188002643
2.38330195195055
2.38330195195055
2.38330195195055
2.38330195195055
2.38330195195055
2.38330195195055
2.38330195195055
2.38330195195055
2.38330195195055
2.3811199969385584
2.3811199969385584
2.3778922009777474
2.3778922009777474
2.3741049587246223
2.3741049587246223
2.3741049587246223
2.3741049587246223
2.308237605977979
2.2930275722510416
2.2930275722510416
2.281394254352385
2.281394254352385
2.281394254352385
2.1917229742151108
2.1917229742151108
2.1795513082818445
2.1718709781743186
2.1718709781743186
2.1718709781743186
2.1718709781743186
2.1718709781743186
2.162917379853738
2.162917379853738
2.162917379853738
2.162917379853738
2.162917379853738
2.1249406828152857
2.1249406828152857
2.1249406828152857
2.1249406828152857
2.1249406828152857
2.0729379576377482
2.0729379576377482
2.066296903179257
2.066296903179257
2.064104354692823
2.064104354692823
2.0554756349791887
1.9576499237113865
1.957128251120551
1.957128251120551
1.9417451308243017
1.9417451308243017
1.9417451308243017
1.9394322660669587
1.9356130495901311
1.9356130495901311
1.9356130495901311
1.9310656427009505
1.9310656427009505
1.9310656427009505
1.9307917705680282
1.9307917705680282
1.9307917705680282
1.9307917705680282
1.9307917705680282
1.9307917705680282
1.9307917705680282
1.9256929552278663
1.9256929552278663
1.9252301751370098
1.9252301751370098
1.9252301751370098
1.9189782049753177
1.9189782049753177
1.9082546884698246
1.9082546884698246
1.9014383471628804
1.9014383471628804
1.9014383471628804
1.9014383471628804
1.9014383471628804
1.9014383471628804
1.8692065238218945
1.8692065238218945
1.8679833613386663
1.8679833613386663
1.8679833613386663
1.8679833613386663
1.8679833613386663
1.8664611755955107
1.8595760391735823
1.8595760391735823
1.8578808433741045
1.8578808433741045
1.8578808433741045
1.8516808015581887
1.8516808015581887
1.8516808015581887
1.817414856396148
1.8139612830400509
1.8139612830400509
1.8139612830400509
1.8114945311666375
1.8114945311666375
1.8114945311666375
1.8114945311666375
1.8114945311666375
1.8114945311666375
1.80703239176772
1.8013814581601935
1.8013814581601935
1.8013814581601935
1.8013814581601935
1.8013814581601935
1.8013814581601935
1.8013814581601935
1.8013814581601935
1.8013814581601935
1.7985230837905277
1.7982697169789006
1.7982697169789006
1.7982697169789006
1.7982697169789006
1.7968300028706068
1.7968300028706068
1.7968300028706068
1.785572459272231
1.785572459272231
1.7854110309552027
1.7559687753512279
1.7498208175080094
1.731802668169415
1.7140823890092776
1.7140823890092776
1.6909920362237614
1.685375129018773
1.6741443479383378
1.6704986340263162
1.6637378883295568
1.6637378883295568
1.6566932552729838
1.6566932552729838
1.650344647618816
1.650344647618816
1.650344647618816
1.650344647618816
1.4013235654618157
1.3834023899676566
1.3764567907329592
1.3764567907329592
1.3764567907329592
1.3764567907329592
1.3764567907329592
1.3764567907329592
1.3764567907329592
1.3764567907329592
1.3712165222375887
1.3712165222375887
1.3712165222375887
1.3712165222375887
1.3712165222375887
1.3712165222375887
1.3712165222375887
1.3712165222375887
1.3712165222375887
1.3712165222375887
1.3700845636963876
1.368878829326924
1.368878829326924
1.368878829326924
1.368878829326924
1.368878829326924
1.368878829326924
1.3608993140683765
1.3608993140683765
1.3427546447463214
1.3427546447463214
1.3427546447463214
1.3427546447463214
1.3390812576961864
1.3390812576961864
1.3390812576961864
1.3390812576961864
1.3390812576961864
1.3390812576961864
1.3362177643141564
1.3362177643141564
1.3362177643141564
1.3362177643141564
1.3362177643141564
1.3362177643141564
1.3362177643141564
1.3362177643141564
1.3362177643141564
1.2912330950520143
1.2912330950520143
1.2912330950520143
1.2822504409221835
1.2822504409221835
1.2822504409221835
1.2779344261666097
1.2779344261666097
1.2779344261666097
1.2779344261666097
1.2740439812196769
1.2740439812196769
1.2740439812196769
1.2740439812196769
1.2740439812196769
1.2740439812196769
1.2740439812196769
1.268789641260092
1.236484763676458
1.2290934183958981
1.2275456349094753
1.2275456349094753
1.2225188492291608
1.2225188492291608
1.2225188492291608
1.0477396893565256
1.0477396893565256
1.0375419312344931
1.028197231560874
1.028197231560874
1.0140581756492963
1.0140581756492963
1.0140581756492963
1.0140581756492963
1.0140581756492963
1.0140581756492963
1.003472238978972
1.003472238978972
1.003472238978972
0.9988524952118567
0.9988524952118567
0.9988524952118567
0.9985451752869778
0.9985451752869778
0.9985451752869778
0.9985451752869778
0.9985451752869778
0.9985451752869778
0.9985451752869778
0.9985451752869778
0.9985451752869778
0.9951335146772209
0.9951335146772209
0.9951335146772209
0.9951335146772209
0.9951335146772209
0.9951335146772209
0.9951335146772209
0.9951335146772209
0.9951335146772209
0.9951335146772209
0.9951335146772209
0.9951335146772209
0.9950046008992572
0.9950046008992572
0.9950046008992572
0.994976979450179
0.9886744344448317
0.9796854071833678
0.9796854071833678
0.9796854071833678
0.9796432351694904
0.9795050295553196
0.9795050295553196
0.9745128606537321
0.9745128606537321
0.9745128606537321
0.9544233683238872
0.9544233683238872
0.9544233683238872
0.9544233683238872
0.9511941796215808
0.9511941796215808
0.9511941796215808
0.9511941796215808
0.9511941796215808
0.9511941796215808
0.9410569592512701
0.9405073593221331
0.9369604947574075
0.9369604947574075
0.9369604947574075
0.9369604947574075
0.9369604947574075
0.9369604947574075
0.9369604947574075
0.9333395398860844
0.9333395398860844
0.9290842734178142
0.9290842734178142
0.9211501328851384
0.9211501328851384
0.9211501328851384
0.9211501328851384
0.9211501328851384
0.9211501328851384
0.9211501328851384
0.9211501328851384
0.9211501328851384
0.9211501328851384
0.9211501328851384
0.9211501328851384
0.9211501328851384
0.9211501328851384
0.9172402156527113
0.9172402156527113
0.9172402156527113
0.9172402156527113
0.9166338511923158
0.9166338511923158
0.9166338511923158
0.9120715251021991
0.9120715251021991
0.9120715251021991
0.9120715251021991
0.9120715251021991
0.9120715251021991
0.9086165268194009
0.9086165268194009
0.9086165268194009
0.9086165268194009
0.9061661255058482
0.9061661255058482
0.8912762117891475
0.8912762117891475
0.8912762117891475
0.8912762117891475
0.8912762117891475
0.8912762117891475
0.8912762117891475
0.8912762117891475
0.8912762117891475
0.8912762117891475
0.8901801407442775
0.8901801407442775
0.8901801407442775
0.8901801407442775
0.8901801407442775
0.8901801407442775
0.8901801407442775
0.8901801407442775
0.8901801407442775
0.8901801407442775
0.8901801407442775
0.8901801407442775
0.8901801407442775
0.8901801407442775
0.8901801407442775
0.8901801407442775
0.8901801407442775
0.8901801407442775
0.8901801407442775
0.8901801407442775
0.8901801407442775
0.8901801407442775
0.8901801407442775
0.8901801407442775
0.8901801407442775
0.8901801407442775
0.8781270365019793
0.8781270365019793
0.8781270365019793
0.8781270365019793
0.8760366540378044
0.8760366540378044
0.8760366540378044
0.8760366540378044
0.875132939602679
0.875132939602679
0.8522405638716108
0.8522405638716108
0.8462198015063507
0.8462198015063507
0.8462198015063507
0.8462198015063507
0.8366960426469277
0.8366960426469277
0.8272362591869609
0.8263058425943797
0.8258359646246731
0.8258359646246731
0.8258359646246731
0.8258359646246731
0.8258359646246731
0.8258359646246731
0.8258359646246731
0.8258359646246731
0.8258359646246731
0.81961866004076
0.8046578482110647
0.7948412967000493
0.792986568617529
0.792986568617529
0.792986568617529
0.792986568617529
0.792986568617529
0.7840103869091095
0.7840103869091095
0.7840103869091095
0.7617163633318569
0.7552540297791595
0.7552540297791595
0.7552540297791595
0.7552540297791595
0.7552540297791595
0.7552540297791595
0.7552540297791595
0.7552540297791595
0.7552540297791595
0.7552540297791595
0.7552540297791595
0.7552540297791595
0.7552540297791595
0.7532995208504758
0.7532995208504758
0.7521601487627478
0.748152315745628
0.748152315745628
0.748152315745628
0.748152315745628
0.748152315745628
0.748152315745628
0.748152315745628
0.748152315745628
0.748152315745628
0.748152315745628
0.748152315745628
0.748152315745628
0.748152315745628
0.748152315745628
0.748152315745628
0.748152315745628
0.748152315745628
0.748152315745628
0.7465758054050724
0.7465758054050724
0.7465758054050724
0.7465758054050724
0.7465758054050724
0.7465758054050724
0.7465758054050724
0.7465758054050724
0.7465758054050724
0.7465758054050724
0.7465758054050724
0.7465758054050724
0.7465758054050724
0.7465758054050724
0.7403555087355969
0.7403555087355969
0.7403555087355969
0.7360668949508593
0.7360668949508593
0.7360668949508593
0.7360668949508593
0.7360668949508593
0.7360668949508593
0.7360668949508593
0.7360668949508593
0.7360668949508593
0.7360668949508593
0.7360668949508593
0.7360668949508593
0.7360668949508593
0.7360668949508593
0.7360668949508593
0.7360668949508593
0.7360668949508593
0.7352591868261769
0.6965904525561086
0.6965904525561086
0.6965904525561086
0.6965904525561086
0.6965904525561086
0.6965904525561086
0.6965904525561086
0.6965904525561086
0.6965904525561086
0.6965904525561086
0.6965904525561086
0.6965904525561086
0.6965904525561086
0.6965904525561086
0.6965904525561086
0.6965904525561086
0.6965904525561086
0.6965904525561086
0.6965904525561086
0.6965904525561086
0.6965904525561086
0.6965904525561086
0.6965904525561086
0.6962199515536724
0.6801629707027885
0.6703229496492966
0.6703229496492966
0.6703229496492966
0.6607302608501584
0.619687790474714
0.619687790474714
0.619687790474714
0.619687790474714
0.619687790474714
0.6120578158128964
0.6120578158128964
0.6120578158128964
0.6120578158128964
0.6120578158128964
0.6089875110237841
0.6084212303579406
0.5986128364618608
0.5986128364618608
0.5986128364618608
0.5986128364618608
0.5986128364618608
0.5918985590527654
0.5918985590527654
0.5918985590527654
0.591604244502939
0.591604244502939
0.591604244502939
0.591604244502939
0.591604244502939
0.591604244502939
0.591604244502939
0.5861914537445969
0.5861914537445969
0.5687742708270065
0.5687742708270065
0.5687742708270065
0.5687742708270065
0.5679548247557307
0.5679548247557307
0.5679548247557307
0.5679548247557307
0.5679548247557307
0.5679548247557307
0.5679548247557307
0.5647547966858539
0.5647547966858539
0.5541001559640364
0.5052956532275772
0.5052956532275772
0.5052956532275772
0.4865108739390962
0.4865108739390962
0.4865108739390962
0.4648188247819718
0.4648188247819718
0.4648188247819718
0.4648188247819718
0.4648188247819718
0.4648188247819718
0.4648188247819718
0.4648188247819718
0.4648188247819718
0.4648188247819718
0.4593046282710773
0.4593046282710773
0.4593046282710773
0.4593046282710773
0.4593046282710773
0.4593046282710773
0.44770081560036346
0.44770081560036346
0.44770081560036346
0.44770081560036346
0.44770081560036346
0.4470901488771233
0.4470901488771233
0.4470901488771233
0.4470901488771233
0.4470901488771233
0.4470901488771233
0.4470901488771233
0.4470901488771233
0.4470901488771233
0.4470901488771233
0.4370983169404923
0.4370983169404923
0.42486127360338344
0.42486127360338344
0.42486127360338344
0.42486127360338344
0.42486127360338344
