11.295685534447802
11.295685534447802
11.288473472915626
11.288473472915626
11.288473472915626
11.288473472915626
11.288473472915626
11.288473472915626
11.288473472915626
11.288473472915626
11.288473472915626
11.263938959991354
11.263938959991354
11.261198558998021
11.261198558998021
11.261198558998021
11.254419649178956
11.254419649178956
11.254419649178956
11.254419649178956
11.254419649178956
11.254419649178956
11.254419649178956
11.254419649178956
10.890876439776843
10.887307733232653
10.887307733232653
10.887307733232653
10.876309317656414
10.876309317656414
10.876132029490162
10.872197945101416
10.719274763437632
10.719274763437632
10.71370512724257
10.71370512724257
10.71370512724257
10.71370512724257
10.62278126793575
10.62278126793575
10.331740886938789
10.265384660845921
10.263180169055918
9.492293284318126
9.492293284318126
9.490794906170287
9.490794906170287
9.486107590044547
9.47644369522542
9.47644369522542
9.464621342733896
9.445848577323023
9.445848577323023
9.445848577323023
9.445848577323023
9.445848577323023
8.82061514156587
8.818769426928771
8.817207628963175
8.817207628963175
8.80030582970577
8.80030582970577
8.725637520052768
8.725637520052768
8.62768686894399
8.62768686894399
8.441756471844045
8.439413231541863
8.438162792943043
8.434564432676854
8.434564432676854
8.434564432676854
8.434564432676854
8.307145582045685
8.304198409831908
8.002401183116472
7.988670917568847
7.976256077103827
7.976256077103827
7.976256077103827
7.976256077103827
7.832006316205643
7.817567335713704
7.817567335713704
7.775286188313579
7.7726100785239325
7.7726100785239325
7.7726100785239325
7.7726100785239325
7.7726100785239325
7.7726100785239325
7.7726100785239325
7.722022220081712
7.7200141369445845
7.7200141369445845
7.7200141369445845
7.7200141369445845
7.7200141369445845
7.7200141369445845
7.7200141369445845
6.795613726917665
6.795613726917665
6.793048591502526
6.793048591502526
6.793048591502526
6.793048591502526
6.793048591502526
6.793048591502526
6.793048591502526
6.793048591502526
6.766840333892723
6.766840333892723
6.766840333892723
6.766840333892723
6.766840333892723
6.766840333892723
6.7522318755561415
6.749635318603687
6.749635318603687
6.749635318603687
6.749635318603687
6.749635318603687
6.749635318603687
6.731880950593663
6.7190606046963595
6.696690959747706
6.6960441069141154
6.6960441069141154
6.6960441069141154
6.6960441069141154
6.6952489133631445
6.6952489133631445
6.6952489133631445
6.670378855949309
6.64627517122473
6.200238118620177
6.200238118620177
6.171600645839064
6.155376206554244
6.155376206554244
6.155376206554244
6.155376206554244
6.155376206554244
6.145548567620857
6.14412367971061
5.990547052853756
5.990547052853756
5.990547052853756
5.990547052853756
5.990547052853756
5.949975495751559
5.949975495751559
5.949975495751559
5.949975495751559
5.949975495751559
5.949975495751559
5.940894797961285
5.853773614803536
5.739882471051345
5.733311690973132
5.728729869338004
5.563063613018905
5.561470048212662
5.561470048212662
5.5533718969354595
5.22964962155956
5.189884952401009
5.186153557296862
5.181305847305616
5.181305847305616
5.181305847305616
5.181305847305616
5.174714999750371
5.174484336660228
5.174484336660228
5.173349861994318
5.173349861994318
5.172157797032163
5.172157797032163
5.172157797032163
5.172157797032163
5.172157797032163
5.172157797032163
5.172157797032163
5.172157797032163
5.172157797032163
5.172157797032163
5.172157797032163
5.172157797032163
5.172157797032163
5.172157797032163
5.172157797032163
5.172157797032163
5.172157797032163
5.042528078440483
4.911319126443651
4.911319126443651
4.88956283805571
4.88956283805571
4.88956283805571
4.88956283805571
4.88956283805571
4.859900101481507
4.859900101481507
4.859900101481507
4.859900101481507
4.859900101481507
4.859900101481507
4.859900101481507
4.859900101481507
4.859900101481507
4.859680879038891
4.859680879038891
4.859680879038891
4.84982840004006
4.84982840004006
4.84982840004006
4.84982840004006
4.84982840004006
4.84982840004006
4.84982840004006
4.84982840004006
4.84982840004006
4.838521656956864
4.805316125884005
4.720675663201057
4.568804676865383
4.259775962651531
4.259775962651531
4.259493086947984
4.249996953865818
4.245759056834402
4.245759056834402
4.245196356001863
4.245196356001863
4.245196356001863
4.245196356001863
4.162477540764307
4.162477540764307
4.162477540764307
4.162477540764307
4.162477540764307
4.161954016258136
4.147925603870284
4.147702726029031
4.1242214268488695
4.1242214268488695
4.1242214268488695
4.1242214268488695
4.1242214268488695
4.118817385798103
4.118817385798103
4.114685191200856
4.114685191200856
4.114685191200856
4.114685191200856
4.100325599835095
4.100325599835095
4.100325599835095
4.100325599835095
4.100325599835095
4.100325599835095
4.100325599835095
4.100325599835095
4.100325599835095
4.100325599835095
4.100325599835095
4.100325599835095
4.100325599835095
4.100325599835095
4.100325599835095
4.100325599835095
4.100325599835095
4.100325599835095
4.100325599835095
4.072238532717186
4.072238532717186
4.072238532717186
4.072238532717186
4.072238532717186
4.072238532717186
4.072238532717186
4.072238532717186
4.072238532717186
4.072238532717186
4.072238532717186
4.072238532717186
4.071726690446262
4.071726690446262
4.071726690446262
4.071726690446262
4.071726690446262
4.071726690446262
4.071726690446262
4.065591267889147
4.065591267889147
4.065591267889147
4.065591267889147
4.0588824899730085
4.055508900881797
3.9710503426645687
3.9710503426645687
3.966879524603229
3.966879524603229
3.966879524603229
3.966879524603229
3.966879524603229
3.9635526779697443
3.8498155433217534
3.8498155433217534
3.8496867635192373
3.750421219373706
3.750421219373706
3.731857622332683
3.731857622332683
3.7262884975934654
3.702280384754715
3.702280384754715
3.702280384754715
3.702280384754715
3.702280384754715
3.70166319363274
3.4353146575629054
3.429690826842638
3.429690826842638
3.4061885474769724
3.3895549886882748
3.3895549886882748
3.3866776827885374
3.3866776827885374
3.3866776827885374
3.3866776827885374
3.3866776827885374
3.3866776827885374
3.3866776827885374
3.3833444814095657
3.3833444814095657
3.3833444814095657
3.3833444814095657
3.3833444814095657
3.3833444814095657
3.3833444814095657
3.3833444814095657
3.3741786369558255
3.3429677288689774
3.3052747202359143
3.3014935174875646
3.0982226158002817
3.0982226158002817
3.0982226158002817
3.0982226158002817
3.0982226158002817
3.0982226158002817
3.0982226158002817
3.0982226158002817
3.0982226158002817
3.0982226158002817
3.0845971494423168
3.0845971494423168
3.081638090293005
3.0765722496978327
3.0765722496978327
3.0765722496978327
3.0765722496978327
3.072464225864607
3.072464225864607
3.072464225864607
3.0068319274291184
3.0065075895619557
3.0065075895619557
3.0065075895619557
3.0065075895619557
3.0065075895619557
3.0065075895619557
3.0065075895619557
3.0065075895619557
3.004544020320729
3.004544020320729
3.004544020320729
3.004544020320729
3.004544020320729
3.004544020320729
3.004544020320729
3.004544020320729
3.004544020320729
3.004544020320729
2.999107197067012
2.994240137665507
2.994240137665507
2.994240137665507
2.994240137665507
2.994240137665507
2.994240137665507
2.994240137665507
2.994240137665507
2.994240137665507
2.994240137665507
2.994240137665507
2.994240137665507
2.994240137665507
2.994240137665507
2.994240137665507
2.994240137665507
2.994240137665507
2.994240137665507
2.9510118127015517
2.932186748677232
2.932186748677232
2.932186748677232
2.932186748677232
2.932186748677232
2.932186748677232
2.911217408736647
2.8466151063809733
2.8466151063809733
2.8466151063809733
2.8466151063809733
2.8466151063809733
2.8466151063809733
2.8466151063809733
2.8466151063809733
2.8433152122214977
2.8433152122214977
2.8433152122214977
2.8433152122214977
2.8433152122214977
2.8433152122214977
2.838022961953179
2.838022961953179
2.7217489056372415
2.7217489056372415
2.7009112694963235
2.696303464499735
2.696303464499735
2.696303464499735
2.696303464499735
2.696303464499735
2.696303464499735
2.696303464499735
2.6950366239728965
2.6950366239728965
2.6950366239728965
2.6853642396759057
2.6708303587946105
2.670181858016676
2.663461854336873
2.663461854336873
2.577565920108185
2.577519917530175
2.577519917530175
2.5395171537307917
2.5395171537307917
2.5395171537307917
2.5395171537307917
2.5395171537307917
2.5395171537307917
2.5395171537307917
2.5395171537307917
2.535325512084313
2.525054223817449
2.525054223817449
2.525054223817449
2.525054223817449
2.525054223817449
2.525054223817449
2.51583677904366
2.51583677904366
2.51583677904366
2.51583677904366
2.51583677904366
2.51583677904366
2.51583677904366
2.5108417183238387
2.5108417183238387
2.5108417183238387
2.5108417183238387
2.5108417183238387
2.428808632330977
2.4105292001232854
2.4105292001232854
2.4105292001232854
2.4105292001232854
2.4105292001232854
2.4016922457109047
2.399977785413185
2.3559227728620655
2.2954039603444016
2.275437124383707
2.275437124383707
2.275437124383707
2.2541268812853517
2.161694876531442
2.161694876531442
2.161694876531442
2.161694876531442
2.161694876531442
2.161694876531442
2.161694876531442
2.0686044248225812
2.0686044248225812
2.0686044248225812
2.0661036020639756
2.0661036020639756
2.0661036020639756
2.0658640094399487
2.0658640094399487
2.0658640094399487
2.0652140751953993
2.0434119598675053
2.0434119598675053
2.039076455732321
2.039076455732321
2.039076455732321
2.0390319116626543
2.0359832833226648
1.6212317788710706
1.5956719340536338
1.5956719340536338
1.567112465949556
1.567112465949556
1.567112465949556
1.567112465949556
1.567112465949556
1.567112465949556
1.567112465949556
1.567112465949556
1.5566489478528993
1.5566489478528993
1.5566489478528993
1.5566489478528993
1.5566489478528993
1.5566489478528993
1.5566489478528993
1.5545115202343496
1.5434563028071935
1.5434563028071935
1.5434563028071935
1.5434563028071935
1.5434563028071935
1.5434563028071935
1.5430572605124766
1.5430572605124766
1.5425738513769431
1.5425738513769431
1.5425738513769431
1.5425738513769431
1.5425738513769431
1.5425738513769431
1.5425738513769431
1.5425738513769431
1.5425738513769431
1.5425738513769431
1.5425738513769431
1.5425738513769431
1.5425738513769431
1.5425738513769431
1.5425738513769431
1.5425738513769431
1.5425738513769431
1.5425738513769431
1.5425738513769431
1.5425738513769431
1.5425738513769431
1.5425738513769431
1.5425738513769431
1.5425738513769431
1.5425738513769431
1.5425738513769431
1.5425738513769431
1.5425738513769431
1.5425738513769431
1.5425738513769431
1.5425738513769431
1.5425738513769431
1.5425738513769431
1.5364625833006045
1.5364625833006045
1.5364625833006045
1.5364625833006045
1.5364625833006045
1.535472392669675
1.535472392669675
1.535472392669675
1.535472392669675
1.535472392669675
1.535472392669675
1.535472392669675
1.535472392669675
1.535472392669675
1.535472392669675
1.535472392669675
1.535472392669675
1.535472392669675
1.535472392669675
1.535472392669675
1.535472392669675
1.535472392669675
1.535472392669675
1.535472392669675
1.535472392669675
1.535472392669675
1.535472392669675
1.535472392669675
1.5335176415574665
1.5320905565841656
1.5320905565841656
1.5320905565841656
1.5320905565841656
1.531217012576974
1.531217012576974
1.531217012576974
1.527040036993455
1.527040036993455
1.523797897546764
1.523797897546764
1.523797897546764
1.4626916203902312
1.4619634937565067
1.4619634937565067
1.4619634937565067
1.4619634937565067
1.461578402120594
1.461578402120594
1.4615121813953564
1.4615121813953564
1.4476126298168737
1.3976913937641129
1.3976913937641129
1.3976913937641129
1.3976913937641129
1.3976913937641129
1.3951183755768497
1.3951183755768497
1.3951183755768497
1.3951183755768497
1.3826362942424666
1.3826362942424666
1.381205380743296
1.381205380743296
1.3537068429249857
1.329310615989364
1.20385961074998
1.20385961074998
1.20385961074998
1.20385961074998
1.20385961074998
1.20385961074998
1.20385961074998
1.20385961074998
1.20385961074998
1.1968051717382409
1.1968051717382409
1.1966865378410532
1.1966865378410532
1.1966865378410532
1.1966865378410532
1.1966865378410532
1.1966865378410532
1.1966865378410532
1.1966865378410532
1.1966865378410532
1.1966865378410532
1.1966865378410532
1.1448901174656285
1.1448901174656285
1.1448901174656285
1.1448901174656285
1.1448901174656285
1.1448901174656285
1.1448901174656285
1.1448901174656285
1.1448901174656285
1.1448901174656285
1.1448901174656285
1.1410313083452976
0.9841903575625679
0.9841903575625679
0.9841903575625679
0.9841903575625679
0.9823975119960977
0.9737474704312703
0.9737474704312703
0.9737474704312703
0.9737474704312703
0.9737474704312703
0.9726023466545684
0.9726023466545684
0.9726023466545684
0.9726023466545684
0.9726023466545684
0.9726023466545684
0.9726023466545684
0.9726023466545684
0.9726023466545684
0.941119361281487
0.941119361281487
0.9275935488466232
0.9275935488466232
0.9275935488466232
0.9275935488466232
0.9270234178715313
0.9270234178715313
0.9270234178715313
0.9270234178715313
0.9270234178715313
0.9270234178715313
0.9270234178715313
0.9270234178715313
0.9270234178715313
0.9270234178715313
0.9270234178715313
0.9270234178715313
0.9270234178715313
0.9270234178715313
0.9270234178715313
0.9270234178715313
0.9270234178715313
0.9270234178715313
0.923651140011998
0.923651140011998
0.9147659138853328
0.9147659138853328
0.9067315158714209
0.9061778163836252
0.9061778163836252
0.9061778163836252
0.9061778163836252
0.9061778163836252
0.9061778163836252
0.9061778163836252
0.9061778163836252
0.9061778163836252
0.9061778163836252
0.9044506125251104
0.9044506125251104
0.8891012710144466
0.8818791730896436
0.8818791730896436
0.8818791730896436
0.8812539480216302
0.8812539480216302
0.8812539480216302
0.878835443432898
0.878835443432898
0.878835443432898
0.878835443432898
0.8705230793147791
0.8614250201292108
0.8529620095186274
0.8529620095186274
0.8529620095186274
0.8529620095186274
0.8529620095186274
0.8529620095186274
0.8529620095186274
0.8529620095186274
0.8529620095186274
0.8529620095186274
0.8529620095186274
0.8529620095186274
0.8351277076822186
0.8351277076822186
0.8351277076822186
0.8351277076822186
0.8351277076822186
0.8351277076822186
0.8334096953525574
0.8334096953525574
0.8334096953525574
0.8334096953525574
0.8305899728398529
0.8305899728398529
0.8305899728398529
0.8305899728398529
0.8305899728398529
0.8252297983801071
0.8252297983801071
0.8252297983801071
0.8252297983801071
0.8252297983801071
0.8252297983801071
0.8252297983801071
0.8252297983801071
0.8252297983801071
0.8252297983801071
0.8252297983801071
0.8252297983801071
0.8252297983801071
0.8235787736128799
0.8235787736128799
0.8235787736128799
0.8235787736128799
0.8191230847118476
0.8191230847118476
0.8191230847118476
0.8191230847118476
0.8191230847118476
0.8191230847118476
0.8191230847118476
0.8191230847118476
0.8191230847118476
0.8191230847118476
0.8191230847118476
0.8191230847118476
0.8191230847118476
0.8191230847118476
0.8191230847118476
0.8191230847118476
0.8191230847118476
0.8185173086028357
0.8185173086028357
0.8185173086028357
0.8185173086028357
0.8185173086028357
0.8185173086028357
0.8185173086028357
0.8185173086028357
0.8185173086028357
0.8185173086028357
0.8185173086028357
0.8185173086028357
0.8185173086028357
0.8185173086028357
0.8185173086028357
0.8185173086028357
0.8185173086028357
0.8185173086028357
0.8185173086028357
0.8185173086028357
0.8185173086028357
0.8185173086028357
0.8185173086028357
0.8185173086028357
0.8185173086028357
0.8178186854876657
0.8144626122139869
0.8115585519516344
0.8115585519516344
0.8115585519516344
0.8115585519516344
0.8040165684442115
0.8040165684442115
0.8040165684442115
0.7899075254318788
0.7899075254318788
0.7899075254318788
0.7899075254318788
0.7809647370751378
0.7809647370751378
0.7809647370751378
0.7772638760655326
0.7189161035117948
0.7189161035117948
0.7189161035117948
0.7189161035117948
0.7185630511080348
0.7183687969738699
0.7036290991013132
0.6830958704532293
0.6731375331613663
0.6720571836448457
0.6720571836448457
0.6558329493200716
0.6558329493200716
0.6558155089882405
0.6485726614411504
0.6485726614411504
0.6485726614411504
0.6485726614411504
0.6485726614411504
0.6412106168805067
0.6292351709659201
0.6292351709659201
0.6230534427252792
0.6230534427252792
0.6230534427252792
0.6230534427252792
0.6230534427252792
0.6230534427252792
0.6230534427252792
0.6230534427252792
0.6225705914546751
0.6159684162492667
0.6159684162492667
0.6159684162492667
0.6159684162492667
0.6159684162492667
0.6159684162492667
0.6050340531325773
0.6050340531325773
0.6007951157489657
0.6007951157489657
0.5839685907754912
0.5839685907754912
0.5839685907754912
0.5839685907754912
0.5839685907754912
0.5839685907754912
0.5752565421407994
0.5539691271447111
0.5539691271447111
0.5488683312432769
0.5488683312432769
0.5488683312432769
0.5488683312432769
0.5488683312432769
0.5488683312432769
0.5488683312432769
0.5488683312432769
0.5488683312432769
0.5436172242746693
0.5436172242746693
0.5436172242746693
0.5436172242746693
0.5407190307285319
0.5407190307285319
0.5407190307285319
0.5407190307285319
0.5407190307285319
0.5407190307285319
0.5407190307285319
0.5407190307285319
0.5407190307285319
0.5407190307285319
0.5407190307285319
0.5407190307285319
0.539854026059416
0.539854026059416
0.539854026059416
0.539854026059416
0.539854026059416
0.539854026059416
0.539854026059416
0.539854026059416
0.539854026059416
0.539854026059416
0.539854026059416
0.539854026059416
0.539854026059416
0.5374916049982446
0.5374916049982446
0.5374916049982446
0.5374916049982446
0.5374916049982446
0.5374916049982446
0.5374916049982446
0.5374916049982446
0.5374916049982446
0.5374916049982446
0.5374916049982446
0.5374916049982446
0.5374916049982446
0.5374916049982446
0.5374916049982446
0.5374916049982446
0.5374916049982446
0.5374916049982446
0.5374916049982446
0.536252399413975
0.536252399413975
0.5336859317166969
0.5229446901807293
0.5219601180212834
0.5211343471964511
0.5211343471964511
0.5211343471964511
0.5211343471964511
0.5211343471964511
0.5092574533400764
0.5041268290199525
0.4988688135021988
0.4961663879964533
0.4961663879964533
0.4939780407644818
0.4939780407644818
0.493564222080046
0.493564222080046
0.4812226440056122
0.4812226440056122
0.4812226440056122
0.4812226440056122
0.4812226440056122
0.4812226440056122
0.4812226440056122
0.4812226440056122
0.4812226440056122
0.4812226440056122
0.4812226440056122
0.4767495679419582
0.4767495679419582
0.4767495679419582
0.4692081462194295
0.4692081462194295
0.4692081462194295
0.4692081462194295
0.45753924494960074
0.4551223008345886
0.4551223008345886
0.4551223008345886
0.4551223008345886
