14.64828440586539
14.637311012461037
14.47713215779417
14.306510994427523
14.300589550758929
13.9685237978257
13.923904287706204
13.076378062816264
12.820209470969498
12.81891105927319
12.701380497406198
12.680795216587931
12.680795216587931
12.680795216587931
12.680795216587931
12.680795216587931
12.33912213011703
12.234933381423168
12.234933381423168
12.232135721278446
12.230061899055809
12.218822666044638
12.218822666044638
11.385580134054024
11.385580134054024
11.385580134054024
11.385580134054024
10.92880214975574
10.582058559561485
10.582058559561485
10.582058559561485
10.582058559561485
10.582058559561485
10.582058559561485
10.582058559561485
10.507522149814598
10.507522149814598
10.487679150920897
10.379596056078881
9.677448407427011
9.60378749708893
9.60378749708893
9.60378749708893
9.598952721202679
9.569767463643512
9.528640681690487
9.489604823984937
9.467018606647379
9.467018606647379
9.467018606647379
9.443264579349265
9.433090017035614
9.433090017035614
9.433090017035614
9.433090017035614
9.433090017035614
9.433090017035614
9.433090017035614
9.433090017035614
9.433090017035614
9.052403815370571
9.049408724902861
9.014663743925023
9.014663743925023
8.740890726188933
8.740890726188933
8.727276387004562
8.727076514743313
8.727076514743313
8.727076514743313
8.727076514743313
8.726201369491953
8.709919488471215
8.703813029633473
8.691091453755753
8.690251932240688
8.690251932240688
8.6430471702061
8.641804100380362
8.641804100380362
8.641804100380362
8.641727833020479
8.641727833020479
8.641727833020479
8.641727833020479
8.641727833020479
8.641585088793395
8.640798304294034
8.637260854438694
8.637260854438694
8.637260854438694
8.637260854438694
8.625924387088254
8.625924387088254
8.368706561154301
7.9931412666631445
7.986807410713986
7.986807410713986
7.986807410713986
7.986807410713986
7.986807410713986
7.986807410713986
7.986807410713986
7.986807410713986
7.9857853958391445
7.984511103830954
7.984511103830954
7.967794379901278
7.967794379901278
7.8808089985794965
7.876145415967656
7.876145415967656
7.871994804384926
7.871994804384926
7.7320416767747915
7.7320416767747915
7.7320416767747915
7.7320416767747915
7.7320416767747915
7.7320416767747915
7.708804127063928
7.708804127063928
7.667546447692459
7.41801967609058
7.41801967609058
7.41801967609058
7.413256487210809
7.407165681782196
7.407165681782196
7.360809348430372
7.360809348430372
7.206845757903899
7.203620656305048
7.203620656305048
6.921832433152645
6.54736387384267
6.542632997272442
6.542632997272442
6.528109852956192
6.48820783147093
6.48820783147093
6.48820783147093
6.48820783147093
6.487072261258369
6.487072261258369
6.480450949947183
6.480450949947183
6.480450949947183
6.480450949947183
6.480450949947183
6.403490040502639
6.3775282365371595
6.3775282365371595
6.3775282365371595
6.3775282365371595
6.3673983361115205
6.3673983361115205
6.3673983361115205
6.3673983361115205
6.144604861603511
6.144604861603511
6.144604861603511
6.136125877422167
5.8315264482175735
5.8150416947572765
5.8150416947572765
5.8150416947572765
5.8150416947572765
5.744604921547591
5.744604921547591
5.744604921547591
5.740005291205989
5.740005291205989
5.740005291205989
5.735309345792999
5.735309345792999
5.701266124902389
5.701266124902389
5.54304834446787
5.531114510147837
5.521260665570004
5.521260665570004
5.504206428672163
5.4801623678628175
5.4801623678628175
5.331895133526217
5.190195974683505
5.188399339980691
5.179909877029317
5.179909877029317
5.1317937708026165
5.1317937708026165
5.1317937708026165
5.1317937708026165
5.1317937708026165
5.131592047503453
5.095336394884292
5.0944736970231475
5.0944736970231475
5.090767062661513
5.080959492673848
4.882862855911156
4.879930104178889
4.879930104178889
4.879930104178889
4.879930104178889
4.879930104178889
4.87477686712873
4.8621803594939195
4.8621803594939195
4.59912495718919
4.59912495718919
4.59912495718919
4.356926959966657
4.356926959966657
4.356926959966657
4.356926959966657
4.356926959966657
4.35381174085169
4.35381174085169
4.35381174085169
4.35381174085169
4.35381174085169
4.35381174085169
4.35381174085169
4.35381174085169
4.247386338840421
4.233782586440107
4.233782586440107
4.233782586440107
4.233782586440107
4.210743305996488
4.210743305996488
4.210743305996488
4.210743305996488
4.210743305996488
4.210743305996488
4.210743305996488
4.210743305996488
4.194979006628557
4.172503323017203
4.172503323017203
4.172503323017203
4.172503323017203
4.172503323017203
4.012234306232386
4.011349468862093
4.008435477219436
4.008435477219436
3.9412243791399177
3.9412243791399177
3.9412243791399177
3.9165462855822426
3.9165462855822426
3.878093785733178
3.878093785733178
3.8778154245153473
3.8753026210812678
3.8753026210812678
3.821795886995183
3.777995201044341
3.7659726186653657
3.7562224836707188
3.7267589809785946
3.511742207643536
3.511742207643536
3.511742207643536
3.511742207643536
3.4639046078012683
3.4639046078012683
3.4639046078012683
3.4639046078012683
3.4639046078012683
3.4560102855595005
3.4560102855595005
3.4560102855595005
3.4530604481963607
3.430707618622918
3.236146950188278
3.236146950188278
3.2128535776957676
3.2128535776957676
3.2128535776957676
3.2128535776957676
3.2128535776957676
3.199256968299075
3.1940170459015036
3.1940170459015036
3.1940170459015036
3.1930570543834307
3.1930570543834307
3.1930570543834307
3.1930570543834307
3.0991527766601905
3.0938584949650405
3.0938584949650405
3.0938584949650405
3.0938584949650405
3.0938584949650405
3.0816716714625514
3.043273267147562
3.043273267147562
3.043273267147562
3.0232879057559927
3.023047112071808
3.023047112071808
3.0191871105467314
3.0191871105467314
3.0043132582241157
3.0043132582241157
2.9881751721409557
2.9881751721409557
2.987536818312634
2.978936365506428
2.9457004217285814
2.911933429913816
2.911933429913816
2.870009111331207
2.852220353967553
2.852220353967553
2.847046144224109
2.836026752539837
2.836026752539837
2.8328257356726567
2.766779469519008
2.756585283526462
2.7407076943876163
2.7397366613407854
2.7397366613407854
2.7397366613407854
2.7318634767027206
2.7318634767027206
2.7217018138978517
2.71798450354688
2.71798450354688
2.71798450354688
2.71798450354688
2.71798450354688
2.6576453843631214
2.6576453843631214
2.6576453843631214
2.632189918284837
2.632189918284837
2.632189918284837
2.632189918284837
2.632189918284837
2.632189918284837
2.625811852503098
2.3561204136278207
2.355012433370078
2.355012433370078
2.355012433370078
2.3439621159347936
2.307691486857074
2.307691486857074
2.307691486857074
2.307573571313405
2.307573571313405
2.307573571313405
2.307573571313405
2.3025111383816537
2.3019264343795456
2.3019264343795456
2.2979240253863793
2.2979240253863793
2.2931381376373423
2.1702137590755086
2.165157535109735
2.165157535109735
2.0664573796065753
2.0664573796065753
2.063712197710146
2.063712197710146
2.063712197710146
2.046920399169096
2.040046893519907
2.040046893519907
2.040046893519907
2.040046893519907
2.0378108990704717
2.0357983351621343
2.0357983351621343
2.0357983351621343
2.0357983351621343
2.0357983351621343
2.0357983351621343
2.019558915827517
2.019558915827517
2.019558915827517
2.013099082420034
2.013099082420034
2.013099082420034
2.013099082420034
2.013099082420034
2.013099082420034
2.013099082420034
2.0113909411080755
2.0113909411080755
2.0113909411080755
2.0113909411080755
2.0077111087646102
2.0077111087646102
2.0077111087646102
2.0077111087646102
2.0077111087646102
2.005563351822154
1.9893922556969414
1.940990163555611
1.9327330470164554
1.9327330470164554
1.9234163701538876
1.9234163701538876
1.9216021233754645
1.8615906734101841
1.838128351224384
1.8290533951437666
1.806107362778512
1.806107362778512
1.80409902003165
1.8007781636148934
1.8007781636148934
1.8007781636148934
1.8007781636148934
1.8007781636148934
1.8007781636148934
1.8007781636148934
1.7950957822084703
1.7950957822084703
1.7950957822084703
1.792532604448155
1.792532604448155
1.7808822941300306
1.7610621465768972
1.714056364720662
1.6939163113668627
1.6939163113668627
1.6939163113668627
1.6939163113668627
1.6939163113668627
1.6939163113668627
1.6936752328817803
1.6936752328817803
1.6936752328817803
1.6936752328817803
1.688689442949638
1.688689442949638
1.688689442949638
1.688689442949638
1.688689442949638
1.688689442949638
1.688689442949638
1.688689442949638
1.6869985134853422
1.6869985134853422
1.6869985134853422
1.6869985134853422
1.6869985134853422
1.6869985134853422
1.6869985134853422
1.681357578874362
1.681357578874362
1.681357578874362
1.681357578874362
1.6173245375488676
1.6173245375488676
1.6173245375488676
1.6173245375488676
1.6173245375488676
1.6173245375488676
1.6173245375488676
1.615471495712093
1.615471495712093
1.615471495712093
1.615471495712093
1.615471495712093
1.6107000656194828
1.6107000656194828
1.6107000656194828
1.6107000656194828
1.6107000656194828
1.6107000656194828
1.6107000656194828
1.60680730152027
1.600617703016617
1.600617703016617
1.600617703016617
1.600617703016617
1.600617703016617
1.600617703016617
1.589242559387202
1.5433592517889778
1.5433592517889778
1.5433592517889778
1.5433592517889778
1.5433592517889778
1.5433592517889778
1.5433592517889778
1.5254646214104497
1.5254646214104497
1.5254646214104497
1.5254646214104497
1.5254646214104497
1.5254646214104497
1.5254646214104497
1.5254646214104497
1.5254646214104497
1.5254646214104497
1.4649806848030735
1.4649806848030735
1.4649806848030735
1.4649806848030735
1.4603905417917602
1.4563442288422621
1.4563442288422621
1.4563442288422621
1.4559907434666002
1.4559907434666002
1.4559907434666002
1.429747554818583
1.429747554818583
1.429747554818583
1.429747554818583
1.428683274890929
1.428683274890929
1.428683274890929
1.428683274890929
1.428683274890929
1.428683274890929
1.428683274890929
1.428683274890929
1.428683274890929
1.428683274890929
1.428683274890929
1.428683274890929
1.428683274890929
1.428683274890929
1.4284091252561097
1.4284091252561097
1.33816174769769
1.3052612136825061
1.3052612136825061
1.3052612136825061
1.3052612136825061
1.3052612136825061
1.2957429532122404
1.2957429532122404
1.2925161397157012
1.2925161397157012
1.2925161397157012
1.2924550384813216
1.2924550384813216
1.2924550384813216
1.2924550384813216
1.2924550384813216
1.2918233109458086
1.2701469325577648
1.2671681746448797
1.2455202714423308
1.2128665297682772
1.2128665297682772
1.2024770116575993
1.2024770116575993
1.2024770116575993
1.2024770116575993
1.2024770116575993
1.2024770116575993
1.2024770116575993
1.2024770116575993
1.2024770116575993
1.2024770116575993
1.2024770116575993
1.2024770116575993
1.2024770116575993
1.2024770116575993
1.1957298392260185
1.1957298392260185
1.1957298392260185
1.1957298392260185
1.1957298392260185
1.1811466825711392
1.1811466825711392
1.176591394778832
1.176591394778832
1.176591394778832
1.176591394778832
1.176591394778832
1.176591394778832
1.176591394778832
1.1277169978223611
1.1277169978223611
1.1277169978223611
1.1277169978223611
1.1277169978223611
1.1277169978223611
1.1277169978223611
1.1277169978223611
1.1277169978223611
1.1277169978223611
1.1277169978223611
1.1277169978223611
1.1277169978223611
1.1277169978223611
1.1277169978223611
1.1277169978223611
1.1277169978223611
1.1277169978223611
1.1277169978223611
1.1277169978223611
1.1277169978223611
1.1277169978223611
1.1277169978223611
1.1277169978223611
1.1277169978223611
1.1277169978223611
1.1277169978223611
1.1277169978223611
1.1277169978223611
1.1277169978223611
1.1277169978223611
1.1277169978223611
1.1069533271590686
1.104474515030084
1.1000394445450894
1.1000394445450894
1.1000394445450894
1.1000394445450894
1.0953646519647862
1.085070491518593
1.085070491518593
1.0815146954541248
1.0578646814522585
1.0578646814522585
1.0578646814522585
1.0578646814522585
1.0391642066228286
1.02233503000312
1.02233503000312
1.02233503000312
1.02233503000312
1.02233503000312
1.011775300786546
1.011775300786546
1.011775300786546
1.011775300786546
1.011775300786546
1.011775300786546
1.011775300786546
1.011775300786546
1.0112345990102298
1.0112345990102298
1.0112345990102298
0.9999413190911213
0.9999413190911213
0.9999413190911213
0.9999413190911213
0.9999413190911213
0.9935229606211067
0.9868819649043843
0.9868819649043843
0.9868819649043843
0.9868819649043843
0.9868819649043843
0.9868819649043843
0.9868819649043843
0.9651176810300655
0.9651176810300655
0.9600387882066173
0.9562689714451764
0.9562689714451764
0.9562689714451764
0.9533907407404669
0.9504019184008001
0.9487008611443741
0.9338837524045189
0.9338837524045189
0.9338837524045189
0.9338837524045189
0.9191449254783066
0.9142093615786493
0.9142093615786493
0.9142093615786493
0.9142093615786493
0.9142093615786493
0.9130108336198433
0.9008984855513944
0.9008984855513944
0.8826460380902432
0.8826460380902432
0.8826460380902432
0.8826460380902432
0.8826460380902432
0.8826460380902432
0.8826460380902432
0.8826460380902432
0.8826460380902432
0.8826460380902432
0.8700374871511158
0.8700374871511158
0.8644341764810832
0.8644341764810832
0.8644341764810832
0.8644341764810832
0.8644341764810832
0.8644341764810832
0.8644341764810832
0.8644341764810832
0.8644341764810832
0.8644341764810832
0.8644341764810832
0.8644341764810832
0.8644341764810832
0.8626198926712831
0.8626198926712831
0.8626198926712831
0.8626198926712831
0.8626198926712831
0.8626198926712831
0.8626198926712831
0.8626198926712831
0.8626198926712831
0.8626198926712831
0.8626198926712831
0.8626198926712831
0.8626198926712831
0.8626198926712831
0.8626198926712831
0.8626198926712831
0.8626198926712831
0.8626198926712831
0.8626198926712831
0.8626198926712831
0.8610665910709088
0.8610665910709088
0.8608439098538483
0.8608439098538483
0.8608439098538483
0.8608439098538483
0.8608439098538483
0.8608439098538483
0.8608439098538483
0.8608439098538483
0.8608439098538483
0.8608439098538483
0.856110681063079
0.8095541007464391
0.8095541007464391
0.7808605969410181
0.7808605969410181
0.7806040775696772
0.7806040775696772
0.7753501881943379
0.7708454233136024
0.7296617519605348
0.7296617519605348
0.7294970396230624
0.7284785631998645
0.7284785631998645
0.7284785631998645
0.7284785631998645
0.7284785631998645
0.7284785631998645
0.7284785631998645
0.7284785631998645
0.7284785631998645
0.7284785631998645
0.7284785631998645
0.7186927775290144
0.7186927775290144
0.7186927775290144
0.7186927775290144
0.7186927775290144
0.7186927775290144
0.7186927775290144
0.7186927775290144
0.7186927775290144
0.7186927775290144
0.7185605142718217
0.7185605142718217
0.7158629181721281
0.7158629181721281
0.7158629181721281
0.7158629181721281
0.7158629181721281
0.7158629181721281
0.7158629181721281
0.7158629181721281
0.7158629181721281
0.7158629181721281
0.7158629181721281
0.7158629181721281
0.7158629181721281
0.7158629181721281
0.7158629181721281
0.7158629181721281
0.7158629181721281
0.7158629181721281
0.7151553328033273
0.7128818622885262
0.7128818622885262
0.7118409426752805
0.6984168827600428
0.6871748691480803
0.6871748691480803
0.6870542893542293
0.6819737073742758
0.6819737073742758
0.6795506128382556
0.6795506128382556
0.6760057497785184
0.6760057497785184
0.667153073577964
0.667153073577964
0.667153073577964
0.667153073577964
0.6627970968698023
0.6575990956111326
0.6575990956111326
0.6575990956111326
0.6575990956111326
0.6575990956111326
0.6575990956111326
0.6575990956111326
0.6261892849338224
0.6261892849338224
0.6261892849338224
0.6168683526376029
0.6168683526376029
0.6085930451722348
0.6033509726816675
0.6033509726816675
0.6031818186618878
0.5987679696365049
0.5987679696365049
0.5987679696365049
0.5978968018303448
0.5978968018303448
0.5919525302036917
0.5919525302036917
0.5919525302036917
0.5919525302036917
0.5919525302036917
0.5919525302036917
0.5919525302036917
0.5919525302036917
0.5919525302036917
0.5919525302036917
0.5919525302036917
0.5919525302036917
0.5919525302036917
0.5919525302036917
0.5892397675185777
0.5892397675185777
0.5873284329418951
0.5873284329418951
0.5873284329418951
0.5873284329418951
0.5873284329418951
0.5873284329418951
0.5873284329418951
0.5873284329418951
0.5873284329418951
0.5873284329418951
0.5873284329418951
0.5873284329418951
0.5873284329418951
0.5838014024604092
0.575717153418978
0.575717153418978
0.575717153418978
0.575717153418978
0.575717153418978
0.5736304563801511
0.5736304563801511
0.5728007296060227
0.5728007296060227
0.5728007296060227
0.5629114838805549
0.5462895445651839
0.5462895445651839
0.54386159656719
0.54386159656719
0.54386159656719
0.5419146561029677
0.539762825218979
0.5309535860768264
0.5189257304926969
0.5189257304926969
0.5173609005801225
0.5173609005801225
0.5173609005801225
0.5139937592915302
0.5139937592915302
0.500834310369207
0.500834310369207
0.4998072103258906
0.45739834732176377
0.45739834732176377
0.45739834732176377
0.45739834732176377
0.45739834732176377
0.45739834732176377
0.45739834732176377
0.45739834732176377
0.45739834732176377
0.45739834732176377
0.41092287423691687
0.3918564658754704
0.3918564658754704
0.3918564658754704
0.3918564658754704
0.3918564658754704
0.3918564658754704
0.3918564658754704
0.3918564658754704
0.3918564658754704
0.3918564658754704
0.3918564658754704
0.3911195700784731
0.3911195700784731
0.38874028138274497
0.38874028138274497
0.38874028138274497
0.38874028138274497
0.38874028138274497
0.38874028138274497
0.38874028138274497
0.3869034010684018
0.3869034010684018
0.3834791343808206
0.3834791343808206
0.3834791343808206
0.3834791343808206
0.3834791343808206
0.3834791343808206
0.3834791343808206
0.3795092412828325
0.3771287653056419
0.3771287653056419
0.3771287653056419
0.3771287653056419
0.3771287653056419
0.3771287653056419
0.3771287653056419
0.3771287653056419
0.3771287653056419
0.3771287653056419
0.3771287653056419
0.3550255339877708
0.3550255339877708
0.3550255339877708
0.3516035125565722
0.3516035125565722
0.3516035125565722
0.3516035125565722
0.3516035125565722
0.3516035125565722
0.3516035125565722
0.3516035125565722
0.3469734836492506
0.3417651261328345
0.3417651261328345
0.3417651261328345
0.3417651261328345
0.3395893290974641
0.3395893290974641
0.3395893290974641
0.3395893290974641
0.3395893290974641
0.3395893290974641
0.3359916311090032
0.3359916311090032
0.3359916311090032
0.3359916311090032
0.3359916311090032
0.3359916311090032
0.3359916311090032
0.3359916311090032
0.32939037738174903
0.32939037738174903
0.32852006009780865
0.30906429693007453
0.30906429693007453
0.30713563976745917
0.30713563976745917
0.3023414295172486
0.3023414295172486
0.3023414295172486
0.3023414295172486
0.2971726429430248
0.2944779033509022
0.2944779033509022
0.29026983067833356
0.29026983067833356
0.29026983067833356
0.28973711480260533
0.28973711480260533
0.28973711480260533
0.28589374620184316
0.28589374620184316
0.28589374620184316
