13.194066068037838
13.1728636370926
13.119514306809652
13.119514306809652
13.119514306809652
12.411887147713742
11.51473922171444
11.51473922171444
11.51473922171444
11.51473922171444
11.51473922171444
11.51473922171444
11.51473922171444
10.332266302162598
10.332266302162598
10.332266302162598
10.332266302162598
10.332266302162598
10.332266302162598
9.833968835788824
9.833968835788824
9.83145828991772
9.83145828991772
9.83145828991772
9.83145828991772
9.284127015336516
9.284127015336516
9.284127015336516
9.284127015336516
9.284127015336516
9.284127015336516
9.284127015336516
9.284127015336516
9.284127015336516
9.284127015336516
9.284127015336516
9.284127015336516
8.896359972658225
8.685823934580597
8.685823934580597
8.685823934580597
8.685823934580597
8.685823934580597
8.685823934580597
8.685823934580597
8.685823934580597
8.685823934580597
8.685823934580597
8.65618728466201
8.599477035808135
8.425262274210585
8.425262274210585
8.425262274210585
8.425262274210585
8.336980340083933
8.336980340083933
8.336980340083933
8.329063385752814
8.329063385752814
8.329063385752814
7.855719727584159
7.855719727584159
7.855719727584159
7.855719727584159
7.708342237040718
7.708342237040718
7.708342237040718
7.676881704578797
7.676881704578797
7.44906887457681
7.44906887457681
7.44906887457681
7.44906887457681
7.44906887457681
7.44906887457681
7.44906887457681
7.44906887457681
7.44906887457681
7.44906887457681
7.44906887457681
7.44906887457681
6.854083338802184
6.854083338802184
6.854083338802184
6.854083338802184
6.854083338802184
6.854083338802184
6.854083338802184
6.702400071321193
6.702400071321193
6.702400071321193
6.702400071321193
6.702400071321193
6.702400071321193
6.43644948400047
6.43644948400047
6.43644948400047
6.43644948400047
5.928786816771634
5.928786816771634
5.928786816771634
5.928786816771634
5.928786816771634
5.928786816771634
5.928786816771634
5.928786816771634
5.905353190626457
5.905353190626457
5.843518657227413
5.843518657227413
5.713091252959849
5.713091252959849
5.713091252959849
5.713091252959849
5.698237997571724
5.698237997571724
5.698237997571724
5.698237997571724
5.698237997571724
5.2693991107526585
5.2693991107526585
5.2693991107526585
5.2693991107526585
5.2693991107526585
5.2693991107526585
5.2693991107526585
5.2693991107526585
5.2693991107526585
5.2693991107526585
5.222692177987305
5.222692177987305
5.222692177987305
5.222692177987305
5.222692177987305
5.189504979334458
5.189504979334458
5.189504979334458
5.189504979334458
5.189504979334458
4.915723941850686
4.915723941850686
4.646489457224284
4.646489457224284
4.518465318167934
4.0905249884442085
4.0905249884442085
4.0905249884442085
4.0905249884442085
4.0905249884442085
4.03972751755785
4.03972751755785
4.03972751755785
4.03972751755785
4.03972751755785
4.03972751755785
4.03972751755785
4.029392557369029
3.943963267017871
3.943963267017871
3.943963267017871
3.943963267017871
3.943963267017871
3.943963267017871
3.900651236265091
3.900651236265091
3.8353803361721432
3.5357515643030126
3.5357515643030126
3.5357515643030126
3.5357515643030126
3.5066565586785714
3.19384375094355
3.19384375094355
3.19384375094355
3.19384375094355
3.19384375094355
3.19384375094355
3.1733123971701573
3.1733123971701573
3.1733123971701573
2.909850726353291
2.909850726353291
2.909850726353291
2.909850726353291
2.909850726353291
2.909850726353291
2.909850726353291
2.909850726353291
2.909850726353291
2.909850726353291
2.909850726353291
2.909850726353291
2.909850726353291
2.761650068625677
2.761650068625677
2.761650068625677
2.761650068625677
2.761650068625677
2.761650068625677
2.761650068625677
2.761650068625677
2.761650068625677
2.761650068625677
2.449286272640947
2.449286272640947
2.449286272640947
2.449286272640947
2.449286272640947
2.449286272640947
2.449286272640947
2.449286272640947
2.449286272640947
2.449286272640947
2.449286272640947
2.449286272640947
2.449286272640947
2.449286272640947
2.449286272640947
2.449286272640947
2.449286272640947
2.449286272640947
2.449286272640947
2.449286272640947
2.4398320418958406
2.4398320418958406
2.436206028835258
2.331853078950978
2.331853078950978
2.331853078950978
2.2701827953973748
2.2701827953973748
2.2701827953973748
2.226570588491711
2.226570588491711
2.226570588491711
2.226570588491711
2.226570588491711
2.226570588491711
2.1849893705048373
2.1849893705048373
2.1849893705048373
2.1849893705048373
2.175614221307029
2.1657412240502154
2.144315981169001
2.144315981169001
2.115206361586374
2.115206361586374
2.031449564479587
2.031449564479587
2.031449564479587
2.031449564479587
2.031449564479587
2.014555370015593
2.014555370015593
2.014555370015593
2.014555370015593
2.014555370015593
2.014555370015593
2.014555370015593
2.014555370015593
2.009403502688933
1.967906669950274
1.9570784749252113
1.9570784749252113
1.9570784749252113
1.9570784749252113
1.8604066264388948
1.8604066264388948
1.8604066264388948
1.8604066264388948
1.8604066264388948
1.8604066264388948
1.8604066264388948
1.8604066264388948
1.8604066264388948
1.8604066264388948
1.8604066264388948
1.8225093424411511
1.8225093424411511
1.8144554473360088
1.8144554473360088
1.8144554473360088
1.7644908032384592
1.7644908032384592
1.703208931430801
1.703208931430801
1.703208931430801
1.703208931430801
1.703208931430801
1.703208931430801
1.703208931430801
1.703208931430801
1.703208931430801
1.703208931430801
1.6199810116239988
1.6199810116239988
1.6199810116239988
1.6199810116239988
1.6199810116239988
1.6199810116239988
1.6071227104080634
1.532448090220491
1.532448090220491
1.532448090220491
1.5272970259806797
1.5272970259806797
1.5272970259806797
1.5086500296150476
1.5086500296150476
1.5086500296150476
1.5086500296150476
1.5086500296150476
1.5086500296150476
1.5086500296150476
1.5086500296150476
1.5086500296150476
1.5086500296150476
1.4627364868860724
1.4627364868860724
1.4627364868860724
1.4627364868860724
1.4627364868860724
1.4627364868860724
1.4627364868860724
1.4627364868860724
1.438668069603935
1.438668069603935
1.4120305061530658
1.4120305061530658
1.4120305061530658
1.4120305061530658
1.4120305061530658
1.4120305061530658
1.4120305061530658
1.4120305061530658
1.4120305061530658
1.4120305061530658
1.4120305061530658
1.4120305061530658
1.4120305061530658
1.4120305061530658
1.4120305061530658
1.3814593790815692
1.3814593790815692
1.3205140231228043
1.3205140231228043
1.3205140231228043
1.3205140231228043
1.0353794217084697
1.0353794217084697
1.0353794217084697
1.0353794217084697
1.0353794217084697
1.0353794217084697
1.0353794217084697
1.0353794217084697
1.0353794217084697
1.0353794217084697
1.0353794217084697
1.0353794217084697
1.0353794217084697
1.0353794217084697
1.0353794217084697
1.0353794217084697
1.0353794217084697
1.0353794217084697
1.0353794217084697
1.0353794217084697
1.0353794217084697
1.0353794217084697
1.0353794217084697
1.0353794217084697
1.0250187806215791
1.0250187806215791
1.0250187806215791
1.0250187806215791
1.0250187806215791
0.9903821241257873
0.9903821241257873
0.944887079880111
0.944887079880111
0.944887079880111
0.944887079880111
0.944887079880111
0.944887079880111
0.9333668724042923
0.9333668724042923
0.9333668724042923
0.9333668724042923
0.9333668724042923
0.9333668724042923
0.9333668724042923
0.9333668724042923
0.9333668724042923
0.9333668724042923
0.9333668724042923
0.9333668724042923
0.9333668724042923
0.9333668724042923
0.9333668724042923
0.8641726189534751
0.8641726189534751
0.8641726189534751
0.8641726189534751
0.8641726189534751
0.8605420752762853
0.8531255459702081
0.8531255459702081
0.8531255459702081
0.7988538427911607
0.7988538427911607
0.7988538427911607
0.7988538427911607
0.7988538427911607
0.7988538427911607
0.7988538427911607
0.7988538427911607
0.7988538427911607
0.7988538427911607
0.7988538427911607
0.7988538427911607
0.7988538427911607
0.7960591749080947
0.7960591749080947
0.7959273461528866
0.7959273461528866
0.7959273461528866
0.7959273461528866
0.7959273461528866
0.7901895919793773
0.7901895919793773
0.7901895919793773
0.7895397294009996
0.7895397294009996
0.7703037050379393
0.7703037050379393
0.730462190394455
0.730462190394455
0.730462190394455
0.730462190394455
0.730462190394455
0.730462190394455
0.6296193913380606
0.6296193913380606
0.6296193913380606
0.6296193913380606
0.6296193913380606
0.6296193913380606
0.6296193913380606
0.6296193913380606
0.6296193913380606
0.6296193913380606
0.6296193913380606
0.5938278408287516
0.5938278408287516
0.5938278408287516
0.5938278408287516
0.5938278408287516
0.5938278408287516
0.5938278408287516
0.5938278408287516
0.5938278408287516
0.5938278408287516
0.5938278408287516
0.5938278408287516
0.5938278408287516
0.5938278408287516
0.5938278408287516
0.5938278408287516
0.5938278408287516
0.5938278408287516
0.5938278408287516
0.5938278408287516
0.5889573215623543
0.5683957540032623
0.5683957540032623
0.546137426097431
0.546137426097431
0.546137426097431
0.546137426097431
0.546137426097431
0.546137426097431
0.5289283299012268
0.5289283299012268
0.5289283299012268
0.5065617890819709
0.5065617890819709
0.5065617890819709
0.4907437127442762
0.4907437127442762
0.4907437127442762
0.4907437127442762
0.4907437127442762
0.4907437127442762
0.4907437127442762
0.4907437127442762
0.4907437127442762
0.4907437127442762
0.47730705879116186
0.47730705879116186
0.47730705879116186
0.47730705879116186
0.47730705879116186
0.47730705879116186
0.47730705879116186
0.47377707755651244
0.47377707755651244
0.47377707755651244
0.47377707755651244
0.47377707755651244
0.4723522871258865
0.4723522871258865
0.4723522871258865
0.4723522871258865
0.4723522871258865
0.4723522871258865
0.4723522871258865
0.4723522871258865
0.4521472417331651
0.45066436982835967
0.42028934039188925
0.42028934039188925
0.42028934039188925
0.42028934039188925
0.42028934039188925
0.42028934039188925
0.42028934039188925
0.38924889813664976
0.38924889813664976
0.38924889813664976
0.38924889813664976
0.38924889813664976
0.38924889813664976
0.38924889813664976
0.38924889813664976
0.38924889813664976
0.38924889813664976
0.3789629787205939
0.3789629787205939
0.3789629787205939
0.36327672923547993
0.36327672923547993
0.36327672923547993
0.36327672923547993
0.36327672923547993
0.36327672923547993
0.36327672923547993
0.36327672923547993
0.36327672923547993
0.36327672923547993
0.36327672923547993
0.3424959991489942
0.33447670956107345
0.33447670956107345
0.33447670956107345
0.33447670956107345
0.33447670956107345
0.33447670956107345
0.33447670956107345
0.33447670956107345
0.33447670956107345
0.33447670956107345
0.33447670956107345
0.33447670956107345
0.33447670956107345
0.33447670956107345
0.33447670956107345
0.33447670956107345
0.33447670956107345
0.33447670956107345
0.33447670956107345
0.33447670956107345
0.33447670956107345
0.317750817171472
0.317750817171472
0.317750817171472
0.317750817171472
0.317750817171472
0.317750817171472
0.317750817171472
0.317750817171472
0.317750817171472
0.30083117775657797
0.30083117775657797
0.30083117775657797
0.30083117775657797
0.30083117775657797
0.29914739933985857
0.29914739933985857
0.29914739933985857
0.29914739933985857
0.29914739933985857
0.2934247525665512
0.2934247525665512
0.2934247525665512
0.2934247525665512
0.27585508399964453
0.27585508399964453
0.27585508399964453
0.27585508399964453
0.27585508399964453
0.27585508399964453
0.27585508399964453
0.27585508399964453
0.27585508399964453
0.27195166637218193
0.27195166637218193
0.2462692239265536
0.2462692239265536
0.2462692239265536
0.2462692239265536
0.2462692239265536
0.2462692239265536
0.2462692239265536
0.2462692239265536
0.2462692239265536
0.2462692239265536
0.2462692239265536
0.2462692239265536
0.2462692239265536
0.2366954613602914
0.2366954613602914
0.2366954613602914
0.2366954613602914
0.2262555254690568
0.2262555254690568
0.2262555254690568
0.2262555254690568
0.2262555254690568
0.22559210633825444
0.22559210633825444
0.22559210633825444
0.22559210633825444
0.22559210633825444
0.22559210633825444
0.22559210633825444
0.20853604872097975
0.20853604872097975
0.20853604872097975
0.20853604872097975
0.20853604872097975
0.20853604872097975
0.20853604872097975
0.20853604872097975
0.20853604872097975
0.20853604872097975
0.20853604872097975
0.20853604872097975
0.20853604872097975
0.20788587879644638
0.19095182531543742
0.19095182531543742
0.19095182531543742
0.19095182531543742
0.19095182531543742
0.19095182531543742
0.19095182531543742
0.19095182531543742
0.18825319656151862
0.18825319656151862
0.1834541255567288
0.18220536423224587
0.18220536423224587
0.1761802189881152
0.1614672252950058
0.1614672252950058
0.1614672252950058
0.1614672252950058
0.1614672252950058
0.1614672252950058
0.1614672252950058
0.1614672252950058
0.1614672252950058
0.1614672252950058
0.1614672252950058
0.1614672252950058
0.1614672252950058
0.15488532752539896
0.15488532752539896
0.1405149059741717
0.1405149059741717
0.1405149059741717
0.1405149059741717
0.13296094378847556
0.13296094378847556
0.13296094378847556
0.13296094378847556
0.13296094378847556
0.13296094378847556
0.13296094378847556
0.13296094378847556
0.13296094378847556
0.12849082746136276
0.12849082746136276
0.12849082746136276
0.12849082746136276
0.12849082746136276
0.12815000145906197
0.12815000145906197
0.12815000145906197
0.12815000145906197
0.12815000145906197
0.12815000145906197
0.1196332112716263
0.1196332112716263
0.1196332112716263
0.1196332112716263
0.1196332112716263
0.1196332112716263
0.1196332112716263
0.1196332112716263
0.1196332112716263
0.1196332112716263
0.1196332112716263
0.1196332112716263
0.1196332112716263
0.1196332112716263
0.1196332112716263
0.1196332112716263
0.1196332112716263
0.1196332112716263
0.1196332112716263
0.1196332112716263
0.1196332112716263
0.1196332112716263
0.1196332112716263
0.1196332112716263
0.1196332112716263
0.1196332112716263
0.1196332112716263
0.09239196029839292
0.09239196029839292
0.09239196029839292
0.09239196029839292
0.09239196029839292
0.09239196029839292
0.09239196029839292
0.09239196029839292
0.09239196029839292
0.09239196029839292
0.09239196029839292
0.09239196029839292
0.09239196029839292
0.09239196029839292
0.09239196029839292
0.09239196029839292
0.08823587120213716
0.08823587120213716
0.08823587120213716
0.08823587120213716
0.08823587120213716
0.08823587120213716
0.08823587120213716
0.08823587120213716
0.08823587120213716
0.08823587120213716
0.08823587120213716
0.08823587120213716
0.08823587120213716
0.08823587120213716
0.07757872003373478
0.07757872003373478
0.07757872003373478
0.07757872003373478
0.07757872003373478
0.07757872003373478
0.07757872003373478
0.07757872003373478
0.07757872003373478
0.07757872003373478
0.07757872003373478
0.07757872003373478
0.07757872003373478
0.0753775452878287
0.0753775452878287
0.0753775452878287
0.0753775452878287
0.0753775452878287
0.0753775452878287
0.07472880871740273
0.06946718605436786
0.06946718605436786
0.06946718605436786
0.06946718605436786
0.06946718605436786
0.06645794485895351
0.06645794485895351
0.06645794485895351
0.06645794485895351
0.06645794485895351
0.06645794485895351
0.06645794485895351
0.06509602443459528
0.06509602443459528
0.06509602443459528
0.0634930915391152
0.0634930915391152
0.0634930915391152
0.0634930915391152
0.0634930915391152
0.0634930915391152
0.0634930915391152
0.0634930915391152
0.0634930915391152
0.0634930915391152
0.0634930915391152
0.06272730879008748
0.06139808004809311
0.06139808004809311
0.06139808004809311
0.06139808004809311
0.06139808004809311
0.06139808004809311
0.06139808004809311
0.06139808004809311
0.06139808004809311
0.06139808004809311
0.06139808004809311
0.06139808004809311
0.06139808004809311
0.06139808004809311
0.06054724678827483
0.06054724678827483
0.06054724678827483
0.05794148358712192
0.05794148358712192
0.05747817376367692
0.05747817376367692
0.05625538037036648
0.05625538037036648
0.05625538037036648
0.05625538037036648
0.05625538037036648
0.05625538037036648
0.05625538037036648
0.05625538037036648
0.05625538037036648
0.0473377824123844
0.0473377824123844
0.0473377824123844
0.0473377824123844
0.0473377824123844
0.0473377824123844
0.0473377824123844
0.0473377824123844
0.0473377824123844
0.0473377824123844
0.0473377824123844
0.0473377824123844
0.0473377824123844
0.0473377824123844
0.0473377824123844
0.0473377824123844
0.0473377824123844
0.0473377824123844
0.0473377824123844
0.0473377824123844
0.0473377824123844
0.04595390963440593
0.04595390963440593
0.04595390963440593
0.04416818760730479
0.04416818760730479
0.04416818760730479
0.04416818760730479
0.04416818760730479
0.04416818760730479
0.04416818760730479
0.04391053613860407
0.043798167801163856
0.043798167801163856
0.043798167801163856
0.043798167801163856
0.040827699374546
0.040827699374546
0.040827699374546
0.040827699374546
0.040827699374546
0.040827699374546
0.040827699374546
0.0384389007641488
0.0384389007641488
0.0384389007641488
0.0384389007641488
0.0384389007641488
0.0384389007641488
0.0384389007641488
0.0384389007641488
0.0384389007641488
0.03571215732311117
0.03571215732311117
0.03571215732311117
0.03571215732311117
0.033600944156063406
0.033600944156063406
0.033600944156063406
0.033600944156063406
0.033600944156063406
0.033600944156063406
0.033600944156063406
0.033600944156063406
0.033600944156063406
0.033600944156063406
0.033600944156063406
0.033600944156063406
0.033600944156063406
0.033600944156063406
0.033600944156063406
0.033600944156063406
0.033600944156063406
0.033600944156063406
0.031230673474524906
0.031230673474524906
0.031230673474524906
0.031230673474524906
0.031230673474524906
0.031230673474524906
0.031230673474524906
0.031230673474524906
0.031230673474524906
0.031230673474524906
0.031230673474524906
0.031230673474524906
0.031230673474524906
0.031230673474524906
0.029398845074631197
0.029398845074631197
0.029398845074631197
0.029398845074631197
0.029398845074631197
0.02897707334663835
0.02897707334663835
0.027974022784555075
0.027974022784555075
0.027974022784555075
0.027974022784555075
0.025400287902222374
0.025400287902222374
0.025400287902222374
0.025400287902222374
0.025400287902222374
0.025400287902222374
0.025400287902222374
0.025400287902222374
0.025400287902222374
0.025400287902222374
0.025400287902222374
0.025400287902222374
0.025400287902222374
0.025400287902222374
0.025400287902222374
0.025400287902222374
0.025400287902222374
0.025400287902222374
0.025400287902222374
0.025400287902222374
0.025400287902222374
0.025400287902222374
0.025400287902222374
0.02523967899495716
0.02523967899495716
0.024787367329729193
0.024787367329729193
0.024787367329729193
0.024787367329729193
0.024787367329729193
0.024787367329729193
0.02435801355672851
0.02435801355672851
0.02435801355672851
0.02435801355672851
0.02435801355672851
0.023161876088174438
0.023161876088174438
0.023161876088174438
0.023161876088174438
0.023161876088174438
0.023161876088174438
0.023161876088174438
0.023161876088174438
0.023161876088174438
0.023113776703269195
0.022900111812056423
0.022900111812056423
0.020695581247714756
0.020695581247714756
0.020695581247714756
0.020695581247714756
0.020695581247714756
0.020695581247714756
0.020695581247714756
0.020695581247714756
0.020695581247714756
0.020695581247714756
0.020113549888314708
0.020113549888314708
0.020113549888314708
0.020113549888314708
0.020113549888314708
