0.0028219223022460938
0.002748727798461914
0.0026564598083496094
0.0026733875274658203
0.0026912689208984375
0.002685546875
0.002782583236694336
0.002822399139404297
0.002657651901245117
0.0026938915252685547
0.0027446746826171875
0.002852916717529297
0.0028498172760009766
0.0028738975524902344
0.002830982208251953
0.002813577651977539
0.0026674270629882812
0.0028655529022216797
0.002863168716430664
0.002748727798461914
0.002723217010498047
0.0028722286224365234
0.0026345252990722656
0.002872467041015625
0.002876758575439453
0.002813577651977539
0.0030469894409179688
0.0029501914978027344
0.003096342086791992
0.0028858184814453125
0.002822399139404297
0.002805471420288086
0.0029015541076660156
0.0029039382934570312
0.0027163028717041016
0.002821683883666992
0.002948284149169922
0.003056049346923828
0.002782106399536133
0.002844095230102539
0.00290679931640625
0.0030088424682617188
0.0029234886169433594
0.0027832984924316406
0.003101348876953125
0.003132343292236328
0.0031538009643554688
0.0027816295623779297
0.002920866012573242
0.0031163692474365234
0.0028760433197021484
0.0027625560760498047
0.002939939498901367
0.003053426742553711
0.0030291080474853516
0.00283050537109375
0.0029668807983398438
0.0029859542846679688
0.002973318099975586
0.002800464630126953
0.002895832061767578
0.0028574466705322266
0.0030624866485595703
0.002937793731689453
0.0027794837951660156
0.0028755664825439453
0.003017425537109375
0.002986431121826172
0.002961397171020508
0.0030007362365722656
0.002927541732788086
0.0031282901763916016
0.003034353256225586
0.0028684139251708984
0.0030863285064697266
0.0030260086059570312
0.0028824806213378906
0.002949237823486328
0.002966165542602539
0.0030138492584228516
0.0028946399688720703
0.0029244422912597656
0.003042459487915039
0.0029234886169433594
0.002868175506591797
0.002727031707763672
0.0028848648071289062
0.002816915512084961
0.0028281211853027344
0.0027914047241210938
0.0028755664825439453
0.002881765365600586
0.002628803253173828
0.0027344226837158203
0.002772808074951172
0.0027146339416503906
0.002637624740600586
0.0027620792388916016
0.0027577877044677734
0.002570629119873047
0.0027663707733154297
0.0027511119842529297
0.0025742053985595703
0.002595186233520508
0.0026237964630126953
0.0025756359100341797
0.0025348663330078125
0.002588033676147461
0.002573728561401367
0.0026655197143554688
0.0025899410247802734
0.002490997314453125
0.0024394989013671875
0.002518177032470703
0.002560853958129883
0.0024340152740478516
0.002641916275024414
0.0026857852935791016
0.002519845962524414
0.002704620361328125
0.0026438236236572266
0.002644777297973633
0.0025739669799804688
0.002627849578857422
0.0026133060455322266
0.002672910690307617
0.00262451171875
0.0025434494018554688
0.0026924610137939453
0.0025696754455566406
0.002529621124267578
0.0026531219482421875
0.002598285675048828
0.002599477767944336
0.002565622329711914
0.0026149749755859375
0.0025954246520996094
0.002680540084838867
0.0026595592498779297
0.0026099681854248047
0.002646923065185547
0.002567291259765625
0.002694845199584961
0.0026824474334716797
0.002570629119873047
0.0027222633361816406
0.0027587413787841797
0.0026917457580566406
0.002660512924194336
0.0027098655700683594
0.0028765201568603516
0.0028755664825439453
0.0028879642486572266
0.002852916717529297
0.0029065608978271484
0.0028548240661621094
0.002810239791870117
0.002828359603881836
0.0028505325317382812
0.0027399063110351562
0.0027570724487304688
0.0029222965240478516
0.002739429473876953
0.0027048587799072266
0.002854585647583008
0.0026793479919433594
0.002691507339477539
0.0026047229766845703
0.0027468204498291016
0.0027027130126953125
0.002696514129638672
0.002921581268310547
0.0026760101318359375
0.0027348995208740234
0.0026330947875976562
0.0027053356170654297
0.0027251243591308594
0.002728700637817383
0.0027747154235839844
0.0027551651000976562
0.0026803016662597656
0.002727508544921875
0.0027370452880859375
0.002748250961303711
0.00272369384765625
0.002647876739501953
0.0027396678924560547
0.0026845932006835938
0.002667665481567383
0.002808094024658203
0.0027489662170410156
0.0027883052825927734
0.002668619155883789
0.0027685165405273438
0.002679586410522461
0.002630949020385742
0.0027053356170654297
0.002706766128540039
0.0026824474334716797
0.002660036087036133
0.0027382373809814453
0.0026412010192871094
0.0027620792388916016
0.0026311874389648438
0.002712249755859375
0.0026655197143554688
0.002700328826904297
0.0026862621307373047
0.0028760433197021484
0.0026488304138183594
0.002643108367919922
0.0025968551635742188
0.0026445388793945312
0.002604246139526367
0.002674579620361328
0.0025887489318847656
0.0026040077209472656
0.0025756359100341797
0.0025835037231445312
0.002705812454223633
0.002575397491455078
0.0026061534881591797
0.0026390552520751953
0.0025904178619384766
0.0027017593383789062
0.002687215805053711
0.0025777816772460938
0.0026557445526123047
0.0026268959045410156
0.002642393112182617
0.0026531219482421875
0.002590656280517578
0.002599477767944336
0.0027382373809814453
0.002646923065185547
0.0026073455810546875
0.0026230812072753906
0.002703428268432617
0.00264739990234375
0.0026290416717529297
0.0025975704193115234
0.0026412010192871094
0.0026121139526367188
0.0025773048400878906
0.0026798248291015625
0.0026619434356689453
0.0025758743286132812
0.002661466598510742
0.0026051998138427734
0.002630949020385742
0.0025627613067626953
0.002597808837890625
0.0026197433471679688
0.0025844573974609375
0.00273895263671875
0.0027015209197998047
0.0026607513427734375
0.0026137828826904297
0.0026547908782958984
0.0025892257690429688
0.0026252269744873047
0.0026183128356933594
0.002622842788696289
0.0026328563690185547
0.002601146697998047
0.0025777816772460938
0.0026352405548095703
0.0025987625122070312
0.002644777297973633
0.0026378631591796875
0.002766847610473633
0.0025796890258789062
0.002610445022583008
0.0025734901428222656
0.0025818347930908203
0.002704620361328125
0.0026323795318603516
0.0026845932006835938
0.0026183128356933594
0.002614736557006836
0.002718210220336914
0.0026407241821289062
0.0026764869689941406
0.0025815963745117188
0.002566099166870117
0.002584218978881836
0.0025587081909179688
0.0025787353515625
0.002587556838989258
0.002630949020385742
0.002587556838989258
0.0027008056640625
0.0025985240936279297
0.0025920867919921875
0.0026578903198242188
0.0025489330291748047
0.0026738643646240234
0.0026214122772216797
0.0026540756225585938
0.002696514129638672
0.0026967525482177734
0.0025615692138671875
0.0026357173919677734
0.002708911895751953
0.0026702880859375
0.002559661865234375
0.0025725364685058594
0.0027561187744140625
0.0026090145111083984
0.0025713443756103516
0.002686023712158203
0.002651214599609375
0.002705097198486328
0.0026280879974365234
0.0025758743286132812
0.0025763511657714844
0.002626657485961914
0.0026378631591796875
0.002557992935180664
0.002674102783203125
0.0025892257690429688
0.002687692642211914
0.0026590824127197266
0.0025589466094970703
0.0026025772094726562
0.002672910690307617
0.002751588821411133
0.0026848316192626953
0.002692699432373047
0.0026617050170898438
0.002636432647705078
0.002644777297973633
0.0027399063110351562
0.002582073211669922
0.0027458667755126953
0.0027685165405273438
0.0026464462280273438
0.002883434295654297
0.002736806869506836
0.0025815963745117188
0.0027413368225097656
0.002592325210571289
0.002620697021484375
0.0026857852935791016
0.0028314590454101562
0.002663850784301758
0.0029249191284179688
0.0026869773864746094
0.002779245376586914
0.0028328895568847656
0.0026786327362060547
0.002791166305541992
0.0027112960815429688
0.002780437469482422
0.0027925968170166016
0.0026721954345703125
0.002737760543823242
0.002664804458618164
0.002862691879272461
0.002785205841064453
0.0027489662170410156
0.002613067626953125
0.0026679039001464844
0.003046274185180664
0.0026929378509521484
0.002772808074951172
0.0027933120727539062
0.0028569698333740234
0.002758502960205078
0.0026454925537109375
0.0026292800903320312
0.0027201175689697266
0.0026967525482177734
0.0025911331176757812
0.002568483352661133
0.002763509750366211
0.002942800521850586
0.00278472900390625
0.0028944015502929688
0.002921581268310547
0.002754688262939453
0.0028181076049804688
0.0029082298278808594
0.0028405189514160156
0.002840757369995117
0.002786874771118164
0.002774953842163086
0.0028471946716308594
0.002821207046508789
0.0028700828552246094
0.0027141571044921875
0.002689838409423828
0.002596616744995117
0.0026960372924804688
0.002640247344970703
0.002656221389770508
0.0025701522827148438
0.002572298049926758
0.0026845932006835938
0.002674102783203125
0.002573728561401367
0.0025789737701416016
0.0026445388793945312
0.0027589797973632812
0.0025870800018310547
0.0026035308837890625
0.00264739990234375
0.0026569366455078125
0.0025768280029296875
0.0025734901428222656
0.0026912689208984375
0.0026769638061523438
0.002723217010498047
0.0026657581329345703
0.0027875900268554688
0.002652883529663086
0.0026061534881591797
0.002666950225830078
0.0025718212127685547
0.002603769302368164
0.0026781558990478516
0.0026433467864990234
0.0025634765625
0.002569437026977539
0.0027153491973876953
0.0027506351470947266
0.0026841163635253906
0.002680540084838867
0.0027170181274414062
0.002658367156982422
0.0027773380279541016
0.0026619434356689453
0.0026082992553710938
0.0028839111328125
0.0027921199798583984
0.002905607223510742
0.002756357192993164
0.002656698226928711
0.002663850784301758
0.002733469009399414
0.002567768096923828
0.0028014183044433594
0.002711057662963867
0.002685546875
0.002695322036743164
0.0027244091033935547
0.002718687057495117
0.002655029296875
0.002772808074951172
0.0027399063110351562
0.0027780532836914062
0.002794027328491211
0.002783060073852539
0.002727031707763672
0.002749204635620117
0.0029609203338623047
0.00274658203125
0.002687215805053711
0.002749919891357422
0.002888202667236328
0.0027179718017578125
0.0026769638061523438
0.002787351608276367
0.002777576446533203
0.002557516098022461
0.0027785301208496094
0.0027611255645751953
0.0026175975799560547
0.0027434825897216797
0.0028336048126220703
0.002843618392944336
0.0026886463165283203
0.002803802490234375
0.002755880355834961
0.002615213394165039
0.002767801284790039
0.0027573108673095703
0.0027446746826171875
0.0026204586029052734
0.0027360916137695312
0.0026369094848632812
0.002560853958129883
0.002780914306640625
0.002627849578857422
0.0026171207427978516
0.0027832984924316406
0.002615690231323242
0.002570629119873047
0.0026540756225585938
0.0026929378509521484
0.0025560855865478516
0.0026907920837402344
0.002629518508911133
0.002649068832397461
0.0026111602783203125
0.002726316452026367
0.002644062042236328
0.002774477005004883
0.0027666091918945312
0.0027704238891601562
0.002687692642211914
0.002648591995239258
0.002721071243286133
0.0026428699493408203
0.002857208251953125
0.002877473831176758
0.0029327869415283203
0.002686023712158203
0.0026154518127441406
0.0027048587799072266
0.0026693344116210938
0.0026328563690185547
0.002747058868408203
0.0027289390563964844
0.002611875534057617
0.0027773380279541016
0.0027980804443359375
0.0025866031646728516
0.002730846405029297
0.002683401107788086
0.0026252269744873047
0.002666950225830078
0.002660512924194336
0.0025992393493652344
0.0025556087493896484
0.0026776790618896484
0.00258636474609375
0.0025937557220458984
0.0025718212127685547
0.0025968551635742188
0.0026290416717529297
0.002660036087036133
0.002546072006225586
0.002635955810546875
0.0025634765625
0.0025947093963623047
0.0025539398193359375
0.002562999725341797
0.0025963783264160156
0.002592802047729492
0.0026090145111083984
0.0025696754455566406
0.002649545669555664
0.002657175064086914
0.0027282238006591797
0.0025491714477539062
0.0025327205657958984
0.0026798248291015625
0.0025491714477539062
0.0026590824127197266
0.0025763511657714844
0.0025475025177001953
0.002608060836791992
0.0025649070739746094
0.0026013851165771484
0.002559661865234375
0.002521991729736328
0.0025472640991210938
0.0025665760040283203
0.002697467803955078
0.0025997161865234375
0.0025298595428466797
0.00257110595703125
0.0026369094848632812
0.002573728561401367
0.002559185028076172
0.002522706985473633
0.002573728561401367
0.0026941299438476562
0.0025599002838134766
0.0026683807373046875
0.0025544166564941406
0.002576589584350586
0.0025815963745117188
0.002535581588745117
0.0025665760040283203
0.0025162696838378906
0.0026085376739501953
0.0025320053100585938
0.0025391578674316406
0.002579927444458008
0.0025544166564941406
0.0026388168334960938
0.0025839805603027344
0.0026044845581054688
0.0025882720947265625
0.002575397491455078
0.002733469009399414
0.002555370330810547
0.0025606155395507812
0.0025527477264404297
0.0025675296783447266
0.0026051998138427734
0.0025758743286132812
0.0025653839111328125
0.0025458335876464844
0.0031528472900390625
0.003092050552368164
0.002831697463989258
0.002790212631225586
0.003134489059448242
0.0029592514038085938
0.002821683883666992
0.002773284912109375
0.0027985572814941406
0.0027921199798583984
0.002790689468383789
0.0026907920837402344
0.0027184486389160156
0.0027604103088378906
0.0026445388793945312
0.0027320384979248047
0.0026400089263916016
0.0026092529296875
0.0026140213012695312
0.0027396678924560547
0.0027315616607666016
0.002554655075073242
0.002733945846557617
0.002603292465209961
0.0026199817657470703
0.0026769638061523438
0.0026085376739501953
0.002700328826904297
0.0027022361755371094
0.002542257308959961
0.002563953399658203
0.002611875534057617
0.002645730972290039
0.0025780200958251953
0.0025577545166015625
0.002556324005126953
0.0027315616607666016
0.002599954605102539
0.0026404857635498047
0.0025594234466552734
0.002552032470703125
0.0027184486389160156
0.0026297569274902344
0.0026192665100097656
0.0026404857635498047
0.0027303695678710938
0.0025911331176757812
0.0028209686279296875
0.0025963783264160156
0.002552032470703125
0.002568483352661133
0.0026547908782958984
0.002560138702392578
0.002546548843383789
0.0025730133056640625
0.0026421546936035156
0.0026009082794189453
0.002638578414916992
0.002645730972290039
0.002541780471801758
0.002594470977783203
0.002651691436767578
0.002590656280517578
0.0026700496673583984
0.0027027130126953125
0.002577066421508789
0.00254058837890625
0.00254058837890625
0.002530336380004883
0.002599954605102539
0.002649068832397461
0.002541780471801758
0.002588987350463867
0.0026764869689941406
0.002544403076171875
0.0025548934936523438
0.0025391578674316406
0.0025577545166015625
0.0026199817657470703
0.0025980472564697266
0.0025339126586914062
0.0025298595428466797
0.002599477767944336
0.0025446414947509766
0.0026597976684570312
0.002515554428100586
0.002535581588745117
0.0025177001953125
0.002552032470703125
0.002540111541748047
0.0026085376739501953
0.0025835037231445312
0.002696990966796875
0.0026366710662841797
0.002642393112182617
0.0027413368225097656
0.002644062042236328
0.0027480125427246094
0.00275421142578125
0.0027985572814941406
0.002699613571166992
0.002705097198486328
0.002743959426879883
0.0027017593383789062
0.002725839614868164
0.002752065658569336
0.002778768539428711
0.0026810169219970703
0.0027306079864501953
0.002802610397338867
0.0026748180389404297
0.0026636123657226562
0.00289154052734375
0.0028204917907714844
0.00295257568359375
0.003014802932739258
0.002858400344848633
0.0028944015502929688
0.0029218196868896484
0.002983570098876953
0.002805471420288086
0.002858877182006836
0.002806425094604492
0.002875089645385742
0.00272369384765625
0.002706289291381836
0.0027532577514648438
0.0027310848236083984
0.0027997493743896484
0.002716064453125
0.0028235912322998047
0.002561807632446289
0.002722024917602539
0.002788543701171875
0.002766847610473633
0.0027513504028320312
0.0026721954345703125
0.0027048587799072266
0.00264739990234375
0.0027315616607666016
0.0026929378509521484
0.00283050537109375
0.0026328563690185547
0.0026712417602539062
0.0027627944946289062
0.002634286880493164
0.0026922225952148438
0.0026655197143554688
0.0026540756225585938
0.0026602745056152344
0.002759218215942383
0.0026175975799560547
0.002660036087036133
0.002725362777709961
0.002740144729614258
0.00284576416015625
0.0026464462280273438
0.0026335716247558594
0.0026254653930664062
0.002680540084838867
0.002656698226928711
0.002678394317626953
0.002675294876098633
0.0026755332946777344
0.0027692317962646484
0.0027265548706054688
0.002705097198486328
0.0026984214782714844
0.002702474594116211
0.0027494430541992188
0.0027396678924560547
0.0026793479919433594
0.002725362777709961
0.0027077198028564453
0.0026254653930664062
0.002736330032348633
0.0026841163635253906
0.002675771713256836
0.0026509761810302734
0.0026285648345947266
0.0028111934661865234
0.0026259422302246094
0.0027074813842773438
0.0026030540466308594
0.0027120113372802734
0.0026361942291259766
0.002758502960205078
0.002724170684814453
0.0026683807373046875
0.0026934146881103516
0.002685070037841797
0.0028214454650878906
0.0026607513427734375
0.002706289291381836
0.0026357173919677734
0.0026924610137939453
0.0027239322662353516
0.002665996551513672
0.0026597976684570312
0.002687692642211914
0.002797365188598633
0.002740144729614258
0.0027387142181396484
0.002634286880493164
0.0026934146881103516
0.0028908252716064453
0.0027396678924560547
0.002826213836669922
0.0026416778564453125
0.002863645553588867
0.002709627151489258
0.002579927444458008
0.0027909278869628906
0.0026738643646240234
0.0026433467864990234
0.0026772022247314453
0.0028345584869384766
0.002738475799560547
0.0025665760040283203
0.002694845199584961
0.002618551254272461
0.0026030540466308594
0.0026633739471435547
0.002636432647705078
0.0025589466094970703
0.002708911895751953
0.0026831626892089844
0.0026335716247558594
0.0026388168334960938
0.0026519298553466797
0.0025534629821777344
0.0026655197143554688
0.002685070037841797
0.002666950225830078
0.0026738643646240234
0.0025815963745117188
0.002622842788696289
0.0026280879974365234
0.0025289058685302734
0.0025675296783447266
0.0025162696838378906
0.002649068832397461
0.002719879150390625
0.002552509307861328
0.0026879310607910156
0.0025358200073242188
0.0025415420532226562
0.002634763717651367
0.002550363540649414
0.002541780471801758
0.0026979446411132812
0.003062009811401367
0.002905130386352539
0.0027031898498535156
0.0028009414672851562
0.0028176307678222656
0.0026319026947021484
0.002741098403930664
0.0029120445251464844
0.002629518508911133
0.002672433853149414
0.0028116703033447266
0.002721548080444336
0.0027632713317871094
0.0027523040771484375
0.002832651138305664
0.002643585205078125
0.002805471420288086
0.002826690673828125
0.002830028533935547
0.0027425289154052734
0.002849102020263672
0.0027997493743896484
0.002783536911010742
0.004294157028198242
0.003180265426635742
0.0028655529022216797
0.0030007362365722656
0.0028493404388427734
0.0027458667755126953
0.002911090850830078
0.002905607223510742
0.0028998851776123047
0.0027570724487304688
0.0028357505798339844
0.002860546112060547
0.0029697418212890625
0.0026826858520507812
0.002862691879272461
0.0028235912322998047
0.0027964115142822266
0.0027284622192382812
0.002812623977661133
0.0028111934661865234
0.002784252166748047
0.002860546112060547
0.002846956253051758
0.0028390884399414062
0.0027017593383789062
0.002797842025756836
0.0027201175689697266
0.002717256546020508
0.002883434295654297
0.0028934478759765625
0.002852201461791992
0.002627134323120117
0.002833843231201172
0.0029447078704833984
0.002783060073852539
0.0027997493743896484
0.0028934478759765625
0.002816915512084961
0.0026853084564208984
0.002739429473876953
0.002781391143798828
0.0026874542236328125
0.0026276111602783203
0.0028481483459472656
0.0027484893798828125
0.0026187896728515625
0.002790212631225586
0.0029370784759521484
0.002650737762451172
0.0026369094848632812
0.002855539321899414
0.0027627944946289062
0.0027692317962646484
0.00272369384765625
0.002780914306640625
0.002630472183227539
0.002760648727416992
0.002851724624633789
0.0027267932891845703
0.0026311874389648438
0.0027811527252197266
0.0026798248291015625
0.002538919448852539
0.002698183059692383
0.0027697086334228516
0.0029234886169433594
0.0027353763580322266
0.0027735233306884766
0.0027251243591308594
0.002655029296875
0.0028333663940429688
0.002811431884765625
0.0027446746826171875
0.002630472183227539
0.002769947052001953
0.002633333206176758
0.002626657485961914
0.002613067626953125
0.002685546875
0.0025713443756103516
0.0025997161865234375
0.0026540756225585938
0.002521991729736328
0.002911090850830078
0.002649545669555664
0.002547025680541992
0.002633810043334961
0.002614736557006836
0.0026826858520507812
0.0025637149810791016
0.002599477767944336
0.0025436878204345703
0.00260162353515625
0.0026242733001708984
0.002591371536254883
0.0025124549865722656
0.002542257308959961
0.0026092529296875
0.002543210983276367
0.0025305747985839844
0.0025396347045898438
0.0025141239166259766
0.002582073211669922
0.0025513172149658203
0.0025522708892822266
0.002549409866333008
0.0025429725646972656
0.002691984176635742
0.002625703811645508
0.002526998519897461
0.0025506019592285156
0.0025479793548583984
0.0026335716247558594
0.0025246143341064453
0.002513408660888672
0.0025336742401123047
0.0025589466094970703
0.002613544464111328
0.0025169849395751953
0.0025243759155273438
0.002613067626953125
0.0026023387908935547
0.0025577545166015625
0.002548694610595703
0.002511739730834961
0.0025360584259033203
0.0026421546936035156
0.0025343894958496094
0.002559661865234375
0.0025529861450195312
