16.633735788243918
16.633735788243918
16.633735788243918
16.633735788243918
16.633735788243918
16.633735788243918
16.633735788243918
16.633735788243918
16.633735788243918
16.633735788243918
16.633735788243918
16.633735788243918
16.633735788243918
16.633735788243918
16.633735788243918
16.633735788243918
16.633735788243918
16.633735788243918
14.597293357141279
14.597293357141279
14.597293357141279
14.597293357141279
14.597293357141279
14.597293357141279
14.597293357141279
14.597293357141279
14.597293357141279
14.597293357141279
14.597293357141279
14.597293357141279
14.597293357141279
14.597293357141279
14.597293357141279
14.597293357141279
14.35601216127122
14.35601216127122
14.35601216127122
14.35601216127122
14.35601216127122
14.35601216127122
14.35601216127122
14.35601216127122
14.35601216127122
14.35601216127122
14.35601216127122
14.35601216127122
14.35601216127122
14.35601216127122
14.35601216127122
14.35601216127122
14.35601216127122
14.35601216127122
14.35601216127122
14.35601216127122
14.35601216127122
14.35601216127122
14.35601216127122
14.35601216127122
14.35601216127122
14.35601216127122
14.35601216127122
14.35601216127122
14.35601216127122
14.35601216127122
14.35601216127122
14.35601216127122
14.35601216127122
14.35601216127122
14.35601216127122
14.35601216127122
14.35601216127122
14.35601216127122
14.35601216127122
14.35601216127122
14.35601216127122
14.35601216127122
14.35601216127122
14.35601216127122
14.35601216127122
14.35601216127122
14.35601216127122
14.35601216127122
14.35601216127122
14.35601216127122
14.35601216127122
14.35601216127122
14.35601216127122
14.35601216127122
14.35601216127122
14.35601216127122
14.35601216127122
14.35601216127122
14.35601216127122
14.35601216127122
14.35601216127122
14.35601216127122
14.35601216127122
14.35601216127122
14.35601216127122
14.35601216127122
14.35601216127122
14.35601216127122
14.35601216127122
14.35601216127122
14.35601216127122
14.35601216127122
14.35601216127122
14.35601216127122
14.35601216127122
14.35601216127122
14.172396644308172
14.172396644308172
14.172396644308172
14.172396644308172
14.172396644308172
11.510546867187795
11.510546867187795
11.510546867187795
11.510546867187795
11.510546867187795
11.510546867187795
11.510546867187795
11.510546867187795
11.510546867187795
11.510546867187795
11.510546867187795
11.510546867187795
11.510546867187795
11.510546867187795
11.510546867187795
11.510546867187795
11.510546867187795
11.510546867187795
11.510546867187795
11.510546867187795
11.510546867187795
11.510546867187795
11.510546867187795
11.510546867187795
11.510546867187795
11.510546867187795
11.510546867187795
11.510546867187795
11.510546867187795
11.510546867187795
11.510546867187795
11.510546867187795
11.510546867187795
11.510546867187795
11.510546867187795
11.510546867187795
11.510546867187795
11.510546867187795
11.510546867187795
11.510546867187795
11.510546867187795
11.510546867187795
11.510546867187795
11.510546867187795
11.510546867187795
11.510546867187795
11.510546867187795
11.510546867187795
11.510546867187795
11.510546867187795
11.510546867187795
11.510546867187795
11.510546867187795
11.510546867187795
11.510546867187795
11.510546867187795
11.510546867187795
11.510546867187795
11.510546867187795
11.510546867187795
11.510546867187795
11.510546867187795
11.510546867187795
11.510546867187795
11.510546867187795
11.510546867187795
11.510546867187795
11.510546867187795
11.510546867187795
11.510546867187795
11.510546867187795
11.510546867187795
11.510546867187795
11.510546867187795
11.510546867187795
11.510546867187795
11.510546867187795
11.510546867187795
11.510546867187795
11.510546867187795
11.510546867187795
11.510546867187795
11.510546867187795
11.510546867187795
11.510546867187795
11.510546867187795
11.510546867187795
11.510546867187795
11.510546867187795
11.510546867187795
11.510546867187795
11.510546867187795
11.510546867187795
11.264606074465746
11.264606074465746
11.264606074465746
11.264606074465746
11.264606074465746
11.264606074465746
11.264606074465746
11.264606074465746
11.264606074465746
11.264606074465746
11.264606074465746
11.264606074465746
11.264606074465746
11.264606074465746
11.264606074465746
11.264606074465746
10.698195958500163
10.698195958500163
8.936775222195035
8.936775222195035
8.936775222195035
8.936775222195035
8.936775222195035
8.936775222195035
8.936775222195035
8.936775222195035
8.936775222195035
8.936775222195035
8.936775222195035
8.936775222195035
8.936775222195035
8.936775222195035
8.936775222195035
8.936775222195035
8.936775222195035
8.936775222195035
8.936775222195035
8.936775222195035
8.936775222195035
8.936775222195035
8.936775222195035
8.936775222195035
8.936775222195035
8.936775222195035
8.936775222195035
8.936775222195035
8.936775222195035
8.936775222195035
7.248357782967261
7.248357782967261
7.248357782967261
7.248357782967261
7.248357782967261
7.248357782967261
7.248357782967261
7.248357782967261
7.248357782967261
7.248357782967261
7.248357782967261
7.248357782967261
7.248357782967261
7.248357782967261
7.248357782967261
7.248357782967261
7.248357782967261
7.248357782967261
7.248357782967261
7.248357782967261
7.248357782967261
7.248357782967261
7.248357782967261
7.248357782967261
7.248357782967261
7.248357782967261
7.248357782967261
7.248357782967261
7.248357782967261
7.248357782967261
7.248357782967261
7.248357782967261
7.248357782967261
7.248357782967261
7.248357782967261
7.248357782967261
7.248357782967261
7.248357782967261
7.248357782967261
7.248357782967261
7.248357782967261
7.248357782967261
7.248357782967261
7.248357782967261
7.248357782967261
7.248357782967261
7.248357782967261
7.248357782967261
7.248357782967261
7.248357782967261
7.248357782967261
7.248357782967261
7.248357782967261
7.248357782967261
7.248357782967261
7.248357782967261
7.248357782967261
7.248357782967261
7.248357782967261
7.248357782967261
7.248357782967261
7.248357782967261
7.228854798617153
7.228854798617153
7.228854798617153
7.228854798617153
7.228854798617153
7.228854798617153
7.228854798617153
7.228854798617153
7.228854798617153
7.228854798617153
7.228854798617153
7.228854798617153
7.228854798617153
7.228854798617153
7.228854798617153
7.228854798617153
7.228854798617153
7.228854798617153
7.228854798617153
7.228854798617153
7.228854798617153
7.228854798617153
7.228854798617153
7.228854798617153
7.228854798617153
7.228854798617153
7.228854798617153
7.228854798617153
7.228854798617153
7.228854798617153
7.228854798617153
7.228854798617153
7.228854798617153
7.228854798617153
7.228854798617153
7.228854798617153
7.228854798617153
7.228854798617153
7.228854798617153
7.228854798617153
7.228854798617153
7.228854798617153
7.228854798617153
7.228854798617153
7.228854798617153
7.228854798617153
7.228854798617153
7.228854798617153
7.228854798617153
7.228854798617153
7.228854798617153
7.15580200807047
7.15580200807047
6.368239966542884
6.368239966542884
6.368239966542884
6.368239966542884
6.368239966542884
6.368239966542884
6.368239966542884
5.496873435754086
5.496873435754086
5.496873435754086
5.496873435754086
5.496873435754086
5.496873435754086
5.496873435754086
5.496873435754086
5.496873435754086
5.496873435754086
5.496873435754086
5.496873435754086
5.496873435754086
5.496873435754086
5.496873435754086
5.496873435754086
5.496873435754086
5.496873435754086
5.496873435754086
5.496873435754086
5.496873435754086
5.496873435754086
5.496873435754086
5.496873435754086
5.496873435754086
5.496873435754086
5.496873435754086
5.496873435754086
5.496873435754086
5.496873435754086
5.496873435754086
5.496873435754086
5.496873435754086
5.496873435754086
5.496873435754086
5.496873435754086
5.496873435754086
5.496873435754086
5.496873435754086
5.496873435754086
5.496873435754086
5.496873435754086
5.496873435754086
5.496873435754086
5.496873435754086
5.496873435754086
5.496873435754086
5.496873435754086
5.496873435754086
5.496873435754086
5.3964339412571505
5.3964339412571505
5.3964339412571505
5.3964339412571505
4.921379877231018
4.921379877231018
4.921379877231018
4.921379877231018
4.921379877231018
4.921379877231018
4.921379877231018
4.921379877231018
4.921379877231018
4.921379877231018
4.921379877231018
4.921379877231018
4.921379877231018
4.921379877231018
4.921379877231018
4.921379877231018
4.921379877231018
4.921379877231018
4.921379877231018
4.921379877231018
4.921379877231018
4.921379877231018
4.921379877231018
4.921379877231018
4.921379877231018
4.921379877231018
4.921379877231018
4.921379877231018
4.921379877231018
4.921379877231018
4.921379877231018
4.921379877231018
4.921379877231018
4.921379877231018
4.921379877231018
4.921379877231018
4.864415716107171
4.864415716107171
4.864415716107171
4.864415716107171
4.864415716107171
4.864415716107171
4.864415716107171
4.864415716107171
4.864415716107171
4.864415716107171
4.864415716107171
4.864415716107171
4.864415716107171
4.864415716107171
4.864415716107171
4.864415716107171
4.864415716107171
4.864415716107171
4.864415716107171
4.864415716107171
4.864415716107171
4.864415716107171
4.864415716107171
4.864415716107171
4.359512737102126
4.359512737102126
4.359512737102126
4.359512737102126
4.359512737102126
4.359512737102126
4.359512737102126
4.359512737102126
4.359512737102126
4.359512737102126
4.359512737102126
4.359512737102126
4.359512737102126
4.359512737102126
4.359512737102126
4.359512737102126
4.359512737102126
4.359512737102126
4.359512737102126
4.359512737102126
4.359512737102126
4.359512737102126
4.359512737102126
4.359512737102126
4.359512737102126
4.359512737102126
4.359512737102126
4.359512737102126
4.359512737102126
4.359512737102126
4.359512737102126
4.359512737102126
4.359512737102126
4.359512737102126
4.359512737102126
4.359512737102126
4.359512737102126
4.359512737102126
4.359512737102126
4.359512737102126
4.359512737102126
4.359512737102126
4.359512737102126
4.359512737102126
4.359512737102126
4.359512737102126
4.359512737102126
4.359512737102126
4.359512737102126
4.359512737102126
4.359512737102126
4.359512737102126
4.359512737102126
4.359512737102126
4.359512737102126
4.359512737102126
4.359512737102126
4.359512737102126
4.359512737102126
4.359512737102126
4.359512737102126
4.359512737102126
4.359512737102126
4.359512737102126
4.359512737102126
4.359512737102126
4.359512737102126
4.359512737102126
4.359512737102126
4.359512737102126
4.359512737102126
4.359512737102126
4.359512737102126
4.359512737102126
4.359512737102126
4.359512737102126
4.359512737102126
4.359512737102126
4.359512737102126
4.359512737102126
4.359512737102126
4.359512737102126
4.359512737102126
4.359512737102126
4.359512737102126
4.359512737102126
4.359512737102126
4.359512737102126
4.359512737102126
4.359512737102126
4.359512737102126
4.359512737102126
4.359512737102126
4.359512737102126
4.359512737102126
4.359512737102126
4.359512737102126
4.359512737102126
4.359512737102126
3.905051644961766
3.905051644961766
3.905051644961766
3.905051644961766
3.905051644961766
3.905051644961766
3.905051644961766
3.905051644961766
3.905051644961766
3.905051644961766
3.905051644961766
3.8591580017360485
3.8591580017360485
3.8591580017360485
3.8591580017360485
3.8591580017360485
3.8591580017360485
3.8591580017360485
3.8591580017360485
3.8591580017360485
3.8591580017360485
3.8591580017360485
3.8591580017360485
3.8591580017360485
3.8591580017360485
3.8591580017360485
3.8591580017360485
3.8591580017360485
3.8591580017360485
3.8591580017360485
3.8591580017360485
3.8591580017360485
3.8591580017360485
3.8591580017360485
3.8591580017360485
3.8591580017360485
3.8591580017360485
3.8591580017360485
3.8591580017360485
3.8591580017360485
3.8591580017360485
3.8591580017360485
3.8591580017360485
3.8591580017360485
3.8591580017360485
3.8591580017360485
3.8591580017360485
3.8591580017360485
3.8591580017360485
3.8591580017360485
3.8591580017360485
3.8591580017360485
3.8591580017360485
3.8591580017360485
3.8591580017360485
3.8591580017360485
3.8591580017360485
3.8591580017360485
3.8591580017360485
3.8591580017360485
3.8591580017360485
3.8591580017360485
3.8591580017360485
3.8591580017360485
3.8591580017360485
3.8591580017360485
3.8591580017360485
3.7590724957740207
3.7590724957740207
3.7590724957740207
3.7590724957740207
3.7590724957740207
3.7590724957740207
3.7590724957740207
3.7590724957740207
3.7590724957740207
3.7590724957740207
3.7590724957740207
3.7590724957740207
3.7590724957740207
3.7590724957740207
3.7590724957740207
3.7590724957740207
3.7590724957740207
3.7590724957740207
3.7590724957740207
3.7590724957740207
3.7590724957740207
3.7590724957740207
3.7590724957740207
3.7590724957740207
3.639897607625965
3.639897607625965
3.639897607625965
3.639897607625965
2.912087971169054
2.912087971169054
2.912087971169054
2.912087971169054
2.912087971169054
2.912087971169054
2.912087971169054
2.912087971169054
2.912087971169054
2.912087971169054
2.912087971169054
2.912087971169054
2.912087971169054
2.912087971169054
2.912087971169054
2.912087971169054
2.912087971169054
2.912087971169054
2.912087971169054
2.912087971169054
2.912087971169054
2.912087971169054
2.912087971169054
2.912087971169054
2.912087971169054
2.912087971169054
2.912087971169054
2.912087971169054
2.912087971169054
2.912087971169054
2.912087971169054
2.912087971169054
2.912087971169054
2.912087971169054
2.912087971169054
2.912087971169054
2.912087971169054
2.912087971169054
2.912087971169054
2.912087971169054
2.912087971169054
2.912087971169054
2.912087971169054
2.912087971169054
2.912087971169054
2.912087971169054
2.912087971169054
2.912087971169054
2.912087971169054
2.912087971169054
2.912087971169054
2.912087971169054
2.912087971169054
2.912087971169054
2.912087971169054
2.912087971169054
2.912087971169054
2.912087971169054
2.912087971169054
2.912087971169054
2.6214716058843095
2.6214716058843095
2.6214716058843095
2.6214716058843095
2.6214716058843095
2.6214716058843095
2.6214716058843095
2.6214716058843095
2.6214716058843095
2.6214716058843095
2.6214716058843095
2.6214716058843095
2.6214716058843095
2.6214716058843095
2.6214716058843095
2.6214716058843095
2.6214716058843095
2.6214716058843095
2.6214716058843095
2.6214716058843095
2.6214716058843095
2.6214716058843095
2.6214716058843095
2.6214716058843095
2.6214716058843095
2.6214716058843095
2.6214716058843095
2.6214716058843095
2.6214716058843095
2.6214716058843095
2.6214716058843095
2.6214716058843095
2.6214716058843095
2.6214716058843095
2.6214716058843095
2.6214716058843095
2.6214716058843095
2.6214716058843095
2.6214716058843095
2.6214716058843095
2.6214716058843095
2.6214716058843095
2.6214716058843095
2.6214716058843095
2.6214716058843095
2.6214716058843095
2.6214716058843095
2.6214716058843095
2.6214716058843095
2.6214716058843095
2.6214716058843095
2.6214716058843095
2.6214716058843095
2.6214716058843095
2.6214716058843095
2.6214716058843095
2.6214716058843095
2.6214716058843095
2.6214716058843095
2.6214716058843095
2.6214716058843095
2.6214716058843095
2.6214716058843095
2.6214716058843095
2.6214716058843095
2.6214716058843095
2.6214716058843095
2.6214716058843095
2.6214716058843095
2.6214716058843095
2.6214716058843095
2.6214716058843095
2.6214716058843095
2.6214716058843095
2.6214716058843095
2.6214716058843095
2.6214716058843095
2.6214716058843095
2.6214716058843095
2.6214716058843095
2.6214716058843095
2.6214716058843095
2.6214716058843095
2.6214716058843095
2.6214716058843095
2.6214716058843095
2.6214716058843095
2.6214716058843095
2.6214716058843095
2.6214716058843095
2.6214716058843095
2.6214716058843095
2.6214716058843095
2.6214716058843095
2.6214716058843095
2.6214716058843095
2.6214716058843095
2.6214716058843095
2.6214716058843095
2.6214716058843095
2.6214716058843095
2.6214716058843095
2.6214716058843095
2.6214716058843095
2.6214716058843095
2.6214716058843095
2.6214716058843095
2.6214716058843095
2.6214716058843095
2.6214716058843095
2.6214716058843095
2.6214716058843095
2.6214716058843095
2.6214716058843095
2.6214716058843095
2.6214716058843095
2.6214716058843095
2.6214716058843095
2.6214716058843095
2.6214716058843095
2.6214716058843095
2.6214716058843095
2.6214716058843095
2.6214716058843095
2.6214716058843095
2.6214716058843095
2.6214716058843095
2.6214716058843095
2.6214716058843095
2.403633463178977
2.403633463178977
2.403633463178977
2.403633463178977
2.403633463178977
2.403633463178977
2.403633463178977
2.403633463178977
2.403633463178977
2.403633463178977
2.403633463178977
2.403633463178977
2.403633463178977
2.3964193436124397
2.3964193436124397
2.3964193436124397
2.3964193436124397
2.3964193436124397
2.3964193436124397
2.3964193436124397
2.3964193436124397
2.3964193436124397
2.3964193436124397
2.3964193436124397
2.3964193436124397
2.3964193436124397
2.3964193436124397
2.3964193436124397
2.3964193436124397
2.3964193436124397
2.3964193436124397
2.3964193436124397
2.3964193436124397
2.3964193436124397
2.3964193436124397
2.3964193436124397
2.3964193436124397
2.3964193436124397
2.3964193436124397
2.3964193436124397
2.3964193436124397
2.3964193436124397
2.3964193436124397
2.3964193436124397
2.3964193436124397
2.3964193436124397
2.3964193436124397
2.3964193436124397
2.3964193436124397
2.3964193436124397
2.3964193436124397
2.3964193436124397
2.3964193436124397
2.3964193436124397
2.3964193436124397
2.3964193436124397
2.3964193436124397
2.3964193436124397
2.3964193436124397
2.3964193436124397
2.3964193436124397
2.3964193436124397
2.3964193436124397
2.3964193436124397
2.3964193436124397
2.3964193436124397
2.3964193436124397
2.3964193436124397
2.3964193436124397
2.3964193436124397
2.3964193436124397
2.3964193436124397
2.3964193436124397
2.3964193436124397
2.3964193436124397
2.3964193436124397
2.3964193436124397
2.3964193436124397
2.3964193436124397
2.3964193436124397
2.3964193436124397
2.3964193436124397
2.3964193436124397
2.3964193436124397
2.3964193436124397
2.3964193436124397
2.3964193436124397
2.3964193436124397
2.3964193436124397
2.377750996928132
2.377750996928132
2.377750996928132
2.377750996928132
2.3223327847102873
1.9707241695620006
1.9707241695620006
1.9707241695620006
1.9707241695620006
1.9707241695620006
1.9707241695620006
1.9707241695620006
1.9707241695620006
1.9707241695620006
1.9707241695620006
1.9707241695620006
1.9707241695620006
1.9707241695620006
1.9707241695620006
1.9707241695620006
1.9707241695620006
1.9707241695620006
1.9707241695620006
1.9707241695620006
1.9707241695620006
1.9707241695620006
1.9707241695620006
1.9707241695620006
1.9707241695620006
1.7718360434112164
1.7718360434112164
1.7718360434112164
1.7718360434112164
1.7718360434112164
1.7718360434112164
1.7718360434112164
