5.143046417744047
5.143046417744047
5.143046417744047
5.143046417744047
5.143046417744047
5.143046417744047
5.143046417744047
5.143046417744047
4.874101666413477
4.874101666413477
4.874101666413477
4.874101666413477
4.874101666413477
4.874101666413477
4.874101666413477
4.874101666413477
4.874101666413477
4.874101666413477
4.874101666413477
4.874101666413477
4.874101666413477
4.874101666413477
4.874101666413477
4.874101666413477
4.874101666413477
4.874101666413477
4.874101666413477
4.874101666413477
4.874101666413477
4.874101666413477
4.874101666413477
4.874101666413477
4.874101666413477
4.874101666413477
4.874101666413477
4.874101666413477
4.874101666413477
4.874101666413477
4.874101666413477
4.874101666413477
4.874101666413477
4.874101666413477
4.874101666413477
4.874101666413477
4.874101666413477
4.874101666413477
4.874101666413477
4.874101666413477
4.874101666413477
4.874101666413477
4.874101666413477
4.874101666413477
4.874101666413477
4.874101666413477
4.874101666413477
4.874101666413477
4.874101666413477
4.874101666413477
4.874101666413477
4.874101666413477
4.874101666413477
4.261676087009761
4.261676087009761
4.261676087009761
4.261676087009761
4.261676087009761
4.261676087009761
4.261676087009761
4.261676087009761
4.261676087009761
4.261676087009761
4.261676087009761
4.261676087009761
4.261676087009761
4.261676087009761
4.261676087009761
4.261676087009761
4.261676087009761
4.261676087009761
4.261676087009761
4.261676087009761
4.261676087009761
4.261676087009761
4.261676087009761
4.261676087009761
4.261676087009761
4.261676087009761
4.261676087009761
4.261676087009761
4.261676087009761
4.261676087009761
4.261676087009761
4.261676087009761
4.261676087009761
4.261676087009761
4.261676087009761
4.261676087009761
4.261676087009761
4.261676087009761
4.261676087009761
4.261676087009761
4.261676087009761
4.261676087009761
4.154666921431872
4.154666921431872
4.154666921431872
4.154666921431872
4.154666921431872
4.154666921431872
4.154666921431872
4.154666921431872
4.154666921431872
4.154666921431872
4.154666921431872
4.154666921431872
4.154666921431872
4.154666921431872
4.154666921431872
4.154666921431872
4.154666921431872
4.154666921431872
4.154666921431872
4.0317160229165
4.0317160229165
4.0317160229165
4.0317160229165
2.9545819716221366
2.9545819716221366
2.9545819716221366
2.9545819716221366
2.9545819716221366
2.9545819716221366
2.9545819716221366
2.9545819716221366
2.9545819716221366
2.9545819716221366
2.9545819716221366
2.9545819716221366
2.9545819716221366
2.9545819716221366
2.9545819716221366
2.9545819716221366
2.9545819716221366
2.9545819716221366
2.9545819716221366
2.9545819716221366
2.9545819716221366
2.9545819716221366
2.9545819716221366
2.9545819716221366
2.9545819716221366
2.9545819716221366
2.9545819716221366
2.9545819716221366
2.9545819716221366
2.9545819716221366
2.9545819716221366
2.9545819716221366
2.9545819716221366
2.9545819716221366
2.9545819716221366
2.9545819716221366
2.9545819716221366
2.9545819716221366
2.9545819716221366
2.9545819716221366
2.9545819716221366
2.9545819716221366
2.9545819716221366
2.9545819716221366
2.9545819716221366
2.9545819716221366
2.9545819716221366
2.9545819716221366
2.9545819716221366
2.9545819716221366
2.9545819716221366
2.9545819716221366
2.9545819716221366
2.9545819716221366
2.9545819716221366
2.9545819716221366
2.9545819716221366
2.9545819716221366
2.9545819716221366
2.9545819716221366
2.9545819716221366
2.9545819716221366
2.9545819716221366
2.9545819716221366
2.9545819716221366
2.9545819716221366
2.9545819716221366
2.9545819716221366
2.9545819716221366
2.9545819716221366
2.9545819716221366
2.9545819716221366
2.9545819716221366
2.9545819716221366
2.9545819716221366
2.9545819716221366
2.9545819716221366
2.9545819716221366
2.9545819716221366
2.9545819716221366
2.9545819716221366
2.9545819716221366
2.9545819716221366
2.9545819716221366
2.9545819716221366
2.9545819716221366
2.9545819716221366
2.9545819716221366
2.9545819716221366
2.9545819716221366
2.9545819716221366
2.9545819716221366
2.9545819716221366
2.9545819716221366
2.9545819716221366
2.9545819716221366
2.9545819716221366
2.9545819716221366
2.9545819716221366
2.9545819716221366
2.9545819716221366
2.9545819716221366
2.9545819716221366
2.9545819716221366
2.9545819716221366
2.9545819716221366
2.9545819716221366
2.9545819716221366
2.9545819716221366
2.9545819716221366
2.9545819716221366
2.9545819716221366
2.9545819716221366
2.9545819716221366
2.9545819716221366
2.9545819716221366
2.9545819716221366
2.9545819716221366
2.9545819716221366
2.9545819716221366
2.9545819716221366
2.9545819716221366
2.9545819716221366
2.9545819716221366
2.9545819716221366
2.9545819716221366
2.9545819716221366
2.9545819716221366
2.9545819716221366
2.9545819716221366
2.9545819716221366
2.9545819716221366
2.9545819716221366
2.9387827781524365
2.9387827781524365
2.9387827781524365
2.9387827781524365
2.9387827781524365
2.9387827781524365
2.9387827781524365
2.9387827781524365
2.9387827781524365
2.9387827781524365
2.9387827781524365
2.9387827781524365
2.9387827781524365
2.9387827781524365
2.9387827781524365
2.9387827781524365
2.9387827781524365
2.9387827781524365
2.9387827781524365
2.9387827781524365
2.9387827781524365
2.9387827781524365
2.9387827781524365
2.9387827781524365
2.9387827781524365
2.9387827781524365
2.9387827781524365
2.9387827781524365
2.9387827781524365
2.9387827781524365
2.9387827781524365
2.9387827781524365
2.9387827781524365
2.9387827781524365
2.9387827781524365
2.9387827781524365
2.9387827781524365
2.9387827781524365
2.9387827781524365
2.9387827781524365
2.9387827781524365
2.9387827781524365
2.9387827781524365
2.9387827781524365
2.9387827781524365
2.9387827781524365
2.9387827781524365
2.9387827781524365
2.9387827781524365
2.9387827781524365
2.9142306033057395
2.9142306033057395
2.9142306033057395
2.9142306033057395
2.9142306033057395
2.9142306033057395
2.9142306033057395
2.9142306033057395
2.9142306033057395
2.9142306033057395
2.9142306033057395
2.9142306033057395
2.9142306033057395
2.9142306033057395
2.9142306033057395
2.9142306033057395
2.9142306033057395
2.9142306033057395
2.9142306033057395
2.9142306033057395
2.9142306033057395
2.9142306033057395
2.9142306033057395
2.9142306033057395
2.9142306033057395
2.9142306033057395
2.9142306033057395
2.9142306033057395
2.9142306033057395
2.9142306033057395
2.9142306033057395
2.9142306033057395
2.9142306033057395
2.9142306033057395
2.9142306033057395
2.9142306033057395
2.9142306033057395
2.9142306033057395
2.9142306033057395
2.9142306033057395
2.9142306033057395
2.9142306033057395
2.9142306033057395
2.9142306033057395
2.9142306033057395
2.9142306033057395
2.9142306033057395
2.9142306033057395
2.9142306033057395
2.9142306033057395
2.9142306033057395
2.9142306033057395
2.9142306033057395
2.9142306033057395
2.9142306033057395
2.9142306033057395
2.9142306033057395
2.9142306033057395
2.9142306033057395
2.9142306033057395
2.9142306033057395
2.9142306033057395
2.9142306033057395
2.9142306033057395
2.9142306033057395
2.9142306033057395
2.9142306033057395
2.9142306033057395
2.9142306033057395
2.9142306033057395
2.9142306033057395
2.9142306033057395
2.9142306033057395
2.9142306033057395
2.9142306033057395
2.9142306033057395
2.1776529380598397
2.1776529380598397
2.1776529380598397
2.1776529380598397
2.1776529380598397
2.1776529380598397
2.1776529380598397
2.1776529380598397
2.1776529380598397
2.1776529380598397
2.1776529380598397
2.1776529380598397
2.1776529380598397
2.1776529380598397
2.1776529380598397
2.1776529380598397
2.1776529380598397
2.1776529380598397
2.1776529380598397
2.1776529380598397
2.1776529380598397
2.1776529380598397
2.1776529380598397
2.1776529380598397
2.1776529380598397
2.1776529380598397
2.1776529380598397
2.1776529380598397
2.1776529380598397
2.1776529380598397
2.1776529380598397
2.1776529380598397
2.1776529380598397
2.1776529380598397
2.1776529380598397
2.1776529380598397
2.1776529380598397
2.1776529380598397
2.1776529380598397
2.1776529380598397
2.1776529380598397
2.1776529380598397
2.1776529380598397
2.1776529380598397
2.1776529380598397
2.1776529380598397
2.1776529380598397
2.1776529380598397
2.1776529380598397
2.1776529380598397
2.1776529380598397
2.1776529380598397
2.1776529380598397
2.1776529380598397
2.1776529380598397
2.1776529380598397
2.1776529380598397
2.1776529380598397
2.1776529380598397
2.1776529380598397
2.1776529380598397
2.1776529380598397
2.1776529380598397
2.1776529380598397
2.1776529380598397
2.1776529380598397
2.1776529380598397
2.1776529380598397
2.1776529380598397
2.1776529380598397
2.1776529380598397
2.1776529380598397
2.1776529380598397
2.1776529380598397
2.1776529380598397
2.1776529380598397
2.108204704930664
2.108204704930664
2.108204704930664
2.108204704930664
2.108204704930664
2.108204704930664
2.108204704930664
2.108204704930664
2.108204704930664
2.108204704930664
2.108204704930664
2.108204704930664
2.108204704930664
2.108204704930664
2.108204704930664
2.108204704930664
2.108204704930664
2.108204704930664
2.108204704930664
2.108204704930664
2.108204704930664
2.108204704930664
2.108204704930664
2.108204704930664
2.108204704930664
2.108204704930664
2.108204704930664
2.108204704930664
2.108204704930664
2.108204704930664
2.108204704930664
2.108204704930664
2.108204704930664
2.108204704930664
2.108204704930664
2.108204704930664
2.108204704930664
2.108204704930664
2.108204704930664
2.108204704930664
2.108204704930664
2.108204704930664
2.108204704930664
2.108204704930664
2.108204704930664
2.108204704930664
2.108204704930664
2.108204704930664
2.108204704930664
2.108204704930664
2.108204704930664
2.108204704930664
2.108204704930664
2.108204704930664
2.108204704930664
2.108204704930664
2.108204704930664
2.108204704930664
2.108204704930664
2.108204704930664
2.108204704930664
2.108204704930664
2.108204704930664
2.108204704930664
2.108204704930664
2.108204704930664
2.108204704930664
2.108204704930664
2.108204704930664
2.108204704930664
2.108204704930664
2.108204704930664
2.108204704930664
2.108204704930664
2.108204704930664
2.108204704930664
2.108204704930664
2.108204704930664
2.108204704930664
2.108204704930664
2.108204704930664
2.108204704930664
2.108204704930664
2.108204704930664
2.108204704930664
2.108204704930664
2.108204704930664
2.108204704930664
2.108204704930664
2.108204704930664
2.108204704930664
2.108204704930664
2.108204704930664
2.108204704930664
2.108204704930664
2.108204704930664
2.108204704930664
2.108204704930664
2.108204704930664
2.108204704930664
2.108204704930664
2.108204704930664
2.108204704930664
2.108204704930664
2.108204704930664
2.108204704930664
2.108204704930664
2.108204704930664
2.108204704930664
2.108204704930664
2.108204704930664
2.108204704930664
2.108204704930664
2.108204704930664
2.108204704930664
2.108204704930664
2.108204704930664
2.108204704930664
2.108204704930664
2.108204704930664
2.108204704930664
2.108204704930664
2.108204704930664
2.108204704930664
2.108204704930664
2.108204704930664
2.108204704930664
2.108204704930664
2.108204704930664
2.108204704930664
2.108204704930664
2.108204704930664
2.108204704930664
2.108204704930664
2.108204704930664
2.0393602828596755
2.0393602828596755
1.8637510528039236
1.8637510528039236
1.8637510528039236
1.8637510528039236
1.8637510528039236
1.8637510528039236
1.8637510528039236
1.8637510528039236
1.8637510528039236
1.8637510528039236
1.8637510528039236
1.8637510528039236
1.8637510528039236
1.8637510528039236
1.8637510528039236
1.8575023669865232
1.8575023669865232
1.8575023669865232
1.8575023669865232
1.8575023669865232
1.8575023669865232
1.8575023669865232
1.8575023669865232
1.8575023669865232
1.8575023669865232
1.8575023669865232
1.8470667171364852
1.8470667171364852
1.8470667171364852
1.8470667171364852
1.8470667171364852
1.8470667171364852
1.8470667171364852
1.8470667171364852
1.8470667171364852
1.8470667171364852
1.8470667171364852
1.8470667171364852
1.8470667171364852
1.8470667171364852
1.8470667171364852
1.8470667171364852
1.8470667171364852
1.8470667171364852
1.8470667171364852
1.8470667171364852
1.8470667171364852
1.6821890210260158
1.6821890210260158
1.6821890210260158
1.6821890210260158
1.6821890210260158
1.6821890210260158
1.6821890210260158
1.6821890210260158
1.6821890210260158
1.6821890210260158
1.6821890210260158
1.6821890210260158
1.6821890210260158
1.6821890210260158
1.6821890210260158
1.6821890210260158
1.6821890210260158
1.6821890210260158
1.6821890210260158
1.6821890210260158
1.6821890210260158
1.6821890210260158
1.6821890210260158
1.6821890210260158
1.6821890210260158
1.6821890210260158
1.6821890210260158
1.6821890210260158
1.6821890210260158
1.6821890210260158
1.6821890210260158
1.6821890210260158
1.6821890210260158
1.6821890210260158
1.6821890210260158
1.6821890210260158
1.6821890210260158
1.6821890210260158
1.6821890210260158
1.6821890210260158
1.6821890210260158
1.6821890210260158
1.6821890210260158
1.6821890210260158
1.6821890210260158
1.6821890210260158
1.6821890210260158
1.6821890210260158
1.6821890210260158
1.6821890210260158
1.6821890210260158
1.6821890210260158
1.6821890210260158
1.6821890210260158
1.6821890210260158
1.6821890210260158
1.6821890210260158
1.6821890210260158
1.6821890210260158
1.6821890210260158
1.6821890210260158
1.6821890210260158
1.6821890210260158
1.6821890210260158
1.6821890210260158
1.6821890210260158
1.6174000983980825
1.6174000983980825
1.6174000983980825
1.6174000983980825
1.6174000983980825
1.6174000983980825
1.6174000983980825
1.6174000983980825
1.6174000983980825
1.6174000983980825
1.6174000983980825
1.6174000983980825
1.6174000983980825
1.6174000983980825
1.6174000983980825
1.6174000983980825
1.6174000983980825
1.6174000983980825
1.6174000983980825
1.6174000983980825
1.6174000983980825
1.6174000983980825
1.6174000983980825
1.6174000983980825
1.6174000983980825
1.5551900688966747
1.5551900688966747
1.5551900688966747
1.5551900688966747
1.5551900688966747
1.5551900688966747
1.5551900688966747
1.5551900688966747
1.5551900688966747
1.5551900688966747
1.5551900688966747
1.5551900688966747
1.5551900688966747
1.5551900688966747
1.5551900688966747
1.5551900688966747
1.5551900688966747
1.5551900688966747
1.5551900688966747
1.5551900688966747
1.5551900688966747
1.5551900688966747
1.5551900688966747
1.5551900688966747
1.5551900688966747
1.4696778407439979
1.4696778407439979
1.4696778407439979
1.4696778407439979
1.4696778407439979
1.4696778407439979
1.4696778407439979
1.4696778407439979
1.4696778407439979
1.4696778407439979
1.4696778407439979
1.4696778407439979
1.4696778407439979
1.4696778407439979
1.4696778407439979
1.4696778407439979
1.4696778407439979
1.4696778407439979
1.4696778407439979
1.4696778407439979
1.4696778407439979
1.4696778407439979
1.4696778407439979
1.4696778407439979
1.4696778407439979
1.4696778407439979
1.4696778407439979
1.4696778407439979
1.4696778407439979
1.4696778407439979
1.4696778407439979
1.4696778407439979
1.4696778407439979
1.4696778407439979
1.4696778407439979
1.4696778407439979
1.4696778407439979
1.4696778407439979
1.4696778407439979
1.4696778407439979
1.4696778407439979
1.4696778407439979
1.4696778407439979
1.4696778407439979
1.4696778407439979
1.4696778407439979
1.4696778407439979
1.4696778407439979
1.4696778407439979
1.4696778407439979
1.4696778407439979
1.4696778407439979
1.4541506415280807
1.4541506415280807
1.4541506415280807
1.4541506415280807
1.4541506415280807
1.4541506415280807
1.4541506415280807
1.4541506415280807
1.4541506415280807
1.4541506415280807
1.4541506415280807
1.4541506415280807
1.4541506415280807
1.4541506415280807
1.4541506415280807
1.4541506415280807
1.4541506415280807
1.4541506415280807
1.4541506415280807
1.4541506415280807
1.4541506415280807
1.4541506415280807
1.4541506415280807
1.4541506415280807
1.4541506415280807
1.4541506415280807
1.4541506415280807
1.4541506415280807
1.4541506415280807
1.4541506415280807
1.4541506415280807
1.4541506415280807
1.4541506415280807
1.4541506415280807
1.435381718997185
1.435381718997185
1.435381718997185
1.435381718997185
1.435381718997185
1.435381718997185
1.435381718997185
1.435381718997185
1.435381718997185
1.435381718997185
1.435381718997185
1.435381718997185
1.435381718997185
1.3945341181956756
1.3945341181956756
1.3945341181956756
1.2422027362473251
1.2422027362473251
1.2422027362473251
1.2422027362473251
1.2422027362473251
1.2422027362473251
1.2422027362473251
1.2422027362473251
1.2422027362473251
1.2422027362473251
1.2422027362473251
1.2422027362473251
1.2422027362473251
1.2422027362473251
1.2422027362473251
1.2422027362473251
1.2422027362473251
1.2422027362473251
1.2422027362473251
1.2422027362473251
1.2422027362473251
1.2422027362473251
1.2422027362473251
1.2422027362473251
1.2422027362473251
1.2422027362473251
1.2422027362473251
1.2422027362473251
1.2422027362473251
1.2422027362473251
1.2422027362473251
1.2422027362473251
1.2422027362473251
1.2422027362473251
1.2422027362473251
1.2422027362473251
1.2422027362473251
1.2422027362473251
1.2422027362473251
1.2261943778137976
1.2261943778137976
1.2261943778137976
1.2261943778137976
1.2261943778137976
1.2261943778137976
1.2261943778137976
1.2261943778137976
1.2261943778137976
1.2261943778137976
1.2261943778137976
1.2261943778137976
1.2261943778137976
1.2261943778137976
1.2261943778137976
1.2261943778137976
1.2261943778137976
1.2261943778137976
1.2261943778137976
1.2261943778137976
1.2261943778137976
1.2261943778137976
1.2261943778137976
1.2261943778137976
1.2261943778137976
1.2261943778137976
1.2261943778137976
1.2261943778137976
1.2261943778137976
1.2261943778137976
1.2261943778137976
1.2261943778137976
1.2261943778137976
1.2261943778137976
1.2261943778137976
1.2261943778137976
1.2261943778137976
1.2261943778137976
1.2261943778137976
1.2261943778137976
1.2261943778137976
1.2261943778137976
1.2261943778137976
1.2261943778137976
1.2261943778137976
1.2261943778137976
1.2261943778137976
1.2261943778137976
1.2261943778137976
1.2261943778137976
1.2261943778137976
1.2261943778137976
1.2261943778137976
1.2261943778137976
1.2261943778137976
1.2261943778137976
1.2261943778137976
1.2261943778137976
1.2261943778137976
1.2261943778137976
1.2261943778137976
1.2261943778137976
1.2261943778137976
1.2261943778137976
1.2261943778137976
1.2261943778137976
1.2261943778137976
1.2261943778137976
1.2261943778137976
1.2261943778137976
1.2261943778137976
1.2261943778137976
1.2261943778137976
1.2261943778137976
1.2261943778137976
1.2261943778137976
1.2261943778137976
1.2261943778137976
1.2261943778137976
1.2261943778137976
1.2261943778137976
1.2261943778137976
1.2261943778137976
1.2261943778137976
1.2261943778137976
1.2261943778137976
1.2261943778137976
1.2261943778137976
1.2261943778137976
1.2261943778137976
1.2261943778137976
1.1453907120611149
1.1453907120611149
1.1453907120611149
1.1453907120611149
1.1453907120611149
1.1453907120611149
1.1453907120611149
