12.34571518689345
12.34571518689345
12.243877652031653
12.243877652031653
12.090079991218335
12.090079991218335
10.9837802675566
10.9837802675566
10.9837802675566
10.9837802675566
10.9837802675566
10.9837802675566
10.9837802675566
10.626225056181255
10.626225056181255
10.626225056181255
10.626225056181255
10.626225056181255
10.626225056181255
10.626225056181255
10.626225056181255
10.626225056181255
10.575134892593656
10.575134892593656
10.575134892593656
10.575134892593656
10.575134892593656
10.575134892593656
10.575134892593656
10.575134892593656
10.575134892593656
10.32787405511058
10.089558395103847
10.089558395103847
10.089558395103847
10.089558395103847
10.089558395103847
10.089558395103847
10.089558395103847
10.089558395103847
9.835480000174716
9.835480000174716
9.11812969940577
9.11812969940577
9.11812969940577
9.11812969940577
9.11812969940577
9.11812969940577
8.608137283644592
8.608137283644592
8.608137283644592
8.608137283644592
8.608137283644592
8.608137283644592
8.356618071388375
8.356618071388375
8.356618071388375
8.356618071388375
8.356618071388375
8.356618071388375
8.356618071388375
8.356618071388375
8.043952111945355
8.043952111945355
8.043952111945355
8.043952111945355
8.043952111945355
8.043952111945355
8.043952111945355
7.97692640246423
7.97692640246423
7.97692640246423
7.97692640246423
7.97692640246423
7.97692640246423
7.97692640246423
7.97692640246423
7.97692640246423
7.184108304519448
7.184108304519448
6.87056951142187
6.87056951142187
6.87056951142187
6.87056951142187
6.87056951142187
6.87056951142187
6.87056951142187
6.87056951142187
6.87056951142187
6.87056951142187
6.204917877058676
6.204917877058676
6.204917877058676
6.129146653117118
6.129146653117118
6.129146653117118
6.129146653117118
5.845256253960251
5.845256253960251
5.845256253960251
5.845256253960251
5.845256253960251
5.845256253960251
5.845256253960251
5.845256253960251
5.59240575227583
5.59240575227583
5.228533605458352
5.228533605458352
5.228533605458352
5.228533605458352
5.228533605458352
5.228533605458352
5.228533605458352
5.228533605458352
5.228533605458352
5.228533605458352
5.228533605458352
5.228533605458352
5.228533605458352
5.228533605458352
5.09791689663642
5.09791689663642
5.09791689663642
4.7844022029333075
4.7844022029333075
4.7844022029333075
4.7844022029333075
4.7844022029333075
4.71064242104152
4.71064242104152
4.5927767282041
4.5927767282041
4.5927767282041
4.5927767282041
4.5927767282041
4.529271153129592
4.529271153129592
4.4777773118914155
4.4777773118914155
4.4777773118914155
4.4777773118914155
4.4777773118914155
4.4777773118914155
4.4777773118914155
4.4777773118914155
4.4777773118914155
4.4777773118914155
4.4777773118914155
4.4777773118914155
4.4777773118914155
4.4777773118914155
4.4777773118914155
4.4777773118914155
4.4777773118914155
4.465948060719491
4.465948060719491
4.412643106989066
4.412643106989066
4.412643106989066
4.412643106989066
4.412643106989066
4.412643106989066
4.412643106989066
4.412643106989066
4.118239748747072
4.118239748747072
4.118239748747072
4.118239748747072
3.91317217508184
3.91317217508184
3.91317217508184
3.91317217508184
3.91317217508184
3.91317217508184
3.91317217508184
3.91317217508184
3.91317217508184
3.91317217508184
3.91317217508184
3.91317217508184
3.91317217508184
3.91317217508184
3.91317217508184
3.91317217508184
3.91317217508184
3.91317217508184
3.91317217508184
3.91317217508184
3.91317217508184
3.5736223314128424
3.4350949037732406
3.4350949037732406
3.4350949037732406
3.4350949037732406
3.4350949037732406
3.4350949037732406
3.4350949037732406
3.4350949037732406
3.4350949037732406
3.4350949037732406
3.4350949037732406
3.4350949037732406
3.4350949037732406
3.4350949037732406
3.4350949037732406
3.4350949037732406
3.4350949037732406
3.4239616624047216
3.3027676976387923
3.3027676976387923
3.3027676976387923
3.2056004099382065
3.2056004099382065
3.2056004099382065
3.114719171814748
3.114719171814748
3.114719171814748
3.0990058343245295
3.0990058343245295
2.643586731209048
2.643586731209048
2.643586731209048
2.643586731209048
2.643586731209048
2.643586731209048
2.643586731209048
2.643586731209048
2.643586731209048
2.643586731209048
2.643586731209048
2.643586731209048
2.643586731209048
2.643586731209048
2.643586731209048
2.643586731209048
2.643586731209048
2.643586731209048
2.643586731209048
2.643586731209048
2.643586731209048
2.643586731209048
2.643586731209048
2.643586731209048
2.643586731209048
2.643586731209048
2.643586731209048
2.643586731209048
2.643586731209048
2.4602504311291327
2.4602504311291327
2.4602504311291327
2.4602504311291327
2.4602504311291327
2.4602504311291327
2.4602504311291327
2.4435239949317236
2.396940106917313
2.396940106917313
2.396940106917313
2.396940106917313
2.396940106917313
2.396940106917313
2.396940106917313
2.396940106917313
2.1977927627725506
2.1977927627725506
2.1977927627725506
2.1977927627725506
2.1977927627725506
2.1977927627725506
2.1977927627725506
2.1977927627725506
2.1977927627725506
2.1474927392457843
2.088901322114644
2.088901322114644
2.088901322114644
2.088901322114644
2.0374453316598533
2.0374453316598533
2.0374453316598533
2.0374453316598533
2.0374453316598533
2.0374453316598533
2.0374453316598533
2.0374453316598533
2.0374453316598533
2.0374453316598533
2.0374453316598533
1.8460098217173382
1.8460098217173382
1.8460098217173382
1.8460098217173382
1.8460098217173382
1.8460098217173382
1.8460098217173382
1.8460098217173382
1.8460098217173382
1.8460098217173382
1.8460098217173382
1.8460098217173382
1.8460098217173382
1.8460098217173382
1.8460098217173382
1.8460098217173382
1.8460098217173382
1.8460098217173382
1.8460098217173382
1.8460098217173382
1.8460098217173382
1.8460098217173382
1.8460098217173382
1.8460098217173382
1.8460098217173382
1.8460098217173382
1.8460098217173382
1.8460098217173382
1.8460098217173382
1.8460098217173382
1.8260087284186568
1.8260087284186568
1.8260087284186568
1.8260087284186568
1.7912681474069956
1.7263694150698115
1.7263694150698115
1.7263694150698115
1.7263694150698115
1.7263694150698115
1.7263694150698115
1.7104020806535516
1.6005240422005969
1.6005240422005969
1.6005240422005969
1.6005240422005969
1.6005240422005969
1.6005240422005969
1.6005240422005969
1.6005240422005969
1.6005240422005969
1.6005240422005969
1.6005240422005969
1.6005240422005969
1.6005240422005969
1.6005240422005969
1.5953633369330262
1.5863389927652776
1.5863389927652776
1.500267124214723
1.500267124214723
1.500267124214723
1.500267124214723
1.500267124214723
1.500267124214723
1.500267124214723
1.3262254233203237
1.3262254233203237
1.3262254233203237
1.3262254233203237
1.3262254233203237
1.3262254233203237
1.104615015709463
1.104615015709463
1.104615015709463
1.104615015709463
1.104615015709463
1.104615015709463
1.104615015709463
1.104615015709463
1.104615015709463
1.104615015709463
1.104615015709463
1.104615015709463
1.104615015709463
1.104615015709463
1.104615015709463
1.104615015709463
1.104615015709463
1.104615015709463
1.104615015709463
1.104615015709463
1.104615015709463
1.104615015709463
1.104615015709463
1.104615015709463
1.104615015709463
1.104615015709463
1.104615015709463
1.104615015709463
1.104615015709463
1.0507165296441414
1.0507165296441414
1.0507165296441414
1.0507165296441414
1.0507165296441414
1.0507165296441414
0.9885947866295055
0.9885947866295055
0.9885947866295055
0.9885947866295055
0.9885947866295055
0.9885947866295055
0.9885947866295055
0.9885947866295055
0.9885947866295055
0.9885947866295055
0.9885947866295055
0.9885947866295055
0.9885947866295055
0.9885947866295055
0.9885947866295055
0.9885947866295055
0.9885947866295055
0.9885947866295055
0.9885947866295055
0.9033904610111705
0.9033904610111705
0.9033904610111705
0.9033904610111705
0.9033904610111705
0.9033904610111705
0.8768466397975487
0.8768466397975487
0.8768466397975487
0.8768466397975487
0.8768466397975487
0.8768466397975487
0.8768466397975487
0.8768466397975487
0.8768466397975487
0.8768466397975487
0.8768466397975487
0.8768466397975487
0.8768466397975487
0.8768466397975487
0.8768466397975487
0.8768466397975487
0.8768466397975487
0.8768466397975487
0.8768466397975487
0.8768466397975487
0.8768466397975487
0.8768466397975487
0.8768466397975487
0.8768466397975487
0.8468646111324531
0.8468646111324531
0.8468646111324531
0.8468646111324531
0.8468646111324531
0.6607419857937984
0.6607419857937984
0.6607419857937984
0.6607419857937984
0.6607419857937984
0.6607419857937984
0.6607419857937984
0.6607419857937984
0.6607419857937984
0.6607419857937984
0.6607419857937984
0.6607419857937984
0.6607419857937984
0.6607419857937984
0.6607419857937984
0.6607419857937984
0.6607419857937984
0.6607419857937984
0.6607419857937984
0.6607419857937984
0.6607419857937984
0.6607419857937984
0.6607419857937984
0.6607419857937984
0.6607419857937984
0.6607419857937984
0.6607419857937984
0.658994762970103
0.658994762970103
0.6350583941071548
0.6350583941071548
0.6350583941071548
0.6308850642096786
0.6308850642096786
0.6237569022887897
0.6237569022887897
0.6237569022887897
0.6233519802901668
0.5484229471496036
0.5484229471496036
0.5484229471496036
0.5484229471496036
0.5484229471496036
0.5484229471496036
0.5484229471496036
0.5484229471496036
0.5484229471496036
0.5484229471496036
0.5484229471496036
0.5484229471496036
0.5484229471496036
0.5484229471496036
0.5484229471496036
0.5484229471496036
0.5484229471496036
0.5484229471496036
0.5484229471496036
0.5484229471496036
0.5484229471496036
0.5484229471496036
0.5484229471496036
0.5484229471496036
0.5484229471496036
0.5484229471496036
0.5484229471496036
0.5409500241389509
0.5409500241389509
0.5409500241389509
0.5409500241389509
0.5409500241389509
0.4588453023401087
0.4588453023401087
0.4588453023401087
0.4588453023401087
0.4588453023401087
0.45867425476383517
0.4573553688799734
0.4573553688799734
0.4573553688799734
0.4573553688799734
0.4573553688799734
0.4573553688799734
0.4573553688799734
0.4573553688799734
0.4573553688799734
0.4573553688799734
0.4573553688799734
0.4573553688799734
0.45556703299097023
0.45556703299097023
0.45556703299097023
0.45556703299097023
0.45556703299097023
0.45556703299097023
0.45556703299097023
0.45556703299097023
0.45556703299097023
0.45556703299097023
0.45556703299097023
0.45556703299097023
0.45556703299097023
0.45556703299097023
0.45556703299097023
0.45556703299097023
0.4500687445761997
0.4500687445761997
0.4500687445761997
0.4500687445761997
0.4500687445761997
0.4500687445761997
0.4448984100776485
0.4372501509201996
0.4372501509201996
0.42433196875291657
0.42433196875291657
0.4116234453588561
0.4116234453588561
0.4116234453588561
0.4116234453588561
0.4116234453588561
0.39738128771771386
0.39738128771771386
0.39738128771771386
0.39738128771771386
0.39738128771771386
0.39738128771771386
0.39738128771771386
0.39738128771771386
0.39738128771771386
0.39738128771771386
0.39738128771771386
0.39738128771771386
0.39738128771771386
0.39738128771771386
0.39738128771771386
0.37870211243254914
0.37870211243254914
0.37870211243254914
0.357679714032777
0.357679714032777
0.357679714032777
0.357679714032777
0.357679714032777
0.357679714032777
0.357679714032777
0.357679714032777
0.357679714032777
0.357679714032777
0.357679714032777
0.357679714032777
0.357679714032777
0.357679714032777
0.357679714032777
0.357679714032777
0.357679714032777
0.357679714032777
0.357679714032777
0.357679714032777
0.357679714032777
0.33944122318433756
0.33944122318433756
0.33944122318433756
0.33944122318433756
0.33944122318433756
0.33944122318433756
0.33944122318433756
0.33944122318433756
0.33944122318433756
0.33944122318433756
0.33944122318433756
0.33562825575145183
0.33562825575145183
0.2933279711515837
0.2933279711515837
0.2933279711515837
0.2933279711515837
0.2933279711515837
0.2933279711515837
0.2933279711515837
0.2933279711515837
0.2933279711515837
0.2933279711515837
0.2933279711515837
0.2933279711515837
0.2933279711515837
0.2933279711515837
0.2933279711515837
0.2933279711515837
0.2933279711515837
0.2933279711515837
0.2933279711515837
0.2933279711515837
0.28969828780176243
0.28969828780176243
0.28969828780176243
0.28827429756334055
0.28827429756334055
0.2793700727885451
0.2793700727885451
0.2793700727885451
0.2793700727885451
0.2739765340240581
0.2739765340240581
0.2739765340240581
0.2739765340240581
0.2739765340240581
0.2586138480483626
0.2586138480483626
0.2586138480483626
0.2586138480483626
0.2586138480483626
0.2586138480483626
0.21788991845463812
0.21788991845463812
0.21788991845463812
0.21788991845463812
0.21788991845463812
0.21788991845463812
0.21788991845463812
0.21788991845463812
0.21788991845463812
0.21788991845463812
0.21788991845463812
0.21788991845463812
0.21788991845463812
0.21788991845463812
0.21788991845463812
0.21788991845463812
0.21788991845463812
0.21788991845463812
0.21788991845463812
0.21788991845463812
0.21788991845463812
0.21201274980546714
0.21201274980546714
0.21201274980546714
0.21201274980546714
0.21201274980546714
0.21201274980546714
0.21201274980546714
0.21201274980546714
0.21201274980546714
0.20838981315220906
0.20838981315220906
0.20838981315220906
0.20698257248718477
0.19364548114707958
0.19364548114707958
0.19364548114707958
0.19364548114707958
0.19364548114707958
0.19364548114707958
0.19364548114707958
0.19364548114707958
0.19364548114707958
0.19364548114707958
0.19364548114707958
0.19364548114707958
0.19364548114707958
0.19221441953383334
0.19221441953383334
0.19221441953383334
0.19221441953383334
0.19221441953383334
0.19221441953383334
0.19221441953383334
0.19050495455123695
0.1835158472248537
0.1835158472248537
0.1835158472248537
0.1835158472248537
0.1818464278336691
0.1818464278336691
0.1818464278336691
0.18046400385151173
0.1794167676807703
0.1794167676807703
0.17840359698450214
0.17840359698450214
0.17840359698450214
0.17840359698450214
0.17840359698450214
0.17840359698450214
0.17840359698450214
0.1779837863030309
0.17791415456868265
0.17791415456868265
0.17791415456868265
0.17791415456868265
0.17791415456868265
0.17791415456868265
0.16988590238913304
0.16988590238913304
0.16988590238913304
0.16988590238913304
0.1687386766974157
0.1687386766974157
0.14767946376150576
0.14767946376150576
0.14767946376150576
0.14767946376150576
0.14767946376150576
0.14767946376150576
0.14767946376150576
0.14767946376150576
0.14767946376150576
0.14767946376150576
0.14767946376150576
0.14767946376150576
0.14767946376150576
0.141322238595464
0.141322238595464
0.141322238595464
0.141322238595464
0.141322238595464
0.141322238595464
0.141322238595464
0.141322238595464
0.13898336445527093
0.13898336445527093
0.13650326109652866
0.13650326109652866
0.13650326109652866
0.13225924971619207
0.1322180435426148
0.1322180435426148
0.1322180435426148
0.1322180435426148
0.1322180435426148
0.1322180435426148
0.1322180435426148
0.12597113100724044
0.12597113100724044
0.12597113100724044
0.12597113100724044
0.12597113100724044
0.12597113100724044
0.12597113100724044
0.12597113100724044
0.12597113100724044
0.12597113100724044
0.12597113100724044
0.11771915454621507
0.11771915454621507
0.11771915454621507
0.11771915454621507
0.11771915454621507
0.11771915454621507
0.11771915454621507
0.11771915454621507
0.11771915454621507
0.11771915454621507
0.11771915454621507
0.11771915454621507
0.11771915454621507
0.11771915454621507
0.11771915454621507
0.11771915454621507
0.11771915454621507
0.11771915454621507
0.11771915454621507
0.11771915454621507
0.11771915454621507
0.11771915454621507
0.11771915454621507
0.11771915454621507
0.11771915454621507
0.11771915454621507
0.11771915454621507
0.11771915454621507
0.11771915454621507
0.11771915454621507
0.11771915454621507
0.10956198026007513
0.10956198026007513
0.10956198026007513
0.10956198026007513
0.10956198026007513
0.1094579204798336
0.10390406248683348
0.10390406248683348
0.10390406248683348
0.10390406248683348
0.10390406248683348
0.10390406248683348
0.10390406248683348
0.10390406248683348
0.10390406248683348
0.10357764412476911
0.10357764412476911
0.10260991914319106
0.09772821255448605
0.09772821255448605
0.09772821255448605
0.09423582866357094
0.09423582866357094
0.0939383740683013
0.0939383740683013
0.0939383740683013
0.0939383740683013
0.0939383740683013
0.0939383740683013
0.0939383740683013
0.0939383740683013
0.0939383740683013
0.0939383740683013
0.0936292425942753
0.0936292425942753
0.0936292425942753
0.0936292425942753
0.0936292425942753
0.0936292425942753
0.08030839515795662
0.08030839515795662
0.08030839515795662
0.08030839515795662
0.08029483745662702
0.07855471776175449
0.07855471776175449
0.07855471776175449
0.07855471776175449
0.07855471776175449
0.07855471776175449
0.07855471776175449
0.07855471776175449
0.07855471776175449
0.07855471776175449
0.07855471776175449
0.07855471776175449
0.07855471776175449
0.07855471776175449
0.07855471776175449
0.07622463268360491
0.07622463268360491
0.07610663675426821
0.07554948062733047
0.07554948062733047
0.07554948062733047
0.07554948062733047
0.07554948062733047
0.07554948062733047
0.07554948062733047
0.07554948062733047
0.07069472468786131
0.07069472468786131
0.07069472468786131
0.07069472468786131
0.07069472468786131
0.07069472468786131
0.06836639201247863
0.06836639201247863
0.06836639201247863
0.06836639201247863
0.06836639201247863
0.06711355552865683
0.06711355552865683
0.06498795189762063
0.06498795189762063
0.06498795189762063
0.06498795189762063
0.06498795189762063
0.06498795189762063
0.06328893628500509
0.06328893628500509
0.05947657408630391
0.05947657408630391
0.05947657408630391
0.05947657408630391
0.05947657408630391
0.05501444055406779
0.05501444055406779
0.05501444055406779
0.05501444055406779
0.05501444055406779
0.05501444055406779
0.05416920492920951
0.05416920492920951
0.05284726530593531
0.05284726530593531
0.05284726530593531
0.05284726530593531
0.05284726530593531
0.052447484191979754
0.052447484191979754
0.052447484191979754
0.052447484191979754
0.052447484191979754
0.05097481954822314
0.05097481954822314
0.05097481954822314
0.05097481954822314
0.05097481954822314
0.05097481954822314
0.04730343095729239
0.04730343095729239
0.04730343095729239
0.04730343095729239
0.04730343095729239
0.04725408406511633
0.04725408406511633
0.04725408406511633
0.04725408406511633
0.04725408406511633
0.04725408406511633
0.04725408406511633
0.041858303979509515
0.041858303979509515
0.041858303979509515
0.041858303979509515
0.041858303979509515
0.041858303979509515
0.041858303979509515
0.041858303979509515
0.041858303979509515
0.041858303979509515
0.041858303979509515
0.041858303979509515
0.041858303979509515
0.041858303979509515
0.04163781268280786
0.04163781268280786
0.038944986779959834
0.038944986779959834
0.038944986779959834
0.038944986779959834
0.03864659880670018
0.03864659880670018
0.03864659880670018
0.03864659880670018
0.03864659880670018
0.03864659880670018
0.03518595426999127
0.03518595426999127
0.03504762492927682
0.03482373583666032
0.03482373583666032
0.03482373583666032
0.03316803882228925
0.03316803882228925
0.03316803882228925
0.03316803882228925
0.032650136176584965
0.03144605515906562
0.03144605515906562
0.03144605515906562
0.03144605515906562
0.03144605515906562
0.03144605515906562
0.03144605515906562
