13.861513210383077
13.789987959526734
13.787162030957777
13.787162030957777
13.761953336544885
13.734373565842393
13.380985182704386
13.380985182704386
13.170132251697336
12.003864384211468
11.029095663517825
11.011404155987755
11.005997533029078
11.005997533029078
10.992125450700769
10.992125450700769
10.987144264470224
10.949850427195656
10.949850427195656
10.937459844973962
10.937459844973962
10.937459844973962
10.819629744693664
10.819629744693664
9.968572228697159
9.538031417249844
9.538031417249844
9.538031417249844
9.538031417249844
9.538031417249844
9.538031417249844
9.538031417249844
9.53107866494317
9.53107866494317
9.53107866494317
9.53107866494317
9.53107866494317
9.53107866494317
9.53107866494317
9.53107866494317
9.53107866494317
9.53107866494317
9.53107866494317
9.53107866494317
9.524584684624003
9.523682940135767
9.513504111134015
9.513504111134015
9.513504111134015
9.487914366335815
9.482766828374121
9.482766828374121
9.482766828374121
9.482766828374121
9.482766828374121
9.482766828374121
9.47531143025796
9.461226786022117
9.461226786022117
9.461226786022117
9.451126914612917
9.304404669530154
9.304404669530154
9.304404669530154
9.304404669530154
9.304404669530154
9.304404669530154
9.304404669530154
9.304404669530154
9.304404669530154
9.197776557865623
9.109196515187357
9.109196515187357
9.109196515187357
9.109196515187357
9.109196515187357
9.109196515187357
9.105217722842646
8.879186325669576
8.877834094763973
8.877834094763973
8.877834094763973
8.877834094763973
8.866910263024973
8.866910263024973
8.850278743659267
8.843994944610788
8.84204997261292
8.84204997261292
8.84204997261292
8.84204997261292
8.726514497176485
8.258612379986715
8.258612379986715
8.24931584564499
8.244232790131555
8.23346038447865
7.91991376418769
7.697648633113523
7.697648633113523
7.697648633113523
7.683138532048808
7.683138532048808
7.681448147329085
7.681448147329085
7.681448147329085
7.681448147329085
7.680469344069877
7.680469344069877
7.680469344069877
7.673387339647405
6.668105154327854
6.668105154327854
6.668105154327854
6.668105154327854
6.665922804153809
6.665922804153809
6.661867565790445
6.661867565790445
6.661867565790445
6.661867565790445
6.661867565790445
6.661867565790445
6.661867565790445
6.635798506483717
6.5026611299007016
6.491876396611538
6.491876396611538
6.491876396611538
6.490318106918423
6.488630701127207
6.469041877523338
6.469041877523338
6.449660828794869
6.440060698594365
6.431810494633396
6.421867158832441
6.418652148366284
6.399778315672421
6.382350928176585
6.1249696368260516
6.122021803059866
6.08072203417052
6.08072203417052
6.08072203417052
5.821829873393462
5.821829873393462
5.821829873393462
5.81736722875786
5.817170441117682
5.817170441117682
5.692089614103509
5.692089614103509
5.692089614103509
5.692089614103509
5.692089614103509
5.682799608939938
5.682799608939938
5.682799608939938
5.645373982943042
5.645373982943042
5.644258167733838
5.635602137062108
5.557583730843184
5.557583730843184
5.552810709619699
5.552810709619699
5.552810709619699
5.552810709619699
5.552810709619699
5.552810709619699
5.552810709619699
5.552810709619699
5.552810709619699
5.552810709619699
5.5333554497702835
5.5333554497702835
5.531181813509363
5.5155115384519675
5.5155115384519675
5.5155115384519675
5.500708122173933
5.500708122173933
5.500708122173933
5.500708122173933
5.500708122173933
5.500708122173933
5.489744951193437
5.489744951193437
5.489744951193437
5.46553442187728
5.46553442187728
5.46553442187728
5.46553442187728
5.353857173308526
5.250364225101869
5.214948363950704
5.214948363950704
5.214948363950704
5.214948363950704
5.214948363950704
5.214948363950704
5.214948363950704
5.214948363950704
5.214948363950704
5.214948363950704
5.214948363950704
5.214948363950704
5.214948363950704
5.207490320125181
5.201810122046801
5.201810122046801
5.201810122046801
5.200992624513269
5.179148859267052
5.163023276124456
5.163023276124456
5.058495940695437
5.058495940695437
5.057530532616688
5.045090250721948
5.034881954544865
5.031782637046241
5.031782637046241
5.027873805083566
4.887602581447695
4.887602581447695
4.883323832864242
4.877158593210595
4.877158593210595
4.876789376075202
4.876789376075202
4.839754782201176
4.839754782201176
4.8379694024480315
4.793821325025192
4.76238741348493
4.751245615660871
4.728300053534483
4.728300053534483
4.728300053534483
4.718805709598115
4.608883492715371
4.603905493045012
4.603905493045012
4.603905493045012
4.603905493045012
4.330691617900293
4.31948558873674
4.31948558873674
4.31948558873674
4.31948558873674
4.3170570898661325
4.3170570898661325
4.3170570898661325
4.3170570898661325
4.302605288951824
4.296731682404612
4.287428395060118
4.287428395060118
4.214496719896204
4.214496719896204
4.206379455702496
4.206379455702496
4.206379455702496
4.202822952118943
4.202822952118943
4.202822952118943
4.184762770905493
4.161206160868247
4.161206160868247
4.161206160868247
4.14073154498255
4.108981914496276
4.108981914496276
3.7588685680448677
3.7588685680448677
3.757218295150629
3.757218295150629
3.7355732841581
3.7355732841581
3.7355732841581
3.7355732841581
3.724104890148034
3.724104890148034
3.724104890148034
3.724104890148034
3.720817723759943
3.720817723759943
3.7205601283476497
3.699962065964222
3.699962065964222
3.699962065964222
3.699962065964222
3.699962065964222
3.699962065964222
3.699962065964222
3.699962065964222
3.684236988898114
3.684236988898114
3.684236988898114
3.684236988898114
3.684236988898114
3.684236988898114
3.684236988898114
3.678086934793498
3.6736578233350343
3.6736578233350343
3.6736578233350343
3.6736578233350343
3.6736578233350343
3.6736578233350343
3.6736578233350343
3.6736578233350343
3.6736578233350343
3.663415315279103
3.663415315279103
3.663415315279103
3.663415315279103
3.663415315279103
3.663415315279103
3.663415315279103
3.663415315279103
3.663415315279103
3.663415315279103
3.663415315279103
3.6618104324819853
3.6618104324819853
3.6618104324819853
3.6618104324819853
3.6588522529291154
3.6588522529291154
3.6588522529291154
3.6588522529291154
3.6588522529291154
3.6588522529291154
3.6588522529291154
3.6588522529291154
3.6588522529291154
3.6588522529291154
3.6588522529291154
3.6588522529291154
3.6588522529291154
3.6445213014807933
3.6416875518544103
3.634046737368095
3.634046737368095
3.634046737368095
3.634046737368095
3.5351828888527095
3.5351828888527095
3.5351828888527095
3.533877568493203
3.524643677335199
3.524643677335199
3.524643677335199
3.524643677335199
3.524643677335199
3.524643677335199
3.524643677335199
3.524643677335199
3.516283982490627
3.516283982490627
3.516283982490627
3.516283982490627
3.516283982490627
3.516283982490627
3.5138928217171355
3.5138928217171355
3.5138928217171355
3.5138928217171355
3.5138928217171355
3.5075475427986333
3.5075475427986333
3.499180059490328
3.499180059490328
3.499180059490328
3.4894738579987816
3.4894738579987816
3.4894738579987816
3.4894738579987816
3.4671361770384053
3.4671361770384053
3.4671361770384053
3.4671361770384053
3.4671361770384053
3.4671361770384053
3.4671361770384053
3.4402651072462334
3.3362491612181273
3.319415930197408
3.319415930197408
3.319415930197408
3.319415930197408
3.3185187712321422
3.318406985810377
3.318406985810377
3.297839957808492
3.27194176487955
3.27194176487955
3.27194176487955
3.259714926368602
3.2589573893349737
3.201597617589819
3.1964982516144715
3.190210575530145
3.1796072172014362
3.1741420155832927
3.1741420155832927
3.1741420155832927
3.1741420155832927
3.1741420155832927
3.1599299099476497
3.1453474862838675
3.1453474862838675
3.1453474862838675
3.1453474862838675
3.13136213913684
3.13136213913684
3.13136213913684
3.13136213913684
3.13136213913684
3.130701960956351
3.1174725286695164
3.116840696528243
3.1146315093789667
3.1146315093789667
3.1146315093789667
3.1146315093789667
3.1146315093789667
2.822138786570818
2.822138786570818
2.822138786570818
2.8200080058701005
2.817367634476035
2.8168971558150915
2.8168971558150915
2.8166852826323066
2.8166852826323066
2.8014320080515063
2.8014320080515063
2.8014320080515063
2.8014320080515063
2.8014320080515063
2.797358006955143
2.797358006955143
2.792109060984089
2.764142723328561
2.764142723328561
2.7618183978306163
2.7618183978306163
2.7618183978306163
2.7606808292636913
2.7606808292636913
2.7606808292636913
2.7532521555038088
2.7373729878069852
2.7373729878069852
2.7278897607084502
2.7278897607084502
2.7278897607084502
2.7197601924366666
2.713615428447035
2.697663120235731
2.697663120235731
2.697663120235731
2.697663120235731
2.6830335165728982
2.6830335165728982
2.6830335165728982
2.6830335165728982
2.663921601443562
2.651937840302132
2.651937840302132
2.651937840302132
2.651937840302132
2.651937840302132
2.651937840302132
2.651937840302132
2.651937840302132
2.651937840302132
2.651937840302132
2.651937840302132
2.608959657718657
2.600344019697424
2.600344019697424
2.571494168352217
2.571494168352217
2.571494168352217
2.571494168352217
2.571494168352217
2.571494168352217
2.571494168352217
2.571494168352217
2.571494168352217
2.571494168352217
2.5675355114507568
2.5444039746957827
2.5420041495002152
2.5420041495002152
2.5420041495002152
2.314497083790343
2.3091250887525447
2.304074109872083
2.304074109872083
2.304074109872083
2.304074109872083
2.304074109872083
2.304074109872083
2.304074109872083
2.304074109872083
2.2963432354802933
2.2963432354802933
2.280540505414102
2.280540505414102
2.280540505414102
2.2508320635015053
2.250557796852476
2.250557796852476
2.2358010909914157
2.2323543810095714
2.226298618100124
2.226298618100124
2.226298618100124
2.226298618100124
2.222320519292353
2.222320519292353
2.217955732851955
2.217955732851955
2.217955732851955
2.2039071136740915
2.1741344300006133
2.171521377922744
2.171521377922744
2.171521377922744
2.171521377922744
2.171521377922744
2.171521377922744
2.171521377922744
2.171521377922744
2.171521377922744
2.171521377922744
2.171521377922744
2.1703989753762514
2.1703989753762514
2.1668752159332314
2.1668752159332314
2.1574385562359666
2.149908821505157
2.149908821505157
2.149908821505157
2.137212780997551
2.1274304264043735
2.1274304264043735
2.1274304264043735
2.121072830568181
2.113058847923604
2.092006597545634
2.0475582381473103
2.0475582381473103
2.0462037193898723
2.0462037193898723
2.0462037193898723
2.038136554160573
1.961811149061596
1.9425954632176072
1.9425954632176072
1.9425954632176072
1.9390524569677439
1.9390524569677439
1.9388120441346004
1.9327556183900612
1.9327556183900612
1.9327556183900612
1.9327556183900612
1.9293631042186377
1.9293631042186377
1.9293631042186377
1.9293631042186377
1.9293631042186377
1.9293631042186377
1.9269247145799042
1.9268281849112014
1.9268281849112014
1.9260983595438006
1.924445290132489
1.924445290132489
1.924445290132489
1.924445290132489
1.924445290132489
1.9236430984610777
1.913548313093365
1.803502095380125
1.7795693805275619
1.7795693805275619
1.7795693805275619
1.7795693805275619
1.7795693805275619
1.7795693805275619
1.7795693805275619
1.7795693805275619
1.7795693805275619
1.7638138018361218
1.7638138018361218
1.7638138018361218
1.7638138018361218
1.7638138018361218
1.7524029259444731
1.7389886922238702
1.7389886922238702
1.7340181486142043
1.720667004544012
1.720667004544012
1.720667004544012
1.720667004544012
1.7111676707494539
1.7111676707494539
1.6866700409320359
1.6866700409320359
1.6866700409320359
1.6866700409320359
1.6594354418451545
1.6594354418451545
1.5410379237805003
1.5410379237805003
1.5410080704877345
1.516624522693455
1.516624522693455
1.516624522693455
1.516624522693455
1.5148438925994014
1.5148438925994014
1.5047609788816416
1.5047609788816416
1.5047609788816416
1.4539795492389729
1.4539795492389729
1.4500710100660683
1.4432478829731252
1.4427816578904924
1.4171695286585688
1.4171695286585688
1.4171695286585688
1.415174618719469
1.4133254572888134
1.4133254572888134
1.4112313978463646
1.4112313978463646
1.4112313978463646
1.4112313978463646
1.4112313978463646
1.4047658150073943
1.4047658150073943
1.4047658150073943
1.4031291664497516
1.4031291664497516
1.4031291664497516
1.374379518037685
1.2878014345559237
1.2842463421209587
1.2754380916264552
1.2754380916264552
1.2754380916264552
1.2754380916264552
1.2754380916264552
1.2657224992411926
1.2657224992411926
1.2657224992411926
1.2657224992411926
1.2657224992411926
1.2657224992411926
1.2544485775258565
1.2544485775258565
1.2515178830230624
1.2457321222022486
1.2457321222022486
1.2457321222022486
1.2457321222022486
1.2457321222022486
1.2457321222022486
1.2457321222022486
1.2386648988763795
1.2386648988763795
1.2386648988763795
1.2226064165813924
1.2226064165813924
1.2226064165813924
1.2226064165813924
1.2063676316834844
1.2063676316834844
1.2063676316834844
1.2017924206335522
1.2017924206335522
1.1967129040989164
1.1960606830522948
1.103236198996278
1.1013618942583818
1.0729537973123868
1.063881052766348
1.063881052766348
1.0614687540057943
1.0614687540057943
1.0614687540057943
1.0614687540057943
1.0614687540057943
1.0614687540057943
1.0614687540057943
1.0614687540057943
1.0614687540057943
1.0614687540057943
1.0614687540057943
1.0614687540057943
1.0614687540057943
1.0614687540057943
1.0614687540057943
1.0614687540057943
1.0614687540057943
1.0540270284619595
1.0540270284619595
1.0540270284619595
1.044829036800209
1.0446782931101097
1.0446782931101097
1.031190348594933
1.031190348594933
1.031190348594933
1.031190348594933
1.031190348594933
1.0272211876864574
0.9340349712372671
0.9065152615247314
0.904808603136928
0.904808603136928
0.904808603136928
0.8959405122708333
0.8959405122708333
0.8954372926403167
0.8942038212522689
0.8942038212522689
0.8942038212522689
0.8929124587047141
0.8767361013212849
0.8767361013212849
0.8767361013212849
0.8767361013212849
0.8767361013212849
0.8767361013212849
0.8767361013212849
0.8767361013212849
0.8400327567737733
0.8394214221348832
0.8394214221348832
0.8377688367164495
0.8376630678646535
0.8376630678646535
0.8376630678646535
0.8376630678646535
0.8346969478881334
0.8346969478881334
0.8294002544271493
0.8294002544271493
0.8294002544271493
0.8294002544271493
0.8294002544271493
0.8294002544271493
0.8294002544271493
0.8294002544271493
0.8294002544271493
0.8294002544271493
0.8294002544271493
0.8294002544271493
0.8287429689796326
0.8287429689796326
0.8274565361996764
0.8274565361996764
0.8274565361996764
0.8274565361996764
0.8274565361996764
0.8274565361996764
0.8210943897604039
0.8210943897604039
0.8125296502450965
0.8125296502450965
0.8090390853388669
0.8090390853388669
0.8090390853388669
0.8090390853388669
0.8045177614520753
0.8045177614520753
0.8045177614520753
0.8045177614520753
0.8045177614520753
0.8045177614520753
0.8045177614520753
0.8045177614520753
0.8045177614520753
0.8045177614520753
0.8045177614520753
0.8045177614520753
0.8045177614520753
0.8045177614520753
0.8045177614520753
0.8010534969812326
0.7947255991701141
0.7903672313365391
0.7903672313365391
0.7903672313365391
0.7903672313365391
0.7903672313365391
0.7903672313365391
0.7816384216932235
0.7816384216932235
0.7816384216932235
0.7744903121306521
0.7497530510295505
0.7497530510295505
0.7497530510295505
0.7497530510295505
0.7457341481961635
0.7457341481961635
0.7457341481961635
0.7457341481961635
0.7457341481961635
0.7457341481961635
0.7457341481961635
0.73714791630821
0.73714791630821
0.7315120181220465
0.7287356856291112
0.7287356856291112
0.7287356856291112
0.7287356856291112
0.7262176800550435
0.7262176800550435
0.7251174107096787
0.714311928915194
0.714311928915194
0.714311928915194
0.714311928915194
0.714311928915194
0.7139478420398291
0.7139478420398291
0.7139478420398291
0.7139478420398291
0.7050967813145519
0.619437631728097
0.619437631728097
0.619437631728097
0.619437631728097
0.619437631728097
0.619437631728097
0.619437631728097
0.619437631728097
0.619437631728097
0.619437631728097
0.619437631728097
0.619437631728097
0.615710648282473
0.615710648282473
0.615710648282473
0.615710648282473
0.615710648282473
0.615710648282473
0.615710648282473
0.615710648282473
0.615710648282473
0.615710648282473
0.615710648282473
0.615710648282473
0.615710648282473
0.615710648282473
0.615710648282473
0.615710648282473
0.615710648282473
0.615710648282473
0.615710648282473
0.615710648282473
0.615710648282473
0.615710648282473
0.6145553379411695
0.6145553379411695
0.6145553379411695
0.6145553379411695
0.6145553379411695
0.6145553379411695
0.6145553379411695
0.6145553379411695
0.6145553379411695
0.6145553379411695
0.6145553379411695
0.6145553379411695
0.6145553379411695
0.6145553379411695
0.6145553379411695
0.6145553379411695
0.6145553379411695
0.6145553379411695
0.6145553379411695
0.6145553379411695
0.6130770094526881
0.6130770094526881
0.6130770094526881
0.6096934086860628
0.6096934086860628
0.6096934086860628
0.6096934086860628
0.6096934086860628
0.6096934086860628
0.6096934086860628
0.6096934086860628
0.6096934086860628
0.607098831353106
0.607098831353106
0.607098831353106
0.607098831353106
0.607098831353106
0.607098831353106
0.607098831353106
0.6062174288442748
0.6062174288442748
0.6062174288442748
0.6062174288442748
0.6062174288442748
0.6062174288442748
0.6062174288442748
0.6062174288442748
0.6062174288442748
0.6062174288442748
0.6062174288442748
0.6062174288442748
0.6062174288442748
0.6062174288442748
0.6062174288442748
0.6062174288442748
0.6048399197137044
0.6048399197137044
0.6048399197137044
0.6048399197137044
0.6048399197137044
0.6048399197137044
0.6048399197137044
0.6048399197137044
0.6048399197137044
0.6048399197137044
0.6048399197137044
0.6048399197137044
0.6048399197137044
0.6048399197137044
0.6048399197137044
0.6048399197137044
0.6048399197137044
0.6048399197137044
0.6048399197137044
0.6048399197137044
0.6048399197137044
0.6025064819675308
0.6025064819675308
0.6025064819675308
0.6025064819675308
0.6025064819675308
0.6025064819675308
0.6025064819675308
0.6025064819675308
0.6025064819675308
0.6025064819675308
0.6025064819675308
0.602290847096711
0.602290847096711
0.602290847096711
0.602290847096711
0.602290847096711
0.602290847096711
0.602290847096711
0.602290847096711
0.602290847096711
0.602290847096711
0.602290847096711
0.5851135152587617
0.5851135152587617
0.5851135152587617
0.5807838828744281
0.5807838828744281
0.5807838828744281
0.5807838828744281
0.5676935986572502
0.5665290472690856
0.5665290472690856
0.5640597343289429
0.5640597343289429
0.5640597343289429
0.5640597343289429
0.5640597343289429
0.5640597343289429
0.5640597343289429
0.5640597343289429
0.5511792871420269
0.5466249171503534
0.5466249171503534
0.5466249171503534
0.5466249171503534
