0.009075641632080078
0.009022951126098633
0.008987903594970703
0.008908271789550781
0.008889913558959961
0.008943557739257812
0.009090900421142578
0.008693695068359375
0.00877690315246582
0.008635282516479492
0.008542776107788086
0.008718729019165039
0.00843667984008789
0.008436918258666992
0.008814573287963867
0.009093999862670898
0.009115934371948242
0.009180068969726562
0.009247779846191406
0.009006261825561523
0.008838653564453125
0.009203672409057617
0.008991718292236328
0.008796215057373047
0.008594989776611328
0.008769989013671875
0.008556842803955078
0.008545398712158203
0.008558511734008789
0.008550643920898438
0.00848078727722168
0.008488893508911133
0.008511066436767578
0.008638381958007812
0.008651971817016602
0.008523941040039062
0.008481740951538086
0.008626461029052734
0.008560657501220703
0.00861215591430664
0.008730649948120117
0.008890151977539062
0.008917093276977539
0.008984088897705078
0.009028911590576172
0.009036064147949219
0.009041547775268555
0.00908970832824707
0.009069681167602539
0.009099245071411133
0.00898432731628418
0.00897526741027832
0.0087738037109375
0.008957862854003906
0.008951902389526367
0.00868678092956543
0.009059906005859375
0.008771657943725586
0.008915424346923828
0.008939027786254883
0.008847951889038086
0.008875846862792969
0.008920431137084961
0.008670806884765625
0.008803606033325195
0.00865316390991211
0.008830547332763672
0.008828878402709961
0.008695840835571289
0.008753061294555664
0.008970022201538086
0.008747577667236328
0.008742570877075195
0.008876562118530273
0.008795976638793945
0.008860588073730469
0.009021759033203125
0.009238004684448242
0.009209394454956055
0.008814573287963867
0.008812189102172852
0.008589506149291992
0.008997201919555664
0.008838891983032227
0.009195089340209961
0.009265422821044922
0.009142160415649414
0.00923776626586914
0.008733749389648438
0.008977890014648438
0.008919000625610352
0.00881648063659668
0.00882720947265625
0.009002208709716797
0.008835554122924805
0.009717226028442383
0.00927734375
0.009635686874389648
0.009952306747436523
0.009602785110473633
0.009356975555419922
0.00927734375
0.00935983657836914
0.009236335754394531
0.009200572967529297
0.0092010498046875
0.00900578498840332
0.00866556167602539
0.008894205093383789
0.008835554122924805
0.008734464645385742
0.009200811386108398
0.008876323699951172
0.00908660888671875
0.00893092155456543
0.009374141693115234
0.00928354263305664
0.009257793426513672
0.00927281379699707
0.009165048599243164
0.008947372436523438
0.00896143913269043
0.009293556213378906
0.00926065444946289
0.00950765609741211
0.009200334548950195
0.009216547012329102
0.009454011917114258
0.00923919677734375
0.009418487548828125
0.009355306625366211
0.009381532669067383
0.009017705917358398
0.00948476791381836
0.00935220718383789
0.009200811386108398
0.008986949920654297
0.008942127227783203
0.008871793746948242
0.008747100830078125
0.008776664733886719
0.008788824081420898
0.00884699821472168
0.009069442749023438
0.009090900421142578
0.008965730667114258
0.008770465850830078
0.009214162826538086
0.008898496627807617
0.009350299835205078
0.009085893630981445
0.009088516235351562
0.009095430374145508
0.009041070938110352
0.008940458297729492
0.009031534194946289
0.00903177261352539
0.008866548538208008
0.008899211883544922
0.008718013763427734
0.0087890625
0.008720874786376953
0.008678674697875977
0.009135723114013672
0.009395122528076172
0.009047746658325195
0.00854182243347168
0.00862431526184082
0.008443355560302734
0.008800983428955078
0.008550643920898438
0.00883340835571289
0.008493423461914062
0.00857234001159668
0.008568763732910156
0.008516788482666016
0.008585929870605469
0.008744478225708008
0.008704423904418945
0.008582830429077148
0.008765220642089844
0.00870370864868164
0.008710145950317383
0.008784294128417969
0.008620023727416992
0.00841975212097168
0.008617401123046875
0.00862884521484375
0.008776187896728516
0.008595943450927734
0.008564949035644531
0.008624076843261719
0.008678674697875977
0.008742809295654297
0.008771181106567383
0.008911371231079102
0.008641481399536133
0.008849382400512695
0.008802175521850586
0.008780241012573242
0.008653402328491211
0.008669614791870117
0.00870823860168457
0.008614778518676758
0.00874018669128418
0.009070873260498047
0.00899648666381836
0.008928298950195312
0.009124994277954102
0.008857488632202148
0.008677005767822266
0.008818387985229492
0.008769512176513672
0.008740901947021484
0.00874471664428711
0.008866071701049805
0.008909463882446289
0.008725404739379883
0.008722543716430664
0.008647918701171875
0.008670806884765625
0.008651971817016602
0.008786916732788086
0.008571386337280273
0.008625507354736328
0.008610248565673828
0.008894681930541992
0.00863194465637207
0.008872509002685547
0.008488655090332031
0.00865030288696289
0.008741378784179688
0.008597135543823242
0.008677959442138672
0.008560419082641602
0.008595705032348633
0.009037494659423828
0.008934736251831055
0.008771419525146484
0.009225845336914062
0.008939504623413086
0.008875370025634766
0.009099006652832031
0.008746147155761719
0.00866556167602539
0.008845806121826172
0.008787155151367188
0.009181976318359375
0.008935213088989258
0.008921384811401367
0.008830547332763672
0.009068965911865234
0.00898599624633789
0.009025335311889648
0.008800506591796875
0.009035348892211914
0.008994817733764648
0.008760929107666016
0.008743524551391602
0.009033441543579102
0.009032964706420898
0.008950471878051758
0.009270429611206055
0.009099960327148438
0.008947134017944336
0.008919477462768555
0.008881330490112305
0.008894681930541992
0.008684635162353516
0.008672237396240234
0.008744478225708008
0.008624076843261719
0.008794546127319336
0.00896000862121582
0.008695840835571289
0.008719682693481445
0.009123086929321289
0.008691549301147461
0.008784770965576172
0.008749961853027344
0.008868217468261719
0.008638143539428711
0.008913040161132812
0.008988142013549805
0.00899195671081543
0.008857250213623047
0.008787870407104492
0.008848190307617188
0.008808135986328125
0.008780479431152344
0.008797645568847656
0.00907588005065918
0.008988142013549805
0.008955717086791992
0.008807182312011719
0.009266376495361328
0.009421825408935547
0.010080099105834961
0.010308265686035156
0.009314537048339844
0.009319305419921875
0.008951663970947266
0.008710145950317383
0.008423566818237305
0.008400678634643555
0.00858449935913086
0.008584737777709961
0.008482694625854492
0.008492469787597656
0.008537769317626953
0.008471488952636719
0.00846552848815918
0.008461952209472656
0.008508682250976562
0.008519172668457031
0.008482217788696289
0.008526325225830078
0.00885629653930664
0.008812189102172852
0.008830785751342773
0.008988142013549805
0.008662700653076172
0.008589506149291992
0.008796215057373047
0.008803844451904297
0.00875997543334961
0.008722782135009766
0.00867605209350586
0.008696556091308594
0.00870203971862793
0.008509397506713867
0.008569478988647461
0.008707046508789062
0.008651971817016602
0.00863337516784668
0.008370637893676758
0.008503198623657227
0.008582353591918945
0.008676767349243164
0.008550882339477539
0.008865833282470703
0.008545875549316406
0.008670806884765625
0.008803367614746094
0.008567333221435547
0.008424997329711914
0.008637428283691406
0.00850534439086914
0.00882720947265625
0.008475303649902344
0.008352041244506836
0.008532524108886719
0.008817434310913086
0.008702516555786133
0.008717536926269531
0.009122610092163086
0.008850812911987305
0.008909225463867188
0.008747577667236328
0.008980274200439453
0.008792877197265625
0.008594036102294922
0.008600950241088867
0.008623123168945312
0.008700847625732422
0.008756637573242188
0.008736610412597656
0.008538246154785156
0.008675575256347656
0.008626699447631836
0.008583545684814453
0.008614063262939453
0.00863027572631836
0.008554697036743164
0.008669853210449219
0.008814811706542969
0.008856058120727539
0.008966922760009766
0.009792566299438477
0.010514974594116211
0.009403705596923828
0.00899815559387207
0.009074687957763672
0.009516000747680664
0.009026288986206055
0.008931398391723633
0.008806705474853516
0.008817911148071289
0.00883936882019043
0.009366035461425781
0.009600400924682617
0.008960485458374023
0.008814096450805664
0.008823394775390625
0.00911712646484375
0.00892949104309082
0.008847713470458984
0.00866246223449707
0.008636713027954102
0.008669376373291016
0.008545637130737305
0.008735418319702148
0.008703231811523438
0.008646011352539062
0.008551359176635742
0.008741617202758789
0.008594751358032227
0.008686542510986328
0.008616447448730469
0.008688211441040039
0.00895547866821289
0.008716821670532227
0.008507013320922852
0.00867915153503418
0.008448123931884766
0.008526802062988281
0.008673667907714844
0.008852720260620117
0.008604049682617188
0.008783102035522461
0.00870823860168457
0.008485794067382812
0.008774280548095703
0.008419990539550781
0.008415460586547852
0.008525848388671875
0.008495807647705078
0.00828695297241211
0.00849604606628418
0.008572816848754883
0.008663415908813477
0.00864100456237793
0.00864410400390625
0.008486032485961914
0.008516311645507812
0.008538246154785156
0.008596181869506836
0.008466958999633789
0.008628606796264648
0.008533000946044922
0.008564949035644531
0.008480310440063477
0.008514404296875
0.008333921432495117
0.0082244873046875
0.008246660232543945
0.008312225341796875
0.008513450622558594
0.008521318435668945
0.008374452590942383
0.008352041244506836
0.008274078369140625
0.008528947830200195
0.008478164672851562
0.008501768112182617
0.008429765701293945
0.008576393127441406
0.00847935676574707
0.008496761322021484
0.008347749710083008
0.008542537689208984
0.008353710174560547
0.008671998977661133
0.008600950241088867
0.008488178253173828
0.008684396743774414
0.008579015731811523
0.008506298065185547
0.00868535041809082
0.008618354797363281
0.008644819259643555
0.008507966995239258
0.00859975814819336
0.008603572845458984
0.008615255355834961
0.008724689483642578
0.008561134338378906
0.008570671081542969
0.008558034896850586
0.008623123168945312
0.008404016494750977
0.00851130485534668
0.008588552474975586
0.008411169052124023
0.008372068405151367
0.008413314819335938
0.00836634635925293
0.008493661880493164
0.008375883102416992
0.008453845977783203
0.008438825607299805
0.008454084396362305
0.008630752563476562
0.008512020111083984
0.008664369583129883
0.008737325668334961
0.008533239364624023
0.008606433868408203
0.008578777313232422
0.008588552474975586
0.00868678092956543
0.008776426315307617
0.00864410400390625
0.008558034896850586
0.008676767349243164
0.008628129959106445
0.00905752182006836
0.009194374084472656
0.009338855743408203
0.008938789367675781
0.00921320915222168
0.009136199951171875
0.008820772171020508
0.008823633193969727
0.009309530258178711
0.008977174758911133
0.008725404739379883
0.008864641189575195
0.008890151977539062
0.008789777755737305
0.0089111328125
0.008823633193969727
0.008934497833251953
0.008600950241088867
0.008709430694580078
0.008690357208251953
0.008489131927490234
0.008555889129638672
0.008575916290283203
0.00843954086303711
0.008505821228027344
0.008673906326293945
0.008780479431152344
0.008901119232177734
0.0088958740234375
0.008673906326293945
0.008533477783203125
0.008526802062988281
0.008574962615966797
0.008406639099121094
0.008656024932861328
0.008444547653198242
0.008441925048828125
0.008398771286010742
0.008116483688354492
0.008786678314208984
0.009001016616821289
0.008816957473754883
0.008714914321899414
0.008908271789550781
0.008891820907592773
0.008910894393920898
0.008909940719604492
0.008747100830078125
0.008662700653076172
0.008466005325317383
0.008542299270629883
0.00850534439086914
0.008399009704589844
0.008443593978881836
0.00843954086303711
0.008365869522094727
0.008826971054077148
0.008570432662963867
0.008357048034667969
0.008357048034667969
0.008592844009399414
0.008482217788696289
0.008552074432373047
0.008462667465209961
0.008443593978881836
0.008516311645507812
0.00850677490234375
0.008327245712280273
0.008462667465209961
0.008387565612792969
0.008346080780029297
0.008497476577758789
0.008457660675048828
0.008627653121948242
0.008471012115478516
0.008389472961425781
0.008340597152709961
0.00832223892211914
0.008603096008300781
0.008539915084838867
0.008534669876098633
0.008536815643310547
0.008365631103515625
0.008339643478393555
0.00861048698425293
0.008385658264160156
0.00853109359741211
0.008438348770141602
0.008412837982177734
0.008268356323242188
0.00839376449584961
0.008335590362548828
0.008347034454345703
0.008546113967895508
0.008392095565795898
0.008017778396606445
0.008246421813964844
0.008170604705810547
0.007955551147460938
0.0084075927734375
0.008191108703613281
0.008474588394165039
0.008499622344970703
0.008484601974487305
0.008482217788696289
0.008629798889160156
0.008480310440063477
0.008465290069580078
0.008670330047607422
0.008516073226928711
0.008356332778930664
0.008481264114379883
0.008486509323120117
0.00844264030456543
0.008809089660644531
0.009464740753173828
0.008530378341674805
0.00846242904663086
0.008507013320922852
0.008666038513183594
0.008523702621459961
0.008571147918701172
0.008453607559204102
0.00841522216796875
0.008629322052001953
0.008364677429199219
0.008570432662963867
0.008790731430053711
0.008463382720947266
0.008606672286987305
0.008609294891357422
0.008669853210449219
0.008646488189697266
0.008388280868530273
0.00850820541381836
0.008567094802856445
0.00856781005859375
0.008630514144897461
0.008585453033447266
0.008652925491333008
0.008451223373413086
0.00856328010559082
0.008654117584228516
0.008519172668457031
0.008649826049804688
0.008658647537231445
0.008647680282592773
0.008629083633422852
0.008602380752563477
0.008910417556762695
0.008838891983032227
0.008498430252075195
0.00854635238647461
0.008795022964477539
0.008353710174560547
0.008733749389648438
0.008823394775390625
0.00867152214050293
0.008650541305541992
0.008974075317382812
0.008850574493408203
0.008883953094482422
0.008836030960083008
0.008712291717529297
0.00900411605834961
0.008941888809204102
0.0088958740234375
0.008786916732788086
0.008661746978759766
0.008559942245483398
0.008626699447631836
0.00851583480834961
0.008424043655395508
0.008519887924194336
0.008234977722167969
0.008404254913330078
0.008784294128417969
0.008569955825805664
0.008655548095703125
0.008564472198486328
0.008620500564575195
0.008716344833374023
0.008848428726196289
0.008749961853027344
0.008983612060546875
0.008687973022460938
0.008649587631225586
0.00847172737121582
0.00861668586730957
0.008745670318603516
0.008534431457519531
0.008394002914428711
0.008535385131835938
0.008362054824829102
0.008589744567871094
0.008652210235595703
0.008718490600585938
0.008835792541503906
0.008865118026733398
0.00880575180053711
0.008751630783081055
0.008707046508789062
0.008594036102294922
0.008308649063110352
0.008439779281616211
0.008531570434570312
0.008454561233520508
0.008434057235717773
0.008486270904541016
0.008530855178833008
0.008565664291381836
0.008608102798461914
0.008397102355957031
0.008459806442260742
0.008464336395263672
0.008164167404174805
0.008318185806274414
0.00834798812866211
0.008245706558227539
0.008619308471679688
0.008683919906616211
0.008392572402954102
0.00845789909362793
0.008567094802856445
0.008641719818115234
0.008565902709960938
0.008534431457519531
0.008556604385375977
0.008587360382080078
0.008625507354736328
0.008552789688110352
0.009366989135742188
0.008807659149169922
0.008681297302246094
0.008751392364501953
0.008630752563476562
0.008696317672729492
0.008391141891479492
0.008383750915527344
0.008736133575439453
0.008533716201782227
0.00833749771118164
0.008638620376586914
0.008408308029174805
0.008627891540527344
0.008500099182128906
0.008691787719726562
0.008268356323242188
0.008508443832397461
0.008385658264160156
0.008432388305664062
0.008443117141723633
0.00834202766418457
0.008312463760375977
0.008483648300170898
0.008394718170166016
0.008245229721069336
0.00855708122253418
0.008406639099121094
0.008606910705566406
0.008541584014892578
0.008477449417114258
0.008319854736328125
0.008570194244384766
0.008417129516601562
0.00860452651977539
0.008979558944702148
0.009302854537963867
0.009380578994750977
0.009139060974121094
0.009953498840332031
0.009937524795532227
0.009310245513916016
0.008931875228881836
0.009076356887817383
0.008968830108642578
0.009160518646240234
0.00876474380493164
0.008952617645263672
0.009074211120605469
0.008742809295654297
0.008937835693359375
0.008774518966674805
0.008611202239990234
0.009047746658325195
0.009205102920532227
0.009495973587036133
0.009131193161010742
0.009256601333618164
0.008831024169921875
0.009081840515136719
0.009226083755493164
0.009467601776123047
0.009449243545532227
0.00926065444946289
0.009368658065795898
0.00950312614440918
0.009123802185058594
0.009312152862548828
0.008932113647460938
0.00956106185913086
0.009435415267944336
0.009853363037109375
0.009270191192626953
0.00901341438293457
0.008723258972167969
0.008681774139404297
0.008569717407226562
0.008905410766601562
0.009235620498657227
0.008461713790893555
0.008649826049804688
0.008690357208251953
0.008624553680419922
0.009202241897583008
0.009066343307495117
0.009671688079833984
0.009228944778442383
0.009125471115112305
0.008851766586303711
0.008678436279296875
0.00860142707824707
0.008619308471679688
0.008525848388671875
0.008556127548217773
0.00863504409790039
0.008566617965698242
0.008516073226928711
0.00848388671875
0.009021282196044922
0.00845956802368164
0.008861541748046875
0.00882863998413086
0.008780241012573242
0.00887751579284668
0.00874185562133789
0.008577346801757812
0.00866389274597168
0.00853586196899414
0.008612394332885742
0.008571624755859375
0.008485555648803711
0.009672880172729492
0.009196758270263672
0.009039878845214844
0.008846044540405273
0.008805274963378906
0.009053707122802734
0.008733749389648438
0.008728265762329102
0.00867009162902832
0.008784055709838867
0.008651018142700195
0.008462190628051758
0.008679389953613281
0.008568525314331055
0.009233951568603516
0.009160757064819336
0.009075164794921875
0.008867740631103516
0.008831501007080078
0.008866310119628906
0.008766889572143555
0.008461475372314453
0.008606195449829102
0.008860349655151367
0.008563041687011719
0.00850224494934082
0.008521080017089844
0.008520126342773438
0.008720874786376953
0.008569478988647461
0.008542776107788086
0.008532524108886719
0.008504867553710938
0.008582353591918945
0.008572816848754883
0.008658409118652344
0.008469581604003906
0.008425474166870117
0.008568525314331055
0.00850534439086914
0.008554697036743164
0.008534431457519531
0.008347034454345703
0.00854182243347168
0.008523225784301758
0.00844430923461914
0.008426666259765625
0.008327484130859375
0.008456707000732422
0.008433341979980469
0.008435726165771484
0.008742094039916992
0.008506059646606445
0.008521080017089844
0.008635520935058594
0.00876617431640625
0.008690357208251953
0.00879359245300293
0.009024381637573242
0.008818387985229492
0.008761405944824219
0.00892329216003418
0.008405208587646484
0.00876760482788086
0.008463859558105469
0.008478164672851562
0.008490324020385742
0.008352041244506836
0.008250713348388672
0.008593320846557617
0.008642911911010742
0.008731603622436523
0.008519411087036133
0.00868082046508789
0.008833885192871094
0.008824825286865234
0.008957147598266602
0.009045600891113281
0.008822202682495117
0.008771896362304688
0.008905410766601562
0.008717060089111328
0.00857996940612793
0.008605241775512695
0.008717536926269531
0.008915185928344727
0.00875544548034668
0.008693218231201172
0.008762121200561523
0.008863449096679688
0.00867009162902832
0.008763551712036133
0.008793830871582031
0.008649826049804688
0.008699417114257812
0.008656501770019531
0.008485555648803711
0.008337020874023438
0.008341550827026367
0.008487701416015625
0.008609771728515625
0.008585691452026367
0.008519649505615234
0.00865936279296875
0.008697748184204102
0.008662939071655273
0.008814811706542969
0.009011507034301758
0.008913755416870117
0.009185791015625
0.008898496627807617
0.008859634399414062
0.008908271789550781
0.008811712265014648
0.008620738983154297
0.008744478225708008
0.008564233779907227
0.008515357971191406
0.008530139923095703
0.008652210235595703
0.008500337600708008
0.008438348770141602
0.008669614791870117
0.008464574813842773
0.00836944580078125
0.008461236953735352
0.00864410400390625
0.008453369140625
0.00872182846069336
0.00859212875366211
0.008475065231323242
0.008608341217041016
0.008470296859741211
0.008519887924194336
0.008474588394165039
0.00842905044555664
0.00833892822265625
0.008298635482788086
0.008473873138427734
0.008287906646728516
0.008484125137329102
0.00854039192199707
0.008279800415039062
0.008514642715454102
0.008529901504516602
0.008264303207397461
0.008458137512207031
0.008522510528564453
0.00832819938659668
0.00838923454284668
0.008454084396362305
0.008334159851074219
