0.001512289047241211
0.0014948844909667969
0.0014700889587402344
0.0014939308166503906
0.0014903545379638672
0.0014801025390625
0.0014698505401611328
0.00144195556640625
0.001470327377319336
0.001500844955444336
0.001514434814453125
0.0014171600341796875
0.0013844966888427734
0.0014500617980957031
0.0014581680297851562
0.0013954639434814453
0.001375436782836914
0.0014417171478271484
0.001474618911743164
0.001413106918334961
0.0014617443084716797
0.0014643669128417969
0.0014510154724121094
0.0014317035675048828
0.0014455318450927734
0.0014698505401611328
0.0014865398406982422
0.0014195442199707031
0.0013794898986816406
0.0015106201171875
0.0014691352844238281
0.0014827251434326172
0.0014808177947998047
0.0014247894287109375
0.0014629364013671875
0.0014324188232421875
0.0013806819915771484
0.0014622211456298828
0.0014791488647460938
0.0014269351959228516
0.001422882080078125
0.0014255046844482422
0.0015163421630859375
0.0014452934265136719
0.0013895034790039062
0.0013773441314697266
0.0014209747314453125
0.001692056655883789
0.0014688968658447266
0.0014107227325439453
0.0013797283172607422
0.0014827251434326172
0.0014090538024902344
0.001420736312866211
0.0014770030975341797
0.0016021728515625
0.0014889240264892578
0.0014164447784423828
0.0014693737030029297
0.001489877700805664
0.0014052391052246094
0.0014088153839111328
0.0013735294342041016
0.0015103816986083984
0.0014536380767822266
0.0013909339904785156
0.001447916030883789
0.0014679431915283203
0.0014603137969970703
0.001371622085571289
0.001451730728149414
0.0013856887817382812
0.001356363296508789
0.0014791488647460938
0.0014145374298095703
0.0014371871948242188
0.001461029052734375
0.0013654232025146484
0.0014247894287109375
0.0014808177947998047
0.0013713836669921875
0.0014560222625732422
0.0014328956604003906
0.0014376640319824219
0.0015137195587158203
0.0014324188232421875
0.0013709068298339844
0.0014803409576416016
0.0014920234680175781
0.00138092041015625
0.0013706684112548828
0.0013675689697265625
0.0013861656188964844
0.00145721435546875
0.001371622085571289
0.0014128684997558594
0.0016202926635742188
0.0015075206756591797
0.0014791488647460938
0.0013873577117919922
0.0013837814331054688
0.001424551010131836
0.0013804435729980469
0.0013735294342041016
0.001371145248413086
0.001470327377319336
0.0014791488647460938
0.001458883285522461
0.0014159679412841797
0.0013723373413085938
0.0014557838439941406
0.001371622085571289
0.0013680458068847656
0.0014917850494384766
0.0014276504516601562
0.0014450550079345703
0.0014293193817138672
0.0014569759368896484
0.0014934539794921875
0.0014417171478271484
0.0014243125915527344
0.0013921260833740234
0.0014355182647705078
0.0013775825500488281
0.0014820098876953125
0.0014061927795410156
0.0014202594757080078
0.0014297962188720703
0.0014243125915527344
0.0014913082122802734
0.0014495849609375
0.0013773441314697266
0.001379251480102539
0.0015053749084472656
0.001474618911743164
0.001461029052734375
0.0015368461608886719
0.001438140869140625
0.0013744831085205078
0.0013916492462158203
0.001435995101928711
0.0014765262603759766
0.001482248306274414
0.0014460086822509766
0.0013909339904785156
0.0014498233795166016
0.001383066177368164
0.0014491081237792969
0.001428365707397461
0.0014472007751464844
0.0014674663543701172
0.0014262199401855469
0.001443624496459961
0.0013725757598876953
0.0013904571533203125
0.0014674663543701172
0.001383066177368164
0.0013773441314697266
0.0013883113861083984
0.0013899803161621094
0.001461029052734375
0.001422882080078125
0.0013713836669921875
0.0015192031860351562
0.0014874935150146484
0.0014672279357910156
0.0014767646789550781
0.0014710426330566406
0.001501321792602539
0.0014274120330810547
0.0013916492462158203
0.0014467239379882812
0.0014362335205078125
0.0014586448669433594
0.0014793872833251953
0.0013725757598876953
0.0013921260833740234
0.0015990734100341797
0.001468658447265625
0.001573801040649414
0.0014731884002685547
0.0015344619750976562
0.0015549659729003906
0.0014691352844238281
0.001653909683227539
0.001588582992553711
0.0016162395477294922
0.0014331340789794922
0.0014035701751708984
0.0015840530395507812
0.001371145248413086
0.0014371871948242188
0.0015685558319091797
0.0014412403106689453
0.001588582992553711
0.001373291015625
0.001417398452758789
0.0015611648559570312
0.0014913082122802734
0.0015556812286376953
0.0014605522155761719
0.001516103744506836
0.0015645027160644531
0.0014557838439941406
0.0015532970428466797
0.001361846923828125
0.0013697147369384766
0.0016012191772460938
0.0013747215270996094
0.001585245132446289
0.001413583755493164
0.0013668537139892578
0.0015881061553955078
0.0014679431915283203
0.001554250717163086
0.0014812946319580078
0.0013782978057861328
0.0016009807586669922
0.0014357566833496094
0.0014307498931884766
0.0015146732330322266
0.0013904571533203125
0.0015106201171875
0.001415252685546875
0.0013689994812011719
0.001565694808959961
0.001375436782836914
0.0014843940734863281
0.001516103744506836
0.0014760494232177734
0.001607656478881836
0.001369476318359375
0.0014605522155761719
0.0015490055084228516
0.0014891624450683594
0.001621246337890625
0.001592874526977539
0.0015187263488769531
0.0014977455139160156
0.0014715194702148438
0.001615285873413086
0.001466989517211914
0.0016896724700927734
0.0014340877532958984
0.0013926029205322266
0.0015850067138671875
0.0014691352844238281
0.0015709400177001953
0.0015192031860351562
0.0015454292297363281
0.0016255378723144531
0.001371622085571289
0.001554727554321289
0.0014338493347167969
0.0013952255249023438
0.0016620159149169922
0.0013823509216308594
0.0015969276428222656
0.0014882087707519531
0.001390695571899414
0.0016446113586425781
0.0013942718505859375
0.0016338825225830078
0.001523733139038086
0.0014641284942626953
0.001680612564086914
0.0014331340789794922
0.001558542251586914
0.0014946460723876953
0.0014657974243164062
0.0016834735870361328
0.0013766288757324219
0.0015666484832763672
0.0015056133270263672
0.0014536380767822266
0.0016455650329589844
0.0013706684112548828
0.0015974044799804688
0.0015115737915039062
0.0014271736145019531
0.0016880035400390625
0.0015065670013427734
0.0016510486602783203
0.0014481544494628906
0.0014729499816894531
0.0015141963958740234
0.0013751983642578125
0.0015687942504882812
0.0014200210571289062
0.001447916030883789
0.0015583038330078125
0.001478433609008789
0.00157928466796875
0.0016069412231445312
0.0015461444854736328
0.0015592575073242188
0.0015606880187988281
0.0017316341400146484
0.0015947818756103516
0.001546621322631836
0.0015499591827392578
0.0015163421630859375
0.0015900135040283203
0.0014591217041015625
0.0016586780548095703
0.001489400863647461
0.0014748573303222656
0.0016028881072998047
0.0014612674713134766
0.001600027084350586
0.0015072822570800781
0.0015347003936767578
0.0016181468963623047
0.0013949871063232422
0.0014986991882324219
0.0014772415161132812
0.0014595985412597656
0.0015974044799804688
0.0014679431915283203
0.0015835762023925781
0.0015959739685058594
0.0014634132385253906
0.0015752315521240234
0.0014426708221435547
0.001535654067993164
0.0014815330505371094
0.0015480518341064453
0.0016129016876220703
0.001474618911743164
0.0015842914581298828
0.0014491081237792969
0.0014925003051757812
0.0015320777893066406
0.0013611316680908203
0.0014836788177490234
0.00150299072265625
0.0014209747314453125
0.0015778541564941406
0.001361846923828125
0.0015273094177246094
0.0015609264373779297
0.0015048980712890625
0.0016565322875976562
0.0014417171478271484
0.0016484260559082031
0.0014362335205078125
0.0013899803161621094
0.0015740394592285156
0.0013713836669921875
0.0014507770538330078
0.0014715194702148438
0.0013840198516845703
0.0016663074493408203
0.0014460086822509766
0.0015606880187988281
0.0014958381652832031
0.0014574527740478516
0.0014538764953613281
0.0013852119445800781
0.0014679431915283203
0.001453399658203125
0.001444101333618164
0.0014998912811279297
0.00146484375
0.0013806819915771484
0.001483917236328125
0.0014071464538574219
0.001508951187133789
0.0014564990997314453
0.0013642311096191406
0.0014522075653076172
0.001430511474609375
0.001491546630859375
0.0015802383422851562
0.0014727115631103516
0.001481771469116211
0.0014672279357910156
0.0014560222625732422
0.0014805793762207031
0.0014789104461669922
0.0015039443969726562
0.0014564990997314453
0.0014705657958984375
0.001495361328125
0.001474142074584961
0.0014896392822265625
0.0014507770538330078
0.0014579296112060547
0.0015108585357666016
0.001508474349975586
0.0016329288482666016
0.0014696121215820312
0.0016660690307617188
0.001512765884399414
0.0014808177947998047
0.0015711784362792969
0.0014209747314453125
0.0014710426330566406
0.0015177726745605469
0.0014977455139160156
0.0014896392822265625
0.0015752315521240234
0.0014667510986328125
0.0016765594482421875
0.0014810562133789062
0.0014731884002685547
0.0013713836669921875
0.001451730728149414
0.0014338493347167969
0.0013937950134277344
0.0013859272003173828
0.0013957023620605469
0.00138092041015625
0.0014188289642333984
0.0014619827270507812
0.001374959945678711
0.0014541149139404297
0.0016057491302490234
0.0014405250549316406
0.001417398452758789
0.0014035701751708984
0.0014853477478027344
0.0013689994812011719
0.0014548301696777344
0.0013930797576904297
0.0014142990112304688
0.0014295578002929688
0.0014853477478027344
0.0013666152954101562
0.001374959945678711
0.0013990402221679688
0.001371622085571289
0.0016829967498779297
0.0013751983642578125
0.00144195556640625
0.0014595985412597656
0.001581430435180664
0.0014307498931884766
0.0014743804931640625
0.0013628005981445312
0.0015192031860351562
0.0014429092407226562
0.0015587806701660156
0.0013952255249023438
0.001474142074584961
0.0015115737915039062
0.0014145374298095703
0.001422882080078125
0.001369476318359375
0.0013687610626220703
0.0014805793762207031
0.0014128684997558594
0.001373291015625
0.0014388561248779297
0.0013723373413085938
0.0014388561248779297
0.0014116764068603516
0.0014507770538330078
0.0014412403106689453
0.0014982223510742188
0.001369476318359375
0.0014424324035644531
0.0014801025390625
0.00139617919921875
0.0013723373413085938
0.0013649463653564453
0.0014545917510986328
0.001425027847290039
0.0014834403991699219
0.0016732215881347656
0.001474142074584961
0.0015225410461425781
0.0015327930450439453
0.0015268325805664062
0.001566171646118164
0.0014643669128417969
0.0014600753784179688
0.0014815330505371094
0.0015516281127929688
0.001598358154296875
0.0014204978942871094
0.0015478134155273438
0.001505136489868164
0.0015933513641357422
0.0016295909881591797
0.0014519691467285156
0.0016024112701416016
0.001547098159790039
0.0015478134155273438
0.0016772747039794922
0.001550912857055664
0.0017504692077636719
0.0015397071838378906
0.0015323162078857422
0.0015163421630859375
0.0014791488647460938
0.0015854835510253906
0.001453399658203125
0.001516580581665039
0.0016624927520751953
0.0014510154724121094
0.0015912055969238281
0.0013995170593261719
0.0014946460723876953
0.0014812946319580078
0.001425027847290039
0.0016126632690429688
0.001421213150024414
0.0014500617980957031
0.0015625953674316406
0.0013740062713623047
0.0015163421630859375
0.001416921615600586
0.0013685226440429688
0.0015749931335449219
0.0015552043914794922
0.0015869140625
0.0013885498046875
0.001505136489868164
0.0015184879302978516
0.001447439193725586
0.0014433860778808594
0.0014438629150390625
0.0014495849609375
0.0015964508056640625
0.0014607906341552734
0.0014514923095703125
0.0014753341674804688
0.0014340877532958984
0.0015909671783447266
0.0014824867248535156
0.0016515254974365234
0.0015685558319091797
0.0014643669128417969
0.0015475749969482422
0.0015184879302978516
0.0014145374298095703
0.0014748573303222656
0.001402139663696289
0.0014617443084716797
0.0013828277587890625
0.0014400482177734375
0.0014371871948242188
0.0013706684112548828
0.0015213489532470703
0.0014319419860839844
0.0014605522155761719
0.0015506744384765625
0.0014696121215820312
0.0015027523040771484
0.001519918441772461
0.0013837814331054688
0.0014591217041015625
0.001363515853881836
0.0014986991882324219
0.001453399658203125
0.001451730728149414
0.0014200210571289062
0.001413106918334961
0.001438140869140625
0.0014417171478271484
0.0013933181762695312
0.0013930797576904297
0.0014214515686035156
0.0014646053314208984
0.0014095306396484375
0.0013778209686279297
0.0013911724090576172
0.0013773441314697266
0.0013773441314697266
0.0013608932495117188
0.0013496875762939453
0.001371622085571289
0.0014090538024902344
0.0013699531555175781
0.0013649463653564453
0.0014328956604003906
0.0013973712921142578
0.0013637542724609375
0.0013835430145263672
0.0014078617095947266
0.0014269351959228516
0.0014159679412841797
0.0013606548309326172
0.0014445781707763672
0.001416921615600586
0.0014410018920898438
0.0014200210571289062
0.0013689994812011719
0.001386880874633789
0.0014355182647705078
0.0014421939849853516
0.0014061927795410156
0.0014324188232421875
0.0014543533325195312
0.0014882087707519531
0.0015232563018798828
0.001430511474609375
0.0015246868133544922
0.0014002323150634766
0.0014891624450683594
0.0014774799346923828
0.0016143321990966797
0.0014293193817138672
0.0014586448669433594
0.0014414787292480469
0.001476287841796875
0.001485586166381836
0.001527547836303711
0.0013854503631591797
0.0014083385467529297
0.001432180404663086
0.0015692710876464844
0.0015752315521240234
0.0014739036560058594
0.0014481544494628906
0.001466512680053711
0.00145721435546875
0.0013985633850097656
0.0013988018035888672
0.0014522075653076172
0.001416921615600586
0.001386404037475586
0.0014889240264892578
0.0014650821685791016
0.001398324966430664
0.0014376640319824219
0.0014286041259765625
0.001428842544555664
0.0014657974243164062
0.0013921260833740234
0.0014920234680175781
0.001405477523803711
0.001420736312866211
0.0014729499816894531
0.0014023780822753906
0.0014150142669677734
0.0014367103576660156
0.001428842544555664
0.0014722347259521484
0.0014789104461669922
0.0014185905456542969
0.0014371871948242188
0.001374959945678711
0.0014278888702392578
0.0013985633850097656
0.0014853477478027344
0.0014340877532958984
0.0014567375183105469
0.001392364501953125
0.0014719963073730469
0.0014293193817138672
0.0013897418975830078
0.0013859272003173828
0.001489400863647461
0.0014729499816894531
0.0014805793762207031
0.001455068588256836
0.0014417171478271484
0.0014126300811767578
0.001405477523803711
0.0014607906341552734
0.0014674663543701172
0.0015804767608642578
0.0014159679412841797
0.0014567375183105469
0.0014727115631103516
0.0014848709106445312
0.001459360122680664
0.0013728141784667969
0.0014081001281738281
0.0014731884002685547
0.0014278888702392578
0.0014884471893310547
0.0014462471008300781
0.0014312267303466797
0.001443624496459961
0.0014126300811767578
0.0014469623565673828
0.0014543533325195312
0.001377105712890625
0.0014705657958984375
0.00140380859375
0.0014498233795166016
0.001497507095336914
0.0013780593872070312
0.0013833045959472656
0.00145721435546875
0.001413106918334961
0.0014352798461914062
0.0014677047729492188
0.0014064311981201172
0.0015795230865478516
0.0014431476593017578
0.001504659652709961
0.0014564990997314453
0.0014374256134033203
0.0014567375183105469
0.0014986991882324219
0.0014390945434570312
0.0015189647674560547
0.001424551010131836
0.0013799667358398438
0.00144195556640625
0.001455068588256836
0.0014569759368896484
0.0014607906341552734
0.0014095306396484375
0.0014348030090332031
0.001390695571899414
0.0013821125030517578
0.0013628005981445312
0.0014460086822509766
0.0013813972473144531
0.0013654232025146484
0.0014698505401611328
0.0014100074768066406
0.0013701915740966797
0.0013873577117919922
0.0013763904571533203
0.0013852119445800781
0.001440286636352539
0.0013616085052490234
0.0014317035675048828
0.0014841556549072266
0.001383066177368164
0.0013742446899414062
0.001481771469116211
0.0013701915740966797
0.001493692398071289
0.0014829635620117188
0.0015115737915039062
0.0014758110046386719
0.0015342235565185547
0.001466989517211914
0.0014240741729736328
0.001394033432006836
0.0014235973358154297
0.0013973712921142578
0.0013928413391113281
0.0014481544494628906
0.0013742446899414062
0.0014379024505615234
0.00139617919921875
0.0013797283172607422
0.0014030933380126953
0.0013794898986816406
0.001444101333618164
0.0014331340789794922
0.0014357566833496094
0.0014507770538330078
0.0013692378997802734
0.0014476776123046875
0.0014140605926513672
0.0013768672943115234
0.0014028549194335938
0.0013666152954101562
0.0014050006866455078
0.0014183521270751953
0.001409769058227539
0.0018210411071777344
0.0023102760314941406
0.0019335746765136719
0.0017328262329101562
0.0014615058898925781
0.001466989517211914
0.001451253890991211
0.0016908645629882812
0.001463174819946289
0.0014927387237548828
0.0014510154724121094
0.0014460086822509766
0.0015332698822021484
0.0014371871948242188
0.001455068588256836
0.001470327377319336
0.0014591217041015625
0.0014500617980957031
0.0014617443084716797
0.0014584064483642578
0.0015647411346435547
0.001447439193725586
0.0013628005981445312
0.0013604164123535156
0.0013604164123535156
0.0013797283172607422
0.0013737678527832031
0.0014514923095703125
0.0013780593872070312
0.0014448165893554688
0.0013697147369384766
0.0014605522155761719
0.0014011859893798828
0.0014803409576416016
0.0015866756439208984
0.0013632774353027344
0.001565694808959961
0.001489400863647461
0.0014286041259765625
0.0014853477478027344
0.0014736652374267578
0.0014503002166748047
0.0013689994812011719
0.0013797283172607422
0.0014603137969970703
0.0013992786407470703
0.0014142990112304688
0.0014293193817138672
0.001542806625366211
0.0014576911926269531
0.0013775825500488281
0.001451730728149414
0.001360177993774414
0.0013713836669921875
0.001478433609008789
0.0014567375183105469
0.0013818740844726562
0.0015056133270263672
0.001451730728149414
0.0014824867248535156
0.0014617443084716797
0.0015904903411865234
0.001600503921508789
0.0014412403106689453
0.0014967918395996094
0.0015406608581542969
0.001583099365234375
0.0015730857849121094
0.0015251636505126953
0.0014934539794921875
0.0015683174133300781
0.001558065414428711
0.0016646385192871094
0.0014617443084716797
0.0015420913696289062
0.001531362533569336
0.0014388561248779297
0.0014636516571044922
0.0014553070068359375
0.0014569759368896484
0.0015175342559814453
0.0013775825500488281
0.0014562606811523438
0.0014393329620361328
0.0014522075653076172
0.0014574527740478516
0.0014543533325195312
0.0014147758483886719
0.001413106918334961
0.001455068588256836
0.0015535354614257812
0.0014791488647460938
0.0014674663543701172
0.0014674663543701172
0.0014934539794921875
0.0014753341674804688
0.0014083385467529297
0.0016362667083740234
0.0016121864318847656
0.0014829635620117188
0.0015087127685546875
0.00145721435546875
0.0015108585357666016
0.0015010833740234375
0.0014641284942626953
0.0014777183532714844
0.001443624496459961
0.0014913082122802734
0.0015091896057128906
0.0014598369598388672
0.0015246868133544922
0.001463174819946289
0.0015282630920410156
0.0014569759368896484
0.001483917236328125
0.0014579296112060547
0.0014514923095703125
0.0014576911926269531
0.00146484375
0.0014336109161376953
0.001474618911743164
0.0014154911041259766
0.001348733901977539
0.0013782978057861328
0.001361846923828125
0.0015015602111816406
0.0014600753784179688
0.001455068588256836
0.0013566017150878906
0.0013549327850341797
0.001603841781616211
0.0014791488647460938
0.0014095306396484375
0.0013682842254638672
0.0013730525970458984
0.0014162063598632812
0.0016095638275146484
0.0013918876647949219
0.0014367103576660156
0.0014662742614746094
0.0014553070068359375
0.0014603137969970703
0.0014579296112060547
0.0014941692352294922
0.0014603137969970703
0.0014560222625732422
0.0015215873718261719
0.0015642642974853516
0.0014460086822509766
0.001481771469116211
0.001440286636352539
0.0014781951904296875
0.0014374256134033203
0.0013585090637207031
0.0014803409576416016
0.001455545425415039
0.001415252685546875
0.0014362335205078125
0.0014119148254394531
0.0014815330505371094
0.0014874935150146484
0.0013744831085205078
0.0014452934265136719
0.0015239715576171875
0.0014500617980957031
0.0017168521881103516
0.0014507770538330078
0.0014128684997558594
0.0014438629150390625
0.001466512680053711
0.0016062259674072266
0.0014510154724121094
0.0015268325805664062
0.0015106201171875
0.0014607906341552734
0.0015921592712402344
0.0015666484832763672
0.0015759468078613281
0.0015566349029541016
0.0014824867248535156
0.0016334056854248047
0.0015330314636230469
0.0014543533325195312
0.0015666484832763672
0.0015516281127929688
0.0015780925750732422
0.0014562606811523438
0.001474618911743164
0.001447916030883789
0.0015451908111572266
0.0016040802001953125
0.0013885498046875
0.0015850067138671875
0.0014579296112060547
0.0014491081237792969
0.0015821456909179688
0.0014777183532714844
0.0015060901641845703
0.0015208721160888672
0.001468658447265625
0.0017251968383789062
0.0014693737030029297
0.0015399456024169922
0.001493692398071289
0.0014598369598388672
0.0015883445739746094
0.0014481544494628906
0.0015215873718261719
0.0016524791717529297
0.0014889240264892578
0.0015904903411865234
0.001451730728149414
0.001542806625366211
0.0015683174133300781
0.0014455318450927734
0.0016524791717529297
0.0015101432800292969
0.00156402587890625
0.0014464855194091797
0.0014827251434326172
0.001558542251586914
0.0014584064483642578
0.0015861988067626953
0.0015120506286621094
0.0016794204711914062
0.0016167163848876953
0.0014538764953613281
0.001600503921508789
0.0014767646789550781
0.0015196800231933594
0.00165557861328125
0.0016536712646484375
0.0016450881958007812
0.001463174819946289
0.001608133316040039
0.0014727115631103516
0.001474142074584961
0.001535177230834961
0.001378774642944336
0.001705169677734375
