4.706824233091519
4.706824233091519
4.706824233091519
4.706824233091519
4.706824233091519
4.706824233091519
4.706824233091519
4.706824233091519
4.706824233091519
4.706824233091519
4.706824233091519
4.706824233091519
4.706824233091519
4.706824233091519
4.706824233091519
4.706824233091519
4.706824233091519
4.67755803908296
4.227899516503609
4.227899516503609
4.227899516503609
4.227899516503609
4.227899516503609
4.227899516503609
4.227899516503609
4.227899516503609
4.227899516503609
4.227899516503609
4.227899516503609
4.227899516503609
4.227899516503609
4.227899516503609
4.227899516503609
4.227899516503609
4.172994539756626
4.172994539756626
4.172994539756626
4.172994539756626
4.172994539756626
4.172994539756626
4.172994539756626
4.172994539756626
3.9892858425066784
3.9892858425066784
3.9892858425066784
3.9892858425066784
3.9892858425066784
3.9892858425066784
3.9892858425066784
3.9892858425066784
3.9892858425066784
3.9892858425066784
3.9892858425066784
3.9892858425066784
3.9892858425066784
3.9892858425066784
3.9892858425066784
3.9892858425066784
3.9892858425066784
3.9892858425066784
3.9892858425066784
3.9639058273902172
3.9639058273902172
3.9639058273902172
3.9639058273902172
3.9639058273902172
3.9639058273902172
3.9639058273902172
3.9639058273902172
3.883391257192887
3.883391257192887
3.883391257192887
3.883391257192887
3.883391257192887
3.883391257192887
3.883391257192887
3.869197085126288
3.869197085126288
3.869197085126288
3.869197085126288
3.2855257162543623
3.2855257162543623
3.2855257162543623
3.2855257162543623
3.2855257162543623
3.2855257162543623
3.2855257162543623
3.2855257162543623
3.2855257162543623
3.1836472176288346
3.1836472176288346
3.1836472176288346
3.1836472176288346
3.1836472176288346
3.1836472176288346
3.1836472176288346
3.1836472176288346
3.1836472176288346
3.1128805404464615
3.1128805404464615
3.1128805404464615
3.1128805404464615
3.1128805404464615
3.1128805404464615
3.1128805404464615
2.9365309058458173
2.9296679558163703
2.9296679558163703
2.8415472900040655
2.8415472900040655
2.8415472900040655
2.8415472900040655
2.8415472900040655
2.8415472900040655
2.8415472900040655
2.8415472900040655
2.8273198733607927
2.8273198733607927
2.8273198733607927
2.8273198733607927
2.8273198733607927
2.6375393794183672
2.6375393794183672
2.6375393794183672
2.6375393794183672
2.6375393794183672
2.6375393794183672
2.6375393794183672
2.6375393794183672
2.6375393794183672
2.6375393794183672
2.6375393794183672
2.537548191706165
2.537548191706165
2.537548191706165
2.537548191706165
2.537548191706165
2.537548191706165
2.537548191706165
2.2840481779915507
2.2840481779915507
2.2840481779915507
2.2840481779915507
2.2840481779915507
2.2840481779915507
2.2840481779915507
2.2840481779915507
2.2840481779915507
2.2840481779915507
2.120756845765655
2.120756845765655
2.120756845765655
2.120756845765655
2.120756845765655
2.120756845765655
2.120756845765655
2.120756845765655
2.120756845765655
2.120756845765655
2.120756845765655
2.120756845765655
2.120756845765655
2.120756845765655
2.120756845765655
2.120756845765655
2.0728235358610583
2.0728235358610583
1.9950747979880994
1.9486626693806421
1.9486626693806421
1.9486626693806421
1.9486626693806421
1.903426884081565
1.903426884081565
1.903426884081565
1.903426884081565
1.903426884081565
1.903426884081565
1.903426884081565
1.903426884081565
1.903426884081565
1.903426884081565
1.903426884081565
1.903426884081565
1.903426884081565
1.903426884081565
1.903426884081565
1.903426884081565
1.903426884081565
1.903426884081565
1.903426884081565
1.864323886827325
1.864323886827325
1.864323886827325
1.7702391436086558
1.7702391436086558
1.7702391436086558
1.7702391436086558
1.7702391436086558
1.7702391436086558
1.7702391436086558
1.7702391436086558
1.7650841932101677
1.7131292530835225
1.7131292530835225
1.6770251166052148
1.6770251166052148
1.6770251166052148
1.6770251166052148
1.6770251166052148
1.6770251166052148
1.6770251166052148
1.6770251166052148
1.6447175030623384
1.6447175030623384
1.6447175030623384
1.6447175030623384
1.6157689705477871
1.6157689705477871
1.6157689705477871
1.6022094959533
1.6022094959533
1.5286976859187646
1.5286976859187646
1.5286976859187646
1.5286976859187646
1.5286976859187646
1.5286976859187646
1.5286976859187646
1.5286976859187646
1.5286976859187646
1.5286976859187646
1.4358065797351358
1.4358065797351358
1.4358065797351358
1.4358065797351358
1.4358065797351358
1.4358065797351358
1.4358065797351358
1.4358065797351358
1.4358065797351358
1.4358065797351358
1.4340458812524268
1.4340458812524268
1.4340458812524268
1.4340458812524268
1.391805304592296
1.2972063925979924
1.2972063925979924
1.2972063925979924
1.2972063925979924
1.2972063925979924
1.2972063925979924
1.2972063925979924
1.2972063925979924
1.2972063925979924
1.2972063925979924
1.2972063925979924
1.2972063925979924
1.2972063925979924
1.2972063925979924
1.2972063925979924
1.2972063925979924
1.2972063925979924
1.2972063925979924
1.2972063925979924
1.2972063925979924
1.2972063925979924
1.2972063925979924
1.2972063925979924
1.2972063925979924
1.2701656329391007
1.2701656329391007
1.2701656329391007
1.2701656329391007
1.2701656329391007
1.2701656329391007
1.2701656329391007
1.2701656329391007
1.2701656329391007
1.2701656329391007
1.2550409957350226
1.2550409957350226
1.2550409957350226
1.2550409957350226
1.2550409957350226
1.2345384967752082
1.2345384967752082
1.2345384967752082
1.2345384967752082
1.2345384967752082
1.2345384967752082
1.2345384967752082
1.2345384967752082
1.2345384967752082
1.2345384967752082
1.2345384967752082
1.2345384967752082
1.2345384967752082
1.2345384967752082
1.2345384967752082
1.2273798503951028
1.2273798503951028
1.2273798503951028
1.2273798503951028
1.2273798503951028
1.2148999992194938
1.1966233441226422
1.1248302378423674
1.099489013043602
1.099489013043602
1.099489013043602
1.099489013043602
1.099489013043602
1.099489013043602
1.099489013043602
1.099489013043602
1.099489013043602
1.099489013043602
1.099489013043602
1.099489013043602
1.099489013043602
1.099489013043602
1.099489013043602
1.0739855769495854
1.0739855769495854
1.0739855769495854
1.0739855769495854
1.0739855769495854
1.0739855769495854
1.0739855769495854
1.0739855769495854
1.0739855769495854
1.0739855769495854
1.0739855769495854
1.0739855769495854
1.0739855769495854
1.0739855769495854
1.0739855769495854
1.0739855769495854
1.0739855769495854
1.0739855769495854
1.0739855769495854
1.0739855769495854
1.0739855769495854
1.0739855769495854
1.0739855769495854
1.0739855769495854
1.0739855769495854
1.0739855769495854
1.0739855769495854
1.0739855769495854
1.0739855769495854
1.0739855769495854
1.0739855769495854
1.0739855769495854
1.0739855769495854
1.0739855769495854
1.0739855769495854
1.0739855769495854
1.0739855769495854
1.0739855769495854
1.0739855769495854
1.0739855769495854
1.0739855769495854
1.0739855769495854
1.0739855769495854
1.0739855769495854
1.0739855769495854
1.0739855769495854
1.0291771053875785
1.0291771053875785
1.0291771053875785
1.0291771053875785
1.0291771053875785
1.0291771053875785
1.0291771053875785
1.0291771053875785
1.000085456869897
1.000085456869897
1.000085456869897
1.000085456869897
1.000085456869897
1.000085456869897
1.000085456869897
1.000085456869897
1.000085456869897
1.000085456869897
0.9537020013605861
0.9537020013605861
0.9537020013605861
0.9537020013605861
0.9537020013605861
0.952847491082526
0.9500174050980732
0.9500174050980732
0.9500174050980732
0.9500174050980732
0.9500174050980732
0.9500174050980732
0.9500174050980732
0.9500174050980732
0.9500174050980732
0.9500174050980732
0.9500174050980732
0.9479203532044558
0.9479203532044558
0.9479203532044558
0.9082344524129198
0.8370793320747758
0.8370793320747758
0.8370793320747758
0.8370793320747758
0.8370793320747758
0.8370793320747758
0.8370793320747758
0.8370793320747758
0.8370793320747758
0.8370793320747758
0.8370793320747758
0.8370793320747758
0.8370793320747758
0.8370793320747758
0.8370793320747758
0.8370793320747758
0.8370793320747758
0.8370793320747758
0.8370793320747758
0.8370793320747758
0.8370793320747758
0.8370793320747758
0.8370793320747758
0.8370793320747758
0.8370793320747758
0.8370793320747758
0.8370793320747758
0.8370793320747758
0.8370793320747758
0.8370793320747758
0.8370793320747758
0.8370793320747758
0.8370793320747758
0.8370793320747758
0.8370793320747758
0.8130568813927681
0.8130568813927681
0.7934712506661263
0.7934712506661263
0.7934712506661263
0.7934712506661263
0.7934712506661263
0.705511350127825
0.705511350127825
0.705511350127825
0.705511350127825
0.705511350127825
0.705511350127825
0.705511350127825
0.705511350127825
0.705511350127825
0.705511350127825
0.705511350127825
0.705511350127825
0.705511350127825
0.705511350127825
0.705511350127825
0.705511350127825
0.705511350127825
0.705511350127825
0.705511350127825
0.705511350127825
0.705511350127825
0.705511350127825
0.705511350127825
0.705511350127825
0.705511350127825
0.705511350127825
0.705511350127825
0.705511350127825
0.705511350127825
0.705511350127825
0.705511350127825
0.705511350127825
0.705511350127825
0.705511350127825
0.705511350127825
0.705511350127825
0.705511350127825
0.705511350127825
0.705511350127825
0.705511350127825
0.705511350127825
0.6825384380175308
0.6825384380175308
0.6825384380175308
0.6825384380175308
0.6825384380175308
0.677308554330331
0.6650233786698792
0.6650233786698792
0.6650233786698792
0.6650233786698792
0.6650233786698792
0.6650233786698792
0.6650233786698792
0.6650233786698792
0.6650233786698792
0.6650233786698792
0.6650233786698792
0.6050062719700264
0.6050062719700264
0.6050062719700264
0.6050062719700264
0.6050062719700264
0.6050062719700264
0.6050062719700264
0.6050062719700264
0.6050062719700264
0.6050062719700264
0.6050062719700264
0.6050062719700264
0.6050062719700264
0.6050062719700264
0.6050062719700264
0.6050062719700264
0.6050062719700264
0.5636737851317157
0.5636737851317157
0.5636737851317157
0.5636737851317157
0.5636737851317157
0.5636737851317157
0.5636737851317157
0.5636737851317157
0.5636737851317157
0.5636737851317157
0.5636737851317157
0.5636737851317157
0.5636737851317157
0.5636737851317157
0.5636737851317157
0.528721525551429
0.528721525551429
0.528721525551429
0.528721525551429
0.5202900798130159
0.5202900798130159
0.5202900798130159
0.5202900798130159
0.5120738304888199
0.5120738304888199
0.5120738304888199
0.5120738304888199
0.5120738304888199
0.5120738304888199
0.5120738304888199
0.5120738304888199
0.5120738304888199
0.5120738304888199
0.5120738304888199
0.5120738304888199
0.5120738304888199
0.5120738304888199
0.5116796970105533
0.5108331039628666
0.5108331039628666
0.5108331039628666
0.5108331039628666
0.5108331039628666
0.5108331039628666
0.5108331039628666
0.5108331039628666
0.5108331039628666
0.5108331039628666
0.5108331039628666
0.5108331039628666
0.5108331039628666
0.5108331039628666
0.5108331039628666
0.5108331039628666
0.5108331039628666
0.5108331039628666
0.5108331039628666
0.5108331039628666
0.5108331039628666
0.5108331039628666
0.5063330261172574
0.5063330261172574
0.5063330261172574
0.5063330261172574
0.5044110480210904
0.5044110480210904
0.5044110480210904
0.5044110480210904
0.5044110480210904
0.5016325480650039
0.5016325480650039
0.5016325480650039
0.5016325480650039
0.5016325480650039
0.5016325480650039
0.5016325480650039
0.5016325480650039
0.5016325480650039
0.5016325480650039
0.5004662402053768
0.5004662402053768
0.5004662402053768
0.5004662402053768
0.5004662402053768
0.5004662402053768
0.5004662402053768
0.5004662402053768
0.5004662402053768
0.5004662402053768
0.5004662402053768
0.5004662402053768
0.5004662402053768
0.5004662402053768
0.5004662402053768
0.5004662402053768
0.5004662402053768
0.5004662402053768
0.5004662402053768
0.5004662402053768
0.5004662402053768
0.5004662402053768
0.5004662402053768
0.5004662402053768
0.5004662402053768
0.5004662402053768
0.5004662402053768
0.5004662402053768
0.5004662402053768
0.5004662402053768
0.5004662402053768
0.5004662402053768
0.5004662402053768
0.5004662402053768
0.5004662402053768
0.5004662402053768
0.5004662402053768
0.5004662402053768
0.5004662402053768
0.5004662402053768
0.4994970389527005
0.4994970389527005
0.4994970389527005
0.4994970389527005
0.4994970389527005
0.4994970389527005
0.4994970389527005
0.4994970389527005
0.4994970389527005
0.4994970389527005
0.4994970389527005
0.4994970389527005
0.4994970389527005
0.4994970389527005
0.4994970389527005
0.4994970389527005
0.4994970389527005
0.4994970389527005
0.4994970389527005
0.4994970389527005
0.4994970389527005
0.4994970389527005
0.4994970389527005
0.4994970389527005
0.4994970389527005
0.4994970389527005
0.4994970389527005
0.4994970389527005
0.4994970389527005
0.4994970389527005
0.4994970389527005
0.4994970389527005
0.4994970389527005
0.4994970389527005
0.4994970389527005
0.4994970389527005
0.4994970389527005
0.4994970389527005
0.4994970389527005
0.4994970389527005
0.4994970389527005
0.4994970389527005
0.4994970389527005
0.4994970389527005
0.4945422451057162
0.4415451651417861
0.4415451651417861
0.4415451651417861
0.4415451651417861
0.4415451651417861
0.4415451651417861
0.4415451651417861
0.4415451651417861
0.4415451651417861
0.4298034259940451
0.4298034259940451
0.4298034259940451
0.3875138607594515
0.3875138607594515
0.3875138607594515
0.3875138607594515
0.3875138607594515
0.3875138607594515
0.3875138607594515
0.3875138607594515
0.3875138607594515
0.3875138607594515
0.36953716051244
0.2900730094094861
0.2900730094094861
0.2900730094094861
0.2900730094094861
0.2900730094094861
0.2900730094094861
0.2900730094094861
0.2900730094094861
0.2900730094094861
0.2900730094094861
0.2900730094094861
0.2900730094094861
0.2900730094094861
0.2900730094094861
0.2900730094094861
0.2900730094094861
0.2900730094094861
0.2900730094094861
0.2900730094094861
0.2900730094094861
0.2900730094094861
0.2900730094094861
0.2900730094094861
0.2900730094094861
0.2900730094094861
0.2900730094094861
0.2900730094094861
0.2900730094094861
0.2900730094094861
0.2900730094094861
0.2900730094094861
0.2900730094094861
0.2900730094094861
0.2854316618454611
0.2854316618454611
0.2618420743164833
0.2618420743164833
0.2618420743164833
0.2618420743164833
0.2618420743164833
0.2618420743164833
0.2618420743164833
0.2618420743164833
0.2618420743164833
0.2618420743164833
0.2618420743164833
0.2618420743164833
0.2618420743164833
0.2618420743164833
0.2618420743164833
0.2618420743164833
0.2618420743164833
0.2618420743164833
0.24480114437519163
0.24480114437519163
0.24480114437519163
0.24480114437519163
0.24480114437519163
0.24480114437519163
0.24480114437519163
0.24480114437519163
0.24480114437519163
0.24480114437519163
0.24480114437519163
0.24480114437519163
0.24480114437519163
0.24480114437519163
0.24480114437519163
0.24480114437519163
0.2397660371173025
0.2397660371173025
0.2397660371173025
0.2397660371173025
0.2397660371173025
0.2397660371173025
0.2397660371173025
0.2397660371173025
0.2397660371173025
0.2397660371173025
0.2397660371173025
0.2397660371173025
0.2397660371173025
0.2397660371173025
0.2397660371173025
0.2397660371173025
0.2397660371173025
0.2397660371173025
0.2397660371173025
0.23520109822155533
0.23520109822155533
0.23520109822155533
0.23520109822155533
0.23123683915022752
0.23123683915022752
0.23123683915022752
0.22912718192956305
0.22912718192956305
0.22912718192956305
0.22912718192956305
0.22912718192956305
0.22562407247195537
0.22562407247195537
0.22562407247195537
0.22562407247195537
0.18086556476882265
0.18086556476882265
0.18086556476882265
0.18086556476882265
0.18086556476882265
0.18086556476882265
0.18086556476882265
0.18086556476882265
0.18086556476882265
0.18086556476882265
0.18086556476882265
0.18086556476882265
0.18086556476882265
0.18086556476882265
0.18086556476882265
0.18086556476882265
0.18086556476882265
0.18086556476882265
0.18086556476882265
0.18086556476882265
0.18086556476882265
0.18086556476882265
0.18086556476882265
0.18086556476882265
0.18086556476882265
0.18086556476882265
0.18086556476882265
0.18086556476882265
0.18086556476882265
0.18086556476882265
0.18086556476882265
0.18086556476882265
0.18086556476882265
0.18086556476882265
0.18086556476882265
0.18086556476882265
0.18086556476882265
0.18086556476882265
0.18086556476882265
0.18086556476882265
0.18086556476882265
0.18086556476882265
0.18086556476882265
0.18086556476882265
0.18086556476882265
0.18086556476882265
0.18086556476882265
0.18086556476882265
0.18086556476882265
0.18086556476882265
0.18086556476882265
0.18086556476882265
0.18086556476882265
0.18086556476882265
0.18086556476882265
0.18086556476882265
0.18086556476882265
0.18086556476882265
0.18086556476882265
0.18086556476882265
0.18086556476882265
0.18086556476882265
0.18086556476882265
0.18086556476882265
0.18086556476882265
0.18086556476882265
0.18086556476882265
0.18086556476882265
0.18086556476882265
0.18086556476882265
0.18086556476882265
0.18086556476882265
0.18086556476882265
0.18086556476882265
0.18086556476882265
0.18086556476882265
0.17904379021789651
0.17904379021789651
0.17904379021789651
0.17904379021789651
0.17809567034670692
0.17809567034670692
0.17809567034670692
0.17809567034670692
0.17809567034670692
0.17809567034670692
0.17809567034670692
0.17809567034670692
0.17809567034670692
0.17809567034670692
0.17809567034670692
0.17809567034670692
0.17809567034670692
0.17809567034670692
0.17809567034670692
0.17809567034670692
0.17809567034670692
0.1741014953383342
0.1741014953383342
0.1741014953383342
0.1741014953383342
0.1741014953383342
0.16898799949819931
0.16898799949819931
0.16626541245798876
0.16626541245798876
0.16626541245798876
0.16626541245798876
0.16626541245798876
0.16626541245798876
0.16626541245798876
0.16626541245798876
0.16626541245798876
0.16626541245798876
0.16626541245798876
0.16626541245798876
0.14228188416454657
0.14228188416454657
0.14228188416454657
0.14228188416454657
0.14228188416454657
0.14228188416454657
0.14228188416454657
0.14228188416454657
0.14228188416454657
0.14228188416454657
0.14228188416454657
0.14228188416454657
0.14228188416454657
0.14228188416454657
0.14228188416454657
0.14228188416454657
0.14228188416454657
0.14228188416454657
0.14228188416454657
0.14228188416454657
0.14228188416454657
0.14228188416454657
0.14228188416454657
0.14228188416454657
0.14228188416454657
0.14228188416454657
0.1391516515793647
0.1391516515793647
0.1391516515793647
0.1391516515793647
0.1391516515793647
0.1391516515793647
0.1391516515793647
0.13502817521218802
0.13502817521218802
0.13502817521218802
0.13502817521218802
0.13502817521218802
0.12749563375033546
0.12592798896222845
0.12592798896222845
0.12592798896222845
0.12592798896222845
0.12592798896222845
0.12592798896222845
0.12112865080244006
0.12112865080244006
0.12112865080244006
0.12112865080244006
0.12112865080244006
0.12112865080244006
0.12112865080244006
0.12112865080244006
0.12112865080244006
0.11145670609512948
0.11145670609512948
0.11145670609512948
0.11145670609512948
0.11145670609512948
0.11145670609512948
0.10700798531889788
0.10700798531889788
0.10700798531889788
0.10700798531889788
0.10700798531889788
0.10700798531889788
0.10700798531889788
