0.04484057426452637
0.06085205078125
0.060690879821777344
0.028601408004760742
0.028733015060424805
0.05280303955078125
0.02880406379699707
0.028865575790405273
0.029027223587036133
0.029151201248168945
0.029004335403442383
0.028900623321533203
0.028983354568481445
0.029059171676635742
0.029143333435058594
0.02907562255859375
0.02895331382751465
0.028932809829711914
0.028950214385986328
0.029005050659179688
0.029059171676635742
0.029052734375
0.028990983963012695
0.028969764709472656
0.02894139289855957
0.029659032821655273
0.028989791870117188
0.02905440330505371
0.029114484786987305
0.0288541316986084
0.02889704704284668
0.02891683578491211
0.02899336814880371
0.029010772705078125
0.029081344604492188
0.02899336814880371
0.03200817108154297
0.029129981994628906
0.02932596206665039
0.028952836990356445
0.029260635375976562
0.029476165771484375
0.029123783111572266
0.029024362564086914
0.029181241989135742
0.029124975204467773
0.028961896896362305
0.02912425994873047
0.02892756462097168
0.02882838249206543
0.02900528907775879
0.029019594192504883
0.029344797134399414
0.029120445251464844
0.029096603393554688
0.028954029083251953
0.028982162475585938
0.029001474380493164
0.029154300689697266
0.029011249542236328
0.028891563415527344
0.028852224349975586
0.028919696807861328
0.02905583381652832
0.028948545455932617
0.028853416442871094
0.02879619598388672
0.028843402862548828
0.02903127670288086
0.02881908416748047
0.028831958770751953
0.028854846954345703
0.028799057006835938
0.028753042221069336
0.028858184814453125
0.028774738311767578
0.02910161018371582
0.029139041900634766
0.029052019119262695
0.029038667678833008
0.029317378997802734
0.02898859977722168
0.02913665771484375
0.029280424118041992
0.02916264533996582
0.029117822647094727
0.029124021530151367
0.02912425994873047
0.0294344425201416
0.029094934463500977
0.029132366180419922
0.02895188331604004
0.028992414474487305
0.02907872200012207
0.029034852981567383
0.029206275939941406
0.029119491577148438
0.02899312973022461
0.02927255630493164
0.0291440486907959
0.029125213623046875
0.02909088134765625
0.0292508602142334
0.0288698673248291
0.029044151306152344
0.029082298278808594
0.02899646759033203
0.029137134552001953
0.029291629791259766
0.029237985610961914
0.0290224552154541
0.029042482376098633
0.02896285057067871
0.028879642486572266
0.02903437614440918
0.029236316680908203
0.02930164337158203
0.02915024757385254
0.029027938842773438
0.028898000717163086
0.029300689697265625
0.04529213905334473
0.02893233299255371
0.0290982723236084
0.02913832664489746
0.02910470962524414
0.029572725296020508
0.02938389778137207
0.029154300689697266
0.0291287899017334
0.029355525970458984
0.02928304672241211
0.029129505157470703
0.02893662452697754
0.029074430465698242
0.028882503509521484
0.029086828231811523
0.02888631820678711
0.02880120277404785
0.028839111328125
0.02893376350402832
0.028883695602416992
0.028868436813354492
0.028909683227539062
0.028805255889892578
0.02886199951171875
0.028980016708374023
0.02892017364501953
0.028914690017700195
0.02891063690185547
0.028831005096435547
0.028841733932495117
0.029085874557495117
0.029085159301757812
0.028979778289794922
0.029924631118774414
0.029345273971557617
0.029314517974853516
0.02919936180114746
0.029170751571655273
0.029215574264526367
0.02918243408203125
0.0289614200592041
0.02940988540649414
0.029073238372802734
0.029064178466796875
0.02903890609741211
0.02940082550048828
0.02899169921875
0.028855323791503906
0.028823375701904297
0.02881908416748047
0.02889418601989746
0.02885150909423828
0.028835773468017578
0.028818845748901367
0.02885150909423828
0.028760433197021484
0.028838634490966797
0.028876304626464844
0.028968095779418945
0.02903270721435547
0.029018163681030273
0.02885127067565918
0.028866052627563477
0.028929948806762695
0.028839588165283203
0.028787612915039062
0.028789758682250977
0.029079675674438477
0.02917170524597168
0.029072284698486328
0.029153108596801758
0.029088497161865234
0.028977394104003906
0.02927112579345703
0.029179096221923828
0.029060840606689453
0.028844594955444336
0.02883625030517578
0.028871774673461914
0.02887749671936035
0.028818368911743164
0.028811216354370117
0.028764724731445312
0.028693675994873047
0.0287015438079834
0.02872490882873535
0.028785228729248047
0.02877354621887207
0.02873849868774414
0.028717517852783203
0.02903008460998535
0.028992891311645508
0.029069185256958008
0.028949499130249023
0.02895641326904297
0.029095888137817383
0.028939485549926758
0.029021024703979492
0.02909374237060547
0.028957366943359375
0.029091358184814453
0.02910137176513672
0.029833316802978516
0.029036760330200195
0.02895045280456543
0.02906656265258789
0.029079675674438477
0.029001474380493164
0.029541492462158203
0.029230833053588867
0.029180288314819336
0.029133319854736328
0.029109477996826172
0.0290982723236084
0.029266834259033203
0.028899431228637695
0.028935909271240234
0.028786182403564453
0.02913212776184082
0.02907729148864746
0.02897334098815918
0.029001474380493164
0.0289151668548584
0.028843402862548828
0.028893232345581055
0.02962207794189453
0.028989315032958984
0.029140233993530273
0.02923440933227539
0.029658794403076172
0.029230594635009766
0.0290834903717041
0.029044389724731445
0.028974294662475586
0.029079437255859375
0.029364824295043945
0.029223203659057617
0.029120922088623047
0.028982877731323242
0.029180049896240234
0.029165029525756836
0.02902960777282715
0.029013872146606445
0.02908778190612793
0.029078960418701172
0.029268980026245117
0.028987646102905273
0.028992652893066406
0.029358386993408203
0.029263019561767578
0.029226064682006836
0.029268264770507812
0.029282093048095703
0.02937483787536621
0.02940511703491211
0.029294967651367188
0.029330730438232422
0.029314756393432617
0.029051542282104492
0.028907299041748047
0.029039859771728516
0.02914738655090332
0.029177188873291016
0.029219627380371094
0.02944350242614746
0.029070615768432617
0.029093503952026367
0.02906060218811035
0.029059410095214844
0.029120445251464844
0.02907705307006836
0.029221296310424805
0.029144763946533203
0.02906513214111328
0.028975486755371094
0.029222488403320312
0.02922987937927246
0.029137372970581055
0.029062509536743164
0.029093027114868164
0.028979778289794922
0.029389142990112305
0.030075788497924805
0.03211808204650879
0.03228330612182617
0.031993865966796875
0.03216958045959473
0.03225827217102051
0.031224727630615234
0.029352664947509766
0.02904343605041504
0.02928924560546875
0.029247522354125977
0.029104232788085938
0.02916264533996582
0.029082775115966797
0.029481887817382812
0.03007364273071289
0.029349327087402344
0.029523372650146484
0.029347658157348633
0.02950429916381836
0.029780864715576172
0.029242992401123047
0.029764652252197266
0.02932453155517578
0.02942180633544922
0.029271841049194336
0.029161691665649414
0.02926802635192871
0.029230833053588867
0.029204845428466797
0.029894351959228516
0.029343605041503906
0.029364347457885742
0.029293060302734375
0.02921295166015625
0.029425621032714844
0.029100656509399414
0.029189348220825195
0.029229164123535156
0.028959274291992188
0.029225826263427734
0.02918553352355957
0.02923297882080078
0.029631614685058594
0.028801918029785156
0.029028654098510742
0.029062271118164062
0.028746604919433594
0.02913045883178711
0.029069900512695312
0.029479026794433594
0.03015756607055664
0.02994704246520996
0.03367185592651367
0.02876424789428711
0.02906036376953125
0.02909564971923828
0.02934861183166504
0.029012441635131836
0.029003620147705078
0.028941631317138672
0.028952598571777344
0.028878450393676758
0.028998136520385742
0.029225587844848633
0.029175996780395508
0.02885746955871582
0.029049158096313477
0.029142141342163086
0.028957605361938477
0.02902841567993164
0.02884697914123535
0.029453754425048828
0.02881336212158203
0.02885580062866211
0.028790950775146484
0.02916097640991211
0.02879953384399414
0.028797388076782227
0.02871108055114746
0.02920699119567871
0.029282808303833008
0.029458999633789062
0.02882695198059082
0.028869152069091797
0.028778553009033203
0.028830528259277344
0.028776884078979492
0.028930187225341797
0.02887868881225586
0.028867244720458984
0.028891324996948242
0.029059886932373047
0.029009580612182617
0.02911520004272461
0.02958965301513672
0.02990412712097168
0.029038667678833008
0.029034137725830078
0.029031038284301758
0.029108762741088867
0.0291440486907959
0.029170751571655273
0.029364824295043945
0.029098033905029297
0.028992414474487305
0.028988361358642578
0.02927708625793457
0.029116392135620117
0.028947830200195312
0.029054880142211914
0.02899765968322754
0.029009342193603516
0.029141664505004883
0.02997303009033203
0.02912282943725586
0.029126405715942383
0.028990745544433594
0.029041767120361328
0.028913021087646484
0.028951644897460938
0.02927565574645996
0.029184579849243164
0.028774738311767578
0.02899646759033203
0.0287628173828125
0.02877640724182129
0.028889894485473633
0.02926492691040039
0.029507875442504883
0.0288693904876709
0.02869558334350586
0.028791427612304688
0.028708219528198242
0.02874898910522461
0.02873516082763672
0.0287172794342041
0.02868485450744629
0.0286862850189209
0.028757572174072266
0.028898000717163086
0.028758764266967773
0.0287778377532959
0.028728008270263672
0.028865337371826172
0.028798580169677734
0.028722763061523438
0.028959989547729492
0.02909374237060547
0.02911829948425293
0.029027223587036133
0.0287778377532959
0.028787612915039062
0.02872443199157715
0.028742074966430664
0.028647661209106445
0.028962373733520508
0.028804779052734375
0.029043912887573242
0.02898550033569336
0.029501676559448242
0.029385805130004883
0.029103994369506836
0.029232025146484375
0.02940988540649414
0.029623031616210938
0.029237747192382812
0.029405593872070312
0.029264450073242188
0.02919149398803711
0.029369831085205078
0.02928304672241211
0.02936840057373047
0.029043197631835938
0.02906489372253418
0.02919602394104004
0.029219865798950195
0.029147624969482422
0.0290219783782959
0.028870344161987305
0.02877664566040039
0.028821945190429688
0.0288236141204834
0.028758764266967773
0.028779029846191406
0.02872490882873535
0.028673648834228516
0.028721094131469727
0.028855323791503906
0.02871990203857422
0.02867412567138672
0.028758764266967773
0.02871251106262207
0.02873826026916504
0.02877044677734375
0.02874612808227539
0.028797149658203125
0.028759002685546875
0.028702735900878906
0.03034830093383789
0.029059648513793945
0.028899669647216797
0.029021263122558594
0.02923870086669922
0.029211997985839844
0.029525041580200195
0.02902984619140625
0.029043197631835938
0.02903270721435547
0.029167652130126953
0.02890777587890625
0.02909064292907715
0.029272079467773438
0.029080867767333984
0.029155254364013672
0.028982162475585938
0.02920246124267578
0.029190778732299805
0.029058456420898438
0.029471158981323242
0.029024362564086914
0.029100894927978516
0.029015779495239258
0.029327392578125
0.029227256774902344
0.028798580169677734
0.028702974319458008
0.02882242202758789
0.028797388076782227
0.028859615325927734
0.028738737106323242
0.02879190444946289
0.029059648513793945
0.02902507781982422
0.02888202667236328
0.02898383140563965
0.029001235961914062
0.02906060218811035
0.02909255027770996
0.02899956703186035
0.02896904945373535
0.028970956802368164
0.028915882110595703
0.028937578201293945
0.029064655303955078
0.02902364730834961
0.029003143310546875
0.029015541076660156
0.029072284698486328
0.02920389175415039
0.028925418853759766
0.02922344207763672
0.02921605110168457
0.02932572364807129
0.029485464096069336
0.029081344604492188
0.02912306785583496
0.028965473175048828
0.029385089874267578
0.02937912940979004
0.029123306274414062
0.029128551483154297
0.02888011932373047
0.028964996337890625
0.028954267501831055
0.02887582778930664
0.028842687606811523
0.028849363327026367
0.0289914608001709
0.029065370559692383
0.028868436813354492
0.02873539924621582
0.028786182403564453
0.028794050216674805
0.02879190444946289
0.02879190444946289
0.028879165649414062
0.028809070587158203
0.028815269470214844
0.028825998306274414
0.028760671615600586
0.028752803802490234
0.0287168025970459
0.028812885284423828
0.028858423233032227
0.02884364128112793
0.02877521514892578
0.028873920440673828
0.0289156436920166
0.02886795997619629
0.02873992919921875
0.02889847755432129
0.028965473175048828
0.0288088321685791
0.02885127067565918
0.028784990310668945
0.028824329376220703
0.0288238525390625
0.028800249099731445
0.028846263885498047
0.028880596160888672
0.028839588165283203
0.028695344924926758
0.028841018676757812
0.02880692481994629
0.028772592544555664
0.028793811798095703
0.028910398483276367
0.0290374755859375
0.02898120880126953
0.028876781463623047
0.028993606567382812
0.02896261215209961
0.029285192489624023
0.02898263931274414
0.029129505157470703
0.029160737991333008
0.029361724853515625
0.029039859771728516
0.02918267250061035
0.02891683578491211
0.029038190841674805
0.029112577438354492
0.028771162033081055
0.028960227966308594
0.02886962890625
0.028792619705200195
0.028854846954345703
0.028914928436279297
0.02879190444946289
0.02879786491394043
0.028959035873413086
0.028910160064697266
0.028833627700805664
0.028853178024291992
0.028788089752197266
0.02892017364501953
0.028856515884399414
0.028757572174072266
0.028838634490966797
0.02888035774230957
0.029004573822021484
0.02910923957824707
0.029025793075561523
0.029135942459106445
0.028881549835205078
0.0289456844329834
0.029041767120361328
0.02924513816833496
0.02903437614440918
0.02899646759033203
0.029016733169555664
0.029040813446044922
0.028969287872314453
0.02931046485900879
0.029055118560791016
0.029052019119262695
0.02917027473449707
0.029058218002319336
0.029738187789916992
0.029680252075195312
0.029140233993530273
0.029074430465698242
0.029050350189208984
0.02906203269958496
0.02906632423400879
0.029038190841674805
0.02919602394104004
0.029134035110473633
0.029131412506103516
0.02918553352355957
0.028870105743408203
0.028919219970703125
0.02879023551940918
0.028829097747802734
0.02890467643737793
0.028848886489868164
0.028776168823242188
0.028795719146728516
0.028858423233032227
0.02887558937072754
0.028768062591552734
0.028745174407958984
0.028786659240722656
0.02883124351501465
0.02877187728881836
0.028819561004638672
0.02871990203857422
0.0288240909576416
0.028900146484375
0.028850317001342773
0.028852224349975586
0.028817415237426758
0.028748035430908203
0.028846263885498047
0.028777122497558594
0.02890467643737793
0.028757333755493164
0.028766155242919922
0.028777360916137695
0.029014110565185547
0.02899622917175293
0.029114484786987305
0.028973817825317383
0.02913951873779297
0.02914285659790039
0.028952836990356445
0.029099464416503906
0.0292510986328125
0.02908611297607422
0.029168128967285156
0.02922344207763672
0.029261112213134766
0.029164552688598633
0.029714345932006836
0.029306888580322266
0.028948068618774414
0.02909684181213379
0.02905893325805664
0.02900552749633789
0.028857707977294922
0.02887415885925293
0.028852462768554688
0.02883291244506836
0.029054641723632812
0.028901100158691406
0.028980255126953125
0.028908252716064453
0.029044628143310547
0.02952885627746582
0.029461383819580078
0.028924942016601562
0.029031038284301758
0.029015302658081055
0.02905559539794922
0.02927541732788086
0.02923274040222168
0.02902984619140625
0.029092788696289062
0.029051780700683594
0.029075145721435547
0.029088497161865234
0.029299020767211914
0.029574155807495117
0.029218196868896484
0.029024839401245117
0.029059171676635742
0.029016494750976562
0.029049396514892578
0.029274940490722656
0.029061555862426758
0.02904486656188965
0.029165983200073242
0.028940677642822266
0.029036760330200195
0.029151201248168945
0.029289722442626953
0.028944730758666992
0.029224157333374023
0.029303312301635742
0.029173612594604492
0.029304027557373047
0.02936530113220215
0.029221534729003906
0.0293428897857666
0.029333829879760742
0.029161691665649414
0.029110193252563477
0.02976059913635254
0.029306650161743164
0.029040098190307617
0.029220104217529297
0.029020071029663086
0.02892780303955078
0.02913212776184082
0.02879810333251953
0.029298067092895508
0.029050827026367188
0.029062986373901367
0.029052734375
0.02900099754333496
0.029293060302734375
0.029316186904907227
0.02917313575744629
0.029191017150878906
0.029275894165039062
0.029226064682006836
0.029386520385742188
0.029268264770507812
0.029216527938842773
0.029253721237182617
0.029385089874267578
0.02923583984375
0.029156923294067383
0.029074668884277344
0.029226064682006836
0.02921581268310547
0.029120445251464844
0.02899956703186035
0.02886199951171875
0.028766632080078125
0.028802156448364258
0.028717517852783203
0.028699159622192383
0.0287625789642334
0.028756380081176758
0.028732776641845703
0.028731107711791992
0.02878737449645996
0.02870345115661621
0.028760433197021484
0.028796672821044922
0.028780221939086914
0.028712987899780273
0.02876114845275879
0.028696298599243164
0.028740644454956055
0.02865004539489746
0.028647661209106445
0.028644084930419922
0.028887510299682617
0.02901935577392578
0.029056310653686523
0.028873682022094727
0.02936267852783203
0.029070377349853516
0.028949260711669922
0.028987407684326172
0.02915811538696289
0.02903461456298828
0.029450416564941406
0.02905559539794922
0.029417753219604492
0.029189348220825195
0.02898859977722168
0.028978347778320312
0.028950929641723633
0.02920699119567871
0.028977394104003906
0.029150009155273438
0.02915811538696289
0.029126882553100586
0.029354333877563477
0.029108524322509766
0.02892756462097168
0.028908967971801758
0.029066085815429688
0.029092788696289062
0.029358863830566406
0.029295682907104492
0.029233217239379883
0.029219627380371094
0.029178857803344727
0.02907109260559082
0.02912282943725586
0.029270172119140625
0.02911663055419922
0.02946329116821289
0.02912425994873047
0.029158592224121094
0.02916717529296875
0.02930593490600586
0.02874279022216797
0.029092788696289062
0.029359817504882812
0.02888011932373047
0.02879953384399414
0.0287325382232666
0.02873086929321289
0.028751611709594727
0.028780221939086914
0.028725385665893555
0.028735637664794922
0.02874612808227539
0.02870798110961914
0.028703689575195312
0.02880406379699707
0.02873373031616211
0.028680801391601562
0.028672218322753906
0.02869105339050293
0.028688430786132812
0.028749465942382812
0.028734922409057617
0.029020309448242188
0.028921127319335938
0.028815507888793945
0.028759241104125977
0.028798580169677734
0.028775930404663086
0.0287172794342041
0.028739213943481445
0.028655290603637695
0.028678417205810547
0.028705358505249023
0.02862262725830078
0.028790712356567383
0.028826236724853516
0.02872920036315918
0.028839826583862305
0.028816699981689453
0.02871990203857422
0.028711795806884766
0.029013872146606445
0.029561281204223633
0.02909111976623535
0.0294187068939209
0.030226707458496094
0.029073238372802734
0.028771638870239258
0.028741121292114258
0.02889275550842285
0.02882218360900879
0.028760194778442383
0.02865767478942871
0.02881646156311035
0.028822898864746094
0.028737545013427734
0.02862834930419922
0.028733491897583008
0.028820037841796875
0.02875971794128418
0.028712749481201172
0.028698205947875977
0.02875375747680664
0.0286865234375
0.028673648834228516
0.02868056297302246
0.028701066970825195
0.028751373291015625
0.02867579460144043
0.028669357299804688
0.028734207153320312
0.02869868278503418
0.028735876083374023
0.028767108917236328
0.028713703155517578
0.028760194778442383
0.028659343719482422
0.028702497482299805
0.029116392135620117
0.028855323791503906
0.028661727905273438
0.02873539924621582
0.02911996841430664
0.029021024703979492
0.02889108657836914
0.02946949005126953
0.029086828231811523
0.029496431350708008
0.029033660888671875
0.029326915740966797
0.02912163734436035
0.029230594635009766
0.02930450439453125
0.029906272888183594
0.029076814651489258
0.029064416885375977
0.02978801727294922
0.029100656509399414
0.029192209243774414
0.029234647750854492
0.02898693084716797
0.028890132904052734
0.028911590576171875
0.028964519500732422
0.028870820999145508
0.028772354125976562
0.028813600540161133
0.02879023551940918
0.028776884078979492
0.028847455978393555
0.02886795997619629
0.02884387969970703
0.02879047393798828
0.028789758682250977
0.028934240341186523
0.02886962890625
0.028795719146728516
0.028812170028686523
0.028720617294311523
0.02878737449645996
0.028593063354492188
0.02882242202758789
0.02883172035217285
0.028794527053833008
0.02877521514892578
0.028836727142333984
0.029430627822875977
0.029045820236206055
0.028963565826416016
0.02893662452697754
0.028842449188232422
0.028908729553222656
0.029326200485229492
0.03308844566345215
