0.0034208297729492188
0.0033223628997802734
0.003365755081176758
0.0033621788024902344
0.003401041030883789
0.0034821033477783203
0.0032906532287597656
0.0034160614013671875
0.0034329891204833984
0.0034923553466796875
0.0032758712768554688
0.0033681392669677734
0.003368377685546875
0.0033812522888183594
0.0033190250396728516
0.0033502578735351562
0.003514528274536133
0.003368854522705078
0.0034112930297851562
0.003332376480102539
0.0034782886505126953
0.0034551620483398438
0.0033953189849853516
0.003541707992553711
0.0032584667205810547
0.003389596939086914
0.0032210350036621094
0.003556966781616211
0.003442049026489258
0.0034227371215820312
0.0037899017333984375
0.0038182735443115234
0.0037555694580078125
0.003767251968383789
0.0037262439727783203
0.0036084651947021484
0.0034220218658447266
0.0036535263061523438
0.003377676010131836
0.003401517868041992
0.003283262252807617
0.003448486328125
0.003420114517211914
0.003448963165283203
0.003429412841796875
0.003537416458129883
0.003406047821044922
0.003281831741333008
0.0033943653106689453
0.0033257007598876953
0.003222942352294922
0.003312826156616211
0.0038230419158935547
0.003695964813232422
0.0035321712493896484
0.0035982131958007812
0.003603696823120117
0.0036401748657226562
0.003453493118286133
0.0036275386810302734
0.0035626888275146484
0.0034537315368652344
0.003633260726928711
0.003640890121459961
0.0035839080810546875
0.0035326480865478516
0.003506183624267578
0.003412008285522461
0.003368854522705078
0.0034799575805664062
0.003435850143432617
0.0035390853881835938
0.0034449100494384766
0.003443002700805664
0.0034151077270507812
0.0033698081970214844
0.0034203529357910156
0.003398418426513672
0.0033113956451416016
0.003364086151123047
0.0035104751586914062
0.003416299819946289
0.0033812522888183594
0.003491640090942383
0.003524303436279297
0.0032744407653808594
0.003283977508544922
0.003558635711669922
0.003315448760986328
0.0033087730407714844
0.003300905227661133
0.0036182403564453125
0.003302335739135742
0.0034780502319335938
0.0033833980560302734
0.0035266876220703125
0.003419637680053711
0.0034689903259277344
0.003584623336791992
0.003473520278930664
0.003655672073364258
0.003526449203491211
0.003618001937866211
0.0033943653106689453
0.0032868385314941406
0.0033338069915771484
0.0032770633697509766
0.0031890869140625
0.003220081329345703
0.0033025741577148438
0.00330352783203125
0.003309965133666992
0.0032858848571777344
0.00341796875
0.003345966339111328
0.0032854080200195312
0.0032694339752197266
0.0033164024353027344
0.0033092498779296875
0.0033948421478271484
0.0034770965576171875
0.0033359527587890625
0.0033414363861083984
0.003330230712890625
0.0033805370330810547
0.003211498260498047
0.003364086151123047
0.003253936767578125
0.0032744407653808594
0.0031952857971191406
0.0032629966735839844
0.0032770633697509766
0.003236055374145508
0.003234386444091797
0.00323486328125
0.0033228397369384766
0.0031807422637939453
0.0032868385314941406
0.003246307373046875
0.003228425979614258
0.0032634735107421875
0.0032515525817871094
0.0032262802124023438
0.0031871795654296875
0.003119230270385742
0.003176450729370117
0.0032472610473632812
0.003209829330444336
0.003113269805908203
0.0031366348266601562
0.003287076950073242
0.0032434463500976562
0.0033478736877441406
0.003174304962158203
0.0032241344451904297
0.003178834915161133
0.003188610076904297
0.0031828880310058594
0.003284454345703125
0.003218412399291992
0.003279447555541992
0.0032470226287841797
0.003313779830932617
0.0033419132232666016
0.003367900848388672
0.0032258033752441406
0.0032258033752441406
0.0032608509063720703
0.0032422542572021484
0.0033173561096191406
0.0033202171325683594
0.0032837390899658203
0.003244638442993164
0.003251314163208008
0.003213644027709961
0.0032455921173095703
0.0032241344451904297
0.003267526626586914
0.003313302993774414
0.0032188892364501953
0.003304719924926758
0.003277301788330078
0.0033333301544189453
0.0034258365631103516
0.0032927989959716797
0.0032520294189453125
0.003297090530395508
0.0034894943237304688
0.0033347606658935547
0.0033097267150878906
0.003203153610229492
0.0034058094024658203
0.0034215450286865234
0.0034117698669433594
0.0034563541412353516
0.0034372806549072266
0.0034134387969970703
0.0033485889434814453
0.0033402442932128906
0.0032782554626464844
0.0032958984375
0.0033969879150390625
0.0035638809204101562
0.0033981800079345703
0.0032858848571777344
0.0033638477325439453
0.0034766197204589844
0.003362417221069336
0.0035240650177001953
0.0033185482025146484
0.003565073013305664
0.0032951831817626953
0.0033409595489501953
0.0034096240997314453
0.0033850669860839844
0.0033485889434814453
0.003311634063720703
0.003446817398071289
0.003384113311767578
0.0034363269805908203
0.003442525863647461
0.0034508705139160156
0.003520488739013672
0.0033011436462402344
0.0034592151641845703
0.00345611572265625
0.003357410430908203
0.0033566951751708984
0.0034132003784179688
0.003309488296508789
0.0034046173095703125
0.003282308578491211
0.0033562183380126953
0.0033087730407714844
0.0033676624298095703
0.0033736228942871094
0.0034110546112060547
0.0034499168395996094
0.0031991004943847656
0.003421783447265625
0.0032875537872314453
0.003391742706298828
0.0034096240997314453
0.003509044647216797
0.0033576488494873047
0.003355741500854492
0.003478527069091797
0.0034601688385009766
0.003389120101928711
0.0034432411193847656
0.0034313201904296875
0.0034432411193847656
0.0033135414123535156
0.00344085693359375
0.0033075809478759766
0.0032961368560791016
0.003365039825439453
0.003582477569580078
0.003623485565185547
0.003448963165283203
0.003427743911743164
0.0034246444702148438
0.0034093856811523438
0.003371715545654297
0.0034830570220947266
0.00330352783203125
0.003560781478881836
0.003343820571899414
0.0036826133728027344
0.00341796875
0.003449678421020508
0.003473520278930664
0.003431081771850586
0.003220081329345703
0.0035142898559570312
0.003439188003540039
0.003509998321533203
0.003345966339111328
0.003390073776245117
0.0035202503204345703
0.003517627716064453
0.0034127235412597656
0.003677845001220703
0.003535747528076172
0.0034236907958984375
0.0035507678985595703
0.0035715103149414062
0.0035355091094970703
0.0034821033477783203
0.0034494400024414062
0.0034012794494628906
0.0035076141357421875
0.0035181045532226562
0.0033483505249023438
0.003554105758666992
0.003504514694213867
0.0035886764526367188
0.003477334976196289
0.003443479537963867
0.003508329391479492
0.0033745765686035156
0.003407716751098633
0.003417491912841797
0.0034737586975097656
0.0035796165466308594
0.0035407543182373047
0.003419160842895508
0.0036399364471435547
0.0035724639892578125
0.00333404541015625
0.003542661666870117
0.0036215782165527344
0.0033712387084960938
0.0036580562591552734
0.0035393238067626953
0.0036134719848632812
0.0033478736877441406
0.0033304691314697266
0.003407001495361328
0.0035276412963867188
0.0034236907958984375
0.003436565399169922
0.0035381317138671875
0.0034165382385253906
0.003414630889892578
0.003536224365234375
0.003393888473510742
0.0034427642822265625
0.0033991336822509766
0.0033278465270996094
0.0034003257751464844
0.0032892227172851562
0.0034134387969970703
0.0035638809204101562
0.0033111572265625
0.0033447742462158203
0.003445148468017578
0.003306150436401367
0.003322124481201172
0.0034537315368652344
0.0036585330963134766
0.003413677215576172
0.0034050941467285156
0.0035533905029296875
0.004147768020629883
0.0035424232482910156
0.0034301280975341797
0.003197908401489258
0.0032248497009277344
0.0031964778900146484
0.0033805370330810547
0.003222942352294922
0.003314495086669922
0.0031881332397460938
0.003306150436401367
0.0033102035522460938
0.003487110137939453
0.003371715545654297
0.0034024715423583984
0.003450632095336914
0.003272533416748047
0.0033872127532958984
0.0032846927642822266
0.0033223628997802734
0.003226041793823242
0.0033125877380371094
0.0032672882080078125
0.003391265869140625
0.0033419132232666016
0.003355264663696289
0.003355741500854492
0.003534078598022461
0.0035545825958251953
0.003347635269165039
0.0034050941467285156
0.0033724308013916016
0.0035178661346435547
0.0033032894134521484
0.003368377685546875
0.0034685134887695312
0.003387928009033203
0.003420591354370117
0.00327301025390625
0.0033800601959228516
0.003320455551147461
0.003464937210083008
0.0034027099609375
0.0033669471740722656
0.003449678421020508
0.003245830535888672
0.0034148693084716797
0.003349781036376953
0.0032987594604492188
0.003324270248413086
0.0034291744232177734
0.0033288002014160156
0.003389596939086914
0.0033888816833496094
0.003400564193725586
0.0033080577850341797
0.0033097267150878906
0.0034656524658203125
0.0033211708068847656
0.003292083740234375
0.0033283233642578125
0.003400087356567383
0.0032875537872314453
0.0032930374145507812
0.0034253597259521484
0.0034224987030029297
0.0034275054931640625
0.0033097267150878906
0.003254413604736328
0.0033178329467773438
0.0033783912658691406
0.0032248497009277344
0.003264904022216797
0.003219127655029297
0.0032269954681396484
0.0032029151916503906
0.003367185592651367
0.0031714439392089844
0.0032417774200439453
0.003212451934814453
0.0032286643981933594
0.0033817291259765625
0.0033550262451171875
0.0033004283905029297
0.003412008285522461
0.0033218860626220703
0.0033156871795654297
0.003322124481201172
0.0032689571380615234
0.0032739639282226562
0.00324249267578125
0.0033202171325683594
0.003213167190551758
0.003229379653930664
0.0033402442932128906
0.0034742355346679688
0.0033845901489257812
0.003246784210205078
0.0032265186309814453
0.0033044815063476562
0.003238201141357422
0.0032317638397216797
0.0034911632537841797
0.003301858901977539
0.003325939178466797
0.003271341323852539
0.0033872127532958984
0.003228902816772461
0.003308534622192383
0.0032715797424316406
0.003361940383911133
0.003233194351196289
0.003247976303100586
0.003386974334716797
0.003377199172973633
0.003321409225463867
0.0034027099609375
0.0033283233642578125
0.0033407211303710938
0.0032165050506591797
0.003233194351196289
0.0033071041107177734
0.003230571746826172
0.0033850669860839844
0.003269672393798828
0.0035088062286376953
0.003280162811279297
0.0031893253326416016
0.003225088119506836
0.00322723388671875
0.003347158432006836
0.0032007694244384766
0.0034661293029785156
0.0032088756561279297
0.003345012664794922
0.003228425979614258
0.003341197967529297
0.003344297409057617
0.003342151641845703
0.003258228302001953
0.003350496292114258
0.003331422805786133
0.0032563209533691406
0.0032911300659179688
0.003217458724975586
0.0033617019653320312
0.003205537796020508
0.0033402442932128906
0.0032987594604492188
0.0033686161041259766
0.0033257007598876953
0.003419637680053711
0.0033707618713378906
0.003281116485595703
0.0033380985260009766
0.0033943653106689453
0.0034284591674804688
0.003198385238647461
0.0033521652221679688
0.0033071041107177734
0.0032706260681152344
0.0033195018768310547
0.003532886505126953
0.003431081771850586
0.003308534622192383
0.0034236907958984375
0.0034987926483154297
0.003278493881225586
0.003306865692138672
0.0034008026123046875
0.003306865692138672
0.00330352783203125
0.0032999515533447266
0.003366708755493164
0.0033884048461914062
0.0033409595489501953
0.0033037662506103516
0.003368854522705078
0.0034728050231933594
0.0032913684844970703
0.0033121109008789062
0.0032477378845214844
0.003285646438598633
0.0033376216888427734
0.003444194793701172
0.0032415390014648438
0.003301382064819336
0.003214120864868164
0.0033981800079345703
0.0032303333282470703
0.0032753944396972656
0.0034027099609375
0.0034132003784179688
0.0032193660736083984
0.003411531448364258
0.0034596920013427734
0.003289937973022461
0.003369569778442383
0.003304719924926758
0.0034646987915039062
0.0032732486724853516
0.003340005874633789
0.003451824188232422
0.0034914016723632812
0.0033354759216308594
0.003348112106323242
0.003444671630859375
0.0032799243927001953
0.003288745880126953
0.0032758712768554688
0.0033211708068847656
0.003443002700805664
0.0032715797424316406
0.0033555030822753906
0.0033931732177734375
0.0033066272735595703
0.0032100677490234375
0.003310680389404297
0.0031859874725341797
0.0032563209533691406
0.0033419132232666016
0.0033986568450927734
0.0032112598419189453
0.003292083740234375
0.0032052993774414062
0.0034427642822265625
0.0032186508178710938
0.0033981800079345703
0.0033724308013916016
0.003287076950073242
0.0033528804779052734
0.003222942352294922
0.0034208297729492188
0.0034525394439697266
0.003292560577392578
0.003276824951171875
0.0033826828002929688
0.0032958984375
0.0033750534057617188
0.0032796859741210938
0.0034999847412109375
0.0033431053161621094
0.003439188003540039
0.0032873153686523438
0.003307819366455078
0.0033566951751708984
0.003377199172973633
0.0034563541412353516
0.003261566162109375
0.003481626510620117
0.0033571720123291016
0.0033309459686279297
0.0032274723052978516
0.003306865692138672
0.003382444381713867
0.003368377685546875
0.0033142566680908203
0.0032007694244384766
0.0033652782440185547
0.0031976699829101562
0.003304004669189453
0.0033483505249023438
0.003390789031982422
0.003173828125
0.003332853317260742
0.0033833980560302734
0.003654956817626953
0.0038864612579345703
0.003608226776123047
0.0035479068756103516
0.003397703170776367
0.0033037662506103516
0.003391742706298828
0.003263711929321289
0.0032720565795898438
0.003251314163208008
0.003377199172973633
0.0033702850341796875
0.003384828567504883
0.0032529830932617188
0.0034399032592773438
0.0033540725708007812
0.0032875537872314453
0.0034012794494628906
0.0033636093139648438
0.0032439231872558594
0.003269672393798828
0.0033693313598632812
0.0032868385314941406
0.0032684803009033203
0.0032737255096435547
0.0034470558166503906
0.00330352783203125
0.0034050941467285156
0.003315448760986328
0.003322601318359375
0.0032815933227539062
0.003283977508544922
0.0033273696899414062
0.003359556198120117
0.003375530242919922
0.003194570541381836
0.00321197509765625
0.0033006668090820312
0.003305196762084961
0.0032958984375
0.003336191177368164
0.0033156871795654297
0.0032470226287841797
0.003349781036376953
0.0032978057861328125
0.003247499465942383
0.0032796859741210938
0.0032739639282226562
0.0032906532287597656
0.00335693359375
0.0033135414123535156
0.003302335739135742
0.003258943557739258
0.003334522247314453
0.0033464431762695312
0.0033211708068847656
0.0032415390014648438
0.003252744674682617
0.0033266544342041016
0.003297090530395508
0.0032444000244140625
0.003304719924926758
0.0032842159271240234
0.003495931625366211
0.0032873153686523438
0.0033295154571533203
0.003398418426513672
0.0034863948822021484
0.00342559814453125
0.003307819366455078
0.0035042762756347656
0.003336191177368164
0.0033721923828125
0.0033266544342041016
0.0033936500549316406
0.0033807754516601562
0.0032579898834228516
0.0033485889434814453
0.0032401084899902344
0.0032563209533691406
0.0033462047576904297
0.0033397674560546875
0.003264904022216797
0.0033419132232666016
0.0033113956451416016
0.0032737255096435547
0.003298044204711914
0.0032930374145507812
0.0033440589904785156
0.003497600555419922
0.0033087730407714844
0.003392934799194336
0.003476858139038086
0.0034999847412109375
0.0033195018768310547
0.003309011459350586
0.0034189224243164062
0.0033617019653320312
0.0032858848571777344
0.003544330596923828
0.0033626556396484375
0.0032737255096435547
0.0033986568450927734
0.003438234329223633
0.0032851696014404297
0.003288745880126953
0.0033102035522460938
0.003470897674560547
0.003412008285522461
0.00341796875
0.0034782886505126953
0.003582000732421875
0.0033299922943115234
0.003599882125854492
0.003514528274536133
0.0036001205444335938
0.0036923885345458984
0.0033931732177734375
0.0034482479095458984
0.0035245418548583984
0.003998756408691406
0.003930807113647461
0.00403285026550293
0.0039272308349609375
0.004048585891723633
0.004024982452392578
0.0038788318634033203
0.00398707389831543
0.0036933422088623047
0.0038688182830810547
0.003574848175048828
0.0034952163696289062
0.0034830570220947266
0.003460407257080078
0.003496408462524414
0.0034329891204833984
0.003364086151123047
0.0033843517303466797
0.0034151077270507812
0.0034456253051757812
0.003468751907348633
0.003476381301879883
0.0034546852111816406
0.0034732818603515625
0.003404378890991211
0.0032835006713867188
0.0033867359161376953
0.0034682750701904297
0.003414630889892578
0.003396749496459961
0.003300905227661133
0.003304719924926758
0.003364086151123047
0.0032646656036376953
0.0032203197479248047
0.0033032894134521484
0.0032584667205810547
0.003204345703125
0.0031845569610595703
0.003248929977416992
0.0032279491424560547
0.0030922889709472656
0.0031828880310058594
0.003331422805786133
0.0031850337982177734
0.003085613250732422
0.0031502246856689453
0.003237485885620117
0.003290891647338867
0.0031881332397460938
0.003165006637573242
0.0032033920288085938
0.0032188892364501953
0.0031599998474121094
0.0032660961151123047
0.003314971923828125
0.003076791763305664
0.0031485557556152344
0.0034036636352539062
0.003147602081298828
0.0031859874725341797
0.003125905990600586
0.0032389163970947266
0.0031468868255615234
0.003175020217895508
0.0031938552856445312
0.0032434463500976562
0.0031003952026367188
0.003161191940307617
0.003158092498779297
0.0032160282135009766
0.003197193145751953
0.0031669139862060547
0.0031871795654296875
0.0031943321228027344
0.0032358169555664062
0.0032198429107666016
0.003213167190551758
0.003328084945678711
0.0031614303588867188
0.0031859874725341797
0.0031456947326660156
0.0031881332397460938
0.0031991004943847656
0.003229379653930664
0.003119945526123047
0.0033016204833984375
0.003229856491088867
0.003314971923828125
0.0032007694244384766
0.0032825469970703125
0.0031659603118896484
0.0032553672790527344
0.0032205581665039062
0.003194093704223633
0.0032165050506591797
0.003327608108520508
0.003333568572998047
0.003235340118408203
0.0032050609588623047
0.003195047378540039
0.0031790733337402344
0.0032825469970703125
0.003206491470336914
0.003283977508544922
0.003151416778564453
0.0032842159271240234
0.003252267837524414
0.0033648014068603516
0.003211498260498047
0.0032334327697753906
0.0032312870025634766
0.0033283233642578125
0.0032262802124023438
0.0032367706298828125
0.0032041072845458984
0.003427267074584961
0.003197193145751953
0.0033028125762939453
0.0031561851501464844
0.0032138824462890625
0.003148317337036133
0.0032639503479003906
0.003118276596069336
0.0032083988189697266
0.0032050609588623047
0.0032739639282226562
0.0031337738037109375
0.0032694339752197266
0.0031654834747314453
0.003306865692138672
0.0032262802124023438
0.0032143592834472656
0.0032317638397216797
0.0032618045806884766
0.0032215118408203125
0.003240346908569336
0.003168344497680664
0.0033278465270996094
0.0033118724822998047
0.0032825469970703125
0.0032296180725097656
0.0032939910888671875
0.003293275833129883
0.003200054168701172
0.003283262252807617
0.003267049789428711
0.003292083740234375
0.003509044647216797
0.0031948089599609375
0.003340482711791992
0.0032737255096435547
0.003285646438598633
0.0031850337982177734
0.0034286975860595703
0.0033028125762939453
0.0033614635467529297
0.003265857696533203
0.0033006668090820312
0.0033097267150878906
0.0033032894134521484
0.0034012794494628906
0.003320932388305664
0.0032584667205810547
0.0032982826232910156
0.0033583641052246094
0.0033216476440429688
0.003187417984008789
0.003379344940185547
0.00321197509765625
0.0032339096069335938
0.0031821727752685547
0.003293275833129883
0.003283977508544922
0.00327301025390625
0.003186464309692383
0.0032782554626464844
0.003237009048461914
0.003281831741333008
0.00315093994140625
0.0031943321228027344
0.0031461715698242188
0.0031659603118896484
0.003262758255004883
0.003257274627685547
0.003201723098754883
0.0032236576080322266
0.003222942352294922
0.0031769275665283203
0.003186464309692383
0.0032243728637695312
0.0031557083129882812
0.003186464309692383
0.0031533241271972656
0.003162860870361328
0.0032410621643066406
0.0031774044036865234
0.003156900405883789
0.0032024383544921875
0.0031557083129882812
0.003220081329345703
0.003217935562133789
0.0032739639282226562
0.003157377243041992
0.0032176971435546875
0.0032155513763427734
0.0032706260681152344
0.0033111572265625
0.0033805370330810547
0.0032596588134765625
0.0032548904418945312
0.003381967544555664
0.0033690929412841797
0.003337383270263672
0.003371715545654297
0.003362894058227539
0.0033464431762695312
0.0032455921173095703
0.003324270248413086
0.003392934799194336
0.0033867359161376953
0.0032720565795898438
0.0032939910888671875
0.003314495086669922
0.0033164024353027344
0.003346681594848633
0.0036051273345947266
0.0038394927978515625
0.003651857376098633
0.0035066604614257812
0.003453493118286133
0.003451108932495117
0.003496885299682617
0.0033516883850097656
0.0032608509063720703
0.0033648014068603516
0.003301858901977539
0.003356456756591797
0.003211498260498047
0.0033142566680908203
0.003288745880126953
0.0032372474670410156
0.0031752586364746094
0.0031728744506835938
0.0033044815063476562
0.00324249267578125
0.0032401084899902344
0.0031800270080566406
0.003279447555541992
0.0032241344451904297
0.0031783580780029297
0.003145933151245117
0.003284454345703125
0.0032465457916259766
0.003204822540283203
0.0031838417053222656
0.003282308578491211
0.0032372474670410156
0.0031828880310058594
0.003226041793823242
0.003277301788330078
0.0031867027282714844
0.0031800270080566406
0.003263235092163086
0.003252267837524414
0.0032372474670410156
0.0031735897064208984
0.0034377574920654297
0.003213167190551758
0.0031595230102539062
