0.016866207122802734
0.01666092872619629
0.0165555477142334
0.016434907913208008
0.015887975692749023
0.01573038101196289
0.015623092651367188
0.01568436622619629
0.01563119888305664
0.01574397087097168
0.01577615737915039
0.01578044891357422
0.015862226486206055
0.015585660934448242
0.015817642211914062
0.01587510108947754
0.015955448150634766
0.01577162742614746
0.015313863754272461
0.01596546173095703
0.016018390655517578
0.016330480575561523
0.016994476318359375
0.016388893127441406
0.016459941864013672
0.016115665435791016
0.01636195182800293
0.016144275665283203
0.016631364822387695
0.01626443862915039
0.01599907875061035
0.01587510108947754
0.016364574432373047
0.016229867935180664
0.01644110679626465
0.01692962646484375
0.016568422317504883
0.016480207443237305
0.0162503719329834
0.016431570053100586
0.016332387924194336
0.016953468322753906
0.016128063201904297
0.01617145538330078
0.016421079635620117
0.016376495361328125
0.016925811767578125
0.017847776412963867
0.017760515213012695
0.01790308952331543
0.016943931579589844
0.017073631286621094
0.01800847053527832
0.01777505874633789
0.017594575881958008
0.017180442810058594
0.017565250396728516
0.017321348190307617
0.017524242401123047
0.016808748245239258
0.01692342758178711
0.016927480697631836
0.017836809158325195
0.01869940757751465
0.017751216888427734
0.01704239845275879
0.016798019409179688
0.01679205894470215
0.017157793045043945
0.017314434051513672
0.017672061920166016
0.0177462100982666
0.01803898811340332
0.017104148864746094
0.01654362678527832
0.016510486602783203
0.0160982608795166
0.016176700592041016
0.016065597534179688
0.016149520874023438
0.016196489334106445
0.01605963706970215
0.016119956970214844
0.016171932220458984
0.0159761905670166
0.01616215705871582
0.016011714935302734
0.016224384307861328
0.016334056854248047
0.016716480255126953
0.016625404357910156
0.016453266143798828
0.01651597023010254
0.016150474548339844
0.015986919403076172
0.016468524932861328
0.016443967819213867
0.01668858528137207
0.016653776168823242
0.016501426696777344
0.016024351119995117
0.016016721725463867
0.015913009643554688
0.01575613021850586
0.01600193977355957
0.016400575637817383
0.016460180282592773
0.01592731475830078
0.01610565185546875
0.015973806381225586
0.01632094383239746
0.016272306442260742
0.016214609146118164
0.015910625457763672
0.016062498092651367
0.015799760818481445
0.015984058380126953
0.01660752296447754
0.01707935333251953
0.016900062561035156
0.01638627052307129
0.016126155853271484
0.015968799591064453
0.017587661743164062
0.017615556716918945
0.016891002655029297
0.017452239990234375
0.017319440841674805
0.01675271987915039
0.016513824462890625
0.016516447067260742
0.016649484634399414
0.016958236694335938
0.016976594924926758
0.017869949340820312
0.01812577247619629
0.016942977905273438
0.016316652297973633
0.016681909561157227
0.0167539119720459
0.016457080841064453
0.016705751419067383
0.016940593719482422
0.016638994216918945
0.01609015464782715
0.01580190658569336
0.016037702560424805
0.015788793563842773
0.016256093978881836
0.016036272048950195
0.016170978546142578
0.015913009643554688
0.015946626663208008
0.016050100326538086
0.016651153564453125
0.016094446182250977
0.0163114070892334
0.015791893005371094
0.016532421112060547
0.017444849014282227
0.017282724380493164
0.0168304443359375
0.01687335968017578
0.0164029598236084
0.016534090042114258
0.016600370407104492
0.015927553176879883
0.015702009201049805
0.015315055847167969
0.015161991119384766
0.015784263610839844
0.015898466110229492
0.015614509582519531
0.015480518341064453
0.015577316284179688
0.015412569046020508
0.015110969543457031
0.015318155288696289
0.015377044677734375
0.016265869140625
0.015706300735473633
0.015833377838134766
0.0158841609954834
0.015761852264404297
0.015470266342163086
0.015549659729003906
0.01585531234741211
0.01590108871459961
0.01541757583618164
0.015351057052612305
0.016156911849975586
0.016630172729492188
0.016592025756835938
0.016271352767944336
0.01588582992553711
0.015873432159423828
0.016144275665283203
0.017259597778320312
0.01692795753479004
0.01686692237854004
0.016208887100219727
0.01602625846862793
0.01594257354736328
0.015881776809692383
0.01587653160095215
0.016226530075073242
0.017004728317260742
0.016788959503173828
0.016239643096923828
0.0159761905670166
0.015116453170776367
0.014866113662719727
0.015124797821044922
0.01468205451965332
0.01530766487121582
0.01569533348083496
0.016294240951538086
0.016336679458618164
0.016014814376831055
0.015589237213134766
0.015436887741088867
0.014939308166503906
0.015306472778320312
0.015103816986083984
0.015045404434204102
0.014943122863769531
0.014704465866088867
0.015069723129272461
0.01608729362487793
0.01588296890258789
0.015215873718261719
0.01534891128540039
0.01582622528076172
0.017035722732543945
0.016936302185058594
0.015323162078857422
0.014957666397094727
0.015081405639648438
0.01571059226989746
0.014842033386230469
0.015218496322631836
0.015437841415405273
0.014712333679199219
0.014786005020141602
0.015162944793701172
0.015075922012329102
0.01526331901550293
0.015901565551757812
0.015470027923583984
0.015278339385986328
0.015455007553100586
0.015081167221069336
0.014920234680175781
0.015330791473388672
0.01523280143737793
0.015391349792480469
0.015302658081054688
0.015601158142089844
0.014856576919555664
0.01566338539123535
0.015471458435058594
0.015642404556274414
0.014846086502075195
0.014831066131591797
0.015233278274536133
0.015890836715698242
0.015715360641479492
0.015834569931030273
0.01582193374633789
0.015757083892822266
0.016141176223754883
0.015291690826416016
0.015782594680786133
0.015579938888549805
0.015753507614135742
0.01636815071105957
0.016039371490478516
0.015455484390258789
0.015633821487426758
0.01570892333984375
0.015939950942993164
0.01667189598083496
0.017332792282104492
0.016350269317626953
0.01610398292541504
0.016138315200805664
0.01598954200744629
0.015758991241455078
0.01609945297241211
0.016214370727539062
0.015822172164916992
0.015848398208618164
0.016695737838745117
0.015542030334472656
0.015188932418823242
0.015420913696289062
0.01522684097290039
0.015488624572753906
0.016349077224731445
0.016059160232543945
0.01585555076599121
0.01594090461730957
0.015376091003417969
0.015647411346435547
0.01589059829711914
0.015746355056762695
0.015716075897216797
0.015781402587890625
0.015480995178222656
0.015704870223999023
0.015452384948730469
0.015601634979248047
0.015596389770507812
0.015525579452514648
0.01568436622619629
0.015451908111572266
0.015538930892944336
0.015359163284301758
0.015556097030639648
0.015604257583618164
0.015760183334350586
0.015642881393432617
0.015492677688598633
0.015329837799072266
0.01573467254638672
0.015868425369262695
0.01582932472229004
0.015590667724609375
0.015755176544189453
0.015426874160766602
0.015722990036010742
0.015398263931274414
0.015286684036254883
0.015623092651367188
0.015015363693237305
0.015027999877929688
0.015155553817749023
0.015164852142333984
0.015401840209960938
0.01534271240234375
0.016010284423828125
0.01636481285095215
0.016705751419067383
0.016080856323242188
0.015415191650390625
0.015534400939941406
0.016362905502319336
0.017029523849487305
0.01681995391845703
0.017585277557373047
0.019622087478637695
0.017826557159423828
0.016029834747314453
0.0163571834564209
0.016333818435668945
0.016907453536987305
0.01694178581237793
0.01723933219909668
0.016808271408081055
0.016071796417236328
0.016064167022705078
0.016031742095947266
0.015909671783447266
0.01566767692565918
0.016027450561523438
0.01640915870666504
0.01617431640625
0.016209125518798828
0.016028881072998047
0.015764474868774414
0.01589488983154297
0.016087770462036133
0.016329526901245117
0.015961170196533203
0.015639305114746094
0.015806198120117188
0.016188859939575195
0.015615701675415039
0.015595436096191406
0.015553951263427734
0.01540684700012207
0.015418529510498047
0.01543116569519043
0.015017032623291016
0.015272855758666992
0.015162944793701172
0.01567840576171875
0.015533924102783203
0.015574455261230469
0.015579938888549805
0.015729904174804688
0.01600027084350586
0.018818140029907227
0.019676923751831055
0.019392728805541992
0.0211484432220459
0.02024245262145996
0.019452810287475586
0.019520998001098633
0.021631479263305664
0.020100116729736328
0.019365787506103516
0.019017934799194336
0.018758296966552734
0.019074201583862305
0.01874709129333496
0.018906831741333008
0.019012451171875
0.019284486770629883
0.01975536346435547
0.019271373748779297
0.01927328109741211
0.0195920467376709
0.01944565773010254
0.019410371780395508
0.019506216049194336
0.019731998443603516
0.019690275192260742
0.02063441276550293
0.020011186599731445
0.0191957950592041
0.019558429718017578
0.019162654876708984
0.019634246826171875
0.0191953182220459
0.01861882209777832
0.01784229278564453
0.018531084060668945
0.018351078033447266
0.018370866775512695
0.01881241798400879
0.018339872360229492
0.01862621307373047
0.018934011459350586
0.018320322036743164
0.018822193145751953
0.01858663558959961
0.01787567138671875
0.018285751342773438
0.018067598342895508
0.01821446418762207
0.018596887588500977
0.018027782440185547
0.01857304573059082
0.01827526092529297
0.018468618392944336
0.0183560848236084
0.018117427825927734
0.01895451545715332
0.01892709732055664
0.019123315811157227
0.0191957950592041
0.018961191177368164
0.01858830451965332
0.0185244083404541
0.01827239990234375
0.017817020416259766
0.018301963806152344
0.01836848258972168
0.01844501495361328
0.018160104751586914
0.0184786319732666
0.018001317977905273
0.017982006072998047
0.017508268356323242
0.0159914493560791
0.01581430435180664
0.015657901763916016
0.015610694885253906
0.015531778335571289
0.015457391738891602
0.015613555908203125
0.015654325485229492
0.015344858169555664
0.015463829040527344
0.016153573989868164
0.01587986946105957
0.016077756881713867
0.015785932540893555
0.015582084655761719
0.015479564666748047
0.015882253646850586
0.016180992126464844
0.016490697860717773
0.016566991806030273
0.016277074813842773
0.01584005355834961
0.01561737060546875
0.015010356903076172
0.015399456024169922
0.01648998260498047
0.01695537567138672
0.01655745506286621
0.015893936157226562
0.015509843826293945
0.015684843063354492
0.016188859939575195
0.016336441040039062
0.01614069938659668
0.01639580726623535
0.016196489334106445
0.01558232307434082
0.015845298767089844
0.015675783157348633
0.015596389770507812
0.01564192771911621
0.01540231704711914
0.014780521392822266
0.014915704727172852
0.014831304550170898
0.014796733856201172
0.014620542526245117
0.015459537506103516
0.015416622161865234
0.014890670776367188
0.015541791915893555
0.015596151351928711
0.015576601028442383
0.015726327896118164
0.015605688095092773
0.015119791030883789
0.015447616577148438
0.015253543853759766
0.014882802963256836
0.015657663345336914
0.01580667495727539
0.015802860260009766
0.015673398971557617
0.015821218490600586
0.015833616256713867
0.01573038101196289
0.0156857967376709
0.015680551528930664
0.015688180923461914
0.015819787979125977
0.0157930850982666
0.015646934509277344
0.01517176628112793
0.015347957611083984
0.014876127243041992
0.015179157257080078
0.015464544296264648
0.015528202056884766
0.015787124633789062
0.015818119049072266
0.015710830688476562
0.01574563980102539
0.015860795974731445
0.015738487243652344
0.015613555908203125
0.016606569290161133
0.016964197158813477
0.01685309410095215
0.016425371170043945
0.015946626663208008
0.01543736457824707
0.016353368759155273
0.016543865203857422
0.016248703002929688
0.016542911529541016
0.016726255416870117
0.016299009323120117
0.015990495681762695
0.01613903045654297
0.016165494918823242
0.016653776168823242
0.016762256622314453
0.016523361206054688
0.016143798828125
0.016278982162475586
0.015952110290527344
0.015824556350708008
0.015836238861083984
0.01590108871459961
0.016157865524291992
0.016233444213867188
0.015900850296020508
0.015337467193603516
0.015236854553222656
0.015462636947631836
0.015365839004516602
0.01571202278137207
0.015594005584716797
0.015151739120483398
0.015375852584838867
0.015597820281982422
0.01554417610168457
0.015401363372802734
0.015275716781616211
0.015472888946533203
0.015606880187988281
0.015923500061035156
0.016357421875
0.01603221893310547
0.015868186950683594
0.015475988388061523
0.015609979629516602
0.015367507934570312
0.01516580581665039
0.01506352424621582
0.015441179275512695
0.01646876335144043
0.016030550003051758
0.01626110076904297
0.015619277954101562
0.015314102172851562
0.01533198356628418
0.015231847763061523
0.014726400375366211
0.015249967575073242
0.015177726745605469
0.015372276306152344
0.014960050582885742
0.015550374984741211
0.015621423721313477
0.015268802642822266
0.01532745361328125
0.015091180801391602
0.015001058578491211
0.015347957611083984
0.015146493911743164
0.01502084732055664
0.015060901641845703
0.015231847763061523
0.015521049499511719
0.015088081359863281
0.014979839324951172
0.015627622604370117
0.015607833862304688
0.01562786102294922
0.01548624038696289
0.015470266342163086
0.015591621398925781
0.015514135360717773
0.01589655876159668
0.01598334312438965
0.015566825866699219
0.015262603759765625
0.015275716781616211
0.01567673683166504
0.015830516815185547
0.015853166580200195
0.01562976837158203
0.015551567077636719
0.015578269958496094
0.015569686889648438
0.015493631362915039
0.01536703109741211
0.015505075454711914
0.015345096588134766
0.015099048614501953
0.015004873275756836
0.014966249465942383
0.015086174011230469
0.015063285827636719
0.015355348587036133
0.015415191650390625
0.015410661697387695
0.015219449996948242
0.015507698059082031
0.015205860137939453
0.015238761901855469
0.01573777198791504
0.015475749969482422
0.01568126678466797
0.015591144561767578
0.015491008758544922
0.015240192413330078
0.015557050704956055
0.016638755798339844
0.016367197036743164
0.0162050724029541
0.016111135482788086
0.015897750854492188
0.01593780517578125
0.015877723693847656
0.015890836715698242
0.015885591506958008
0.01588606834411621
0.015869140625
0.015781879425048828
0.015620231628417969
0.015663862228393555
0.015784740447998047
0.015700817108154297
0.015523195266723633
0.015486478805541992
0.015771150588989258
0.01583123207092285
0.015619277954101562
0.01568913459777832
0.015482425689697266
0.015880823135375977
0.0157773494720459
0.015778779983520508
0.015834808349609375
0.0157926082611084
0.01565694808959961
0.015463590621948242
0.015624761581420898
0.015774965286254883
0.01578545570373535
0.015900135040283203
0.01593303680419922
0.015685081481933594
0.015769481658935547
0.01571941375732422
0.01569819450378418
0.01590895652770996
0.015859127044677734
0.0158998966217041
0.01615166664123535
0.01627802848815918
0.016026020050048828
0.0158693790435791
0.016022682189941406
0.016056537628173828
0.015715599060058594
0.01602029800415039
0.016559123992919922
0.01587986946105957
0.015743017196655273
0.016241073608398438
0.016269922256469727
0.016092538833618164
0.016091585159301758
0.015881776809692383
0.015694618225097656
0.015585899353027344
0.015404462814331055
0.015573501586914062
0.015588521957397461
0.01546168327331543
0.015429258346557617
0.015094518661499023
0.015524864196777344
0.015562772750854492
0.01593637466430664
0.01564502716064453
0.015614986419677734
0.015790700912475586
0.01567983627319336
0.015709877014160156
0.015691280364990234
0.015580415725708008
0.015635967254638672
0.015665054321289062
0.01545405387878418
0.01573348045349121
0.01570415496826172
0.01574420928955078
0.015655994415283203
0.01551961898803711
0.02362537384033203
0.028101444244384766
0.027934789657592773
0.028055906295776367
0.027890682220458984
0.028041601181030273
0.027952909469604492
0.027996063232421875
0.02794194221496582
0.027864456176757812
0.027991771697998047
0.027910947799682617
0.027925491333007812
0.0279843807220459
0.028033971786499023
0.028133153915405273
0.02798628807067871
0.028046846389770508
0.027979135513305664
0.028001070022583008
0.027942895889282227
0.02805352210998535
0.027988672256469727
0.027928590774536133
0.02791738510131836
0.028195619583129883
0.027862071990966797
0.0279543399810791
0.027849435806274414
0.02798295021057129
0.028110742568969727
0.028050899505615234
0.02797412872314453
0.028051376342773438
0.028021812438964844
0.027926206588745117
0.027948617935180664
0.02819657325744629
0.02791428565979004
0.02819514274597168
0.02797698974609375
0.028769493103027344
0.027960538864135742
0.027972936630249023
0.028618335723876953
0.02789020538330078
0.028004169464111328
0.027953386306762695
0.02804279327392578
0.027968406677246094
0.028104543685913086
0.028001070022583008
0.028092384338378906
0.027945756912231445
0.027993440628051758
0.028039216995239258
0.02820754051208496
0.028078079223632812
0.028118610382080078
0.028496265411376953
0.028143644332885742
0.028168678283691406
0.02816629409790039
0.028898954391479492
0.028233766555786133
0.028165817260742188
0.02832484245300293
0.028385639190673828
0.02828693389892578
0.028227567672729492
0.028472900390625
0.028352975845336914
0.028226613998413086
0.029131650924682617
0.028467893600463867
0.028244495391845703
0.02817535400390625
0.028269290924072266
0.028871774673461914
0.028387784957885742
0.028247833251953125
0.028291940689086914
0.02829885482788086
0.0283050537109375
0.028270483016967773
0.028251171112060547
0.02820754051208496
0.02821207046508789
0.0284726619720459
0.02822113037109375
0.02819371223449707
0.02811121940612793
0.02819037437438965
0.02820110321044922
0.028238534927368164
0.028102874755859375
0.028293609619140625
0.02829122543334961
0.028127670288085938
0.028107166290283203
0.028188705444335938
0.028325319290161133
0.028270959854125977
0.02810382843017578
0.028084993362426758
0.028029203414916992
0.028279781341552734
0.028258085250854492
0.028470277786254883
0.02823352813720703
0.02820587158203125
0.028112411499023438
0.028194189071655273
0.028108835220336914
0.028213024139404297
0.028312206268310547
0.028307437896728516
0.02821516990661621
0.028528451919555664
0.02815556526184082
0.028729915618896484
0.027956247329711914
0.02799224853515625
0.028110742568969727
0.028255701065063477
0.028378963470458984
0.028445005416870117
0.028364181518554688
0.028190135955810547
0.028203487396240234
0.02818894386291504
0.028079986572265625
0.028115272521972656
0.028087139129638672
0.02813577651977539
0.027933597564697266
0.028214454650878906
0.02808547019958496
0.028073787689208984
0.02809619903564453
0.0280458927154541
0.028145790100097656
0.028033733367919922
0.028150320053100586
0.02818894386291504
0.0281217098236084
0.028146028518676758
0.02801227569580078
0.028263092041015625
0.028113126754760742
0.028271913528442383
0.02812051773071289
0.02809762954711914
0.028075218200683594
0.028119802474975586
0.02889561653137207
0.02833867073059082
0.028110980987548828
0.027976512908935547
0.02822399139404297
0.028115272521972656
0.028117895126342773
0.028100252151489258
0.029059171676635742
0.028326034545898438
0.028084993362426758
0.028157472610473633
0.02827000617980957
0.02812671661376953
0.02814793586730957
0.02809929847717285
0.028221845626831055
0.028205156326293945
0.02814936637878418
0.028071165084838867
0.028124332427978516
0.028116226196289062
0.028740406036376953
0.02838611602783203
0.02923417091369629
0.028002500534057617
0.02810811996459961
0.028284311294555664
0.028143882751464844
0.028045654296875
0.028235673904418945
0.028038740158081055
0.02802300453186035
0.027987957000732422
0.02797985076904297
0.027952194213867188
0.028020858764648438
0.027963638305664062
0.027962923049926758
0.027947187423706055
0.027887344360351562
0.027898073196411133
0.027953147888183594
0.027983427047729492
0.027998685836791992
0.02815842628479004
0.02811145782470703
0.028147459030151367
0.028290987014770508
0.028065919876098633
0.028077363967895508
0.027974605560302734
0.02797102928161621
0.028025150299072266
0.027942419052124023
0.027981281280517578
0.027983665466308594
0.027899980545043945
0.027971744537353516
0.027969837188720703
0.02813267707824707
0.027962684631347656
0.027997970581054688
0.027973413467407227
0.027954816818237305
0.028348445892333984
0.0284121036529541
0.028115272521972656
0.028197765350341797
0.02825927734375
0.028299570083618164
0.028072357177734375
0.028470516204833984
0.028192996978759766
0.02835559844970703
0.028180360794067383
0.028344392776489258
0.028167724609375
0.02791738510131836
0.027965545654296875
0.02806687355041504
0.028186321258544922
0.028187274932861328
0.02822279930114746
0.02821969985961914
0.02808976173400879
0.028301239013671875
0.028034448623657227
0.028104543685913086
0.028112173080444336
0.028186559677124023
0.028113603591918945
