0.010030031204223633
0.009094715118408203
0.008971929550170898
0.008676290512084961
0.009091854095458984
0.008802652359008789
0.008764505386352539
0.008677482604980469
0.008573055267333984
0.008725881576538086
0.008726835250854492
0.009010553359985352
0.00862431526184082
0.008762598037719727
0.008634090423583984
0.008783102035522461
0.008588075637817383
0.008542060852050781
0.008564949035644531
0.008580207824707031
0.008574724197387695
0.008569955825805664
0.008653640747070312
0.008436203002929688
0.008555889129638672
0.008687734603881836
0.00855708122253418
0.008557558059692383
0.008377552032470703
0.008444547653198242
0.008497953414916992
0.00846099853515625
0.008470296859741211
0.008586645126342773
0.008513927459716797
0.00858449935913086
0.008469820022583008
0.008619070053100586
0.008749961853027344
0.008610725402832031
0.008602619171142578
0.008790016174316406
0.008691072463989258
0.008847236633300781
0.00878286361694336
0.00890660285949707
0.008764266967773438
0.008716583251953125
0.008986473083496094
0.008781909942626953
0.00882577896118164
0.008785009384155273
0.008684635162353516
0.008593320846557617
0.00856924057006836
0.008593082427978516
0.008630752563476562
0.008575201034545898
0.008827686309814453
0.008646965026855469
0.008587121963500977
0.008878231048583984
0.008507966995239258
0.008382797241210938
0.008542299270629883
0.008711099624633789
0.008703470230102539
0.008852481842041016
0.008894920349121094
0.008625030517578125
0.008504629135131836
0.008700847625732422
0.008938074111938477
0.008758306503295898
0.008537530899047852
0.008745193481445312
0.008680582046508789
0.008809566497802734
0.008720159530639648
0.008803844451904297
0.008587360382080078
0.008758068084716797
0.008911609649658203
0.008777618408203125
0.008725404739379883
0.008788585662841797
0.008668899536132812
0.008799314498901367
0.008911371231079102
0.008664369583129883
0.008821487426757812
0.008861303329467773
0.00898289680480957
0.008641242980957031
0.008821249008178711
0.00898289680480957
0.008703947067260742
0.00862431526184082
0.008675098419189453
0.008637428283691406
0.008738994598388672
0.008851289749145508
0.00870060920715332
0.008876562118530273
0.008974075317382812
0.008764982223510742
0.008646965026855469
0.008767843246459961
0.008689403533935547
0.008612632751464844
0.008602619171142578
0.008818626403808594
0.008717775344848633
0.0088348388671875
0.008625984191894531
0.008514642715454102
0.008513927459716797
0.008725166320800781
0.009078502655029297
0.008997440338134766
0.009000301361083984
0.008874177932739258
0.008579492568969727
0.00852346420288086
0.008692026138305664
0.008814096450805664
0.00884556770324707
0.009126663208007812
0.008844852447509766
0.008774518966674805
0.008679628372192383
0.008817195892333984
0.008728504180908203
0.008678197860717773
0.008582115173339844
0.008762121200561523
0.008749723434448242
0.008751153945922852
0.00870656967163086
0.008713960647583008
0.009257316589355469
0.008687257766723633
0.00873708724975586
0.008813142776489258
0.008732795715332031
0.008502721786499023
0.008549690246582031
0.00892019271850586
0.008571863174438477
0.008533000946044922
0.0084686279296875
0.00868844985961914
0.008611202239990234
0.008606672286987305
0.008776187896728516
0.009080886840820312
0.008915901184082031
0.009069204330444336
0.008944034576416016
0.008738040924072266
0.00873708724975586
0.008829832077026367
0.008791208267211914
0.00887441635131836
0.008800983428955078
0.008792638778686523
0.008591175079345703
0.008936643600463867
0.008739471435546875
0.008879661560058594
0.008592844009399414
0.008587121963500977
0.008546829223632812
0.008587837219238281
0.008864164352416992
0.008445024490356445
0.008869409561157227
0.008733510971069336
0.00882577896118164
0.008968830108642578
0.008844375610351562
0.00922083854675293
0.009037971496582031
0.008836746215820312
0.008963823318481445
0.009336471557617188
0.008755922317504883
0.009075403213500977
0.00882863998413086
0.008994817733764648
0.008937835693359375
0.008836030960083008
0.00902557373046875
0.00900411605834961
0.009043455123901367
0.009059667587280273
0.009356260299682617
0.009114742279052734
0.009185314178466797
0.009015083312988281
0.008850336074829102
0.008831024169921875
0.008806467056274414
0.009174823760986328
0.00880289077758789
0.008933305740356445
0.008928060531616211
0.009124040603637695
0.00895380973815918
0.008928537368774414
0.008894205093383789
0.00871133804321289
0.008678436279296875
0.008909225463867188
0.008931398391723633
0.008996725082397461
0.009119272232055664
0.009032964706420898
0.008887052536010742
0.009098052978515625
0.00871133804321289
0.008796215057373047
0.009018659591674805
0.00896763801574707
0.00875711441040039
0.008781671524047852
0.010100364685058594
0.010029077529907227
0.009981870651245117
0.00980067253112793
0.009490966796875
0.009055852890014648
0.008921623229980469
0.009213447570800781
0.009322166442871094
0.009290933609008789
0.009127378463745117
0.009066581726074219
0.009078264236450195
0.008931159973144531
0.009029626846313477
0.008818387985229492
0.008950471878051758
0.008871078491210938
0.00890970230102539
0.008902311325073242
0.00899958610534668
0.008764505386352539
0.008819818496704102
0.008946418762207031
0.008969545364379883
0.009032249450683594
0.0086669921875
0.008661985397338867
0.008637666702270508
0.008581399917602539
0.008466005325317383
0.008537769317626953
0.008786678314208984
0.008410453796386719
0.008348941802978516
0.008600950241088867
0.008585929870605469
0.008500337600708008
0.00848698616027832
0.008613109588623047
0.008642196655273438
0.008814573287963867
0.008583784103393555
0.008788108825683594
0.008636236190795898
0.008681535720825195
0.008745431900024414
0.008689165115356445
0.00882863998413086
0.008549928665161133
0.008787393569946289
0.009006977081298828
0.008566141128540039
0.008673667907714844
0.008635520935058594
0.00851893424987793
0.00850987434387207
0.008513927459716797
0.008493900299072266
0.008758068084716797
0.008544445037841797
0.00831151008605957
0.008506298065185547
0.00854182243347168
0.008702754974365234
0.008736133575439453
0.008681774139404297
0.008716344833374023
0.008871793746948242
0.008731365203857422
0.008791923522949219
0.008836507797241211
0.008615970611572266
0.008561372756958008
0.008688926696777344
0.008631467819213867
0.008560657501220703
0.008475780487060547
0.008651256561279297
0.0084991455078125
0.00861501693725586
0.008700370788574219
0.008717536926269531
0.008640050888061523
0.008582592010498047
0.008500099182128906
0.008439302444458008
0.008699417114257812
0.008585929870605469
0.008657455444335938
0.008668899536132812
0.008688688278198242
0.008595466613769531
0.008561849594116211
0.008888959884643555
0.008613109588623047
0.008550405502319336
0.008517265319824219
0.008388996124267578
0.008632421493530273
0.008475065231323242
0.008494138717651367
0.008374691009521484
0.008422136306762695
0.00858306884765625
0.008597850799560547
0.008718490600585938
0.008518457412719727
0.008339643478393555
0.008662700653076172
0.00843191146850586
0.00858926773071289
0.008498191833496094
0.008538246154785156
0.008545637130737305
0.008585691452026367
0.008781909942626953
0.009258747100830078
0.008840322494506836
0.009001731872558594
0.00926065444946289
0.008971452713012695
0.009109973907470703
0.009227752685546875
0.008940458297729492
0.008832931518554688
0.009065628051757812
0.008701324462890625
0.008961677551269531
0.008532285690307617
0.008567333221435547
0.008824825286865234
0.009132623672485352
0.00960230827331543
0.009362936019897461
0.010211944580078125
0.010783910751342773
0.010637760162353516
0.010603189468383789
0.009349584579467773
0.008861303329467773
0.009215831756591797
0.008923053741455078
0.009157896041870117
0.00884866714477539
0.008806943893432617
0.008882284164428711
0.00904393196105957
0.009172677993774414
0.00888967514038086
0.008382081985473633
0.008575916290283203
0.008786439895629883
0.008669853210449219
0.008534908294677734
0.008600473403930664
0.00854802131652832
0.008546113967895508
0.008601665496826172
0.008403539657592773
0.008523941040039062
0.00868082046508789
0.008487939834594727
0.008472681045532227
0.008192300796508789
0.008540630340576172
0.008266925811767578
0.008182764053344727
0.008429527282714844
0.007985115051269531
0.008206605911254883
0.008278131484985352
0.008155584335327148
0.008398056030273438
0.008153676986694336
0.007905721664428711
0.008577823638916016
0.008428812026977539
0.008207321166992188
0.008368968963623047
0.008556127548217773
0.008344888687133789
0.008291959762573242
0.008347034454345703
0.008378744125366211
0.008366823196411133
0.008391857147216797
0.008453130722045898
0.00849151611328125
0.008408546447753906
0.00824594497680664
0.008252859115600586
0.008300065994262695
0.00814962387084961
0.008571863174438477
0.008312463760375977
0.008623123168945312
0.008660078048706055
0.008666276931762695
0.008388996124267578
0.008522272109985352
0.00856781005859375
0.008253812789916992
0.008530855178833008
0.00850820541381836
0.008386611938476562
0.008581876754760742
0.008360862731933594
0.008495569229125977
0.008484601974487305
0.008269071578979492
0.008495092391967773
0.00803828239440918
0.00812983512878418
0.007919549942016602
0.008533954620361328
0.00877070426940918
0.008627176284790039
0.008789777755737305
0.0087127685546875
0.009461641311645508
0.009419441223144531
0.008917570114135742
0.008891582489013672
0.008752822875976562
0.008697986602783203
0.008626222610473633
0.008523941040039062
0.009671449661254883
0.009204387664794922
0.00906991958618164
0.009009361267089844
0.008791446685791016
0.008741140365600586
0.008715391159057617
0.008697748184204102
0.008794069290161133
0.008860588073730469
0.00859212875366211
0.008685111999511719
0.009003877639770508
0.008548259735107422
0.008956670761108398
0.008621931076049805
0.008394718170166016
0.008646011352539062
0.008831977844238281
0.008877277374267578
0.008794546127319336
0.008650779724121094
0.008431434631347656
0.008649587631225586
0.008628368377685547
0.008747100830078125
0.008413314819335938
0.008529901504516602
0.008567571640014648
0.008456230163574219
0.00861215591430664
0.008518457412719727
0.008596181869506836
0.008534669876098633
0.008603811264038086
0.008504867553710938
0.008695840835571289
0.00889277458190918
0.008493185043334961
0.008540868759155273
0.00863790512084961
0.008716344833374023
0.008521795272827148
0.008416414260864258
0.008696317672729492
0.008563995361328125
0.008584260940551758
0.008525848388671875
0.008869171142578125
0.008785247802734375
0.008646249771118164
0.009299039840698242
0.008920431137084961
0.008806943893432617
0.008642435073852539
0.008825302124023438
0.008718013763427734
0.00861501693725586
0.008734464645385742
0.008589744567871094
0.008791685104370117
0.008613824844360352
0.008555173873901367
0.008794784545898438
0.008666753768920898
0.008522272109985352
0.008839130401611328
0.008594989776611328
0.008536577224731445
0.008658647537231445
0.008437156677246094
0.00861215591430664
0.008510589599609375
0.008433103561401367
0.008540153503417969
0.008509397506713867
0.008794784545898438
0.008479118347167969
0.008466005325317383
0.008496761322021484
0.008240938186645508
0.008508682250976562
0.008439779281616211
0.008854866027832031
0.008238077163696289
0.008414030075073242
0.008583784103393555
0.008412599563598633
0.008489131927490234
0.008468151092529297
0.008601665496826172
0.00865483283996582
0.008457422256469727
0.008326053619384766
0.008618831634521484
0.008536338806152344
0.008437871932983398
0.008449554443359375
0.008342266082763672
0.008289337158203125
0.00842738151550293
0.008420228958129883
0.008033037185668945
0.008226156234741211
0.008212566375732422
0.008133888244628906
0.008586406707763672
0.008673667907714844
0.008148193359375
0.008293867111206055
0.008095502853393555
0.008316993713378906
0.008466482162475586
0.008525609970092773
0.008465766906738281
0.008617162704467773
0.008446216583251953
0.008446455001831055
0.008797645568847656
0.008503913879394531
0.00831151008605957
0.008406639099121094
0.008173704147338867
0.00835275650024414
0.008347272872924805
0.008589506149291992
0.008341312408447266
0.008518457412719727
0.008395910263061523
0.008344888687133789
0.008754968643188477
0.008171796798706055
0.00798487663269043
0.008288860321044922
0.008399724960327148
0.00839996337890625
0.008405447006225586
0.008553266525268555
0.008374214172363281
0.00856328010559082
0.008580684661865234
0.008687734603881836
0.008614778518676758
0.008542776107788086
0.008538007736206055
0.00862431526184082
0.008441925048828125
0.008268594741821289
0.00830531120300293
0.008199691772460938
0.008001565933227539
0.008114337921142578
0.008336305618286133
0.008518218994140625
0.008410215377807617
0.00838327407836914
0.008606433868408203
0.008541345596313477
0.008595705032348633
0.008515119552612305
0.008736610412597656
0.008768558502197266
0.008583784103393555
0.008666038513183594
0.008650779724121094
0.008829355239868164
0.008432865142822266
0.008502960205078125
0.008353233337402344
0.008460760116577148
0.008405923843383789
0.008506059646606445
0.008504152297973633
0.008533477783203125
0.008651971817016602
0.008449316024780273
0.008557796478271484
0.008497238159179688
0.008248090744018555
0.00842428207397461
0.008476972579956055
0.008453130722045898
0.008483171463012695
0.008745670318603516
0.008663654327392578
0.008581399917602539
0.008551836013793945
0.00860452651977539
0.008993148803710938
0.008824825286865234
0.008797407150268555
0.008942842483520508
0.008884191513061523
0.00898599624633789
0.008709907531738281
0.008934497833251953
0.008846044540405273
0.00901651382446289
0.008833885192871094
0.009091854095458984
0.008902549743652344
0.008568525314331055
0.008902788162231445
0.008960247039794922
0.008806943893432617
0.00871729850769043
0.008845090866088867
0.008802652359008789
0.00849461555480957
0.008687973022460938
0.008708953857421875
0.008314371109008789
0.00845646858215332
0.008522510528564453
0.008333206176757812
0.008402347564697266
0.008421659469604492
0.00836181640625
0.008148431777954102
0.008469820022583008
0.008311986923217773
0.008471488952636719
0.008549928665161133
0.008469581604003906
0.008352279663085938
0.008448362350463867
0.008318185806274414
0.008524656295776367
0.008617162704467773
0.008416891098022461
0.008464574813842773
0.008863449096679688
0.009396791458129883
0.009234905242919922
0.008964300155639648
0.008690357208251953
0.008593320846557617
0.008648872375488281
0.008864879608154297
0.008628129959106445
0.008881330490112305
0.00896000862121582
0.008914709091186523
0.009023427963256836
0.008828878402709961
0.00886082649230957
0.008575916290283203
0.008617162704467773
0.00861811637878418
0.008628368377685547
0.008881807327270508
0.008643627166748047
0.008825063705444336
0.008562088012695312
0.008922576904296875
0.008629798889160156
0.008563995361328125
0.008691549301147461
0.008554697036743164
0.008594036102294922
0.008579254150390625
0.008504152297973633
0.008386373519897461
0.008664608001708984
0.008490562438964844
0.008414030075073242
0.008211135864257812
0.008576631546020508
0.008558511734008789
0.008416414260864258
0.008533239364624023
0.008533239364624023
0.00854349136352539
0.008567094802856445
0.008472442626953125
0.00855255126953125
0.00854802131652832
0.008546829223632812
0.008508443832397461
0.008548974990844727
0.008560895919799805
0.008489131927490234
0.008377790451049805
0.00832366943359375
0.008495330810546875
0.008388280868530273
0.00836944580078125
0.008445262908935547
0.00837254524230957
0.008456945419311523
0.008404254913330078
0.008477926254272461
0.008482694625854492
0.008411407470703125
0.008380413055419922
0.008533716201782227
0.008509635925292969
0.008550882339477539
0.008806943893432617
0.008527755737304688
0.008426427841186523
0.008301496505737305
0.008183002471923828
0.008568763732910156
0.008615255355834961
0.008452415466308594
0.008479118347167969
0.008669376373291016
0.008495092391967773
0.008488893508911133
0.008751869201660156
0.00861048698425293
0.008460044860839844
0.00852823257446289
0.008652448654174805
0.008579492568969727
0.008696317672729492
0.008577585220336914
0.008752822875976562
0.008536577224731445
0.008472919464111328
0.008814573287963867
0.008666276931762695
0.0088043212890625
0.008599519729614258
0.00854802131652832
0.008695840835571289
0.008590459823608398
0.008385896682739258
0.008277654647827148
0.008192300796508789
0.008090019226074219
0.008226156234741211
0.00815892219543457
0.008361577987670898
0.008484363555908203
0.008405447006225586
0.008295774459838867
0.00856924057006836
0.008260488510131836
0.008559226989746094
0.008289098739624023
0.008182048797607422
0.008203744888305664
0.008297204971313477
0.008531570434570312
0.008165597915649414
0.008449554443359375
0.008150100708007812
0.008833646774291992
0.009014368057250977
0.008481264114379883
0.008578777313232422
0.008620262145996094
0.008536815643310547
0.008426666259765625
0.008601903915405273
0.008456707000732422
0.008498430252075195
0.008656978607177734
0.008547782897949219
0.008504867553710938
0.008450031280517578
0.008254528045654297
0.008085966110229492
0.00853109359741211
0.008605003356933594
0.008275270462036133
0.00841069221496582
0.008877754211425781
0.008939027786254883
0.008854389190673828
0.008928060531616211
0.00877523422241211
0.008553743362426758
0.008455514907836914
0.008621931076049805
0.008402824401855469
0.008463859558105469
0.00856637954711914
0.008425235748291016
0.008390665054321289
0.008437395095825195
0.008490800857543945
0.008522748947143555
0.008497238159179688
0.00838327407836914
0.008678197860717773
0.008532285690307617
0.008527517318725586
0.010113716125488281
0.008964061737060547
0.008789300918579102
0.008690357208251953
0.008522748947143555
0.008649349212646484
0.008556127548217773
0.008396387100219727
0.008272171020507812
0.008271455764770508
0.008355855941772461
0.00847482681274414
0.008326053619384766
0.00856328010559082
0.008347749710083008
0.008524656295776367
0.00851130485534668
0.008563995361328125
0.008650779724121094
0.008590221405029297
0.008614301681518555
0.008395195007324219
0.008548498153686523
0.008680105209350586
0.008848190307617188
0.008622884750366211
0.00857996940612793
0.008517265319824219
0.008661985397338867
0.008773565292358398
0.008655786514282227
0.008481264114379883
0.008335113525390625
0.008405447006225586
0.008448600769042969
0.00830841064453125
0.008578300476074219
0.008182048797607422
0.008521795272827148
0.008522748947143555
0.008633613586425781
0.008753061294555664
0.008607625961303711
0.008602380752563477
0.008638858795166016
0.008581876754760742
0.008498907089233398
0.008615970611572266
0.008539676666259766
0.009157896041870117
0.009079217910766602
0.009023666381835938
0.008786439895629883
0.00867915153503418
0.008558273315429688
0.008478164672851562
0.008389949798583984
0.008247613906860352
0.008399009704589844
0.008430957794189453
0.008301734924316406
0.008405923843383789
0.008473873138427734
0.00837254524230957
0.008603811264038086
0.008146047592163086
0.00832819938659668
0.008728265762329102
0.009007692337036133
0.008934259414672852
0.009207963943481445
0.00899958610534668
0.008692502975463867
0.008801460266113281
0.009941339492797852
0.009670734405517578
0.009407281875610352
0.00895547866821289
0.009084463119506836
0.009199142456054688
0.008810281753540039
0.009247779846191406
0.009030342102050781
0.008928537368774414
0.008858919143676758
0.008707523345947266
0.00854349136352539
0.008440732955932617
0.008634328842163086
0.00874471664428711
0.008453607559204102
0.008614063262939453
0.008666276931762695
0.008591413497924805
0.008437156677246094
0.008702993392944336
0.008468389511108398
0.008579254150390625
0.00854182243347168
0.008361101150512695
0.008424520492553711
0.008565187454223633
0.008346080780029297
0.008286476135253906
0.008329153060913086
0.008324861526489258
0.008331537246704102
0.00843048095703125
0.008417606353759766
0.008562803268432617
0.00845479965209961
0.008323907852172852
0.008526086807250977
0.008476972579956055
0.00840139389038086
0.008502483367919922
0.008544683456420898
0.008623838424682617
0.008485794067382812
0.00867319107055664
0.008522748947143555
0.008472681045532227
0.008491039276123047
0.008447885513305664
0.00825953483581543
0.008449792861938477
0.00841212272644043
0.008311986923217773
0.008540630340576172
0.00843048095703125
0.008652210235595703
0.008446931838989258
0.008484840393066406
0.008461952209472656
0.008564949035644531
0.008533000946044922
0.008450031280517578
0.008374929428100586
0.008452415466308594
0.008429288864135742
0.008629322052001953
0.008527040481567383
0.008458614349365234
0.008738279342651367
0.008623361587524414
0.008287191390991211
0.008218526840209961
0.008414983749389648
0.008406639099121094
0.008476972579956055
0.008500814437866211
0.008639097213745117
0.008658170700073242
0.008687257766723633
0.008800745010375977
0.008837699890136719
