6.370687943047617
6.041746187615484
5.836075070620275
5.836075070620275
5.836075070620275
5.836075070620275
5.836075070620275
5.836075070620275
5.836075070620275
5.836075070620275
5.836075070620275
5.7499980952970375
5.7499980952970375
5.142601888287052
5.142601888287052
5.142601888287052
3.901702786178479
3.901702786178479
3.901702786178479
3.901702786178479
3.901702786178479
3.901702786178479
3.901702786178479
3.901702786178479
3.901702786178479
3.0394086641271905
3.0394086641271905
3.0394086641271905
3.0394086641271905
3.0394086641271905
3.0394086641271905
3.0394086641271905
3.0394086641271905
3.0394086641271905
3.0394086641271905
3.0394086641271905
3.0394086641271905
3.0394086641271905
3.0394086641271905
3.0394086641271905
3.0394086641271905
3.0394086641271905
3.0394086641271905
3.0394086641271905
3.0394086641271905
3.0394086641271905
3.0394086641271905
3.0394086641271905
3.0394086641271905
3.0394086641271905
3.0394086641271905
2.7748972984651594
2.7748972984651594
2.7748972984651594
2.7748972984651594
2.7748972984651594
2.7748972984651594
2.7748972984651594
2.7748972984651594
2.7748972984651594
2.7748972984651594
2.7748972984651594
2.7748972984651594
2.7748972984651594
2.599715270707886
2.599715270707886
2.599715270707886
2.599715270707886
2.599715270707886
2.599715270707886
2.599715270707886
2.599715270707886
2.599715270707886
2.599715270707886
2.599715270707886
2.599715270707886
2.599715270707886
2.599715270707886
2.599715270707886
2.599715270707886
2.599715270707886
2.599715270707886
2.599715270707886
2.5573596086558084
2.5573596086558084
2.395077035672685
2.395077035672685
2.395077035672685
2.395077035672685
1.8643447933312878
1.8643447933312878
1.8643447933312878
1.8643447933312878
1.827483573101528
1.827483573101528
1.827483573101528
1.827483573101528
1.827483573101528
1.827483573101528
1.827483573101528
1.827483573101528
1.827483573101528
1.827483573101528
1.827483573101528
1.827483573101528
1.827483573101528
1.827483573101528
1.827483573101528
1.827483573101528
1.827483573101528
1.827483573101528
1.827483573101528
1.827483573101528
1.827483573101528
1.827483573101528
1.7861609950361164
1.7861609950361164
1.7861609950361164
1.7861609950361164
1.7861609950361164
1.7861609950361164
1.7861609950361164
1.758872351429659
1.7367089677732572
1.7367089677732572
1.7367089677732572
1.7367089677732572
1.7367089677732572
1.7090972940760771
1.6208926778895822
1.6208926778895822
1.6116176310048083
1.5976701733167786
1.2148001332578175
1.2148001332578175
1.2148001332578175
1.2148001332578175
1.2148001332578175
1.2148001332578175
1.2148001332578175
1.2148001332578175
1.2148001332578175
0.8956335957785306
0.8956335957785306
0.8956335957785306
0.8956335957785306
0.8956335957785306
0.8956335957785306
0.8956335957785306
0.8956335957785306
0.8956335957785306
0.8956335957785306
0.8956335957785306
0.8956335957785306
0.8956335957785306
0.8956335957785306
0.8956335957785306
0.8956335957785306
0.8956335957785306
0.8956335957785306
0.8956335957785306
0.8956335957785306
0.8956335957785306
0.8956335957785306
0.8956335957785306
0.8956335957785306
0.8693214586109583
0.8417771800071918
0.8417771800071918
0.8417771800071918
0.8417771800071918
0.8417771800071918
0.8417771800071918
0.8417771800071918
0.8417771800071918
0.8417771800071918
0.8417771800071918
0.8417771800071918
0.8182390131149582
0.8182390131149582
0.8182390131149582
0.8182390131149582
0.8182390131149582
0.8042087029643596
0.7662074736907627
0.7345304580533707
0.7345304580533707
0.7345304580533707
0.7345304580533707
0.7345304580533707
0.7345304580533707
0.7345304580533707
0.7345304580533707
0.7345304580533707
0.7345304580533707
0.7345304580533707
0.7345304580533707
0.7345304580533707
0.7345304580533707
0.7345304580533707
0.7345304580533707
0.7345304580533707
0.7124101033566284
0.7124101033566284
0.7124101033566284
0.7124101033566284
0.7124101033566284
0.7124101033566284
0.7124101033566284
0.7124101033566284
0.7124101033566284
0.7124101033566284
0.7124101033566284
0.7124101033566284
0.7124101033566284
0.7124101033566284
0.7124101033566284
0.7124101033566284
0.7124101033566284
0.7087634379775238
0.7011088462644679
0.6069461731828127
0.6069461731828127
0.6069461731828127
0.6069461731828127
0.6069461731828127
0.6069461731828127
0.6069461731828127
0.6069461731828127
0.6069461731828127
0.6069461731828127
0.6069461731828127
0.6069461731828127
0.6069461731828127
0.6069461731828127
0.6069461731828127
0.6069461731828127
0.6069461731828127
0.6069461731828127
0.6069461731828127
0.6069461731828127
0.6069461731828127
0.6069461731828127
0.6057321991900118
0.6057321991900118
0.5743508506070256
0.5743508506070256
0.5743508506070256
0.5743508506070256
0.5679900770730519
0.5679900770730519
0.5679900770730519
0.5668924153325889
0.5218757639039531
0.5218757639039531
0.5218757639039531
0.5218757639039531
0.5218757639039531
0.5218757639039531
0.4947311630736557
0.4947311630736557
0.4947311630736557
0.4947311630736557
0.45875821576653664
0.45875821576653664
0.45875821576653664
0.45875821576653664
0.45875821576653664
0.45875821576653664
0.45875821576653664
0.45875821576653664
0.45875821576653664
0.45875821576653664
0.45875821576653664
0.45875821576653664
0.45875821576653664
0.42570989548256577
0.42570989548256577
0.42570989548256577
0.38567938396966994
0.38567938396966994
0.38567938396966994
0.38567938396966994
0.38567938396966994
0.38567938396966994
0.38567938396966994
0.38567938396966994
0.38207564751532175
0.3763615658322266
0.3763615658322266
0.3763615658322266
0.3763615658322266
0.34069933369281813
0.34069933369281813
0.34069933369281813
0.34069933369281813
0.34069933369281813
0.34069933369281813
0.34069933369281813
0.34069933369281813
0.34069933369281813
0.34069933369281813
0.33861949736113317
0.33861949736113317
0.33861949736113317
0.33861949736113317
0.33861949736113317
0.31183726038049286
0.31183726038049286
0.31183726038049286
0.31183726038049286
0.31183726038049286
0.31183726038049286
0.31183726038049286
0.31183726038049286
0.31183726038049286
0.31183726038049286
0.31183726038049286
0.31183726038049286
0.3091219662601645
0.3069344755348382
0.3069344755348382
0.3069344755348382
0.29196698548049227
0.29196698548049227
0.2709557525406865
0.2709557525406865
0.2709557525406865
0.2709557525406865
0.2584128799310861
0.25495709089403107
0.25495709089403107
0.25495709089403107
0.25495709089403107
0.25495709089403107
0.25495709089403107
0.22951166773292186
0.22951166773292186
0.22951166773292186
0.22951166773292186
0.22951166773292186
0.22951166773292186
0.22951166773292186
0.22951166773292186
0.22951166773292186
0.22951166773292186
0.2248148375186716
0.2248148375186716
0.2248148375186716
0.2248148375186716
0.2248148375186716
0.2248148375186716
0.1987410757212622
0.1987410757212622
0.1987410757212622
0.1987410757212622
0.1987410757212622
0.19101302074015436
0.19101302074015436
0.19101302074015436
0.19101302074015436
0.19101302074015436
0.19101302074015436
0.19101302074015436
0.19101302074015436
0.19101302074015436
0.19101302074015436
0.19101302074015436
0.18564769718903307
0.18564769718903307
0.18564769718903307
0.18564769718903307
0.18564769718903307
0.18564769718903307
0.18564769718903307
0.18564769718903307
0.18564769718903307
0.18564769718903307
0.18564769718903307
0.18564769718903307
0.18564769718903307
0.1647142773097201
0.1647142773097201
0.1647142773097201
0.1647142773097201
0.1647142773097201
0.1647142773097201
0.1647142773097201
0.1647142773097201
0.1647142773097201
0.1647142773097201
0.1647142773097201
0.1647142773097201
0.1647142773097201
0.1647142773097201
0.16079620198817324
0.15720354742510523
0.15720354742510523
0.15720354742510523
0.15720354742510523
0.15720354742510523
0.15720354742510523
0.14487701711134804
0.14487701711134804
0.14487701711134804
0.14487701711134804
0.14487701711134804
0.14487701711134804
0.14487701711134804
0.14487701711134804
0.14487701711134804
0.14487701711134804
0.14487701711134804
0.14487701711134804
0.14487701711134804
0.14487701711134804
0.14487701711134804
0.14487701711134804
0.14487701711134804
0.14487701711134804
0.14487701711134804
0.14487701711134804
0.14487701711134804
0.14487701711134804
0.14487701711134804
0.14487701711134804
0.14487701711134804
0.14487701711134804
0.14487701711134804
0.14487701711134804
0.14487701711134804
0.14487701711134804
0.14487701711134804
0.14186072354113222
0.14186072354113222
0.14186072354113222
0.14173559499505828
0.14173559499505828
0.14173559499505828
0.14173559499505828
0.14173559499505828
0.11078289650958695
0.11078289650958695
0.11078289650958695
0.11078289650958695
0.11078289650958695
0.11078289650958695
0.11078289650958695
0.11078289650958695
0.11078289650958695
0.11078289650958695
0.11078289650958695
0.11078289650958695
0.11078289650958695
0.11078289650958695
0.11078289650958695
0.11078289650958695
0.11078289650958695
0.11078289650958695
0.11078289650958695
0.10966589573281027
0.10966589573281027
0.10966589573281027
0.10966589573281027
0.10667796260949913
0.10667796260949913
0.10245544672120133
0.10245544672120133
0.10245544672120133
0.10245544672120133
0.10245544672120133
0.10245544672120133
0.10245544672120133
0.09995952517638429
0.09995952517638429
0.09995952517638429
0.09995952517638429
0.09995952517638429
0.09995952517638429
0.09995952517638429
0.09995952517638429
0.09995952517638429
0.09771913754904915
0.09771913754904915
0.07363167224676914
0.07363167224676914
0.07363167224676914
0.07363167224676914
0.07363167224676914
0.07363167224676914
0.07363167224676914
0.07363167224676914
0.07363167224676914
0.07363167224676914
0.07363167224676914
0.07363167224676914
0.07363167224676914
0.07363167224676914
0.07363167224676914
0.07363167224676914
0.07363167224676914
0.07363167224676914
0.07363167224676914
0.06387140010210146
0.06387140010210146
0.06387140010210146
0.06387140010210146
0.06387140010210146
0.06387140010210146
0.06387140010210146
0.06387140010210146
0.06387140010210146
0.06387140010210146
0.06387140010210146
0.06387140010210146
0.06334086734226929
0.06334086734226929
0.06334086734226929
0.06334086734226929
0.06294286329766052
0.06294286329766052
0.06294286329766052
0.06294286329766052
0.0629027720936648
0.0629027720936648
0.0629027720936648
0.0629027720936648
0.0629027720936648
0.0629027720936648
0.0629027720936648
0.0629027720936648
0.0629027720936648
0.0629027720936648
0.0629027720936648
0.0629027720936648
0.0629027720936648
0.0629027720936648
0.0629027720936648
0.0629027720936648
0.06003584619578817
0.06003584619578817
0.051960770391353606
0.051960770391353606
0.051960770391353606
0.051960770391353606
0.051960770391353606
0.047573235607476505
0.047573235607476505
0.04592368080852083
0.044961592621699964
0.044961592621699964
0.044961592621699964
0.044961592621699964
0.03722079889011454
0.03722079889011454
0.03722079889011454
0.03722079889011454
0.03722079889011454
0.03722079889011454
0.03722079889011454
0.03722079889011454
0.03722079889011454
0.03722079889011454
0.03722079889011454
0.03722079889011454
0.03722079889011454
0.03722079889011454
0.03649711277585865
0.03649711277585865
0.03649711277585865
0.03649711277585865
0.03574190665329624
0.03574190665329624
0.034572819863331716
0.03111237012624457
0.027465002823216622
0.027465002823216622
0.027465002823216622
0.027465002823216622
0.027465002823216622
0.027465002823216622
0.027465002823216622
0.027465002823216622
0.027465002823216622
0.027465002823216622
0.027465002823216622
0.027465002823216622
0.027465002823216622
0.027465002823216622
0.027465002823216622
0.027465002823216622
0.027465002823216622
0.027465002823216622
0.027465002823216622
0.027465002823216622
0.027465002823216622
0.027465002823216622
0.025554753114327866
0.025554753114327866
0.025554753114327866
0.025554753114327866
0.025554753114327866
0.018852018769479173
0.018852018769479173
0.018852018769479173
0.018852018769479173
0.018852018769479173
0.018852018769479173
0.018852018769479173
0.018852018769479173
0.018852018769479173
0.018852018769479173
0.018852018769479173
0.018852018769479173
0.018852018769479173
0.018852018769479173
0.018852018769479173
0.018852018769479173
0.018852018769479173
0.018852018769479173
0.018852018769479173
0.018852018769479173
0.01845893190527903
0.01845893190527903
0.01845893190527903
0.01845893190527903
0.01845893190527903
0.01845893190527903
0.01845893190527903
0.01845893190527903
0.01845893190527903
0.01845893190527903
0.01845893190527903
0.01845893190527903
0.01824217171332876
0.01824217171332876
0.01824217171332876
0.018158921948110418
0.018158921948110418
0.018158921948110418
0.01774885166439688
0.01774885166439688
0.01732146328528117
0.01732146328528117
0.01732146328528117
0.01732146328528117
0.01732146328528117
0.01732146328528117
0.01732146328528117
0.01732146328528117
0.015681128287052815
0.015681128287052815
0.015681128287052815
0.015681128287052815
0.015681128287052815
0.015681128287052815
0.015681128287052815
0.015681128287052815
0.014317125652187457
0.014317125652187457
0.014317125652187457
0.014317125652187457
0.014317125652187457
0.014317125652187457
0.014317125652187457
0.014317125652187457
0.014317125652187457
0.014317125652187457
0.014317125652187457
0.014235083258281378
0.014235083258281378
0.014235083258281378
0.013168901173578718
0.013168901173578718
0.013168901173578718
0.013168901173578718
0.013168901173578718
0.013168901173578718
0.013168901173578718
0.013168901173578718
0.013168901173578718
0.012727752249155344
0.012727752249155344
0.012713473643916728
0.012713473643916728
0.012713473643916728
0.012713473643916728
0.012713473643916728
0.012713473643916728
0.012713473643916728
0.012653423509910056
0.012653423509910056
0.012653423509910056
0.012653423509910056
0.012653423509910056
0.012653423509910056
0.01166697047878884
0.01166697047878884
0.011432248569317238
0.011111522444327449
0.011111522444327449
0.011111522444327449
0.01078559232988141
0.010558709268121191
0.010558709268121191
0.010558709268121191
0.010558709268121191
0.010558709268121191
0.010558709268121191
0.010558709268121191
0.010558709268121191
0.010558709268121191
0.01035340556275699
0.01035340556275699
0.01035340556275699
0.0095341246991687
0.0095341246991687
0.0095341246991687
0.0095341246991687
0.0095341246991687
0.0095341246991687
0.0095341246991687
0.0095341246991687
0.0095341246991687
0.008963207733554412
0.008963207733554412
0.008963207733554412
0.008767354432499985
0.008767354432499985
0.008767354432499985
0.008767354432499985
0.008767354432499985
0.008767354432499985
0.008767354432499985
0.008767354432499985
0.008767354432499985
0.008767354432499985
0.008767354432499985
0.008767354432499985
0.008767354432499985
0.008767354432499985
0.008767354432499985
0.008580763376173195
0.008580763376173195
0.008159155874196244
0.008159155874196244
0.008159155874196244
0.007980601175322732
0.007980601175322732
0.007980601175322732
0.007623472383126995
0.007623472383126995
0.007623472383126995
0.007525263667893967
0.007525263667893967
0.007360378577224935
0.007360378577224935
0.00722690811135962
0.00722690811135962
0.00722690811135962
0.00722690811135962
0.00680608978104047
0.00680608978104047
0.006728466329398941
0.006728466329398941
0.006076686697696232
0.006076686697696232
0.006076686697696232
0.006076686697696232
0.006076686697696232
0.006076686697696232
0.006076686697696232
0.006076686697696232
0.006076686697696232
0.006076686697696232
0.006076686697696232
0.006076686697696232
0.006076686697696232
0.006076686697696232
0.006076686697696232
0.005604464365756456
0.005604464365756456
0.005604464365756456
0.005021156317749131
0.005021156317749131
0.005021156317749131
0.005021156317749131
0.005021156317749131
0.003957740415490463
0.003957740415490463
0.003957740415490463
0.003957740415490463
0.003957740415490463
0.003957740415490463
0.003957740415490463
0.003957740415490463
0.003957740415490463
0.003957740415490463
0.003957740415490463
0.003957740415490463
0.003957740415490463
0.003306952765221638
0.003306952765221638
0.003306952765221638
0.003306952765221638
0.003306952765221638
0.003306952765221638
0.003306952765221638
0.003306952765221638
0.003306952765221638
0.003306952765221638
0.003306952765221638
0.003306952765221638
0.0032579271693187195
0.0032579271693187195
0.0032579271693187195
0.0032579271693187195
0.0032579271693187195
0.0032579271693187195
0.003012555890244073
0.003012555890244073
0.003012555890244073
0.003012555890244073
0.003012555890244073
0.003012555890244073
0.003012555890244073
0.003012555890244073
0.003012555890244073
0.003012555890244073
0.003012555890244073
0.003012555890244073
0.003012555890244073
0.003012555890244073
0.0029930728313658506
0.0029930728313658506
0.0029930728313658506
0.002945024626370696
0.002945024626370696
0.002945024626370696
0.002945024626370696
0.002945024626370696
0.002945024626370696
0.002945024626370696
0.002904611806705759
0.002904611806705759
0.002904611806705759
0.002904611806705759
0.0028801025614164644
0.0028801025614164644
0.0025932310911329637
0.0025932310911329637
0.0025932310911329637
0.0025932310911329637
0.0025932310911329637
0.0025932310911329637
0.0025932310911329637
0.0025932310911329637
0.0025932310911329637
0.0025932310911329637
0.0025932310911329637
0.0025932310911329637
0.0025932310911329637
0.0025932310911329637
0.0025932310911329637
0.0024568929131163486
0.002370056819888333
0.002370056819888333
0.002370056819888333
0.002370056819888333
0.002370056819888333
0.002370056819888333
0.002370056819888333
0.002370056819888333
0.002370056819888333
0.002370056819888333
0.002370056819888333
0.002370056819888333
0.002370056819888333
0.002370056819888333
0.002370056819888333
0.002370056819888333
0.002370056819888333
0.0022925797965029915
0.0022925797965029915
0.0022925797965029915
0.0022925797965029915
0.0022925797965029915
0.0022925797965029915
0.0022925797965029915
0.0021141628244905064
0.0021141628244905064
0.0021141628244905064
0.0018153054192424634
0.0018153054192424634
0.0018153054192424634
0.0018153054192424634
0.0018153054192424634
0.0018153054192424634
0.0018153054192424634
0.0018153054192424634
0.0018153054192424634
0.0018153054192424634
0.0018153054192424634
0.0018153054192424634
0.0018153054192424634
0.0018153054192424634
0.0018153054192424634
0.0018153054192424634
0.0018153054192424634
0.0016799504932194509
0.0016799504932194509
0.0016799504932194509
0.0016799504932194509
0.0016799504932194509
0.0016799504932194509
0.0016799504932194509
0.0016799504932194509
0.0016799504932194509
0.0015534552209075514
0.0015534552209075514
0.0015534552209075514
0.0015534552209075514
0.0015534552209075514
0.0015534552209075514
0.0015534552209075514
0.0013700594039356417
0.0013700594039356417
0.0013700594039356417
0.0013700594039356417
0.0013700594039356417
0.0013700594039356417
0.0013700594039356417
0.0013700594039356417
0.0013700594039356417
0.0013700594039356417
0.0013700594039356417
0.0013700594039356417
0.0013700594039356417
0.0013700594039356417
0.0013700594039356417
0.0013700594039356417
0.0013700594039356417
0.0013700594039356417
0.0013700594039356417
0.0013700594039356417
0.0012572979675624651
0.0012572979675624651
0.0012572979675624651
0.0012572979675624651
0.0012572979675624651
0.0012572979675624651
0.0012572979675624651
0.0012572979675624651
0.0012572979675624651
0.0012572979675624651
0.0012572979675624651
0.0012572979675624651
0.0012572979675624651
0.0012572979675624651
0.0012572979675624651
0.0012572979675624651
0.0012347692814849154
0.0012347692814849154
0.0012347692814849154
0.0012347692814849154
0.0012146970640607435
0.0012146970640607435
0.0012146970640607435
0.0012146970640607435
0.0011852872125786007
0.0011852872125786007
0.0011852872125786007
0.0011852872125786007
0.0011778891467955077
0.0011778891467955077
0.0011630982006707313
0.0011630982006707313
0.0011630982006707313
0.0011229344503860261
0.0011229344503860261
0.0011229344503860261
0.0011229344503860261
0.0009559350223895535
0.0009559350223895535
0.0009404067104838987
0.0009404067104838987
0.0009404067104838987
0.0009404067104838987
0.0009318800458650855
0.0009318800458650855
0.0009200546908267881
0.0009200546908267881
0.0008968976748100488
0.0008968976748100488
0.0008968976748100488
0.0008968976748100488
0.0008968976748100488
0.0008968976748100488
0.0007058407090951846
0.0007058407090951846
