5.635465185443605
5.237191980006502
5.237191980006502
5.007287721502559
5.007287721502559
5.007287721502559
5.007287721502559
5.007287721502559
5.007287721502559
5.007287721502559
5.007287721502559
4.9974047031731175
4.9974047031731175
4.9974047031731175
4.9974047031731175
4.9974047031731175
4.794833341628843
3.1188421115319223
3.1188421115319223
3.1188421115319223
3.1188421115319223
3.1188421115319223
3.1188421115319223
3.1188421115319223
3.1188421115319223
3.1188421115319223
3.1188421115319223
3.1188421115319223
3.1188421115319223
3.1188421115319223
3.1188421115319223
3.1188421115319223
3.1188421115319223
3.1188421115319223
3.1188421115319223
3.1188421115319223
3.1188421115319223
3.1188421115319223
3.1188421115319223
3.1188421115319223
3.1188421115319223
3.1188421115319223
3.1188421115319223
3.1188421115319223
3.1188421115319223
3.1188421115319223
2.7484792712936077
2.7484792712936077
2.7484792712936077
2.7484792712936077
2.7484792712936077
2.7484792712936077
2.7484792712936077
2.7484792712936077
2.7484792712936077
2.7484792712936077
2.7484792712936077
2.7484792712936077
2.7484792712936077
2.7484792712936077
2.7484792712936077
2.7484792712936077
2.7484792712936077
2.7484792712936077
2.7484792712936077
2.683092255859041
2.683092255859041
2.518922084571951
2.485504333407931
2.485504333407931
2.485504333407931
2.485504333407931
2.3983582032929185
2.3983582032929185
2.3983582032929185
2.3983582032929185
2.365599155436346
2.365599155436346
2.365599155436346
2.0699495744513996
2.0699495744513996
2.0699495744513996
2.0699495744513996
2.0699495744513996
2.0699495744513996
2.0699495744513996
2.0699495744513996
2.0699495744513996
2.0699495744513996
2.0699495744513996
2.0699495744513996
1.7471845752392987
1.7471845752392987
1.7471845752392987
1.7471845752392987
1.7471845752392987
1.7471845752392987
1.7471845752392987
1.7471845752392987
1.7471845752392987
1.7471845752392987
1.7471845752392987
1.7471845752392987
1.7471845752392987
1.7471845752392987
1.7471845752392987
1.7471845752392987
1.7471845752392987
1.7471845752392987
1.7471845752392987
1.7471845752392987
1.7471845752392987
1.7471845752392987
1.7471845752392987
1.7471845752392987
1.7471845752392987
1.7471845752392987
1.7471845752392987
1.7471845752392987
1.7471845752392987
1.7471845752392987
1.7471845752392987
1.7139265573661895
1.7139265573661895
1.691545275185696
1.65644741026804
1.5912462456474898
1.5912462456474898
1.5912462456474898
1.5526405805817944
1.5526405805817944
1.5010505085140657
1.5010505085140657
1.4357633738603077
1.4357633738603077
1.4357633738603077
1.4357633738603077
1.4357633738603077
1.4357633738603077
1.411093195660719
1.3757376714130949
1.3757376714130949
1.3757376714130949
1.3757376714130949
1.3757376714130949
1.3757376714130949
1.3757376714130949
1.3757376714130949
1.3757376714130949
1.3757376714130949
1.3757376714130949
1.3757376714130949
1.3556789116781225
1.3556789116781225
1.3556789116781225
1.331370006012147
1.3193511576148396
1.3193511576148396
1.2470558880554705
1.2470558880554705
1.2470558880554705
1.2470558880554705
1.2470558880554705
1.2470558880554705
1.2470558880554705
1.2470558880554705
1.2470558880554705
1.2134331954989825
1.2134331954989825
1.0569282258481039
1.0569282258481039
1.0569282258481039
1.0569282258481039
1.0569282258481039
1.0569282258481039
0.7654940644040558
0.7654940644040558
0.7654940644040558
0.7654940644040558
0.7654940644040558
0.7654940644040558
0.7654940644040558
0.7654940644040558
0.7654940644040558
0.7654940644040558
0.7654940644040558
0.7654940644040558
0.7654940644040558
0.7654940644040558
0.7654940644040558
0.7654940644040558
0.7654940644040558
0.7654940644040558
0.7654940644040558
0.7654940644040558
0.7654940644040558
0.7654940644040558
0.7654940644040558
0.7654940644040558
0.7654940644040558
0.7654940644040558
0.7654940644040558
0.7654940644040558
0.7654940644040558
0.7654940644040558
0.7654940644040558
0.7654940644040558
0.7072404941293939
0.7072404941293939
0.7072404941293939
0.7072404941293939
0.7072404941293939
0.6990248698258732
0.6990248698258732
0.6990248698258732
0.6990248698258732
0.6990248698258732
0.6831771408731804
0.6831771408731804
0.6831771408731804
0.6831771408731804
0.6831771408731804
0.6831771408731804
0.6831771408731804
0.6831771408731804
0.6831771408731804
0.5895074551087873
0.5895074551087873
0.5895074551087873
0.5895074551087873
0.5895074551087873
0.5895074551087873
0.5895074551087873
0.5895074551087873
0.5761264616570507
0.5761264616570507
0.5720136329100924
0.5696049895218032
0.5518837236848881
0.5518837236848881
0.5518837236848881
0.5518837236848881
0.5518837236848881
0.5518837236848881
0.5518837236848881
0.5518837236848881
0.5518837236848881
0.5518837236848881
0.5104818511812717
0.5104818511812717
0.5104818511812717
0.5104818511812717
0.5104818511812717
0.5044152464634237
0.47687013518318366
0.47687013518318366
0.47687013518318366
0.47412984192335017
0.47412984192335017
0.47412984192335017
0.47412984192335017
0.47412984192335017
0.47412984192335017
0.4650072441825621
0.4650072441825621
0.4650072441825621
0.4650072441825621
0.4650072441825621
0.4650072441825621
0.4650072441825621
0.4650072441825621
0.4650072441825621
0.4650072441825621
0.4650072441825621
0.4650072441825621
0.42763696307861565
0.42763696307861565
0.42763696307861565
0.42763696307861565
0.42763696307861565
0.42763696307861565
0.42763696307861565
0.42763696307861565
0.42207251085911324
0.37164599985688085
0.37164599985688085
0.37164599985688085
0.37164599985688085
0.3503298464867548
0.3499772677038919
0.3409803613453555
0.3409803613453555
0.3409803613453555
0.3409803613453555
0.282544927306855
0.282544927306855
0.282544927306855
0.282544927306855
0.282544927306855
0.282544927306855
0.2821678606994311
0.2821678606994311
0.2739626052872701
0.2739626052872701
0.2739626052872701
0.2739626052872701
0.2739626052872701
0.2739626052872701
0.2739626052872701
0.2739626052872701
0.2709478611184295
0.2709478611184295
0.2709478611184295
0.25196124376261153
0.2513294938651889
0.2513294938651889
0.2513294938651889
0.2513294938651889
0.2442355478303746
0.2442355478303746
0.24161806048742918
0.24161806048742918
0.23975079229993312
0.23975079229993312
0.23849223980790768
0.2305530492213954
0.2305530492213954
0.2305530492213954
0.20671023850021086
0.20671023850021086
0.20671023850021086
0.20671023850021086
0.20671023850021086
0.20671023850021086
0.20671023850021086
0.20671023850021086
0.20671023850021086
0.20671023850021086
0.20671023850021086
0.20671023850021086
0.20671023850021086
0.20671023850021086
0.20671023850021086
0.20671023850021086
0.20671023850021086
0.20671023850021086
0.20671023850021086
0.20671023850021086
0.20671023850021086
0.20671023850021086
0.20671023850021086
0.20671023850021086
0.20671023850021086
0.20671023850021086
0.20671023850021086
0.20671023850021086
0.20671023850021086
0.20671023850021086
0.20671023850021086
0.20381845881823324
0.20231468505073735
0.20231468505073735
0.20231468505073735
0.20209364207532943
0.19757623760208887
0.19757623760208887
0.19757623760208887
0.19757623760208887
0.19757623760208887
0.1933692787390413
0.1933692787390413
0.1933692787390413
0.1633485245351025
0.1633485245351025
0.1633485245351025
0.1633485245351025
0.1633485245351025
0.1633485245351025
0.1633485245351025
0.1633485245351025
0.1633485245351025
0.1633485245351025
0.1633485245351025
0.16332722794187404
0.16332722794187404
0.16332722794187404
0.16143138767760945
0.16143138767760945
0.15419379228886498
0.15419379228886498
0.15419379228886498
0.13837251706729958
0.13837251706729958
0.13041041375150186
0.13041041375150186
0.13041041375150186
0.13041041375150186
0.13041041375150186
0.13041041375150186
0.13041041375150186
0.13041041375150186
0.13041041375150186
0.13041041375150186
0.13041041375150186
0.13041041375150186
0.1287792194214461
0.1287792194214461
0.1287792194214461
0.1287792194214461
0.1287792194214461
0.1287792194214461
0.1287792194214461
0.1287792194214461
0.1287792194214461
0.1287792194214461
0.1287792194214461
0.1287792194214461
0.1282688652502202
0.12524427115000236
0.12524427115000236
0.11004785056733013
0.11004785056733013
0.11004785056733013
0.11004785056733013
0.11004785056733013
0.11004785056733013
0.11004785056733013
0.11004785056733013
0.09993785866916127
0.09993785866916127
0.09993785866916127
0.09993785866916127
0.09993785866916127
0.09993785866916127
0.09993785866916127
0.09993785866916127
0.08426978445485389
0.08426978445485389
0.08426978445485389
0.08426978445485389
0.08426978445485389
0.08426978445485389
0.08426978445485389
0.08426978445485389
0.08426978445485389
0.08426978445485389
0.08426978445485389
0.08426978445485389
0.08426978445485389
0.08426978445485389
0.08000026657267867
0.08000026657267867
0.07317605237610536
0.07317605237610536
0.07317605237610536
0.07261038520562835
0.07261038520562835
0.07261038520562835
0.07086924428881147
0.07086924428881147
0.07086924428881147
0.07086924428881147
0.07086924428881147
0.07086924428881147
0.07086924428881147
0.07086924428881147
0.07086924428881147
0.06880348825356464
0.06880348825356464
0.06880348825356464
0.06876205356241272
0.06876205356241272
0.0678014776457907
0.0678014776457907
0.06700161272156535
0.06700161272156535
0.06482195843950223
0.06482195843950223
0.06482195843950223
0.06482195843950223
0.042179467791036984
0.042179467791036984
0.042179467791036984
0.042179467791036984
0.042179467791036984
0.042179467791036984
0.042179467791036984
0.042179467791036984
0.042179467791036984
0.042179467791036984
0.042179467791036984
0.042179467791036984
0.042179467791036984
0.042179467791036984
0.042179467791036984
0.042179467791036984
0.03335483620438495
0.03335483620438495
0.03335483620438495
0.03335483620438495
0.03335483620438495
0.03335483620438495
0.03335483620438495
0.03335483620438495
0.03335483620438495
0.03335483620438495
0.03335483620438495
0.03335483620438495
0.03335483620438495
0.03335483620438495
0.03335483620438495
0.03335483620438495
0.03335483620438495
0.03335483620438495
0.03335483620438495
0.03335483620438495
0.03335483620438495
0.03335483620438495
0.03335483620438495
0.03335483620438495
0.03335483620438495
0.03335483620438495
0.03335483620438495
0.032474585548918355
0.032474585548918355
0.03183599090664302
0.03183599090664302
0.03183599090664302
0.03183599090664302
0.03183599090664302
0.03183599090664302
0.03183599090664302
0.03160827306314218
0.03160827306314218
0.03160827306314218
0.03160827306314218
0.03160827306314218
0.03160827306314218
0.03160827306314218
0.03160827306314218
0.03160827306314218
0.030791793077888485
0.030791793077888485
0.030791793077888485
0.030791793077888485
0.030791793077888485
0.030791793077888485
0.030791793077888485
0.030791793077888485
0.030791793077888485
0.030791793077888485
0.030791793077888485
0.030791793077888485
0.030791793077888485
0.028802121711589024
0.028802121711589024
0.028802121711589024
0.028802121711589024
0.028802121711589024
0.028802121711589024
0.028802121711589024
0.028802121711589024
0.028802121711589024
0.028802121711589024
0.028802121711589024
0.028802121711589024
0.028802121711589024
0.028802121711589024
0.028802121711589024
0.028802121711589024
0.028802121711589024
0.028802121711589024
0.028802121711589024
0.027949510151806578
0.02643425286431267
0.02643425286431267
0.02643425286431267
0.02643425286431267
0.02643425286431267
0.02643425286431267
0.02643425286431267
0.02643425286431267
0.02643425286431267
0.02643425286431267
0.02643425286431267
0.02643425286431267
0.02643425286431267
0.02643425286431267
0.02643425286431267
0.02643425286431267
0.02643425286431267
0.02643425286431267
0.025178860347647714
0.024904878351026838
0.023569402593430766
0.023569402593430766
0.023569402593430766
0.023569402593430766
0.023569402593430766
0.023569402593430766
0.021437471996268442
0.021437471996268442
0.021437471996268442
0.021437471996268442
0.021437471996268442
0.021437471996268442
0.019778535880060844
0.019778535880060844
0.019778535880060844
0.019778535880060844
0.019778535880060844
0.019778535880060844
0.019320982062030367
0.019320982062030367
0.019320982062030367
0.019320982062030367
0.019320982062030367
0.019320982062030367
0.019119782808957098
0.019119782808957098
0.019119782808957098
0.019119782808957098
0.018467049713599692
0.018467049713599692
0.018467049713599692
0.018467049713599692
0.01789786203969257
0.01789786203969257
0.01789786203969257
0.01789786203969257
0.01789786203969257
0.01789786203969257
0.016819728764424724
0.015913610333075923
0.015913610333075923
0.015913610333075923
0.015913610333075923
0.015913610333075923
0.015913610333075923
0.015913610333075923
0.015913610333075923
0.015613418225022713
0.014692030110172283
0.014692030110172283
0.014692030110172283
0.014692030110172283
0.014692030110172283
0.014692030110172283
0.014692030110172283
0.014692030110172283
0.014692030110172283
0.014692030110172283
0.013548373892522392
0.013548373892522392
0.013548373892522392
0.013548373892522392
0.013548373892522392
0.011557905748560415
0.011557905748560415
0.011557905748560415
0.011557905748560415
0.011557905748560415
0.011557905748560415
0.011557905748560415
0.011557905748560415
0.010356007495694541
0.010356007495694541
0.010356007495694541
0.010356007495694541
0.010356007495694541
0.010356007495694541
0.010356007495694541
0.010356007495694541
0.010356007495694541
0.010356007495694541
0.010356007495694541
0.010356007495694541
0.010356007495694541
0.010356007495694541
0.010356007495694541
0.010356007495694541
0.010356007495694541
0.010356007495694541
0.010356007495694541
0.010356007495694541
0.010356007495694541
0.00981124084913887
0.00981124084913887
0.00981124084913887
0.00981124084913887
0.00981124084913887
0.00981124084913887
0.009460683237364265
0.00936473178585473
0.00936473178585473
0.00936473178585473
0.00936473178585473
0.008434542471384532
0.008434542471384532
0.008434542471384532
0.008434542471384532
0.008434542471384532
0.008434542471384532
0.008434542471384532
0.008434542471384532
0.00816523842509298
0.007794628798361458
0.007794628798361458
0.007794628798361458
0.007794628798361458
0.007685649917473114
0.006896715660399622
0.006896715660399622
0.0068238926699599745
0.006770464476520743
0.006770464476520743
0.006770464476520743
0.005770392829973048
0.005770392829973048
0.005770392829973048
0.005770392829973048
0.005770392829973048
0.005770392829973048
0.005770392829973048
0.005770392829973048
0.005370617024965441
0.005370617024965441
0.005370617024965441
0.005370617024965441
0.005370617024965441
0.005370617024965441
0.005370617024965441
0.005370617024965441
0.005117180325459714
0.005117180325459714
0.005117180325459714
0.005117180325459714
0.005117180325459714
0.005117180325459714
0.005117180325459714
0.005117180325459714
0.005117180325459714
0.0050025223715088885
0.004869246382899206
0.004869246382899206
0.004271438666542338
0.004271438666542338
0.004221981751154402
0.0038519364670293044
0.0038519364670293044
0.0038519364670293044
0.0038519364670293044
0.0038519364670293044
0.0038213328373437605
0.003534673213497541
0.003534673213497541
0.003475701301891121
0.0034753256707062974
0.0034753256707062974
0.0034753256707062974
0.003088043447615263
0.003088043447615263
0.003088043447615263
0.003088043447615263
0.003088043447615263
0.003088043447615263
0.003088043447615263
0.003088043447615263
0.003088043447615263
0.003088043447615263
0.003088043447615263
0.003088043447615263
0.003088043447615263
0.003088043447615263
0.003088043447615263
0.003087693059345753
0.003087693059345753
0.003087693059345753
0.003087693059345753
0.003087693059345753
0.003087693059345753
0.003087693059345753
0.003087693059345753
0.003087693059345753
0.003087693059345753
0.003087693059345753
0.003087693059345753
0.0029738404902630577
0.0029738404902630577
0.0029738404902630577
0.0029738404902630577
0.0029738404902630577
0.0029738404902630577
0.0029334563275149605
0.0029334563275149605
0.0027867594727730705
0.0027867594727730705
0.0027867594727730705
0.0027867594727730705
0.0027867594727730705
0.0027867594727730705
0.0027867594727730705
0.0027867594727730705
0.0027867594727730705
0.0027342950275830447
0.0027342950275830447
0.0027342950275830447
0.0027342950275830447
0.0027342950275830447
0.0027342950275830447
0.002685247169790017
0.002546459428810266
0.002546459428810266
0.002546459428810266
0.002546459428810266
0.002546459428810266
0.002546459428810266
0.002546459428810266
0.002546459428810266
0.002546459428810266
0.002546459428810266
0.002528091848358116
0.002528091848358116
0.002472559595808832
0.002472559595808832
0.002472559595808832
0.002472559595808832
0.002472559595808832
0.0024214135438249684
0.0021838127557494147
0.0021838127557494147
0.0021838127557494147
0.0021838127557494147
0.0021838127557494147
0.0021838127557494147
0.0021838127557494147
0.0021838127557494147
0.0021838127557494147
0.0021838127557494147
0.0021838127557494147
0.0021838127557494147
0.00213895133357056
0.00213895133357056
0.00213895133357056
0.00213895133357056
0.00213895133357056
0.00213895133357056
0.00213895133357056
0.00213895133357056
0.00213895133357056
0.00213895133357056
0.00213895133357056
0.00213895133357056
0.0021077374994469267
0.0021077374994469267
0.0020605086856342325
0.0020605086856342325
0.0020605086856342325
0.0020236928578079016
0.0020236928578079016
0.0019977948143932167
0.0019977948143932167
0.0019299124995164618
0.0019299124995164618
0.0019299124995164618
0.0019299124995164618
0.0019299124995164618
0.0019299124995164618
0.001764617740668939
0.001764617740668939
0.0015841924861774714
0.0015841924861774714
0.0015841924861774714
0.0015841924861774714
0.0015841924861774714
0.0015841924861774714
0.0015841924861774714
0.0015841924861774714
0.0015841924861774714
0.0015590036879906677
0.0015590036879906677
0.0015590036879906677
0.0014850047460477356
0.0014850047460477356
0.0014850047460477356
0.0014850047460477356
0.0014811031456396506
0.0014811031456396506
0.0014811031456396506
0.0014811031456396506
0.0014792325652734917
0.0014792325652734917
0.0014792325652734917
0.0014648861006030245
0.0014648861006030245
0.0014648861006030245
0.0014630870407508212
0.0014630870407508212
0.0014630870407508212
0.0014630870407508212
0.0014630870407508212
0.0013780555588134291
0.0013780555588134291
0.0013780555588134291
0.0013780555588134291
0.0013780555588134291
0.0013780555588134291
0.0013780555588134291
0.0013780555588134291
0.0013780555588134291
0.0013780555588134291
0.0013780555588134291
0.0013780555588134291
0.0013780555588134291
0.0011386951018117486
0.0011386951018117486
0.0011386951018117486
0.0011386951018117486
0.0011386951018117486
0.0011386951018117486
0.0011386951018117486
0.0011386951018117486
0.0011386951018117486
0.0011386951018117486
0.0011386951018117486
0.0011238619973887864
0.0011238619973887864
0.0011238619973887864
0.0011238619973887864
0.0011213477479969924
0.0010960511424045194
0.0010960511424045194
0.0010794003026148857
0.0010316341495837378
0.0008381256191114517
0.0008381256191114517
0.0008381256191114517
0.0008381256191114517
0.0008381256191114517
0.0008381256191114517
0.0008381256191114517
0.0008381256191114517
0.0008381256191114517
0.0008381256191114517
0.0008381256191114517
0.0008381256191114517
0.0008381256191114517
0.0008381256191114517
0.0008381256191114517
0.0008351360387912621
0.0008160270141210901
0.0007093649454610329
0.0007093649454610329
0.0007093649454610329
0.0007093649454610329
0.0007093649454610329
0.0007093649454610329
0.0007093649454610329
0.0007093649454610329
0.0007093649454610329
0.0007093649454610329
0.0007093649454610329
0.0007093649454610329
0.0007093649454610329
0.0007093649454610329
0.000652861060213894
0.000652861060213894
0.000652861060213894
0.000652861060213894
0.000652861060213894
0.000652861060213894
0.000652861060213894
0.000652861060213894
0.000652861060213894
0.000609784394473678
0.000609784394473678
0.000609784394473678
0.000609784394473678
0.000609784394473678
0.000609784394473678
0.000609784394473678
0.000609784394473678
0.000609784394473678
0.000609784394473678
0.0006039683837819609
0.0005894314911536469
0.0005894314911536469
0.0005770435500203064
0.0005607304034249694
0.0005607304034249694
0.0004564828425408507
0.0004564828425408507
0.0004564828425408507
0.0004564828425408507
0.0004564828425408507
0.0004564828425408507
0.0004176555926349579
0.0004176555926349579
0.0004176555926349579
0.0004176555926349579
