0.014708757400512695
0.014598846435546875
0.014606237411499023
0.014641761779785156
0.014658689498901367
0.014786243438720703
0.014582395553588867
0.015375614166259766
0.015061140060424805
0.014643669128417969
0.01462101936340332
0.014640331268310547
0.014574050903320312
0.014583587646484375
0.014696836471557617
0.014663219451904297
0.014638185501098633
0.014660835266113281
0.014686107635498047
0.014650821685791016
0.014636516571044922
0.014690399169921875
0.014739036560058594
0.014667510986328125
0.014643430709838867
0.014659404754638672
0.014638662338256836
0.014646530151367188
0.014635801315307617
0.014696121215820312
0.014727354049682617
0.014712810516357422
0.014599323272705078
0.014669656753540039
0.014713048934936523
0.014640092849731445
0.017278194427490234
0.01464223861694336
0.014670610427856445
0.014621973037719727
0.014552831649780273
0.01460719108581543
0.014687299728393555
0.014657258987426758
0.014693737030029297
0.014658451080322266
0.01466512680053711
0.014587163925170898
0.014633417129516602
0.014723777770996094
0.0146484375
0.014642477035522461
0.014588594436645508
0.014646768569946289
0.014656543731689453
0.014617681503295898
0.014701604843139648
0.014670133590698242
0.014723539352416992
0.014633417129516602
0.014618873596191406
0.01468515396118164
0.014615058898925781
0.014636039733886719
0.014558792114257812
0.01459813117980957
0.014632463455200195
0.014632940292358398
0.014623403549194336
0.014621973037719727
0.015277624130249023
0.014635324478149414
0.014670133590698242
0.014630556106567383
0.014628171920776367
0.014615535736083984
0.014643430709838867
0.014687061309814453
0.014696598052978516
0.014630317687988281
0.01461648941040039
0.014696121215820312
0.014674186706542969
0.015086889266967773
0.014590740203857422
0.014640092849731445
0.014714956283569336
0.014583587646484375
0.014595270156860352
0.014574766159057617
0.014535188674926758
0.014553308486938477
0.014585494995117188
0.014612436294555664
0.014605283737182617
0.014645099639892578
0.014709711074829102
0.014654397964477539
0.014676332473754883
0.014655113220214844
0.014656543731689453
0.014632463455200195
0.014634847640991211
0.014609575271606445
0.014576911926269531
0.014707803726196289
0.014583587646484375
0.014647483825683594
0.014626026153564453
0.014642477035522461
0.014613866806030273
0.014595270156860352
0.014648675918579102
0.014648199081420898
0.014593124389648438
0.014602184295654297
0.014647483825683594
0.014892101287841797
0.014652013778686523
0.015027284622192383
0.014653444290161133
0.014646768569946289
0.01461482048034668
0.014647245407104492
0.014605998992919922
0.01460409164428711
0.014580488204956055
0.014603614807128906
0.014665842056274414
0.014641284942626953
0.014618873596191406
0.014612197875976562
0.014604330062866211
0.014821052551269531
0.014665365219116211
0.014640331268310547
0.014677047729492188
0.014714717864990234
0.014577150344848633
0.014610528945922852
0.014667749404907227
0.014729976654052734
0.014593124389648438
0.014643192291259766
0.01459813117980957
0.014627218246459961
0.014567136764526367
0.014598608016967773
0.014650821685791016
0.014611244201660156
0.014586687088012695
0.014546394348144531
0.014609336853027344
0.014571666717529297
0.015233755111694336
0.014629602432250977
0.014591693878173828
0.014678239822387695
0.014623641967773438
0.014646291732788086
0.01462244987487793
0.014599800109863281
0.01457357406616211
0.014657735824584961
0.014662981033325195
0.014671087265014648
0.0146331787109375
0.014666080474853516
0.014683246612548828
0.014677762985229492
0.01535177230834961
0.015320777893066406
0.015353202819824219
0.01480865478515625
0.014618158340454102
0.014625072479248047
0.01465916633605957
0.01455378532409668
0.015456676483154297
0.01624274253845215
0.017246246337890625
0.017210960388183594
0.01499319076538086
0.015969514846801758
0.014659643173217773
0.01463007926940918
0.014600753784179688
0.014697790145874023
0.015608072280883789
0.016880273818969727
0.016202688217163086
0.014693260192871094
0.014748811721801758
0.014816045761108398
0.014724254608154297
0.014643669128417969
0.014615774154663086
0.014673471450805664
0.015157938003540039
0.015106678009033203
0.01475381851196289
0.014591217041015625
0.01463174819946289
0.014663219451904297
0.014663457870483398
0.014651775360107422
0.014611482620239258
0.014635562896728516
0.014582395553588867
0.014612197875976562
0.014663934707641602
0.014581441879272461
0.014598846435546875
0.014669656753540039
0.014620065689086914
0.014618158340454102
0.014566183090209961
0.014604568481445312
0.014640092849731445
0.014568805694580078
0.014543771743774414
0.014594793319702148
0.014579534530639648
0.014505386352539062
0.014925003051757812
0.014636754989624023
0.01453542709350586
0.014603614807128906
0.014559268951416016
0.014580965042114258
0.014583349227905273
0.014577865600585938
0.014603614807128906
0.014523744583129883
0.014635324478149414
0.014875650405883789
0.01458430290222168
0.014636754989624023
0.014616966247558594
0.01466989517211914
0.014596223831176758
0.014618873596191406
0.014623880386352539
0.014567852020263672
0.014576196670532227
0.014590024948120117
0.014636993408203125
0.01452946662902832
0.014570474624633789
0.0146026611328125
0.014581441879272461
0.014573812484741211
0.015324831008911133
0.01525568962097168
0.015316486358642578
0.015343666076660156
0.015652894973754883
0.01605987548828125
0.015146017074584961
0.01460409164428711
0.014646053314208984
0.014631509780883789
0.014792680740356445
0.015111923217773438
0.014550447463989258
0.014556169509887695
0.014598369598388672
0.014577388763427734
0.015101432800292969
0.014654159545898438
0.014644622802734375
0.014617681503295898
0.014693737030029297
0.01462697982788086
0.014648675918579102
0.014583349227905273
0.01459646224975586
0.014606475830078125
0.015166521072387695
0.015202522277832031
0.014670610427856445
0.014642477035522461
0.014581441879272461
0.014610528945922852
0.014635324478149414
0.01458287239074707
0.014648914337158203
0.014510869979858398
0.014520645141601562
0.01457834243774414
0.014526605606079102
0.014574050903320312
0.014681816101074219
0.014601707458496094
0.014584541320800781
0.014573335647583008
0.014570951461791992
0.014558553695678711
0.015229225158691406
0.014892339706420898
0.014586448669433594
0.014550209045410156
0.014631986618041992
0.01459503173828125
0.014671087265014648
0.014572858810424805
0.014609098434448242
0.01466989517211914
0.014663219451904297
0.014573097229003906
0.014579057693481445
0.014593362808227539
0.014588117599487305
0.014600515365600586
0.014616250991821289
0.014623641967773438
0.014680862426757812
0.014572858810424805
0.014644622802734375
0.014683246612548828
0.014616250991821289
0.014604330062866211
0.014595746994018555
0.014605045318603516
0.014600753784179688
0.014556407928466797
0.014589548110961914
0.014660120010375977
0.014643669128417969
0.014651298522949219
0.014707326889038086
0.014802932739257812
0.014668941497802734
0.014591693878173828
0.014614343643188477
0.015198945999145508
0.015594244003295898
0.014775753021240234
0.014580011367797852
0.01463627815246582
0.01461935043334961
0.014632225036621094
0.014599800109863281
0.014639616012573242
0.01459360122680664
0.014706611633300781
0.014609575271606445
0.014546632766723633
0.014481306076049805
0.01454019546508789
0.01460886001586914
0.014600038528442383
0.014512062072753906
0.014523744583129883
0.014565706253051758
0.014563560485839844
0.014538764953613281
0.015413045883178711
0.01587653160095215
0.01704883575439453
0.01725149154663086
0.016924142837524414
0.015372037887573242
0.015338659286499023
0.014615535736083984
0.01458740234375
0.014535903930664062
0.014535188674926758
0.01452493667602539
0.014542579650878906
0.014520406723022461
0.01728034019470215
0.018256187438964844
0.015283346176147461
0.014584064483642578
0.014584541320800781
0.014553070068359375
0.014507532119750977
0.014544963836669922
0.014684200286865234
0.014590263366699219
0.014602422714233398
0.014475822448730469
0.014324665069580078
0.01453089714050293
0.014522075653076172
0.014501333236694336
0.014482498168945312
0.014522552490234375
0.014517068862915039
0.01450347900390625
0.014456510543823242
0.014524698257446289
0.01452779769897461
0.014466047286987305
0.014490842819213867
0.014471292495727539
0.014579534530639648
0.01452779769897461
0.014511823654174805
0.014521360397338867
0.014543771743774414
0.01449728012084961
0.014510393142700195
0.014544010162353516
0.014518976211547852
0.016063451766967773
0.01706719398498535
0.014701366424560547
0.01595282554626465
0.014559268951416016
0.014533758163452148
0.016823291778564453
0.01708197593688965
0.016820669174194336
0.01459813117980957
0.014571428298950195
0.03064560890197754
0.014716863632202148
0.030664443969726562
0.03064751625061035
0.03063511848449707
0.030629396438598633
0.030714988708496094
0.030670881271362305
0.03470945358276367
0.03066420555114746
0.014644622802734375
0.014655113220214844
0.014733076095581055
0.014654159545898438
0.014691352844238281
0.014627218246459961
0.01462411880493164
0.01465153694152832
0.014640331268310547
0.014566421508789062
0.0146026611328125
0.014583826065063477
0.01458120346069336
0.014575004577636719
0.014594316482543945
0.014625310897827148
0.014665842056274414
0.015234708786010742
0.015081644058227539
0.014994621276855469
0.014611482620239258
0.014613151550292969
0.014599084854125977
0.014603853225708008
0.014599323272705078
0.014920711517333984
0.014609336853027344
0.014589071273803711
0.014636039733886719
0.014583826065063477
0.014586448669433594
0.014618396759033203
0.014595746994018555
0.014757156372070312
0.01461338996887207
0.014612436294555664
0.015232086181640625
0.015124320983886719
0.014858007431030273
0.014626741409301758
0.014806270599365234
0.014667749404907227
0.014626502990722656
0.01468205451965332
0.014621734619140625
0.014550924301147461
0.014546394348144531
0.014627456665039062
0.014621973037719727
0.014556169509887695
0.014582395553588867
0.014654874801635742
0.014588356018066406
0.014569759368896484
0.014629602432250977
0.014754295349121094
0.014736652374267578
0.014527559280395508
0.01447439193725586
0.014549016952514648
0.014558076858520508
0.015023946762084961
0.014606714248657227
0.0146331787109375
0.01461172103881836
0.014556884765625
0.014590263366699219
0.014563798904418945
0.014612913131713867
0.014694929122924805
0.014693498611450195
0.014593839645385742
0.016338825225830078
0.016722679138183594
0.01633906364440918
0.01486968994140625
0.015821456909179688
0.016147375106811523
0.015132427215576172
0.014732837677001953
0.014620542526245117
0.013407230377197266
0.015837430953979492
0.01762843132019043
0.015811443328857422
0.014675378799438477
0.014779806137084961
0.014585733413696289
0.014508485794067383
0.015928983688354492
0.01456308364868164
0.014542102813720703
0.01489114761352539
0.014588594436645508
0.01457357406616211
0.014654397964477539
0.016317367553710938
0.014957189559936523
0.014691591262817383
0.014722585678100586
0.014596939086914062
0.014600515365600586
0.014602899551391602
0.015169143676757812
0.014909029006958008
0.016453981399536133
0.014671802520751953
0.014583349227905273
0.014719009399414062
0.014703035354614258
0.01459813117980957
0.014603614807128906
0.014626502990722656
0.014602899551391602
0.016559123992919922
0.014848709106445312
0.014582633972167969
0.014612674713134766
0.014570474624633789
0.014598369598388672
0.01466059684753418
0.015294075012207031
0.01499485969543457
0.015022516250610352
0.015154838562011719
0.014662027359008789
0.014567136764526367
0.014560461044311523
0.014572858810424805
0.014593362808227539
0.014526844024658203
0.014595508575439453
0.015430450439453125
0.014568567276000977
0.014549016952514648
0.014576196670532227
0.014548540115356445
0.014612197875976562
0.014621496200561523
0.014586210250854492
0.014575958251953125
0.014560461044311523
0.014556884765625
0.014576911926269531
0.014627695083618164
0.015113592147827148
0.015105247497558594
0.014986991882324219
0.014577388763427734
0.030542850494384766
0.030542612075805664
0.014473915100097656
0.014533042907714844
0.014509201049804688
0.014533758163452148
0.014521598815917969
0.014573812484741211
0.014611005783081055
0.030558347702026367
0.014600992202758789
0.014582157135009766
0.014601707458496094
0.014576196670532227
0.014580726623535156
0.014585018157958984
0.014585733413696289
0.014557600021362305
0.030612468719482422
0.014573097229003906
0.03063678741455078
0.030571460723876953
0.014604806900024414
0.014580011367797852
0.014556169509887695
0.014549732208251953
0.014604806900024414
0.014594793319702148
0.014574050903320312
0.014563798904418945
0.014630317687988281
0.014611482620239258
0.01455998420715332
0.014626026153564453
0.014594316482543945
0.01459360122680664
0.014579057693481445
0.0145416259765625
0.014593124389648438
0.014609336853027344
0.014609575271606445
0.014625787734985352
0.014801263809204102
0.014543533325195312
0.014538288116455078
0.014529943466186523
0.014612436294555664
0.01458597183227539
0.014553308486938477
0.014595508575439453
0.014599084854125977
0.014783143997192383
0.015136241912841797
0.014625787734985352
0.014620304107666016
0.014551401138305664
0.01456141471862793
0.014564275741577148
0.014562606811523438
0.01456308364868164
0.014583110809326172
0.014578104019165039
0.015253782272338867
0.015095233917236328
0.015115022659301758
0.015366554260253906
0.02997875213623047
0.014549016952514648
0.015237808227539062
0.015608072280883789
0.015282630920410156
0.01509404182434082
0.014848470687866211
0.014559268951416016
0.014555692672729492
0.014602184295654297
0.014650344848632812
0.014583587646484375
0.01450800895690918
0.014566898345947266
0.014592885971069336
0.014597415924072266
0.01453089714050293
0.014559268951416016
0.014593124389648438
0.014629602432250977
0.01524806022644043
0.014972686767578125
0.014569759368896484
0.014551639556884766
0.015206575393676758
0.015079259872436523
0.015050411224365234
0.014571905136108398
0.014545202255249023
0.014536857604980469
0.014587640762329102
0.01453399658203125
0.014507055282592773
0.014480113983154297
0.01456451416015625
0.014555692672729492
0.014566898345947266
0.01459360122680664
0.014574766159057617
0.014571666717529297
0.014551877975463867
0.014564990997314453
0.014732599258422852
0.014552116394042969
0.014599323272705078
0.01460123062133789
0.01461029052734375
0.01456141471862793
0.014572620391845703
0.014614343643188477
0.014567375183105469
0.01454925537109375
0.014543533325195312
0.01461029052734375
0.014577150344848633
0.014566898345947266
0.014528751373291016
0.01457524299621582
0.01456594467163086
0.014545917510986328
0.01453852653503418
0.014549970626831055
0.014508724212646484
0.014527082443237305
0.014502525329589844
0.014528512954711914
0.014556169509887695
0.014524459838867188
0.014518022537231445
0.014516353607177734
0.014518499374389648
0.014485359191894531
0.014538288116455078
0.014554500579833984
0.014537572860717773
0.014467000961303711
0.014515399932861328
0.014516830444335938
0.01449728012084961
0.014446735382080078
0.01768183708190918
0.015773534774780273
0.016138792037963867
0.01597428321838379
0.016023874282836914
0.014826059341430664
0.014791011810302734
0.014991283416748047
0.014835834503173828
0.014827966690063477
0.014719009399414062
0.014531850814819336
0.014576435089111328
0.014484167098999023
0.01450657844543457
0.01451730728149414
0.014603614807128906
0.014558792114257812
0.014580488204956055
0.014515876770019531
0.01459193229675293
0.014591455459594727
0.014551401138305664
0.014553308486938477
0.015105247497558594
0.014670372009277344
0.014508724212646484
0.014533281326293945
0.015156030654907227
0.015152454376220703
0.014504671096801758
0.014599323272705078
0.014591455459594727
0.014539241790771484
0.014477014541625977
0.014512062072753906
0.014495372772216797
0.014516353607177734
0.014496088027954102
0.014512062072753906
0.014494895935058594
0.014500141143798828
0.014634847640991211
0.014577150344848633
0.014525413513183594
0.014466285705566406
0.014883995056152344
0.014596939086914062
0.014512300491333008
0.01451253890991211
0.01493978500366211
0.015173196792602539
0.014536857604980469
0.01605510711669922
0.01455378532409668
0.015909910202026367
0.014562845230102539
0.014545202255249023
0.01457834243774414
0.014640092849731445
0.014557600021362305
0.014509439468383789
0.014545202255249023
0.014539718627929688
0.014572858810424805
0.014583826065063477
0.014577388763427734
0.014579296112060547
0.014549732208251953
0.014515399932861328
0.014595270156860352
0.014585494995117188
0.014530658721923828
0.014537334442138672
0.014537334442138672
0.014572381973266602
0.014523029327392578
0.014886617660522461
0.01469111442565918
0.014629840850830078
0.014549732208251953
0.014575004577636719
0.014579296112060547
0.014591217041015625
0.015265464782714844
0.015410661697387695
0.014777660369873047
0.014753580093383789
0.014675140380859375
0.014585494995117188
0.014555692672729492
0.014548540115356445
0.01454782485961914
0.014495134353637695
0.014501571655273438
0.01450037956237793
0.014673948287963867
0.014535903930664062
0.014554262161254883
0.014637231826782227
0.014531135559082031
0.014485359191894531
0.01451873779296875
0.014474153518676758
0.014467000961303711
0.014523029327392578
0.014574766159057617
0.014549732208251953
0.014516830444335938
0.014452457427978516
0.014544248580932617
0.01454925537109375
0.014517784118652344
0.014552593231201172
0.014561653137207031
0.01455068588256836
0.014503002166748047
0.014520406723022461
0.015131711959838867
0.01512908935546875
0.015919208526611328
0.017105579376220703
0.016304969787597656
0.01620197296142578
0.014660835266113281
0.014626026153564453
0.01484823226928711
0.015504121780395508
0.014585494995117188
0.014537572860717773
0.014579057693481445
0.01456308364868164
0.014566659927368164
0.01462554931640625
0.01460719108581543
0.01456904411315918
0.014603137969970703
0.014526605606079102
0.014517784118652344
0.014513015747070312
0.014556169509887695
0.014553308486938477
0.014530181884765625
0.014519929885864258
0.014527320861816406
0.014548778533935547
0.014582633972167969
0.015051841735839844
0.015091896057128906
0.01460719108581543
0.014538764953613281
0.014548063278198242
0.014606237411499023
0.014599323272705078
0.014566183090209961
0.014525175094604492
0.01452946662902832
0.014548540115356445
0.014525175094604492
0.014562845230102539
0.014507055282592773
0.014460086822509766
0.01450347900390625
0.014659881591796875
0.014560937881469727
0.015067815780639648
0.015318155288696289
0.014659881591796875
0.014526128768920898
0.015236616134643555
0.016086101531982422
0.0166933536529541
0.017086029052734375
0.01648688316345215
0.015249967575073242
0.016909122467041016
0.016336917877197266
0.01779317855834961
0.019763946533203125
0.01598644256591797
0.014847993850708008
0.014563798904418945
0.014546394348144531
0.014564990997314453
0.014574289321899414
0.014541387557983398
0.014548540115356445
0.014593124389648438
0.014600038528442383
0.015384912490844727
0.015337228775024414
0.014694690704345703
0.014603614807128906
0.014571666717529297
0.014609813690185547
0.014657735824584961
0.014585733413696289
0.014544963836669922
0.014547348022460938
0.014613628387451172
0.014604806900024414
0.014569520950317383
0.014587640762329102
0.014734506607055664
0.014809846878051758
0.014968633651733398
0.015175342559814453
0.014811515808105469
0.014502525329589844
0.014533281326293945
0.014607906341552734
0.014633655548095703
0.014595746994018555
0.014562606811523438
0.014553070068359375
0.01462864875793457
0.014613866806030273
0.01455998420715332
0.014523506164550781
0.015197515487670898
0.01509237289428711
0.01517939567565918
0.015333175659179688
0.015071392059326172
0.015189886093139648
0.015202045440673828
0.014915943145751953
0.015273332595825195
0.01530766487121582
0.01474308967590332
0.014528036117553711
0.015089273452758789
0.014629602432250977
0.015324115753173828
0.014559745788574219
0.014507532119750977
0.014536619186401367
0.014489889144897461
0.014544486999511719
0.014518260955810547
0.014451026916503906
0.014537811279296875
0.014839649200439453
0.014538288116455078
0.014568805694580078
0.014564275741577148
0.014605045318603516
0.014552831649780273
0.014819145202636719
0.016047239303588867
0.01744675636291504
0.016991615295410156
0.016303062438964844
0.01573014259338379
0.01560068130493164
0.014927148818969727
0.01482701301574707
0.014928340911865234
0.014803886413574219
0.01480245590209961
0.014525413513183594
0.014539480209350586
0.014543294906616211
0.01446390151977539
0.014595985412597656
0.014493703842163086
0.015648365020751953
0.014524221420288086
0.014561176300048828
0.014477252960205078
0.014490604400634766
0.014508724212646484
0.014518260955810547
0.014478206634521484
0.014495611190795898
0.014490604400634766
0.01447916030883789
0.014519214630126953
