0.004715681076049805
0.0047054290771484375
0.004729032516479492
0.004498958587646484
0.004619598388671875
0.004598855972290039
0.00451970100402832
0.004711627960205078
0.004848003387451172
0.004608869552612305
0.004713773727416992
0.0045206546783447266
0.004464864730834961
0.00454258918762207
0.0046231746673583984
0.0043926239013671875
0.004364013671875
0.004341602325439453
0.004346609115600586
0.004351139068603516
0.00534820556640625
0.00445866584777832
0.004376411437988281
0.004450798034667969
0.004375457763671875
0.004396915435791016
0.004593610763549805
0.0045928955078125
0.004445552825927734
0.004488945007324219
0.00457000732421875
0.004472255706787109
0.00448298454284668
0.0043718814849853516
0.004380464553833008
0.004427194595336914
0.004393339157104492
0.004367828369140625
0.00434112548828125
0.0043792724609375
0.004427433013916016
0.004353046417236328
0.004523515701293945
0.004948139190673828
0.004420757293701172
0.0043697357177734375
0.004349231719970703
0.004449367523193359
0.004421710968017578
0.004395008087158203
0.004514932632446289
0.0044214725494384766
0.0044612884521484375
0.004926204681396484
0.0044078826904296875
0.0045320987701416016
0.0047016143798828125
0.004548072814941406
0.004483699798583984
0.004852294921875
0.004507303237915039
0.004511117935180664
0.004740476608276367
0.004439353942871094
0.004442930221557617
0.004801034927368164
0.00439906120300293
0.00461578369140625
0.005377769470214844
0.004358530044555664
0.004326581954956055
0.004344463348388672
0.004438877105712891
0.0043599605560302734
0.004332780838012695
0.004372358322143555
0.00441431999206543
0.00436854362487793
0.004561662673950195
0.004431724548339844
0.004346132278442383
0.004529714584350586
0.004334449768066406
0.004378795623779297
0.004492282867431641
0.004391670227050781
0.0043735504150390625
0.004556894302368164
0.004431009292602539
0.0043773651123046875
0.004495859146118164
0.004427909851074219
0.004343509674072266
0.00446009635925293
0.00446319580078125
0.004462480545043945
0.004385232925415039
0.004525661468505859
0.004405975341796875
0.004536628723144531
0.00447392463684082
0.004494428634643555
0.00435185432434082
0.004503011703491211
0.00442957878112793
0.004473209381103516
0.004349231719970703
0.004323005676269531
0.004377126693725586
0.004380702972412109
0.004481315612792969
0.004334211349487305
0.004333972930908203
0.0043277740478515625
0.004338979721069336
0.00434112548828125
0.004322052001953125
0.004357337951660156
0.004347801208496094
0.004334926605224609
0.004323244094848633
0.004341602325439453
0.004316806793212891
0.004317522048950195
0.004351377487182617
0.0043315887451171875
0.004349470138549805
0.0043354034423828125
0.004329204559326172
0.004354238510131836
0.004396915435791016
0.0044956207275390625
0.004397869110107422
0.0044612884521484375
0.004398345947265625
0.0043659210205078125
0.004507780075073242
0.0045201778411865234
0.004350423812866211
0.004555702209472656
0.004402875900268555
0.004449367523193359
0.004353523254394531
0.004370927810668945
0.004345417022705078
0.004337787628173828
0.0043528079986572266
0.004346132278442383
0.004388093948364258
0.0044744014739990234
0.004398822784423828
0.004417896270751953
0.004520416259765625
0.004421710968017578
0.004360675811767578
0.004456043243408203
0.004500627517700195
0.004431247711181641
0.004540205001831055
0.004406452178955078
0.0043582916259765625
0.0044591426849365234
0.004523038864135742
0.004405498504638672
0.004460334777832031
0.004431724548339844
0.004365205764770508
0.0044672489166259766
0.004608631134033203
0.0043942928314208984
0.004382133483886719
0.0045163631439208984
0.004403114318847656
0.0043904781341552734
0.004617452621459961
0.00439453125
0.004392385482788086
0.004456520080566406
0.004405498504638672
0.00439763069152832
0.004616737365722656
0.004475593566894531
0.004407644271850586
0.004468202590942383
0.0044286251068115234
0.004380464553833008
0.0045871734619140625
0.004433631896972656
0.004361152648925781
0.004454612731933594
0.00455474853515625
0.004359722137451172
0.004508018493652344
0.00434565544128418
0.004347324371337891
0.004328489303588867
0.004360675811767578
0.004359722137451172
0.00439143180847168
0.004362583160400391
0.004342317581176758
0.004341602325439453
0.004354238510131836
0.004324913024902344
0.004348039627075195
0.004353761672973633
0.0043413639068603516
0.004325151443481445
0.0043332576751708984
0.0045850276947021484
0.004489421844482422
0.0044329166412353516
0.004518032073974609
0.004416942596435547
0.004372835159301758
0.00443267822265625
0.00446009635925293
0.0043811798095703125
0.004332542419433594
0.00446772575378418
0.0043375492095947266
0.0043489933013916016
0.004385471343994141
0.004318952560424805
0.004333019256591797
0.0043487548828125
0.004336833953857422
0.004331111907958984
0.004323244094848633
0.004317045211791992
0.004316568374633789
0.004328727722167969
0.004338502883911133
0.004351377487182617
0.004362821578979492
0.004323244094848633
0.004339456558227539
0.004338741302490234
0.0043506622314453125
0.004326343536376953
0.004330873489379883
0.004555225372314453
0.004496097564697266
0.004410982131958008
0.004357576370239258
0.004873514175415039
0.004824161529541016
0.005089521408081055
0.004316568374633789
0.0043392181396484375
0.004433155059814453
0.004736661911010742
0.004484653472900391
0.004696846008300781
0.004755973815917969
0.004675865173339844
0.004396915435791016
0.004484891891479492
0.004460811614990234
0.004631757736206055
0.004624128341674805
0.004424571990966797
0.00440216064453125
0.004464864730834961
0.004446268081665039
0.004546403884887695
0.0043582916259765625
0.0044689178466796875
0.004378080368041992
0.004452228546142578
0.004508256912231445
0.004523515701293945
0.004389286041259766
0.004366874694824219
0.004438161849975586
0.004390716552734375
0.0044019222259521484
0.004656791687011719
0.0046198368072509766
0.004456281661987305
0.004431724548339844
0.004317283630371094
0.004349470138549805
0.004445791244506836
0.004350423812866211
0.004355907440185547
0.0043888092041015625
0.00437474250793457
0.0044629573822021484
0.004384279251098633
0.004374265670776367
0.004509449005126953
0.004348278045654297
0.0043942928314208984
0.004336833953857422
0.004405498504638672
0.004332065582275391
0.0043375492095947266
0.0044171810150146484
0.00433802604675293
0.004331350326538086
0.004327535629272461
0.004331350326538086
0.004304409027099609
0.00432133674621582
0.004347562789916992
0.004343509674072266
0.004418373107910156
0.004355669021606445
0.0050241947174072266
0.004355192184448242
0.00433659553527832
0.004328727722167969
0.0043218135833740234
0.004331350326538086
0.004373788833618164
0.0043201446533203125
0.004335880279541016
0.004327297210693359
0.004355907440185547
0.004358768463134766
0.004328489303588867
0.004346132278442383
0.004324674606323242
0.004376411437988281
0.004400730133056641
0.004431247711181641
0.004333972930908203
0.004343986511230469
0.0043408870697021484
0.004354953765869141
0.004353046417236328
0.004385709762573242
0.0043735504150390625
0.004439830780029297
0.004348278045654297
0.004349231719970703
0.004374027252197266
0.004379987716674805
0.00437474250793457
0.004354000091552734
0.004398822784423828
0.0043981075286865234
0.00435638427734375
0.004361629486083984
0.00436091423034668
0.004350900650024414
0.004349708557128906
0.004353761672973633
0.004347324371337891
0.004357576370239258
0.004362344741821289
0.004368305206298828
0.004355669021606445
0.00434112548828125
0.0043792724609375
0.004366874694824219
0.00435328483581543
0.004361152648925781
0.00435328483581543
0.0043337345123291016
0.004688262939453125
0.004479408264160156
0.004464387893676758
0.004628419876098633
0.004503011703491211
0.00453495979309082
0.004572629928588867
0.004488945007324219
0.004443168640136719
0.004622220993041992
0.004501819610595703
0.004524707794189453
0.004334688186645508
0.004337310791015625
0.004337787628173828
0.004342555999755859
0.004388093948364258
0.00438690185546875
0.0037980079650878906
0.00434422492980957
0.00432586669921875
0.004358530044555664
0.0043582916259765625
0.00433802604675293
0.0043218135833740234
0.004401683807373047
0.020361900329589844
0.004484653472900391
0.004491329193115234
0.004400491714477539
0.004317045211791992
0.00433349609375
0.004328727722167969
0.00431370735168457
0.004316568374633789
0.004339694976806641
0.004328727722167969
0.00432276725769043
0.00434112548828125
0.004331111907958984
0.00436711311340332
0.0043773651123046875
0.004465818405151367
0.004409313201904297
0.004380226135253906
0.004798173904418945
0.004338979721069336
0.004372119903564453
0.004367828369140625
0.0043637752532958984
0.004372119903564453
0.004324197769165039
0.00431513786315918
0.004350185394287109
0.004302978515625
0.0043582916259765625
0.004387855529785156
0.0043451786041259766
0.004566192626953125
0.005026340484619141
0.004380464553833008
0.004357337951660156
0.004315853118896484
0.004328012466430664
0.004333972930908203
0.00433349609375
0.004379987716674805
0.0044748783111572266
0.004408836364746094
0.004410505294799805
0.0043697357177734375
0.004558086395263672
0.004458904266357422
0.004422187805175781
0.004342079162597656
0.00436091423034668
0.0043294429779052734
0.004366874694824219
0.004346132278442383
0.0043299198150634766
0.004317522048950195
0.004369258880615234
0.0043447017669677734
0.004353761672973633
0.004358768463134766
0.004346132278442383
0.00438237190246582
0.004336118698120117
0.004406929016113281
0.004345893859863281
0.0043430328369140625
0.004346132278442383
0.0043637752532958984
0.004334211349487305
0.004341840744018555
0.004326581954956055
0.004404544830322266
0.004360198974609375
0.004341602325439453
0.004359006881713867
0.00434112548828125
0.004361867904663086
0.004368305206298828
0.0044345855712890625
0.004353761672973633
0.00438690185546875
0.004343509674072266
0.004361867904663086
0.004358053207397461
0.0043337345123291016
0.004377603530883789
0.004368305206298828
0.004351377487182617
0.004378318786621094
0.004368782043457031
0.004343986511230469
0.00438380241394043
0.0043642520904541016
0.0043413639068603516
0.004349470138549805
0.004384517669677734
0.004395961761474609
0.004363536834716797
0.004353046417236328
0.004353761672973633
0.00484013557434082
0.004410266876220703
0.004532337188720703
0.0048639774322509766
0.004580020904541016
0.004450798034667969
0.004401445388793945
0.00441431999206543
0.004366636276245117
0.0046384334564208984
0.0044405460357666016
0.004587888717651367
0.0045318603515625
0.004419088363647461
0.004366636276245117
0.004541635513305664
0.004326581954956055
0.004330158233642578
0.0043413639068603516
0.004410266876220703
0.00437164306640625
0.004614353179931641
0.004418373107910156
0.004450082778930664
0.00464630126953125
0.004373073577880859
0.004397869110107422
0.004387855529785156
0.00434565544128418
0.004337310791015625
0.004326343536376953
0.0043184757232666016
0.004309654235839844
0.00432586669921875
0.004427194595336914
0.004346609115600586
0.00433039665222168
0.0043299198150634766
0.004390716552734375
0.004728794097900391
0.0044972896575927734
0.004369497299194336
0.00437164306640625
0.004376411437988281
0.004480838775634766
0.004402637481689453
0.004402637481689453
0.004572391510009766
0.004338741302490234
0.00435185432434082
0.004367351531982422
0.00435328483581543
0.0043354034423828125
0.004358530044555664
0.0043413639068603516
0.004333019256591797
0.004347085952758789
0.004372119903564453
0.004354715347290039
0.004415273666381836
0.004324674606323242
0.004414558410644531
0.004360198974609375
0.004350900650024414
0.0043447017669677734
0.004378318786621094
0.004353523254394531
0.004374265670776367
0.004323005676269531
0.004377126693725586
0.004361152648925781
0.0043904781341552734
0.004447221755981445
0.004378318786621094
0.004378557205200195
0.004380941390991211
0.004426479339599609
0.004363536834716797
0.004395008087158203
0.004326343536376953
0.004326343536376953
0.0043375492095947266
0.004331111907958984
0.004302501678466797
0.004317045211791992
0.004364013671875
0.004305601119995117
0.004328489303588867
0.004332304000854492
0.004316806793212891
0.004328489303588867
0.004288911819458008
0.004381895065307617
0.004311323165893555
0.0043070316314697266
0.0043027400970458984
0.004321575164794922
0.004340171813964844
0.00439763069152832
0.004325151443481445
0.004319429397583008
0.0043487548828125
0.004338264465332031
0.004325151443481445
0.004307270050048828
0.0043561458587646484
0.004316806793212891
0.004313945770263672
0.0043370723724365234
0.004317522048950195
0.004348278045654297
0.004364967346191406
0.0043430328369140625
0.004347324371337891
0.004381895065307617
0.0043566226959228516
0.0043408870697021484
0.004325151443481445
0.0043811798095703125
0.004324674606323242
0.0043163299560546875
0.004324913024902344
0.004328012466430664
0.004329681396484375
0.004317760467529297
0.0043375492095947266
0.004335880279541016
0.004359722137451172
0.00434112548828125
0.004320859909057617
0.0043294429779052734
0.004312992095947266
0.004489898681640625
0.004404783248901367
0.004371166229248047
0.004367828369140625
0.004473209381103516
0.0045032501220703125
0.0044176578521728516
0.0043637752532958984
0.0043201446533203125
0.0043375492095947266
0.004335641860961914
0.004393100738525391
0.00434422492980957
0.004348278045654297
0.004419803619384766
0.0043566226959228516
0.004542350769042969
0.004603385925292969
0.004369258880615234
0.00442814826965332
0.0044100284576416016
0.004384517669677734
0.004380702972412109
0.004372835159301758
0.004405021667480469
0.004348278045654297
0.004333972930908203
0.004369497299194336
0.004363298416137695
0.0043849945068359375
0.004378318786621094
0.004352092742919922
0.0043408870697021484
0.004338264465332031
0.0043506622314453125
0.00435185432434082
0.004342317581176758
0.004377603530883789
0.0043430328369140625
0.004327058792114258
0.004372119903564453
0.004352569580078125
0.0043985843658447266
0.0044438838958740234
0.004351615905761719
0.004361391067504883
0.004347085952758789
0.004334926605224609
0.004350423812866211
0.004477739334106445
0.004510641098022461
0.004410743713378906
0.004506826400756836
0.00440669059753418
0.0044171810150146484
0.0044062137603759766
0.004574775695800781
0.004408121109008789
0.004416704177856445
0.004395723342895508
0.0044443607330322266
0.004395246505737305
0.004495382308959961
0.004472494125366211
0.00444483757019043
0.004349708557128906
0.0043828487396240234
0.004337310791015625
0.004403591156005859
0.00433659553527832
0.004321098327636719
0.004311800003051758
0.0043239593505859375
0.00432276725769043
0.004336357116699219
0.004361629486083984
0.004322052001953125
0.004347562789916992
0.0043201446533203125
0.004308223724365234
0.004301309585571289
0.004384279251098633
0.004323482513427734
0.0043239593505859375
0.004321098327636719
0.004327297210693359
0.004305124282836914
0.004319190979003906
0.004368782043457031
0.004338264465332031
0.0043218135833740234
0.004328012466430664
0.0043430328369140625
0.004354000091552734
0.00440216064453125
0.00431513786315918
0.004350423812866211
0.004377603530883789
0.004298686981201172
0.004305362701416016
0.004339456558227539
0.004361391067504883
0.004815101623535156
0.004426002502441406
0.004970550537109375
0.004450559616088867
0.004848957061767578
0.004824399948120117
0.0043811798095703125
0.004395723342895508
0.0050792694091796875
0.004667758941650391
0.005071878433227539
0.0050811767578125
0.004683256149291992
0.004765748977661133
0.005064249038696289
0.005362987518310547
0.004697322845458984
0.005087614059448242
0.004712343215942383
0.004704475402832031
0.00503993034362793
0.0050487518310546875
0.0047070980072021484
0.005066871643066406
0.004704713821411133
0.00470733642578125
0.004731416702270508
0.0047185420989990234
0.004740238189697266
0.004704713821411133
0.005087614059448242
0.004424095153808594
0.004424333572387695
0.004578351974487305
0.00441741943359375
0.004433155059814453
0.004454135894775391
0.004517793655395508
0.004452943801879883
0.004845380783081055
0.004579305648803711
0.004431009292602539
0.0043489933013916016
0.004407167434692383
0.004482746124267578
0.0045931339263916016
0.004420280456542969
0.004535198211669922
0.00440526008605957
0.004385232925415039
0.00441431999206543
0.004331350326538086
0.004326343536376953
0.004367828369140625
0.0043506622314453125
0.004334688186645508
0.004347324371337891
0.004383563995361328
0.004338502883911133
0.004330635070800781
0.004329681396484375
0.004323244094848633
0.00451207160949707
0.004347324371337891
0.004684925079345703
0.004407644271850586
0.004491329193115234
0.00441741943359375
0.004789829254150391
0.004396200180053711
0.005207538604736328
0.004715681076049805
0.004679203033447266
0.005031585693359375
0.0047321319580078125
0.005019664764404297
0.005204200744628906
0.004726886749267578
0.004728078842163086
0.00507664680480957
0.00441288948059082
0.004530429840087891
0.004984855651855469
0.004424095153808594
0.00438237190246582
0.004459381103515625
0.004374504089355469
0.004461765289306641
0.004354715347290039
0.004342794418334961
0.004354953765869141
0.004351139068603516
0.004419803619384766
0.004967689514160156
0.004505634307861328
0.004984140396118164
0.004590034484863281
0.004579782485961914
0.004702091217041016
0.004359006881713867
0.004340410232543945
0.004336357116699219
0.004401445388793945
0.0044708251953125
0.00461888313293457
0.004595279693603516
0.0043849945068359375
0.004336118698120117
0.004698514938354492
0.004336118698120117
0.0043261051177978516
0.004353046417236328
0.004304170608520508
0.004317522048950195
0.004331827163696289
0.004328012466430664
0.004336833953857422
0.004346609115600586
0.004379749298095703
0.004327297210693359
0.004320859909057617
0.004347801208496094
0.004339933395385742
0.004313230514526367
0.004293203353881836
0.00433039665222168
0.004338264465332031
0.004344940185546875
0.00434422492980957
0.004347324371337891
0.004321098327636719
0.004332542419433594
0.0043544769287109375
0.004339456558227539
0.004339694976806641
0.004326581954956055
0.004331350326538086
0.0043299198150634766
0.0043218135833740234
0.004311323165893555
0.004347801208496094
0.004338741302490234
0.004324197769165039
0.004309415817260742
0.004330635070800781
0.0043277740478515625
0.004345893859863281
0.004395484924316406
0.004328727722167969
0.004303455352783203
0.0043315887451171875
0.0045642852783203125
0.004560947418212891
0.004434347152709961
0.0045397281646728516
0.004442453384399414
0.004557609558105469
0.0045223236083984375
0.004489421844482422
0.004472494125366211
0.0044786930084228516
0.004416227340698242
0.004449367523193359
0.00468754768371582
0.004405021667480469
0.004364013671875
0.0045909881591796875
0.0043849945068359375
0.004361629486083984
0.004509449005126953
0.004522800445556641
0.0043871402740478516
0.004349231719970703
0.004469156265258789
0.0043981075286865234
0.0044786930084228516
0.004478931427001953
0.0044803619384765625
0.004374980926513672
0.004451751708984375
0.0044710636138916016
0.00470280647277832
0.004494428634643555
0.004391193389892578
0.004364728927612305
0.004441738128662109
0.004381895065307617
0.004571437835693359
0.004563331604003906
0.0044705867767333984
0.004350185394287109
0.004343986511230469
0.004428863525390625
0.004491567611694336
0.004552364349365234
0.00438237190246582
0.004313230514526367
0.004345417022705078
0.0040569305419921875
0.004414081573486328
0.0043315887451171875
0.0043201446533203125
0.004366159439086914
0.004309654235839844
0.0043413639068603516
0.004338979721069336
0.004396915435791016
0.004354238510131836
0.004319190979003906
0.0043065547943115234
0.004353761672973633
0.004324436187744141
0.004348039627075195
0.004354953765869141
0.0043451786041259766
0.004342079162597656
0.004332304000854492
0.004340171813964844
0.004368782043457031
0.004498720169067383
0.004754304885864258
0.005022287368774414
0.0047435760498046875
0.004729032516479492
0.00536799430847168
0.004703998565673828
0.004309415817260742
0.004339456558227539
0.004339456558227539
0.0043222904205322266
0.004328012466430664
0.0043337345123291016
0.00437164306640625
0.004557132720947266
0.004326581954956055
0.00434565544128418
0.004328727722167969
0.004332304000854492
0.0043261051177978516
0.0043299198150634766
0.00434112548828125
0.004340648651123047
0.004422664642333984
0.004877567291259766
0.004489898681640625
0.004403591156005859
0.004445552825927734
0.004412174224853516
0.00439143180847168
0.0043871402740478516
0.004475831985473633
0.004403114318847656
0.004308938980102539
0.004327297210693359
0.004408836364746094
0.004345417022705078
0.0044002532958984375
0.004347324371337891
0.004328250885009766
0.00441288948059082
0.004357099533081055
0.004345893859863281
0.005056619644165039
0.004351377487182617
0.004401683807373047
0.0043523311614990234
0.004568815231323242
0.00446009635925293
0.004985332489013672
0.004948139190673828
0.004689931869506836
0.004663944244384766
0.0046803951263427734
0.004677534103393555
0.005015373229980469
0.0043354034423828125
0.00430607795715332
0.004323482513427734
0.00432276725769043
0.0043048858642578125
