0.0030019283294677734
0.002855539321899414
0.002965211868286133
0.002858400344848633
0.002886533737182617
0.002788066864013672
0.002833843231201172
0.002877950668334961
0.0029327869415283203
0.0029287338256835938
0.0030193328857421875
0.002958059310913086
0.0029671192169189453
0.0029311180114746094
0.0029380321502685547
0.002931356430053711
0.002939939498901367
0.0029401779174804688
0.0029227733612060547
0.003023386001586914
0.0030531883239746094
0.0029282569885253906
0.0029311180114746094
0.0029408931732177734
0.003041982650756836
0.0029573440551757812
0.002893209457397461
0.003056764602661133
0.0029778480529785156
0.0029687881469726562
0.0028076171875
0.002928495407104492
0.002888917922973633
0.003020048141479492
0.002834796905517578
0.002997159957885742
0.0029251575469970703
0.002881765365600586
0.0028066635131835938
0.003051280975341797
0.002897500991821289
0.0028810501098632812
0.0029065608978271484
0.003031492233276367
0.002938508987426758
0.002946138381958008
0.002946138381958008
0.0029523372650146484
0.0030341148376464844
0.0029337406158447266
0.002950906753540039
0.0029306411743164062
0.003009319305419922
0.0029845237731933594
0.0029518604278564453
0.0029456615447998047
0.0029609203338623047
0.002953767776489258
0.002930879592895508
0.002938508987426758
0.0030994415283203125
0.002924203872680664
0.0030443668365478516
0.002988100051879883
0.002927064895629883
0.0029277801513671875
0.003002166748046875
0.0029494762420654297
0.002909421920776367
0.003016233444213867
0.002930164337158203
0.002838611602783203
0.002879619598388672
0.002939462661743164
0.0030317306518554688
0.002878904342651367
0.002915620803833008
0.002916574478149414
0.002932310104370117
0.002910137176513672
0.0028421878814697266
0.0029315948486328125
0.0029518604278564453
0.002897024154663086
0.0028772354125976562
0.002941608428955078
0.0029180049896240234
0.0028922557830810547
0.0028755664825439453
0.0028290748596191406
0.002875804901123047
0.0028371810913085938
0.002803325653076172
0.002936124801635742
0.002938985824584961
0.002802610397338867
0.0028579235076904297
0.0028014183044433594
0.002843141555786133
0.0029478073120117188
0.0029468536376953125
0.002946615219116211
0.0030176639556884766
0.0029435157775878906
0.0028467178344726562
0.002928018569946289
0.0029871463775634766
0.002743244171142578
0.002810239791870117
0.002923250198364258
0.0028781890869140625
0.0028710365295410156
0.002920389175415039
0.0028657913208007812
0.0028657913208007812
0.002807140350341797
0.002835988998413086
0.002881765365600586
0.002977132797241211
0.002833127975463867
0.002920866012573242
0.0028727054595947266
0.002834796905517578
0.0028977394104003906
0.0029273033142089844
0.002919912338256836
0.002977132797241211
0.0030503273010253906
0.0029282569885253906
0.002901792526245117
0.0029022693634033203
0.0028433799743652344
0.0028312206268310547
0.0029468536376953125
0.0028655529022216797
0.002894163131713867
0.0028514862060546875
0.0028738975524902344
0.0028333663940429688
0.0028150081634521484
0.002833843231201172
0.0028581619262695312
0.002813577651977539
0.0028455257415771484
0.0028467178344726562
0.0027985572814941406
0.002827882766723633
0.0028536319732666016
0.002869844436645508
0.002797365188598633
0.002822399139404297
0.0028145313262939453
0.0028543472290039062
0.0028705596923828125
0.0029325485229492188
0.0029070377349853516
0.0028371810913085938
0.002819538116455078
0.0028755664825439453
0.0027937889099121094
0.0028820037841796875
0.0029420852661132812
0.002934694290161133
0.002878904342651367
0.002749204635620117
0.0028009414672851562
0.0028502941131591797
0.0028743743896484375
0.002743959426879883
0.002861499786376953
0.0027403831481933594
0.0028069019317626953
0.002833843231201172
0.0027418136596679688
0.0027666091918945312
0.00276947021484375
0.0028057098388671875
0.0028269290924072266
0.0028371810913085938
0.0027475357055664062
0.0027551651000976562
0.0027604103088378906
0.002808809280395508
0.0027360916137695312
0.002760171890258789
0.002817392349243164
0.0028405189514160156
0.0028603076934814453
0.0028994083404541016
0.0028464794158935547
0.002739429473876953
0.002791166305541992
0.002853870391845703
0.0027494430541992188
0.00275421142578125
0.002911806106567383
0.0027494430541992188
0.002874612808227539
0.0028030872344970703
0.0028531551361083984
0.002771615982055664
0.0027894973754882812
0.002725839614868164
0.0028388500213623047
0.002894878387451172
0.002850770950317383
0.002850055694580078
0.0028264522552490234
0.002750873565673828
0.002762317657470703
0.002864360809326172
0.0027976036071777344
0.0028328895568847656
0.002794027328491211
0.002868175506591797
0.002855539321899414
0.002877473831176758
0.002782583236694336
0.002839326858520508
0.0027539730072021484
0.002784252166748047
0.0028684139251708984
0.002856731414794922
0.0028426647186279297
0.0028433799743652344
0.0028798580169677734
0.002849102020263672
0.002913236618041992
0.0028417110443115234
0.0028765201568603516
0.002888202667236328
0.002894163131713867
0.0028617382049560547
0.0028815269470214844
0.002817869186401367
0.002834320068359375
0.0029478073120117188
0.002864837646484375
0.0029833316802978516
0.002829313278198242
0.002907991409301758
0.0028557777404785156
0.0028281211853027344
0.002862691879272461
0.0028290748596191406
0.002843618392944336
0.002832174301147461
0.0028269290924072266
0.002860546112060547
0.002851247787475586
0.0027968883514404297
0.0029449462890625
0.0028505325317382812
0.002803802490234375
0.0028214454650878906
0.0028870105743408203
0.0028755664825439453
0.0028226375579833984
0.0028536319732666016
0.0028777122497558594
0.0027976036071777344
0.002844572067260742
0.0028438568115234375
0.0028896331787109375
0.0027985572814941406
0.0028514862060546875
0.0028426647186279297
0.002820253372192383
0.0028128623962402344
0.0029082298278808594
0.002929210662841797
0.002863168716430664
0.0029261112213134766
0.0029244422912597656
0.002953052520751953
0.0028548240661621094
0.002850770950317383
0.0029032230377197266
0.002857685089111328
0.002892732620239258
0.0036628246307373047
0.003327608108520508
0.0030257701873779297
0.003111600875854492
0.0032656192779541016
0.00302886962890625
0.0030329227447509766
0.002964019775390625
0.003056049346923828
0.0028939247131347656
0.002897024154663086
0.0029342174530029297
0.0028595924377441406
0.002831697463989258
0.002896547317504883
0.0029425621032714844
0.003006458282470703
0.0030202865600585938
0.0028994083404541016
0.0028638839721679688
0.0029447078704833984
0.0028679370880126953
0.0029494762420654297
0.002820253372192383
0.0028951168060302734
0.0028645992279052734
0.0028541088104248047
0.0028600692749023438
0.0028460025787353516
0.0028514862060546875
0.0028009414672851562
0.002868175506591797
0.002846240997314453
0.002879619598388672
0.002830028533935547
0.0028824806213378906
0.0029180049896240234
0.0028645992279052734
0.0028939247131347656
0.0028238296508789062
0.0028421878814697266
0.0028429031372070312
0.002942323684692383
0.002988100051879883
0.002791166305541992
0.0028200149536132812
0.0029158592224121094
0.002835512161254883
0.002847433090209961
0.002827882766723633
0.002895832061767578
0.002839326858520508
0.0028142929077148438
0.002886533737182617
0.0028269290924072266
0.0028235912322998047
0.0029697418212890625
0.0027959346771240234
0.0027930736541748047
0.0028820037841796875
0.002832174301147461
0.002881288528442383
0.0029854774475097656
0.0029306411743164062
0.0028581619262695312
0.0029113292694091797
0.0029036998748779297
0.003104686737060547
0.0028324127197265625
0.002924680709838867
0.002916097640991211
0.0028743743896484375
0.002819538116455078
0.002991914749145508
0.002856731414794922
0.002935171127319336
0.0027697086334228516
0.002949237823486328
0.002936124801635742
0.0029036998748779297
0.002858877182006836
0.0029587745666503906
0.002943754196166992
0.002978801727294922
0.003032207489013672
0.0029671192169189453
0.003008604049682617
0.0029344558715820312
0.002909421920776367
0.0029141902923583984
0.0030164718627929688
0.0028541088104248047
0.002958059310913086
0.0028007030487060547
0.0029401779174804688
0.002861499786376953
0.0029146671295166016
0.0028018951416015625
0.0028939247131347656
0.0028846263885498047
0.0029447078704833984
0.002821207046508789
0.0028944015502929688
0.002843141555786133
0.0028121471405029297
0.0028765201568603516
0.0028324127197265625
0.002819061279296875
0.002811908721923828
0.0028629302978515625
0.002839803695678711
0.0028493404388427734
0.0028228759765625
0.0028955936431884766
0.0028901100158691406
0.002918720245361328
0.002908468246459961
0.0030066967010498047
0.0029098987579345703
0.002981424331665039
0.003001689910888672
0.002877473831176758
0.002878904342651367
0.002903461456298828
0.002946138381958008
0.0029125213623046875
0.0028586387634277344
0.0027532577514648438
0.002845287322998047
0.002794504165649414
0.002851247787475586
0.0028076171875
0.0028831958770751953
0.002867460250854492
0.0031630992889404297
0.0028526782989501953
0.002901315689086914
0.0028786659240722656
0.0029342174530029297
0.0028285980224609375
0.002892732620239258
0.002923250198364258
0.0029268264770507812
0.0028798580169677734
0.002856016159057617
0.0029740333557128906
0.0028259754180908203
0.002796649932861328
0.002921581268310547
0.002836465835571289
0.0028693675994873047
0.0030372142791748047
0.002897024154663086
0.0028362274169921875
0.0029549598693847656
0.002806425094604492
0.002894163131713867
0.0030519962310791016
0.0028488636016845703
0.0030694007873535156
0.0030291080474853516
0.0030591487884521484
0.0029320716857910156
0.002877473831176758
0.0030219554901123047
0.0029230117797851562
0.0028839111328125
0.003014087677001953
0.0029075145721435547
0.003016948699951172
0.0030946731567382812
0.0029997825622558594
0.003070831298828125
0.0030510425567626953
0.003063678741455078
0.0032951831817626953
0.002990245819091797
0.003045320510864258
0.003080129623413086
0.0031638145446777344
0.0030150413513183594
0.003116130828857422
0.002946615219116211
0.0033528804779052734
0.003169536590576172
0.0034160614013671875
0.003554821014404297
0.0036067962646484375
0.003606081008911133
0.0035619735717773438
0.003414154052734375
0.003205537796020508
0.003460407257080078
0.0034780502319335938
0.0034410953521728516
0.0034301280975341797
0.0034444332122802734
0.003091573715209961
0.0030367374420166016
0.0031075477600097656
0.003093719482421875
0.0031430721282958984
0.0029404163360595703
0.0030527114868164062
0.0030968189239501953
0.0031633377075195312
0.003117084503173828
0.002862691879272461
0.003058195114135742
0.0030624866485595703
0.003165006637573242
0.002974987030029297
0.0029337406158447266
0.003227710723876953
0.0032591819763183594
0.002986431121826172
0.002937793731689453
0.002933979034423828
0.00305938720703125
0.003065347671508789
0.0029532909393310547
0.0028486251831054688
0.0030498504638671875
0.0030257701873779297
0.0029773712158203125
0.002873659133911133
0.002966165542602539
0.0030050277709960938
0.003001689910888672
0.002858877182006836
0.0028781890869140625
0.002964496612548828
0.003025054931640625
0.0027914047241210938
0.002848386764526367
0.0030074119567871094
0.003049612045288086
0.002791881561279297
0.002874612808227539
0.0030045509338378906
0.0030906200408935547
0.0027303695678710938
0.002858400344848633
0.0029439926147460938
0.002978801727294922
0.002678394317626953
0.003042936325073242
0.0028362274169921875
0.0029506683349609375
0.0028650760650634766
0.002942800521850586
0.0028171539306640625
0.002943277359008789
0.002745389938354492
0.0029659271240234375
0.0027990341186523438
0.002818584442138672
0.002870798110961914
0.002820730209350586
0.002856731414794922
0.0027980804443359375
0.0028977394104003906
0.0027763843536376953
0.002865314483642578
0.002798795700073242
0.002755403518676758
0.0027565956115722656
0.002793550491333008
0.002763032913208008
0.002840280532836914
0.0027687549591064453
0.0028333663940429688
0.00274658203125
0.0028634071350097656
0.0027170181274414062
0.002791881561279297
0.0028350353240966797
0.002822399139404297
0.002827882766723633
0.0027799606323242188
0.0028412342071533203
0.0028226375579833984
0.0027735233306884766
0.002774953842163086
0.002888202667236328
0.002756357192993164
0.002762317657470703
0.0028564929962158203
0.002752542495727539
0.0029098987579345703
0.0027120113372802734
0.002849578857421875
0.002820730209350586
0.00289154052734375
0.002802133560180664
0.002820730209350586
0.0028045177459716797
0.002791166305541992
0.002821683883666992
0.002740144729614258
0.002805948257446289
0.0027551651000976562
0.0027997493743896484
0.002682924270629883
0.0026693344116210938
0.002741098403930664
0.002818584442138672
0.0027620792388916016
0.0027556419372558594
0.0028066635131835938
0.0027480125427246094
0.0027399063110351562
0.0028111934661865234
0.0028183460235595703
0.002835988998413086
0.0028908252716064453
0.002790212631225586
0.0027980804443359375
0.0028274059295654297
0.0027337074279785156
0.0027952194213867188
0.002838611602783203
0.0027322769165039062
0.0028030872344970703
0.0028791427612304688
0.0028219223022460938
0.002828836441040039
0.002820730209350586
0.002803325653076172
0.002737760543823242
0.0028510093688964844
0.0028204917907714844
0.002871274948120117
0.0028231143951416016
0.0027740001678466797
0.002813577651977539
0.002758026123046875
0.002870798110961914
0.0028142929077148438
0.0028829574584960938
0.002819538116455078
0.002840757369995117
0.0029058456420898438
0.002725839614868164
0.002824068069458008
0.0027976036071777344
0.002892017364501953
0.002825498580932617
0.0028405189514160156
0.0027947425842285156
0.002920866012573242
0.0028400421142578125
0.0026710033416748047
0.0029120445251464844
0.0028684139251708984
0.0028595924377441406
0.0028960704803466797
0.0028929710388183594
0.002797842025756836
0.002852916717529297
0.002741098403930664
0.0027799606323242188
0.002858877182006836
0.002799510955810547
0.002855539321899414
0.0028030872344970703
0.0028276443481445312
0.002905607223510742
0.002796649932861328
0.0028181076049804688
0.002795696258544922
0.002847909927368164
0.002794504165649414
0.0028014183044433594
0.002885103225708008
0.0028972625732421875
0.002866029739379883
0.0028319358825683594
0.002817392349243164
0.002881765365600586
0.0027589797973632812
0.002796173095703125
0.002849102020263672
0.0028235912322998047
0.0029582977294921875
0.002840757369995117
0.002754688262939453
0.002954244613647461
0.002794981002807617
0.0028715133666992188
0.002902507781982422
0.002849578857421875
0.0028536319732666016
0.002788066864013672
0.0028548240661621094
0.002852916717529297
0.002840280532836914
0.0027642250061035156
0.0028188228607177734
0.0027344226837158203
0.002875804901123047
0.002842426300048828
0.002698183059692383
0.0028548240661621094
0.0027740001678466797
0.002875804901123047
0.0026950836181640625
0.0028607845306396484
0.002806425094604492
0.0028367042541503906
0.002825021743774414
0.002889871597290039
0.0027964115142822266
0.0027456283569335938
0.0027685165405273438
0.002875804901123047
0.002724885940551758
0.0026564598083496094
0.0028467178344726562
0.002891063690185547
0.002852916717529297
0.0026962757110595703
0.002927541732788086
0.002789020538330078
0.002870321273803711
0.002941608428955078
0.0028450489044189453
0.003061056137084961
0.0029599666595458984
0.003019094467163086
0.00284576416015625
0.0029158592224121094
0.002812623977661133
0.002963542938232422
0.002922534942626953
0.002845287322998047
0.00289154052734375
0.0028052330017089844
0.0028159618377685547
0.0028238296508789062
0.003106832504272461
0.0032444000244140625
0.0033185482025146484
0.0033164024353027344
0.0031061172485351562
0.002851247787475586
0.0030112266540527344
0.002986907958984375
0.003007650375366211
0.0028619766235351562
0.002893209457397461
0.002960205078125
0.0030286312103271484
0.002862691879272461
0.002879619598388672
0.002882242202758789
0.0028603076934814453
0.002846240997314453
0.0029299259185791016
0.0029234886169433594
0.0028333663940429688
0.0027828216552734375
0.0027997493743896484
0.0028727054595947266
0.0027871131896972656
0.0028274059295654297
0.0028269290924072266
0.0028486251831054688
0.002841949462890625
0.0028867721557617188
0.002794504165649414
0.0027794837951660156
0.0027952194213867188
0.0027577877044677734
0.0028159618377685547
0.0028662681579589844
0.00281524658203125
0.002936840057373047
0.002826213836669922
0.002945423126220703
0.002873659133911133
0.0028285980224609375
0.0028226375579833984
0.0028166770935058594
0.0027871131896972656
0.00281524658203125
0.0029828548431396484
0.0028162002563476562
0.0027909278869628906
0.0028421878814697266
0.0028069019317626953
0.0028390884399414062
0.002918720245361328
0.0029044151306152344
0.0029604434967041016
0.003042936325073242
0.003040790557861328
0.0030279159545898438
0.003043651580810547
0.002967357635498047
0.0029282569885253906
0.003100872039794922
0.0029380321502685547
0.002933025360107422
0.0029866695404052734
0.0028142929077148438
0.002912282943725586
0.002841472625732422
0.0027925968170166016
0.0028340816497802734
0.0030765533447265625
0.0029020309448242188
0.002870798110961914
0.0028922557830810547
0.0028591156005859375
0.0028412342071533203
0.0028235912322998047
0.002913236618041992
0.002890348434448242
0.003031492233276367
0.0028791427612304688
0.0028214454650878906
0.0030264854431152344
0.002847433090209961
0.0028314590454101562
0.002977609634399414
0.002837657928466797
0.0029959678649902344
0.002900838851928711
0.0028100013732910156
0.0028526782989501953
0.002933979034423828
0.002910137176513672
0.002872467041015625
0.0028870105743408203
0.002825021743774414
0.0029850006103515625
0.0029630661010742188
0.0029778480529785156
0.0028667449951171875
0.0029036998748779297
0.002795696258544922
0.002822399139404297
0.0028247833251953125
0.002948760986328125
0.0029604434967041016
0.002777099609375
0.002780437469482422
0.0028228759765625
0.00287628173828125
0.0028142929077148438
0.002761363983154297
0.0029363632202148438
0.0030241012573242188
0.0028705596923828125
0.002797842025756836
0.0029249191284179688
0.002852916717529297
0.0028514862060546875
0.0027942657470703125
0.0028028488159179688
0.002907276153564453
0.0028197765350341797
0.002843141555786133
0.0028083324432373047
0.0028085708618164062
0.0028371810913085938
0.002808809280395508
0.0028076171875
0.002905130386352539
0.002969026565551758
0.002860546112060547
0.0028955936431884766
0.0029332637786865234
0.002819061279296875
0.0028264522552490234
0.002832651138305664
0.002791166305541992
0.002826213836669922
0.002969980239868164
0.003000020980834961
0.0029816627502441406
0.0029087066650390625
0.0028662681579589844
0.002835988998413086
0.002825498580932617
0.0029561519622802734
0.0030260086059570312
0.002925395965576172
0.0028183460235595703
0.0030744075775146484
0.002890348434448242
0.0029065608978271484
0.0028841495513916016
0.002994060516357422
0.0028755664825439453
0.0028259754180908203
0.0027923583984375
0.002823352813720703
0.002861499786376953
0.002787351608276367
0.0029075145721435547
0.002943277359008789
0.002940654754638672
0.002965211868286133
0.0027501583099365234
0.0028350353240966797
0.0029251575469970703
0.0027642250061035156
0.0029685497283935547
0.002978086471557617
0.002985239028930664
0.002921581268310547
0.0029342174530029297
0.0028722286224365234
0.0029425621032714844
0.0028553009033203125
0.0029158592224121094
0.0029442310333251953
0.003253936767578125
0.0031342506408691406
0.002908945083618164
0.0028848648071289062
0.003068208694458008
0.002817392349243164
0.002932310104370117
0.00299072265625
0.0028061866760253906
0.0029265880584716797
0.0027909278869628906
0.002904653549194336
0.0028183460235595703
0.0028557777404785156
0.0027756690979003906
0.0029048919677734375
0.002808094024658203
0.0028228759765625
0.0028417110443115234
0.002863645553588867
0.0028901100158691406
0.0028238296508789062
0.0029168128967285156
0.002809762954711914
0.002820253372192383
0.002863645553588867
0.0028891563415527344
0.002821207046508789
0.0028350353240966797
0.0027735233306884766
0.002804994583129883
0.002881288528442383
0.002797365188598633
0.002890348434448242
0.002798318862915039
0.002842426300048828
0.002820253372192383
0.0028183460235595703
0.0029675960540771484
0.0028617382049560547
0.002847909927368164
0.003040313720703125
0.003009319305419922
0.0029175281524658203
0.0028798580169677734
0.0028853416442871094
0.0028924942016601562
0.002877473831176758
0.002852201461791992
0.0028235912322998047
0.002915620803833008
0.00290679931640625
0.002909421920776367
0.002857208251953125
0.0027997493743896484
0.0030014514923095703
0.0036470890045166016
0.0029573440551757812
0.0029032230377197266
0.0035233497619628906
0.002901792526245117
0.002887248992919922
0.0028901100158691406
0.002869129180908203
0.002902984619140625
0.002862691879272461
0.002840280532836914
0.0028803348541259766
0.0029757022857666016
0.0028753280639648438
0.0029315948486328125
0.002986907958984375
0.0028362274169921875
0.002954244613647461
0.002911806106567383
0.00284576416015625
0.002863168716430664
0.002830982208251953
0.0027997493743896484
0.0028624534606933594
0.0028228759765625
0.0028319358825683594
0.0028734207153320312
0.0028710365295410156
0.0028426647186279297
0.002878427505493164
0.0028221607208251953
0.0028829574584960938
0.002821683883666992
0.0028879642486572266
0.002811908721923828
0.0028595924377441406
0.002799510955810547
0.002910614013671875
0.0029647350311279297
0.002760171890258789
0.002810239791870117
0.002763509750366211
0.002830982208251953
0.0027360916137695312
0.002809762954711914
