0.028885841369628906
0.028751850128173828
0.028723955154418945
0.028729677200317383
0.02866363525390625
0.028590679168701172
0.028593063354492188
0.027521610260009766
0.02883172035217285
0.03419041633605957
0.0282442569732666
0.0286867618560791
0.028885602951049805
0.030379056930541992
0.029332399368286133
0.0286562442779541
0.02879190444946289
0.02856159210205078
0.028853654861450195
0.02852940559387207
0.028708457946777344
0.028789281845092773
0.026891708374023438
0.029352664947509766
0.028841733932495117
0.028596162796020508
0.028606176376342773
0.028565645217895508
0.028650999069213867
0.028555631637573242
0.028673171997070312
0.028623342514038086
0.028968334197998047
0.02867603302001953
0.03721880912780762
0.029384136199951172
0.030732154846191406
0.03081226348876953
0.029735088348388672
0.02950572967529297
0.03003668785095215
0.029490232467651367
0.028935670852661133
0.029204607009887695
0.029607534408569336
0.029169559478759766
0.02932286262512207
0.02960991859436035
0.02991485595703125
0.028761863708496094
0.028676986694335938
0.028702974319458008
0.02882862091064453
0.028635740280151367
0.02877497673034668
0.02859950065612793
0.029942750930786133
0.028725147247314453
0.028725624084472656
0.028624773025512695
0.02879929542541504
0.028823137283325195
0.028743982315063477
0.028656482696533203
0.02869415283203125
0.028722286224365234
0.028696298599243164
0.028638839721679688
0.031389713287353516
0.03171873092651367
0.029808759689331055
0.030762672424316406
0.028908252716064453
0.02861166000366211
0.029413461685180664
0.029474258422851562
0.030360937118530273
0.028769731521606445
0.029236316680908203
0.028626441955566406
0.02884507179260254
0.029968738555908203
0.028701066970825195
0.028718948364257812
0.029840707778930664
0.029769420623779297
0.029439687728881836
0.029668569564819336
0.028950929641723633
0.02874445915222168
0.02873539924621582
0.028676986694335938
0.02964925765991211
0.02929377555847168
0.02950310707092285
0.02958202362060547
0.02957630157470703
0.03166532516479492
0.03210306167602539
0.029399871826171875
0.028935670852661133
0.02884674072265625
0.028686046600341797
0.028680086135864258
0.029603004455566406
0.030306577682495117
0.02873992919921875
0.028725385665893555
0.028824567794799805
0.028721094131469727
0.028687000274658203
0.028763294219970703
0.028812170028686523
0.02867412567138672
0.02867889404296875
0.028607606887817383
0.02873682975769043
0.02866530418395996
0.028728008270263672
0.02868485450744629
0.028693199157714844
0.02872014045715332
0.028612852096557617
0.02857661247253418
0.028655529022216797
0.02858710289001465
0.028688907623291016
0.02871870994567871
0.02868819236755371
0.028680086135864258
0.028761625289916992
0.028783321380615234
0.028737306594848633
0.028624773025512695
0.028690814971923828
0.028548240661621094
0.03275561332702637
0.0311129093170166
0.031507015228271484
0.029903888702392578
0.028792619705200195
0.028702735900878906
0.02874016761779785
0.028662443161010742
0.028810501098632812
0.02872157096862793
0.028729915618896484
0.028865337371826172
0.02889847755432129
0.028717517852783203
0.02879619598388672
0.028733491897583008
0.028822660446166992
0.02873396873474121
0.02866983413696289
0.02869701385498047
0.02872610092163086
0.028615951538085938
0.02861762046813965
0.02861952781677246
0.03054499626159668
0.03193235397338867
0.031828880310058594
0.0316617488861084
0.02902388572692871
0.028628826141357422
0.02855968475341797
0.028623580932617188
0.02991008758544922
0.0296783447265625
0.028656005859375
0.028636455535888672
0.028650283813476562
0.028610706329345703
0.028625965118408203
0.02866959571838379
0.02861618995666504
0.029996395111083984
0.029409170150756836
0.028664827346801758
0.028765439987182617
0.0287630558013916
0.02859973907470703
0.02865767478942871
0.030267953872680664
0.02889084815979004
0.028683900833129883
0.028659343719482422
0.02975630760192871
0.029809951782226562
0.02977585792541504
0.029577970504760742
0.029273271560668945
0.028845548629760742
0.028583765029907227
0.028785228729248047
0.028682708740234375
0.02864861488342285
0.02855062484741211
0.028698444366455078
0.028687477111816406
0.02863025665283203
0.02858138084411621
0.028673648834228516
0.029483795166015625
0.028690576553344727
0.02860403060913086
0.028628826141357422
0.028709888458251953
0.028620243072509766
0.028583765029907227
0.02875661849975586
0.028760194778442383
0.028756380081176758
0.02873849868774414
0.028813838958740234
0.028848886489868164
0.028694629669189453
0.031130313873291016
0.02907419204711914
0.028586864471435547
0.028558731079101562
0.02843618392944336
0.0285189151763916
0.02916431427001953
0.029906272888183594
0.029022932052612305
0.028537511825561523
0.029291391372680664
0.028771162033081055
0.028578758239746094
0.028635501861572266
0.028759002685546875
0.028664588928222656
0.02845907211303711
0.028488874435424805
0.02873063087463379
0.028562307357788086
0.028595685958862305
0.028647899627685547
0.029052019119262695
0.028731584548950195
0.028504371643066406
0.028577327728271484
0.029595136642456055
0.028554916381835938
0.02847456932067871
0.028522968292236328
0.028565645217895508
0.02848219871520996
0.028528690338134766
0.028542041778564453
0.030620813369750977
0.028903722763061523
0.02889108657836914
0.028743267059326172
0.02865743637084961
0.0287477970123291
0.02865314483642578
0.028578996658325195
0.028719186782836914
0.028788328170776367
0.028601408004760742
0.028680801391601562
0.02869105339050293
0.02873516082763672
0.028509140014648438
0.028731822967529297
0.028797149658203125
0.028809785842895508
0.028748035430908203
0.028722524642944336
0.028783798217773438
0.028654098510742188
0.02863907814025879
0.02862834930419922
0.028615951538085938
0.028517961502075195
0.028676271438598633
0.028570890426635742
0.02861475944519043
0.02861309051513672
0.028719425201416016
0.028519868850708008
0.028689146041870117
0.028533220291137695
0.028504133224487305
0.028514862060546875
0.028616666793823242
0.02847123146057129
0.028583526611328125
0.0284116268157959
0.028604745864868164
0.028548002243041992
0.028939485549926758
0.02854752540588379
0.04624176025390625
0.04456639289855957
0.04559183120727539
0.02919459342956543
0.02992415428161621
0.028589248657226562
0.03280448913574219
0.028587818145751953
0.02929210662841797
0.0285799503326416
0.028527259826660156
0.028461694717407227
0.029406070709228516
0.02955937385559082
0.02857804298400879
0.02861189842224121
0.028970956802368164
0.029491186141967773
0.029334306716918945
0.02946925163269043
0.02960348129272461
0.02884507179260254
0.028772592544555664
0.02852606773376465
0.028631210327148438
0.028544902801513672
0.028614044189453125
0.02856278419494629
0.028560876846313477
0.02899312973022461
0.028681039810180664
0.028782367706298828
0.028565406799316406
0.02861475944519043
0.028486967086791992
0.028591632843017578
0.028629541397094727
0.029022216796875
0.0286102294921875
0.02860713005065918
0.028592586517333984
0.02859354019165039
0.02866196632385254
0.02851128578186035
0.028622150421142578
0.028857707977294922
0.028740644454956055
0.028504610061645508
0.028495073318481445
0.028473377227783203
0.028621673583984375
0.02856588363647461
0.0286715030670166
0.028510093688964844
0.028573036193847656
0.02881622314453125
0.02939462661743164
0.0285491943359375
0.028414249420166016
0.02858281135559082
0.02940058708190918
0.029491186141967773
0.0296785831451416
0.03089141845703125
0.03132796287536621
0.03169059753417969
0.031394243240356445
0.03127574920654297
0.02995467185974121
0.029307126998901367
0.02908182144165039
0.028629541397094727
0.028772354125976562
0.028575897216796875
0.02843618392944336
0.028537273406982422
0.028654813766479492
0.028506994247436523
0.02849411964416504
0.028764724731445312
0.028757333755493164
0.028700828552246094
0.028481006622314453
0.02883315086364746
0.028606891632080078
0.02858424186706543
0.02852940559387207
0.0287322998046875
0.028679847717285156
0.0287783145904541
0.028778791427612305
0.029150724411010742
0.02859807014465332
0.02856135368347168
0.028638601303100586
0.028482437133789062
0.028566598892211914
0.028436899185180664
0.02850174903869629
0.028537511825561523
0.029554128646850586
0.028598308563232422
0.028499603271484375
0.028515338897705078
0.028514862060546875
0.0288088321685791
0.0292813777923584
0.028728485107421875
0.02904820442199707
0.028589248657226562
0.028603792190551758
0.02854633331298828
0.02948594093322754
0.029645681381225586
0.029451847076416016
0.0299074649810791
0.02994227409362793
0.0299837589263916
0.029705286026000977
0.029341697692871094
0.02871847152709961
0.028600454330444336
0.028564929962158203
0.028520822525024414
0.028726816177368164
0.028642892837524414
0.028619766235351562
0.028605937957763672
0.03022623062133789
0.02852630615234375
0.028689861297607422
0.028738975524902344
0.028706789016723633
0.028659582138061523
0.02852940559387207
0.028531551361083984
0.02861475944519043
0.028514862060546875
0.02870464324951172
0.028459548950195312
0.029152631759643555
0.02851080894470215
0.028557300567626953
0.028514862060546875
0.028542280197143555
0.028420448303222656
0.028310060501098633
0.028492450714111328
0.02857208251953125
0.0285642147064209
0.02850341796875
0.028681278228759766
0.028755664825439453
0.02854132652282715
0.028550148010253906
0.028461694717407227
0.02850961685180664
0.028464794158935547
0.02851390838623047
0.028567790985107422
0.028594493865966797
0.02843475341796875
0.028425216674804688
0.02834796905517578
0.027990102767944336
0.028606414794921875
0.02868795394897461
0.02854323387145996
0.028549909591674805
0.028464794158935547
0.028573989868164062
0.0285036563873291
0.03195500373840332
0.04490160942077637
0.028469324111938477
0.028525114059448242
0.029033422470092773
0.028653621673583984
0.028570175170898438
0.02852606773376465
0.028582096099853516
0.02849888801574707
0.02856302261352539
0.028591394424438477
0.02897810935974121
0.028585433959960938
0.028604745864868164
0.028629064559936523
0.028676748275756836
0.028539419174194336
0.028626680374145508
0.028507232666015625
0.028682708740234375
0.028642654418945312
0.028673648834228516
0.02864551544189453
0.029340267181396484
0.028552770614624023
0.028741121292114258
0.028464555740356445
0.029043197631835938
0.028562068939208984
0.028592586517333984
0.02854132652282715
0.02879786491394043
0.02858901023864746
0.028561830520629883
0.028598308563232422
0.029706478118896484
0.02886223793029785
0.028546571731567383
0.028511524200439453
0.0287783145904541
0.0286715030670166
0.028420209884643555
0.02855229377746582
0.028519392013549805
0.028376102447509766
0.028413057327270508
0.02837347984313965
0.02859187126159668
0.028501033782958984
0.028438091278076172
0.028463125228881836
0.02851557731628418
0.028539180755615234
0.02861475944519043
0.02847576141357422
0.029391050338745117
0.028475284576416016
0.028531551361083984
0.028397798538208008
0.029553890228271484
0.0308687686920166
0.03184652328491211
0.031551361083984375
0.03225111961364746
0.03158211708068848
0.03174877166748047
0.029257774353027344
0.028793811798095703
0.028609752655029297
0.028481006622314453
0.029285907745361328
0.03133082389831543
0.030584096908569336
0.028883934020996094
0.02886056900024414
0.029544591903686523
0.02869248390197754
0.028754472732543945
0.028722047805786133
0.028614282608032227
0.029598236083984375
0.02962207794189453
0.030797243118286133
0.03118753433227539
0.031244754791259766
0.028835535049438477
0.028569936752319336
0.028735876083374023
0.02874135971069336
0.0285947322845459
0.028606176376342773
0.02969050407409668
0.029592037200927734
0.028632640838623047
0.028708457946777344
0.028542757034301758
0.028606414794921875
0.028628826141357422
0.02853703498840332
0.02863311767578125
0.028711557388305664
0.028662443161010742
0.02855968475341797
0.02851271629333496
0.028473615646362305
0.02863287925720215
0.02851700782775879
0.028635740280151367
0.028522968292236328
0.03269386291503906
0.03148317337036133
0.028908252716064453
0.02871227264404297
0.02869105339050293
0.028748273849487305
0.028791189193725586
0.028645992279052734
0.028704166412353516
0.028629541397094727
0.02876138687133789
0.02862691879272461
0.028594493865966797
0.028634071350097656
0.0286865234375
0.028586149215698242
0.028794288635253906
0.028662919998168945
0.028598546981811523
0.028690814971923828
0.028622865676879883
0.028544902801513672
0.02884531021118164
0.02857518196105957
0.028722763061523438
0.028589248657226562
0.02867293357849121
0.02850794792175293
0.02880406379699707
0.02859807014465332
0.028544187545776367
0.028485536575317383
0.0285186767578125
0.028521060943603516
0.028671979904174805
0.028490304946899414
0.029547452926635742
0.029303312301635742
0.028760671615600586
0.028613567352294922
0.028702497482299805
0.028550148010253906
0.02953362464904785
0.031386375427246094
0.031281232833862305
0.028689861297607422
0.028650999069213867
0.0286099910736084
0.028571367263793945
0.028644800186157227
0.028641939163208008
0.02856731414794922
0.028712034225463867
0.02942967414855957
0.028699636459350586
0.02876877784729004
0.02855706214904785
0.02781367301940918
0.029571533203125
0.028523683547973633
0.028594970703125
0.028532743453979492
0.028595924377441406
0.028478384017944336
0.029439210891723633
0.029590845108032227
0.029460668563842773
0.029208898544311523
0.028583288192749023
0.028647422790527344
0.02860260009765625
0.0286562442779541
0.02860569953918457
0.02857351303100586
0.028563499450683594
0.028490066528320312
0.02855062484741211
0.02851581573486328
0.028543472290039062
0.029699325561523438
0.02935647964477539
0.02951669692993164
0.029543638229370117
0.028882503509521484
0.02848649024963379
0.028716564178466797
0.03155660629272461
0.030703306198120117
0.029211997985839844
0.028389453887939453
0.02970576286315918
0.029447078704833984
0.03159976005554199
0.03163266181945801
0.032169342041015625
0.03215980529785156
0.03210115432739258
0.03208780288696289
0.03185415267944336
0.030593156814575195
0.028809070587158203
0.028584957122802734
0.02857232093811035
0.028523921966552734
0.028562068939208984
0.02866840362548828
0.02855515480041504
0.028643369674682617
0.02850508689880371
0.028592824935913086
0.02975773811340332
0.02870035171508789
0.02857184410095215
0.028556346893310547
0.028681278228759766
0.027342557907104492
0.028591156005859375
0.028660297393798828
0.02877211570739746
0.028566598892211914
0.02868819236755371
0.028528690338134766
0.029380321502685547
0.028569936752319336
0.028914690017700195
0.029053688049316406
0.02926158905029297
0.028592586517333984
0.028537511825561523
0.0285186767578125
0.028641700744628906
0.028626441955566406
0.028623104095458984
0.02858114242553711
0.028515338897705078
0.028480052947998047
0.02865147590637207
0.028440237045288086
0.028602123260498047
0.028454065322875977
0.028685569763183594
0.028481006622314453
0.028626680374145508
0.02858114242553711
0.02863025665283203
0.028569459915161133
0.02875661849975586
0.028472185134887695
0.028651952743530273
0.02841782569885254
0.029051542282104492
0.028632164001464844
0.028570175170898438
0.028512239456176758
0.02863907814025879
0.028812885284423828
0.02856898307800293
0.028452157974243164
0.028571367263793945
0.02847766876220703
0.028489112854003906
0.028491735458374023
0.028545379638671875
0.02852344512939453
0.028550148010253906
0.028519392013549805
0.028544187545776367
0.028445720672607422
0.028453350067138672
0.028505325317382812
0.02850031852722168
0.028488636016845703
0.028474092483520508
0.028530597686767578
0.028578996658325195
0.029332876205444336
0.02926492691040039
0.028471708297729492
0.02854323387145996
0.02853107452392578
0.028532743453979492
0.0286252498626709
0.028504371643066406
0.028508663177490234
0.028597354888916016
0.02866339683532715
0.028719663619995117
0.028580427169799805
0.028516054153442383
0.02850484848022461
0.02856898307800293
0.028583049774169922
0.028439998626708984
0.028471946716308594
0.02898716926574707
0.028547048568725586
0.028539180755615234
0.02856755256652832
0.028525114059448242
0.028656721115112305
0.028527498245239258
0.028659582138061523
0.028447389602661133
0.028527021408081055
0.028458833694458008
0.028606891632080078
0.028488874435424805
0.028359413146972656
0.028716087341308594
0.028460979461669922
0.028499364852905273
0.028536319732666016
0.02841329574584961
0.028427600860595703
0.028481483459472656
0.028586864471435547
0.02848362922668457
0.02840900421142578
0.029564857482910156
0.02957606315612793
0.029439210891723633
0.02977442741394043
0.02972865104675293
0.029409170150756836
0.029563188552856445
0.029327869415283203
0.03085470199584961
0.027849912643432617
0.028638601303100586
0.028583049774169922
0.02865743637084961
0.028481006622314453
0.028586387634277344
0.02863287925720215
0.028524160385131836
0.02847599983215332
0.028439760208129883
0.02836322784423828
0.028637170791625977
0.028481006622314453
0.028628826141357422
0.028489112854003906
0.028590917587280273
0.028431415557861328
0.02855825424194336
0.028606891632080078
0.02861475944519043
0.02853536605834961
0.02855396270751953
0.028531789779663086
0.028594017028808594
0.028431177139282227
0.028503894805908203
0.028460264205932617
0.028658151626586914
0.028479576110839844
0.02857232093811035
0.02850031852722168
0.02791118621826172
0.028594493865966797
0.028733491897583008
0.02881002426147461
0.028662681579589844
0.02843451499938965
0.028595685958862305
0.028539657592773438
0.028627872467041016
0.028582334518432617
0.028647184371948242
0.0285494327545166
0.029661178588867188
0.029631614685058594
0.029566526412963867
0.029583454132080078
0.02971625328063965
0.028535127639770508
0.028736591339111328
0.028497695922851562
0.029105186462402344
0.028546810150146484
0.028567790985107422
0.028403759002685547
0.028664350509643555
0.028599023818969727
0.02850031852722168
0.028555631637573242
0.028511762619018555
0.028997421264648438
0.02844715118408203
0.028525590896606445
0.028615713119506836
0.028518199920654297
0.02855706214904785
0.028449058532714844
0.028673648834228516
0.028647899627685547
0.028499603271484375
0.028522729873657227
0.02848649024963379
0.028394699096679688
0.028460264205932617
0.028581619262695312
0.02852344512939453
0.030284404754638672
0.029653072357177734
0.0286867618560791
0.028464317321777344
0.02845025062561035
0.028387069702148438
0.028543949127197266
0.030773401260375977
0.028551101684570312
0.028453350067138672
0.02854776382446289
0.02842879295349121
0.028429508209228516
0.028596878051757812
0.028500795364379883
0.03200483322143555
0.03166699409484863
0.029119491577148438
0.04469013214111328
0.04519200325012207
0.028506040573120117
0.028655529022216797
0.028978586196899414
0.02866220474243164
0.028496265411376953
0.02861618995666504
0.028663158416748047
0.028660297393798828
0.028583526611328125
0.02849864959716797
0.02846813201904297
0.028795957565307617
0.028507471084594727
0.02856898307800293
0.028522729873657227
0.028654098510742188
0.028675079345703125
0.028717517852783203
0.02856278419494629
0.028653621673583984
0.028543710708618164
0.03856921195983887
0.03162121772766113
0.029677152633666992
0.029580354690551758
0.029744625091552734
0.029608488082885742
0.02868795394897461
0.028894901275634766
0.02894139289855957
0.028477191925048828
0.02856612205505371
0.028569936752319336
0.02844071388244629
0.028493642807006836
0.02852940559387207
0.028534412384033203
0.02860426902770996
0.02851414680480957
0.028472900390625
0.0291440486907959
0.028934001922607422
0.028470277786254883
0.028699636459350586
0.0284731388092041
0.028609275817871094
0.02848029136657715
0.028534650802612305
0.02849555015563965
0.02851390838623047
0.028478384017944336
0.028652667999267578
0.028496503829956055
0.028542757034301758
0.028549671173095703
0.028649568557739258
0.028577089309692383
0.028495311737060547
0.02847743034362793
0.028664588928222656
0.02847146987915039
0.028621435165405273
0.04455208778381348
0.04463648796081543
0.06048107147216797
0.04449772834777832
0.060065269470214844
0.03897213935852051
0.031942129135131836
0.028013944625854492
0.027054548263549805
0.03583693504333496
0.036917924880981445
0.04402589797973633
0.031626224517822266
0.02917170524597168
0.028750181198120117
0.028477907180786133
0.028375625610351562
0.02846384048461914
0.029501676559448242
0.029387712478637695
0.02935314178466797
0.029378890991210938
0.028946638107299805
0.028309345245361328
0.02944159507751465
0.029187440872192383
0.029050827026367188
0.029359102249145508
0.0297701358795166
0.02956366539001465
0.029456377029418945
0.02844858169555664
0.028445959091186523
0.028482437133789062
0.028584718704223633
0.02843451499938965
0.02857184410095215
