0.019376754760742188
0.019058704376220703
0.019768238067626953
0.020440340042114258
0.020676612854003906
0.01976943016052246
0.019759416580200195
0.01952075958251953
0.02073836326599121
0.020193099975585938
0.019390106201171875
0.01924753189086914
0.018980979919433594
0.018155336380004883
0.018194198608398438
0.0188446044921875
0.02112746238708496
0.02129387855529785
0.02018904685974121
0.018788576126098633
0.019136428833007812
0.019118785858154297
0.019122600555419922
0.019260406494140625
0.018728256225585938
0.019396066665649414
0.019237041473388672
0.019559621810913086
0.01895880699157715
0.01924920082092285
0.01949787139892578
0.020256996154785156
0.019765853881835938
0.0195314884185791
0.01935267448425293
0.01954936981201172
0.019665241241455078
0.0208740234375
0.021579265594482422
0.02022576332092285
0.019695520401000977
0.020113468170166016
0.02058267593383789
0.021259307861328125
0.02087569236755371
0.020383119583129883
0.019972801208496094
0.019956588745117188
0.020173311233520508
0.020837783813476562
0.021180391311645508
0.02066326141357422
0.01991415023803711
0.022012948989868164
0.02248406410217285
0.022841453552246094
0.022484540939331055
0.022450923919677734
0.02106952667236328
0.020319223403930664
0.020446062088012695
0.020865917205810547
0.020336627960205078
0.020027637481689453
0.020128488540649414
0.01998591423034668
0.020456314086914062
0.020716428756713867
0.02094864845275879
0.020369768142700195
0.019419193267822266
0.018913745880126953
0.01881265640258789
0.019107341766357422
0.019594907760620117
0.01930999755859375
0.018923282623291016
0.019250154495239258
0.01904916763305664
0.01901721954345703
0.019368886947631836
0.019172191619873047
0.019078493118286133
0.01913619041442871
0.019110918045043945
0.019008636474609375
0.019815921783447266
0.019635677337646484
0.019760847091674805
0.0206146240234375
0.020353078842163086
0.02003645896911621
0.019971847534179688
0.019711971282958984
0.019719839096069336
0.02035689353942871
0.021136999130249023
0.02152276039123535
0.019779443740844727
0.01961064338684082
0.019391536712646484
0.020398855209350586
0.020686626434326172
0.020806550979614258
0.02039480209350586
0.02051687240600586
0.02044963836669922
0.02048635482788086
0.02191638946533203
0.021064281463623047
0.020415782928466797
0.020581483840942383
0.019742488861083984
0.019315242767333984
0.019498109817504883
0.021114349365234375
0.020076751708984375
0.01956033706665039
0.01934075355529785
0.01895880699157715
0.018985271453857422
0.018790245056152344
0.019478321075439453
0.019275188446044922
0.02018427848815918
0.021724939346313477
0.020976543426513672
0.019864559173583984
0.0197145938873291
0.01957869529724121
0.01996159553527832
0.019124746322631836
0.01965618133544922
0.019610166549682617
0.01987934112548828
0.02008795738220215
0.01965045928955078
0.01994466781616211
0.019503116607666016
0.0198214054107666
0.0195925235748291
0.019663333892822266
0.019510984420776367
0.01950550079345703
0.019695281982421875
0.019377470016479492
0.019366025924682617
0.01959991455078125
0.019754648208618164
0.019680023193359375
0.02001190185546875
0.019857406616210938
0.019470691680908203
0.019567012786865234
0.020071744918823242
0.020420312881469727
0.020494937896728516
0.020328760147094727
0.019842863082885742
0.020041465759277344
0.02061772346496582
0.02117156982421875
0.020934104919433594
0.021372318267822266
0.021402835845947266
0.020668745040893555
0.020358562469482422
0.01993727684020996
0.020691871643066406
0.01985001564025879
0.019453048706054688
0.019231557846069336
0.01859426498413086
0.018732786178588867
0.019492387771606445
0.01975393295288086
0.019098997116088867
0.018984079360961914
0.019133806228637695
0.01912093162536621
0.019191980361938477
0.019083738327026367
0.019165515899658203
0.0188751220703125
0.01920342445373535
0.01949000358581543
0.019199848175048828
0.01927661895751953
0.01902031898498535
0.019028663635253906
0.018779277801513672
0.019013643264770508
0.01966381072998047
0.019397974014282227
0.019280195236206055
0.01967930793762207
0.01934957504272461
0.019276857376098633
0.01930975914001465
0.019374847412109375
0.019550085067749023
0.01928400993347168
0.019124269485473633
0.019084453582763672
0.019347190856933594
0.01954793930053711
0.019318103790283203
0.019046306610107422
0.01928091049194336
0.022345781326293945
0.021274089813232422
0.020886659622192383
0.01966071128845215
0.019046783447265625
0.019215106964111328
0.02010631561279297
0.021143436431884766
0.0204923152923584
0.01942586898803711
0.019776582717895508
0.01938652992248535
0.019777536392211914
0.020128488540649414
0.019766807556152344
0.019263505935668945
0.01951289176940918
0.019646883010864258
0.019052743911743164
0.01932501792907715
0.01915454864501953
0.01883864402770996
0.01922750473022461
0.019054412841796875
0.01912379264831543
0.018970727920532227
0.019005298614501953
0.019296646118164062
0.01888275146484375
0.01931595802307129
0.01859903335571289
0.018642187118530273
0.0185697078704834
0.019016504287719727
0.01893329620361328
0.019166946411132812
0.018515825271606445
0.018480539321899414
0.01877307891845703
0.01886892318725586
0.01925492286682129
0.018886804580688477
0.01916813850402832
0.018889665603637695
0.018889188766479492
0.01893925666809082
0.018992900848388672
0.01913738250732422
0.01926279067993164
0.01928877830505371
0.01950550079345703
0.018383502960205078
0.018354415893554688
0.0191800594329834
0.01931023597717285
0.019006013870239258
0.019519329071044922
0.019414424896240234
0.02028656005859375
0.020101547241210938
0.020341157913208008
0.021230220794677734
0.02045893669128418
0.020839929580688477
0.020389080047607422
0.020110368728637695
0.01909661293029785
0.020300865173339844
0.019979476928710938
0.019479751586914062
0.019227981567382812
0.018812179565429688
0.01907825469970703
0.01912379264831543
0.01923966407775879
0.018976688385009766
0.01918792724609375
0.019506454467773438
0.019460439682006836
0.01951432228088379
0.019556522369384766
0.01942300796508789
0.019343137741088867
0.01920318603515625
0.019476652145385742
0.019196033477783203
0.019429445266723633
0.01909613609313965
0.01925802230834961
0.019266128540039062
0.01914358139038086
0.019443273544311523
0.01885366439819336
0.01908564567565918
0.019149065017700195
0.019292593002319336
0.019121885299682617
0.019379615783691406
0.019182205200195312
0.01945042610168457
0.019839048385620117
0.01996898651123047
0.019679546356201172
0.020796537399291992
0.02068042755126953
0.01896977424621582
0.01932549476623535
0.018756866455078125
0.01922440528869629
0.019065380096435547
0.0203096866607666
0.019325971603393555
0.019385337829589844
0.019207000732421875
0.019413471221923828
0.01935434341430664
0.019305944442749023
0.01924753189086914
0.018919944763183594
0.0197141170501709
0.018505096435546875
0.018986940383911133
0.018706321716308594
0.01915884017944336
0.019673585891723633
0.01973867416381836
0.019151926040649414
0.019195556640625
0.019199609756469727
0.019291400909423828
0.0194399356842041
0.01937389373779297
0.019347429275512695
0.018920183181762695
0.01883840560913086
0.019268274307250977
0.01916027069091797
0.019317150115966797
0.019103050231933594
0.019225358963012695
0.019056081771850586
0.019219160079956055
0.019206523895263672
0.01900649070739746
0.018828392028808594
0.019017457962036133
0.019136428833007812
0.019283771514892578
0.01944708824157715
0.01906299591064453
0.019085407257080078
0.018769264221191406
0.018764495849609375
0.0193023681640625
0.01914238929748535
0.018956661224365234
0.01889777183532715
0.018344640731811523
0.018563032150268555
0.018230438232421875
0.01893758773803711
0.019441843032836914
0.01895928382873535
0.019082307815551758
0.01910400390625
0.020839929580688477
0.01987314224243164
0.019847869873046875
0.019776582717895508
0.019690513610839844
0.02003026008605957
0.020530223846435547
0.0198667049407959
0.019761085510253906
0.01954936981201172
0.019341230392456055
0.019571781158447266
0.01926279067993164
0.01940464973449707
0.019516944885253906
0.019208431243896484
0.019182205200195312
0.01935863494873047
0.01913595199584961
0.0195162296295166
0.019605636596679688
0.019787073135375977
0.01958775520324707
0.019530057907104492
0.019674301147460938
0.020699501037597656
0.020213842391967773
0.021206140518188477
0.02042102813720703
0.020496129989624023
0.02042865753173828
0.019941091537475586
0.019835948944091797
0.01993846893310547
0.02014899253845215
0.019604206085205078
0.01977396011352539
0.018954753875732422
0.019036531448364258
0.01906299591064453
0.019121170043945312
0.02091073989868164
0.020650386810302734
0.0196380615234375
0.019568920135498047
0.019267797470092773
0.019356250762939453
0.019789457321166992
0.019567489624023438
0.019681930541992188
0.01938176155090332
0.019271373748779297
0.019351959228515625
0.019220590591430664
0.019535064697265625
0.018767595291137695
0.019334077835083008
0.01884293556213379
0.01915597915649414
0.018917322158813477
0.018951892852783203
0.01871800422668457
0.019190549850463867
0.019187211990356445
0.01877903938293457
0.019042253494262695
0.018767118453979492
0.01915574073791504
0.01943063735961914
0.01909351348876953
0.01913738250732422
0.01875591278076172
0.019112586975097656
0.01897907257080078
0.019199848175048828
0.018931865692138672
0.019184350967407227
0.018971920013427734
0.019366025924682617
0.01928853988647461
0.019361019134521484
0.019539356231689453
0.019336462020874023
0.019575119018554688
0.019135713577270508
0.020112037658691406
0.020204544067382812
0.019816160202026367
0.019542217254638672
0.019388437271118164
0.019144535064697266
0.019267797470092773
0.01990342140197754
0.020560503005981445
0.020092248916625977
0.0200040340423584
0.020055770874023438
0.019841670989990234
0.019877195358276367
0.019785404205322266
0.019613027572631836
0.01909351348876953
0.018881559371948242
0.019193649291992188
0.01905369758605957
0.01945948600769043
0.019671916961669922
0.01983165740966797
0.01996469497680664
0.019470930099487305
0.019649744033813477
0.019572973251342773
0.01947641372680664
0.01989126205444336
0.020136356353759766
0.02036738395690918
0.02089834213256836
0.02012348175048828
0.019998788833618164
0.019819259643554688
0.01995539665222168
0.019478797912597656
0.019629716873168945
0.01953291893005371
0.019498586654663086
0.019771337509155273
0.01953577995300293
0.01920032501220703
0.019449472427368164
0.019171953201293945
0.019214630126953125
0.019391536712646484
0.019171953201293945
0.019330978393554688
0.019324064254760742
0.019269227981567383
0.019431352615356445
0.01934194564819336
0.019196271896362305
0.01940774917602539
0.019008398056030273
0.019526243209838867
0.019088029861450195
0.01914072036743164
0.021402359008789062
0.022061824798583984
0.021374225616455078
0.020125627517700195
0.020597219467163086
0.02071690559387207
0.022260427474975586
0.020165681838989258
0.019785404205322266
0.01953744888305664
0.019634723663330078
0.019912004470825195
0.020067930221557617
0.019439220428466797
0.019518375396728516
0.01943182945251465
0.018941402435302734
0.019154787063598633
0.01889514923095703
0.019250869750976562
0.0188138484954834
0.018982410430908203
0.01880669593811035
0.018849611282348633
0.019016027450561523
0.018759727478027344
0.018286466598510742
0.018799781799316406
0.01863837242126465
0.018624305725097656
0.01872396469116211
0.01854395866394043
0.01857161521911621
0.019360780715942383
0.018880128860473633
0.0189363956451416
0.01894688606262207
0.0191953182220459
0.019124507904052734
0.018500328063964844
0.019124507904052734
0.01919722557067871
0.019057750701904297
0.019110441207885742
0.01928400993347168
0.018988609313964844
0.0193631649017334
0.01899242401123047
0.018946409225463867
0.019190549850463867
0.0190737247467041
0.019370079040527344
0.01898503303527832
0.019031047821044922
0.018972158432006836
0.018932104110717773
0.01925373077392578
0.01934981346130371
0.019199609756469727
0.019175052642822266
0.019094467163085938
0.01918625831604004
0.01947164535522461
0.019633769989013672
0.01960277557373047
0.019281864166259766
0.019504308700561523
0.019007444381713867
0.019181489944458008
0.019408702850341797
0.01932978630065918
0.01921987533569336
0.01909637451171875
0.019196748733520508
0.01945972442626953
0.019209623336791992
0.01912975311279297
0.018979310989379883
0.01904749870300293
0.018998384475708008
0.019062519073486328
0.018825769424438477
0.01850152015686035
0.018512487411499023
0.018990516662597656
0.019028186798095703
0.018944501876831055
0.018900632858276367
0.01885056495666504
0.018760204315185547
0.01918482780456543
0.018527746200561523
0.019063234329223633
0.018643617630004883
0.01858377456665039
0.018885135650634766
0.01920008659362793
0.018863201141357422
0.019234657287597656
0.018817424774169922
0.01876521110534668
0.019098281860351562
0.018956422805786133
0.019605159759521484
0.021043062210083008
0.020429372787475586
0.020102262496948242
0.019581079483032227
0.019647598266601562
0.01919269561767578
0.018986225128173828
0.0192716121673584
0.019199371337890625
0.019511938095092773
0.01935887336730957
0.019344568252563477
0.019209623336791992
0.019013166427612305
0.019371986389160156
0.019263267517089844
0.01935124397277832
0.01929950714111328
0.01922774314880371
0.019140958786010742
0.01933145523071289
0.01949334144592285
0.01972174644470215
0.019446134567260742
0.019492387771606445
0.019594430923461914
0.019434690475463867
0.019283533096313477
0.019237041473388672
0.019113779067993164
0.019018888473510742
0.019231319427490234
0.02007269859313965
0.01956939697265625
0.019379615783691406
0.019304752349853516
0.019305706024169922
0.01929306983947754
0.019089460372924805
0.01926255226135254
0.02027416229248047
0.01915597915649414
0.019273042678833008
0.019454240798950195
0.01937079429626465
0.019646167755126953
0.019070863723754883
0.01968979835510254
0.019939661026000977
0.019634246826171875
0.019593238830566406
0.019111156463623047
0.01920795440673828
0.01914691925048828
0.01896214485168457
0.01924610137939453
0.019359350204467773
0.019251108169555664
0.019631385803222656
0.01962447166442871
0.019550323486328125
0.019687414169311523
0.01944875717163086
0.019696950912475586
0.019314289093017578
0.019938945770263672
0.01972341537475586
0.01888275146484375
0.019371509552001953
0.018994569778442383
0.01913928985595703
0.019367218017578125
0.01901984214782715
0.019240379333496094
0.019452810287475586
0.0193636417388916
0.019912242889404297
0.019460439682006836
0.019179344177246094
0.019188880920410156
0.01950836181640625
0.019847631454467773
0.02020430564880371
0.020842313766479492
0.021825313568115234
0.022367238998413086
0.022879362106323242
0.023201704025268555
0.0232546329498291
0.02361893653869629
0.021376371383666992
0.020617008209228516
0.02054286003112793
0.020737648010253906
0.019774198532104492
0.01937270164489746
0.019133329391479492
0.01878666877746582
0.01952075958251953
0.019328832626342773
0.019360065460205078
0.019475221633911133
0.020596742630004883
0.019759178161621094
0.019693374633789062
0.020706653594970703
0.019800424575805664
0.019849777221679688
0.019779205322265625
0.019301652908325195
0.0193326473236084
0.01892566680908203
0.019466161727905273
0.019228219985961914
0.019351959228515625
0.019767284393310547
0.02017045021057129
0.01954483985900879
0.019520044326782227
0.018956661224365234
0.01929926872253418
0.018997669219970703
0.019004106521606445
0.01966571807861328
0.019563674926757812
0.020287752151489258
0.020181655883789062
0.019377946853637695
0.019389867782592773
0.0192720890045166
0.01919841766357422
0.019315719604492188
0.01933455467224121
0.01974177360534668
0.019852399826049805
0.019410371780395508
0.01968860626220703
0.019348859786987305
0.019454002380371094
0.019623994827270508
0.02008843421936035
0.019601106643676758
0.01978135108947754
0.019913434982299805
0.020055770874023438
0.01955103874206543
0.019724369049072266
0.01957869529724121
0.019288301467895508
0.019701242446899414
0.01955103874206543
0.01960587501525879
0.0194547176361084
0.018912315368652344
0.019630908966064453
0.01992321014404297
0.019985437393188477
0.019587993621826172
0.019512414932250977
0.01940178871154785
0.018861770629882812
0.019128799438476562
0.019044160842895508
0.01901078224182129
0.019057273864746094
0.019245386123657227
0.019374608993530273
0.01931166648864746
0.01968073844909668
0.019461870193481445
0.018885135650634766
0.019158124923706055
0.019112348556518555
0.018986225128173828
0.01923394203186035
0.01899862289428711
0.01928091049194336
0.0194699764251709
0.01961803436279297
0.01976919174194336
0.019565105438232422
0.019310951232910156
0.0191953182220459
0.01909494400024414
0.019509315490722656
0.01937580108642578
0.0193631649017334
0.019292593002319336
0.0195314884185791
0.019358158111572266
0.019748687744140625
0.019468069076538086
0.019408702850341797
0.019468069076538086
0.019454479217529297
0.019840717315673828
0.01911020278930664
0.019315242767333984
0.02018904685974121
0.020125389099121094
0.019984960556030273
0.01945805549621582
0.019176959991455078
0.01823139190673828
0.021268367767333984
0.020891666412353516
0.020402908325195312
0.021184921264648438
0.02060532569885254
0.02023005485534668
0.01999378204345703
0.019891738891601562
0.020012617111206055
0.019887447357177734
0.02037501335144043
0.01967930793762207
0.019545793533325195
0.019456863403320312
0.019232988357543945
0.01864910125732422
0.018942594528198242
0.01839160919189453
0.019087553024291992
0.01912093162536621
0.01905965805053711
0.019135236740112305
0.01903676986694336
0.019242048263549805
0.01917886734008789
0.018988609313964844
0.019149065017700195
0.018958568572998047
0.01926708221435547
0.018816232681274414
0.019110918045043945
0.019330501556396484
0.019290685653686523
0.019106626510620117
0.01911449432373047
0.019122600555419922
0.01916956901550293
0.019121170043945312
0.01936507225036621
0.019174575805664062
0.01917123794555664
0.018959760665893555
0.01916050910949707
0.018480300903320312
0.01862502098083496
0.018513202667236328
0.018477439880371094
0.018756389617919922
0.018189668655395508
0.01851177215576172
0.018837451934814453
0.01833200454711914
0.018904924392700195
0.01873946189880371
0.018619775772094727
0.019162893295288086
0.019137144088745117
0.018924236297607422
0.019443750381469727
0.019562244415283203
0.019146442413330078
0.018509864807128906
0.018763065338134766
0.01917719841003418
0.019800662994384766
0.019789457321166992
0.019191741943359375
0.0189208984375
0.01861286163330078
0.018951416015625
0.019077301025390625
0.018826723098754883
0.018993616104125977
0.018853187561035156
0.019085407257080078
0.019141435623168945
0.018730640411376953
0.018506288528442383
0.018499374389648438
0.019753456115722656
0.019328594207763672
0.019494295120239258
0.019281625747680664
0.018945693969726562
0.019191503524780273
0.02042102813720703
0.020233154296875
0.019996166229248047
0.019840240478515625
0.019593477249145508
0.019219160079956055
0.019307613372802734
0.01991558074951172
0.019278287887573242
0.019277095794677734
0.019137144088745117
0.01938462257385254
0.01944279670715332
0.019866943359375
0.020572423934936523
0.02073383331298828
0.021280765533447266
0.021042585372924805
0.022249937057495117
0.02068495750427246
0.020311594009399414
0.022459745407104492
0.02110147476196289
0.020366907119750977
0.020567655563354492
0.019473552703857422
0.019974946975708008
0.020349502563476562
0.020453929901123047
0.019901275634765625
0.020455360412597656
0.020554304122924805
0.02063918113708496
0.020432472229003906
0.019420146942138672
0.019811153411865234
0.01967787742614746
0.019823312759399414
0.02014327049255371
0.019887924194335938
0.0198822021484375
0.019319772720336914
0.019454479217529297
0.019626379013061523
0.019474267959594727
0.01971912384033203
0.019433975219726562
0.01924443244934082
0.019431591033935547
0.019543170928955078
0.019323348999023438
0.019211292266845703
0.019459962844848633
0.01926875114440918
0.01973557472229004
0.019297122955322266
0.019317626953125
0.01911306381225586
0.0190885066986084
0.019479036331176758
0.01939249038696289
0.019426584243774414
0.019450664520263672
0.01935863494873047
0.01926875114440918
0.019196271896362305
0.019410133361816406
0.01928424835205078
0.01942896842956543
0.019306421279907227
0.019469022750854492
0.019414424896240234
0.019677162170410156
0.019469022750854492
0.019412517547607422
0.019075393676757812
0.018934965133666992
0.019002914428710938
0.019268512725830078
0.019201040267944336
0.019138097763061523
0.019373655319213867
0.019628286361694336
0.01925492286682129
0.018906831741333008
0.01949310302734375
0.019323348999023438
0.019912242889404297
0.019917011260986328
