17.46889953428512
17.46889953428512
17.46889953428512
17.46889953428512
17.46889953428512
17.46889953428512
16.649397004510202
16.649397004510202
16.649397004510202
16.649397004510202
16.368251609804556
16.368251609804556
16.368251609804556
16.368251609804556
16.368251609804556
16.368251609804556
16.368251609804556
16.368251609804556
16.368251609804556
15.741703498158177
15.741703498158177
15.741703498158177
14.282583981704686
14.282583981704686
14.282583981704686
14.282583981704686
14.282583981704686
14.282583981704686
14.282583981704686
11.38872432024313
11.38872432024313
11.38872432024313
11.38872432024313
11.38872432024313
10.813490445625154
10.813490445625154
10.813490445625154
10.546361957334693
10.546361957334693
10.546361957334693
10.546361957334693
10.546361957334693
10.546361957334693
10.080485480780233
10.080485480780233
10.080485480780233
10.080485480780233
10.080485480780233
10.080485480780233
10.080485480780233
10.080485480780233
10.080485480780233
10.080485480780233
10.080485480780233
10.080485480780233
10.080485480780233
10.080485480780233
10.080485480780233
10.080485480780233
9.75751962787797
9.59969687193334
9.59969687193334
9.59969687193334
9.59969687193334
9.59969687193334
9.59969687193334
9.59969687193334
9.59969687193334
8.257624074900065
8.257624074900065
8.257624074900065
8.257624074900065
8.257624074900065
8.257624074900065
7.261943814985544
7.261943814985544
7.261943814985544
7.261943814985544
7.261943814985544
7.261943814985544
7.261943814985544
7.261943814985544
7.261943814985544
7.261943814985544
7.261943814985544
7.1414213124376005
7.1414213124376005
6.6001647619271
6.6001647619271
6.6001647619271
6.6001647619271
6.6001647619271
6.6001647619271
6.6001647619271
6.6001647619271
6.6001647619271
6.6001647619271
6.6001647619271
5.857468734109439
5.857468734109439
5.857468734109439
5.857468734109439
5.857468734109439
5.857468734109439
5.857468734109439
5.857468734109439
5.857468734109439
5.857468734109439
5.857468734109439
5.857468734109439
5.857468734109439
5.857468734109439
5.857468734109439
5.857468734109439
5.857468734109439
5.857468734109439
5.857468734109439
5.857468734109439
5.836738458272642
5.836738458272642
5.692945510590999
5.4111360304398275
5.4111360304398275
5.4111360304398275
5.4111360304398275
5.4111360304398275
5.4111360304398275
5.4111360304398275
5.407902270888499
5.407902270888499
5.251283834301921
5.251283834301921
5.170889763964706
5.170889763964706
5.170889763964706
5.170889763964706
5.170889763964706
5.170889763964706
4.758748713455098
4.758748713455098
4.758748713455098
4.758748713455098
4.758748713455098
4.60590924348848
4.60590924348848
4.60590924348848
4.60590924348848
4.60590924348848
4.60590924348848
4.60590924348848
4.60590924348848
4.60590924348848
4.248807225297579
4.121642937142532
4.121642937142532
4.121642937142532
4.121642937142532
3.868011624718271
3.868011624718271
3.868011624718271
3.868011624718271
3.868011624718271
3.726488303641979
3.726488303641979
3.726488303641979
3.726488303641979
3.726488303641979
3.726488303641979
3.726488303641979
3.726488303641979
3.726488303641979
3.726488303641979
3.726488303641979
3.726488303641979
3.726488303641979
3.726488303641979
3.726488303641979
3.6339411762032725
3.6339411762032725
3.6339411762032725
3.6339411762032725
3.6339411762032725
3.6339411762032725
3.5749150615964282
3.4710726814465858
3.4710726814465858
3.4710726814465858
3.329793253674371
3.329793253674371
3.329793253674371
3.329793253674371
3.329793253674371
3.329793253674371
3.329793253674371
3.329793253674371
3.3113648346629034
3.3113648346629034
3.3113648346629034
3.3113648346629034
3.3113648346629034
3.256451196350337
3.2216700132604146
3.2216700132604146
3.2216700132604146
3.2216700132604146
3.2216700132604146
3.2216700132604146
3.038649136753026
3.038649136753026
3.038649136753026
3.038649136753026
2.5895569033696617
2.5895569033696617
2.5895569033696617
2.5895569033696617
2.5895569033696617
2.5895569033696617
2.5895569033696617
2.5895569033696617
2.5895569033696617
2.5895569033696617
2.5895569033696617
2.5895569033696617
2.5895569033696617
2.5895569033696617
2.3233427411995216
2.3233427411995216
2.3233427411995216
2.3233427411995216
2.3233427411995216
2.3233427411995216
2.3233427411995216
2.3233427411995216
2.3233427411995216
2.3233427411995216
2.3233427411995216
2.3233427411995216
2.3233427411995216
2.3233427411995216
2.307590968941067
2.307590968941067
2.307590968941067
2.307590968941067
2.307590968941067
2.307590968941067
2.307590968941067
2.307590968941067
2.2500276497429823
2.2500276497429823
2.2500276497429823
2.2500276497429823
2.2500276497429823
2.2494555665667058
2.1867683992803677
2.0997538386615098
2.0997538386615098
1.6514906315917735
1.6514906315917735
1.6514906315917735
1.6514906315917735
1.6514906315917735
1.6514906315917735
1.6514906315917735
1.6514906315917735
1.6514906315917735
0.703242340424616
0.703242340424616
0.703242340424616
0.703242340424616
0.703242340424616
0.703242340424616
0.703242340424616
0.703242340424616
0.703242340424616
0.703242340424616
0.703242340424616
0.703242340424616
0.703242340424616
0.703242340424616
0.703242340424616
0.703242340424616
0.703242340424616
0.703242340424616
0.703242340424616
0.703242340424616
0.703242340424616
0.703242340424616
0.703242340424616
0.703242340424616
0.703242340424616
0.703242340424616
0.703242340424616
0.703242340424616
0.703242340424616
0.703242340424616
0.703242340424616
0.631785588099806
0.631785588099806
0.5522723895898558
0.5522723895898558
0.5522723895898558
0.5522723895898558
0.49152068929791426
0.49152068929791426
0.49152068929791426
0.46137158077495855
0.46137158077495855
0.46137158077495855
0.46137158077495855
0.46137158077495855
0.3738027230468255
0.3345675533635415
0.3345675533635415
0.3345675533635415
0.3345675533635415
0.3345675533635415
0.3345675533635415
0.3345675533635415
0.3345675533635415
0.3345675533635415
0.3345675533635415
0.3345675533635415
0.3345675533635415
0.3345675533635415
0.3345675533635415
0.3345675533635415
0.3345675533635415
0.3345675533635415
0.3345675533635415
0.3345675533635415
0.3345675533635415
0.3295632642570858
0.3295632642570858
0.3295632642570858
0.31233823685371576
0.31233823685371576
0.31233823685371576
0.24109970804839165
0.24109970804839165
0.24109970804839165
0.24109970804839165
0.23611840669030215
0.23611840669030215
0.23052763089121342
0.23052763089121342
0.16438135261274311
0.16438135261274311
0.16438135261274311
0.16438135261274311
0.16438135261274311
0.16438135261274311
0.16438135261274311
0.16438135261274311
0.16438135261274311
0.16438135261274311
0.16438135261274311
0.16438135261274311
0.16438135261274311
0.16438135261274311
0.16438135261274311
0.16438135261274311
0.16438135261274311
0.15903954045376167
0.15903954045376167
0.15903954045376167
0.15903954045376167
0.11142209774054024
0.11142209774054024
0.11142209774054024
0.11142209774054024
0.11142209774054024
0.11142209774054024
0.11142209774054024
0.11142209774054024
0.09163410466007704
0.09163410466007704
0.09163410466007704
0.09163410466007704
0.09163410466007704
0.09163410466007704
0.09163410466007704
0.07247596661148137
0.07247596661148137
0.07247596661148137
0.07247596661148137
0.07247596661148137
0.0705963731327337
0.0705963731327337
0.0705963731327337
0.0705963731327337
0.0689781784753194
0.06893428458058182
0.06893428458058182
0.06836194200491974
0.06836194200491974
0.06836194200491974
0.06836194200491974
0.06836194200491974
0.06836194200491974
0.06836194200491974
0.06836194200491974
0.06836194200491974
0.06836194200491974
0.06572728198545974
0.06572728198545974
0.05484697443075248
0.05484697443075248
0.05484697443075248
0.05484697443075248
0.05484697443075248
0.05484697443075248
0.05484697443075248
0.05484697443075248
0.05484697443075248
0.05484697443075248
0.05484697443075248
0.032364579527897064
0.032364579527897064
0.032364579527897064
0.032364579527897064
0.032364579527897064
0.032364579527897064
0.032364579527897064
0.032364579527897064
0.032364579527897064
0.032364579527897064
0.032364579527897064
0.032364579527897064
0.032364579527897064
0.032364579527897064
0.032364579527897064
0.02655431623020732
0.02655431623020732
0.02655431623020732
0.02655431623020732
0.02655431623020732
0.026177299167066792
0.026177299167066792
0.02509946623073489
0.02509946623073489
0.02509946623073489
0.02509946623073489
0.02509946623073489
0.02509946623073489
0.02509946623073489
0.02509946623073489
0.02509946623073489
0.02509946623073489
0.02509946623073489
0.02509946623073489
0.02509946623073489
0.02509946623073489
0.024673503281821496
0.024673503281821496
0.024673503281821496
0.024673503281821496
0.02318981700734213
0.02318981700734213
0.02318981700734213
0.02318981700734213
0.02318981700734213
0.02318981700734213
0.02318981700734213
0.022644724819524953
0.022644724819524953
0.022644724819524953
0.018771475002047566
0.018771475002047566
0.018771475002047566
0.018771475002047566
0.018771475002047566
0.018771475002047566
0.018771475002047566
0.018771475002047566
0.018771475002047566
0.018771475002047566
0.017601003213130184
0.017601003213130184
0.017601003213130184
0.017601003213130184
0.017601003213130184
0.015552759920449688
0.015552759920449688
0.01418403860699513
0.01418403860699513
0.01418403860699513
0.01418403860699513
0.01418403860699513
0.01418403860699513
0.01283678224421081
0.01283678224421081
0.01283678224421081
0.01283678224421081
0.01283678224421081
0.01283678224421081
0.01283678224421081
0.01283678224421081
0.01283678224421081
0.01283678224421081
0.01283678224421081
0.01267447163156632
0.01267447163156632
0.01267447163156632
0.01267447163156632
0.01267447163156632
0.009607477052306024
0.009607477052306024
0.009607477052306024
0.009607477052306024
0.009607477052306024
0.009607477052306024
0.009134879464813395
0.009134879464813395
0.009134879464813395
0.009134879464813395
0.008584500776237292
0.008584500776237292
0.008584500776237292
0.008584500776237292
0.008509173532214476
0.008509173532214476
0.008509173532214476
0.008509173532214476
0.008509173532214476
0.007596141990461547
0.007596141990461547
0.007596141990461547
0.007596141990461547
0.006621178555732854
0.006621178555732854
0.006621178555732854
0.006621178555732854
0.006621178555732854
0.006621178555732854
0.006621178555732854
0.006621178555732854
0.006621178555732854
0.006621178555732854
0.006621178555732854
0.006348086170564926
0.006348086170564926
0.006348086170564926
0.006348086170564926
0.006348086170564926
0.005935284953238806
0.005935284953238806
0.005935284953238806
0.005935284953238806
0.005476193050537148
0.005476193050537148
0.004856201832435403
0.004856201832435403
0.004856201832435403
0.004076408931911857
0.004076408931911857
0.004076408931911857
0.004076408931911857
0.004076408931911857
0.004076408931911857
0.0032859245230589806
0.0032859245230589806
0.0032859245230589806
0.0032859245230589806
0.0032859245230589806
0.0032859245230589806
0.0032859245230589806
0.0032859245230589806
0.0032859245230589806
0.0032859245230589806
0.0032859245230589806
0.0032859245230589806
0.0032859245230589806
0.0032859245230589806
0.0032859245230589806
0.0032859245230589806
0.0032859245230589806
0.0019413347842700546
0.0019413347842700546
0.0019413347842700546
0.0019413347842700546
0.0019413347842700546
0.0019413347842700546
0.0019413347842700546
0.0019413347842700546
0.0019413347842700546
0.0019413347842700546
0.0019413347842700546
0.0019413347842700546
0.0019413347842700546
0.0019413347842700546
0.0019413347842700546
0.0019413347842700546
0.0019413347842700546
0.0019413347842700546
0.0019413347842700546
0.001712437337644701
0.001712437337644701
0.001712437337644701
0.001712437337644701
0.001712437337644701
0.001712437337644701
0.001712437337644701
0.001712437337644701
0.001712437337644701
0.001712437337644701
0.001712437337644701
0.001712437337644701
0.001712437337644701
0.001712437337644701
0.001712437337644701
0.001712437337644701
0.001712437337644701
0.0015510186353289157
0.0015510186353289157
0.0015145235221396547
0.0015145235221396547
0.0015145235221396547
0.0015145235221396547
0.0015145235221396547
0.0015145235221396547
0.0015145235221396547
0.0013533811916452976
0.0013533811916452976
0.0013533811916452976
0.0013533811916452976
0.0013533811916452976
0.0013533811916452976
0.0013533811916452976
0.0013533811916452976
0.0013533811916452976
0.0013533811916452976
0.0013533811916452976
0.0013533811916452976
0.0008830268954689302
0.0008830268954689302
0.0008830268954689302
0.0008830268954689302
0.0008830268954689302
0.0008830268954689302
0.0008830268954689302
0.0008830268954689302
0.0008830268954689302
0.0008830268954689302
0.0008830268954689302
0.0008830268954689302
0.0008830268954689302
0.0008830268954689302
0.000857574357148394
0.000857574357148394
0.000857574357148394
0.000857574357148394
0.0007237277326836988
0.000712900892843038
0.000693107960639594
0.000693107960639594
0.000693107960639594
0.000693107960639594
0.000693107960639594
0.000693107960639594
0.000693107960639594
0.000692120467970625
0.000647486607434189
0.000647486607434189
0.000647486607434189
0.000647486607434189
0.000647486607434189
0.000647486607434189
0.000647486607434189
0.000566685980750492
0.000566685980750492
0.000566685980750492
0.000566685980750492
0.000566685980750492
0.000566685980750492
0.000566685980750492
0.0005247117520887912
0.0005247117520887912
0.0005247117520887912
0.0005247117520887912
0.0005247117520887912
0.0005247117520887912
0.0005247117520887912
0.0005247117520887912
0.0005247117520887912
0.0004930367428919169
0.0004930367428919169
0.0004930367428919169
0.0004930367428919169
0.0004930367428919169
0.0004930367428919169
0.0004930367428919169
0.0004930367428919169
0.0004930367428919169
0.00023662817046243845
0.00023662817046243845
0.00023662817046243845
0.00023662817046243845
0.00023662817046243845
0.00023662817046243845
0.00023662817046243845
0.00023662817046243845
0.00023662817046243845
0.00023662817046243845
0.00023662817046243845
0.00023662817046243845
0.00022945690185238732
0.00022945690185238732
0.00022945690185238732
0.00022945690185238732
0.00022945690185238732
0.00022945690185238732
0.00021556765808483647
0.00021556765808483647
0.00021556765808483647
0.0002102343749186275
0.00019686274256613956
0.00019686274256613956
0.00019686274256613956
0.00019686274256613956
0.00019686274256613956
0.00019686274256613956
0.00019686274256613956
0.00019686274256613956
0.00019686274256613956
0.00019686274256613956
0.00019686274256613956
0.00019686274256613956
0.00019686274256613956
0.00017067083199151512
0.00017067083199151512
0.00017067083199151512
0.00017067083199151512
0.00017067083199151512
0.00017067083199151512
0.0001552635492210186
0.0001552635492210186
0.0001552635492210186
0.0001552635492210186
0.0001552635492210186
0.0001552635492210186
0.0001552635492210186
0.0001552635492210186
0.0001552635492210186
0.0001395315052548085
0.0001395315052548085
0.0001395315052548085
0.00013532032832230811
0.00013532032832230811
0.00013532032832230811
0.00013532032832230811
0.00013532032832230811
0.00013532032832230811
8.994120165084496e-05
8.994120165084496e-05
8.994120165084496e-05
8.994120165084496e-05
8.994120165084496e-05
8.994120165084496e-05
8.994120165084496e-05
8.994120165084496e-05
7.795683167444167e-05
7.795683167444167e-05
7.795683167444167e-05
7.795683167444167e-05
7.795683167444167e-05
7.795683167444167e-05
7.676425446589974e-05
7.676425446589974e-05
6.794172812973898e-05
6.794172812973898e-05
6.794172812973898e-05
6.794172812973898e-05
6.794172812973898e-05
6.794172812973898e-05
6.794172812973898e-05
6.794172812973898e-05
6.794172812973898e-05
6.794172812973898e-05
6.655417960033105e-05
6.655417960033105e-05
6.655417960033105e-05
6.655417960033105e-05
6.655417960033105e-05
6.655417960033105e-05
6.585387139423915e-05
6.578892093145328e-05
6.578892093145328e-05
6.578892093145328e-05
6.578892093145328e-05
6.578892093145328e-05
6.578892093145328e-05
6.578892093145328e-05
6.576921190060148e-05
6.576921190060148e-05
6.319135928123387e-05
6.319135928123387e-05
6.319135928123387e-05
6.319135928123387e-05
6.319135928123387e-05
6.319135928123387e-05
6.319135928123387e-05
6.319135928123387e-05
6.15741258407354e-05
5.9549512389622805e-05
5.9549512389622805e-05
5.797830673870408e-05
5.797830673870408e-05
4.8530925539580494e-05
4.8530925539580494e-05
4.8530925539580494e-05
4.812712351665027e-05
4.812712351665027e-05
4.812712351665027e-05
4.812712351665027e-05
4.812712351665027e-05
4.812712351665027e-05
4.812712351665027e-05
4.812712351665027e-05
4.812712351665027e-05
4.8118157341292545e-05
4.7484697869748516e-05
4.7484697869748516e-05
4.504648609682249e-05
4.504648609682249e-05
4.504648609682249e-05
4.504648609682249e-05
4.504648609682249e-05
4.504648609682249e-05
4.504648609682249e-05
4.504648609682249e-05
4.504648609682249e-05
4.091027395247693e-05
4.091027395247693e-05
4.091027395247693e-05
4.091027395247693e-05
4.091027395247693e-05
4.091027395247693e-05
3.79998950741367e-05
3.79998950741367e-05
3.435633066217747e-05
3.435633066217747e-05
3.435633066217747e-05
3.435633066217747e-05
3.0949203694063954e-05
3.060414337952011e-05
2.8597908205085787e-05
2.8597908205085787e-05
2.8597908205085787e-05
2.8597908205085787e-05
2.8597908205085787e-05
2.8597908205085787e-05
2.8597908205085787e-05
2.8597908205085787e-05
2.8597908205085787e-05
2.6539236799294486e-05
2.595300967200842e-05
2.595300967200842e-05
2.595300967200842e-05
2.595300967200842e-05
2.595300967200842e-05
2.595300967200842e-05
2.595300967200842e-05
2.2952029816281083e-05
2.2952029816281083e-05
2.2952029816281083e-05
2.2952029816281083e-05
2.2952029816281083e-05
2.2952029816281083e-05
2.2952029816281083e-05
2.2952029816281083e-05
2.2952029816281083e-05
2.2952029816281083e-05
2.2952029816281083e-05
2.2952029816281083e-05
2.2952029816281083e-05
2.1913342855839346e-05
2.1913342855839346e-05
2.1913342855839346e-05
2.1913342855839346e-05
2.1913342855839346e-05
2.1913342855839346e-05
2.1913342855839346e-05
2.1074893705730346e-05
2.1074893705730346e-05
1.603479331890867e-05
1.603479331890867e-05
1.603479331890867e-05
1.603479331890867e-05
1.603479331890867e-05
1.603479331890867e-05
1.603479331890867e-05
1.603479331890867e-05
1.1886771016378361e-05
1.1886771016378361e-05
1.1886771016378361e-05
1.1886771016378361e-05
1.1886771016378361e-05
1.1886771016378361e-05
1.1886771016378361e-05
1.064944534689971e-05
1.064944534689971e-05
1.064944534689971e-05
1.064944534689971e-05
1.064944534689971e-05
1.064944534689971e-05
1.064944534689971e-05
1.064944534689971e-05
1.064944534689971e-05
1.064944534689971e-05
1.064944534689971e-05
1.064944534689971e-05
1.064944534689971e-05
1.064944534689971e-05
1.064944534689971e-05
1.064944534689971e-05
1.064944534689971e-05
1.064944534689971e-05
1.064944534689971e-05
1.064944534689971e-05
1.064944534689971e-05
1.064944534689971e-05
1.064944534689971e-05
1.064944534689971e-05
1.0061295437679973e-05
1.0061295437679973e-05
1.0061295437679973e-05
1.0061295437679973e-05
1.0061295437679973e-05
1.0061295437679973e-05
1.0040164838187593e-05
1.0040164838187593e-05
1.0040164838187593e-05
1.0039306040710017e-05
1.0039306040710017e-05
9.668325994027782e-06
8.910723803268183e-06
8.697867922791147e-06
8.556645948232244e-06
8.237586847315015e-06
8.237586847315015e-06
8.237586847315015e-06
7.163095165907407e-06
7.163095165907407e-06
7.163095165907407e-06
5.986938536040043e-06
5.986938536040043e-06
5.986938536040043e-06
5.986938536040043e-06
5.986938536040043e-06
5.241256122445748e-06
5.071879090934317e-06
5.071879090934317e-06
5.071879090934317e-06
5.071879090934317e-06
5.071879090934317e-06
5.071879090934317e-06
5.071879090934317e-06
5.071879090934317e-06
5.071879090934317e-06
5.071879090934317e-06
5.071879090934317e-06
5.071879090934317e-06
5.071879090934317e-06
5.071879090934317e-06
5.071879090934317e-06
5.071879090934317e-06
5.071879090934317e-06
5.071879090934317e-06
5.071879090934317e-06
5.071879090934317e-06
5.071879090934317e-06
5.071879090934317e-06
5.071879090934317e-06
5.019489975666147e-06
5.019489975666147e-06
4.274045423358075e-06
4.274045423358075e-06
4.274045423358075e-06
4.274045423358075e-06
4.274045423358075e-06
4.274045423358075e-06
4.274045423358075e-06
4.274045423358075e-06
4.274045423358075e-06
4.274045423358075e-06
4.253774900320195e-06
4.253774900320195e-06
4.253774900320195e-06
4.066892142162715e-06
3.7963046288780333e-06
3.7963046288780333e-06
3.176678546878975e-06
3.176678546878975e-06
3.176678546878975e-06
3.176678546878975e-06
3.176678546878975e-06
3.176678546878975e-06
3.176678546878975e-06
3.176678546878975e-06
3.0676609412694233e-06
