18.517734206842317
18.517734206842317
18.517734206842317
18.517734206842317
18.517734206842317
18.517734206842317
18.517734206842317
18.517734206842317
18.517734206842317
18.517734206842317
18.517734206842317
18.517734206842317
18.517734206842317
18.517734206842317
18.517734206842317
18.517734206842317
18.517734206842317
18.517734206842317
18.517734206842317
18.517734206842317
18.517734206842317
18.517734206842317
18.517734206842317
18.517734206842317
18.517734206842317
18.517734206842317
18.517734206842317
18.517734206842317
18.517734206842317
18.517734206842317
18.517734206842317
18.517734206842317
18.517734206842317
18.517734206842317
18.517734206842317
18.517734206842317
18.517734206842317
18.517734206842317
18.517734206842317
18.517734206842317
18.517734206842317
18.517734206842317
18.517734206842317
18.343836542524112
18.343836542524112
18.343836542524112
18.343836542524112
18.040697936616386
18.040697936616386
18.040697936616386
18.040697936616386
18.040697936616386
18.040697936616386
18.040697936616386
17.64278264566922
17.64278264566922
17.64278264566922
17.64278264566922
17.64278264566922
17.64278264566922
17.64278264566922
17.64278264566922
17.64278264566922
17.130731030896207
17.130731030896207
17.130731030896207
17.130731030896207
17.130731030896207
17.130731030896207
17.130731030896207
17.130731030896207
17.130731030896207
17.130731030896207
17.130731030896207
17.130731030896207
17.130731030896207
17.130731030896207
17.130731030896207
17.130731030896207
17.130731030896207
17.130731030896207
17.130731030896207
17.130731030896207
17.130731030896207
17.130731030896207
17.130731030896207
17.130731030896207
17.130731030896207
17.130731030896207
17.130731030896207
16.232639954971265
16.232639954971265
16.232639954971265
16.232639954971265
16.232639954971265
16.232639954971265
16.232639954971265
16.232639954971265
16.232639954971265
16.232639954971265
16.232639954971265
16.232639954971265
16.232639954971265
16.232639954971265
16.232639954971265
16.232639954971265
16.232639954971265
16.232639954971265
16.232639954971265
16.232639954971265
16.232639954971265
16.232639954971265
16.232639954971265
16.232639954971265
16.232639954971265
16.232639954971265
16.232639954971265
16.232639954971265
16.232639954971265
16.232639954971265
16.097195895136313
16.097195895136313
16.097195895136313
16.097195895136313
16.097195895136313
16.097195895136313
16.097195895136313
16.097195895136313
16.097195895136313
16.097195895136313
16.097195895136313
16.097195895136313
16.097195895136313
16.097195895136313
16.097195895136313
16.097195895136313
16.097195895136313
16.097195895136313
16.097195895136313
16.097195895136313
16.097195895136313
16.097195895136313
16.097195895136313
16.097195895136313
15.949169285215557
15.949169285215557
15.949169285215557
15.949169285215557
15.949169285215557
15.949169285215557
15.949169285215557
15.949169285215557
15.949169285215557
15.949169285215557
15.949169285215557
15.949169285215557
15.949169285215557
15.949169285215557
15.949169285215557
15.949169285215557
15.949169285215557
15.949169285215557
15.949169285215557
15.949169285215557
15.949169285215557
15.949169285215557
15.949169285215557
15.949169285215557
15.949169285215557
15.949169285215557
15.949169285215557
15.949169285215557
15.949169285215557
15.949169285215557
15.949169285215557
15.949169285215557
15.949169285215557
15.949169285215557
15.949169285215557
15.949169285215557
15.949169285215557
15.949169285215557
15.949169285215557
15.949169285215557
15.949169285215557
15.949169285215557
15.949169285215557
15.949169285215557
15.949169285215557
15.949169285215557
15.949169285215557
15.949169285215557
15.949169285215557
15.949169285215557
15.483000360968244
15.483000360968244
15.483000360968244
15.483000360968244
15.483000360968244
15.483000360968244
15.483000360968244
15.483000360968244
15.483000360968244
15.483000360968244
15.483000360968244
15.483000360968244
15.483000360968244
15.483000360968244
15.483000360968244
15.483000360968244
15.483000360968244
15.483000360968244
15.483000360968244
15.483000360968244
15.483000360968244
15.483000360968244
15.483000360968244
15.483000360968244
15.483000360968244
15.483000360968244
15.483000360968244
15.483000360968244
15.483000360968244
15.483000360968244
15.483000360968244
14.48211894688109
14.48211894688109
14.48211894688109
14.48211894688109
14.448739562201137
14.448739562201137
14.448739562201137
14.448739562201137
14.448739562201137
14.448739562201137
14.448739562201137
14.448739562201137
14.448739562201137
14.448739562201137
14.448739562201137
14.448739562201137
14.448739562201137
14.448739562201137
14.448739562201137
14.448739562201137
14.448739562201137
14.448739562201137
14.448739562201137
14.448739562201137
14.448739562201137
14.448739562201137
14.448739562201137
14.448739562201137
14.448739562201137
14.448739562201137
14.448739562201137
14.448739562201137
14.09220761232896
14.09220761232896
14.09220761232896
14.09220761232896
14.09220761232896
14.09220761232896
14.09220761232896
14.09220761232896
14.09220761232896
14.09220761232896
14.09220761232896
14.09220761232896
14.09220761232896
14.09220761232896
14.09220761232896
14.09220761232896
14.09220761232896
14.09220761232896
14.09220761232896
14.09220761232896
14.09220761232896
14.09220761232896
14.09220761232896
14.09220761232896
14.09220761232896
12.667683765230947
12.667683765230947
12.667683765230947
12.667683765230947
12.667683765230947
12.667683765230947
12.667683765230947
12.667683765230947
12.667683765230947
12.667683765230947
12.667683765230947
12.667683765230947
12.667683765230947
12.667683765230947
12.667683765230947
12.667683765230947
12.667683765230947
12.667683765230947
12.667683765230947
12.667683765230947
12.667683765230947
12.667683765230947
12.667683765230947
12.667683765230947
12.667683765230947
12.667683765230947
12.667683765230947
12.667683765230947
12.667683765230947
12.667683765230947
12.667683765230947
12.667683765230947
12.667683765230947
12.667683765230947
12.667683765230947
12.667683765230947
12.667683765230947
12.667683765230947
12.667683765230947
12.667683765230947
12.667683765230947
12.667683765230947
12.667683765230947
12.667683765230947
12.667683765230947
12.667683765230947
12.667683765230947
12.667683765230947
12.667683765230947
12.667683765230947
12.667683765230947
12.667683765230947
12.667683765230947
12.667683765230947
12.667683765230947
12.667683765230947
12.667683765230947
12.667683765230947
12.667683765230947
12.667683765230947
12.667683765230947
12.667683765230947
12.667683765230947
12.667683765230947
12.667683765230947
12.667683765230947
12.667683765230947
12.667683765230947
12.667683765230947
12.667683765230947
12.667683765230947
12.667683765230947
12.667683765230947
12.667683765230947
12.667683765230947
12.667683765230947
12.667683765230947
12.667683765230947
12.667683765230947
12.667683765230947
12.667683765230947
12.667683765230947
12.667683765230947
12.667683765230947
12.380008136607211
12.380008136607211
12.380008136607211
12.380008136607211
12.380008136607211
12.380008136607211
12.380008136607211
12.380008136607211
12.380008136607211
12.380008136607211
12.380008136607211
12.380008136607211
12.380008136607211
12.380008136607211
12.380008136607211
12.380008136607211
12.380008136607211
12.380008136607211
12.380008136607211
12.380008136607211
12.380008136607211
12.380008136607211
12.380008136607211
12.380008136607211
12.380008136607211
12.380008136607211
12.380008136607211
12.380008136607211
12.380008136607211
12.380008136607211
12.380008136607211
12.380008136607211
12.380008136607211
12.380008136607211
12.380008136607211
12.380008136607211
12.380008136607211
12.380008136607211
12.380008136607211
12.380008136607211
12.380008136607211
12.380008136607211
12.380008136607211
12.380008136607211
12.380008136607211
12.380008136607211
12.380008136607211
12.380008136607211
12.380008136607211
12.380008136607211
12.380008136607211
12.380008136607211
12.380008136607211
12.380008136607211
12.380008136607211
12.380008136607211
12.380008136607211
12.380008136607211
12.380008136607211
12.380008136607211
12.380008136607211
12.380008136607211
12.380008136607211
12.380008136607211
12.380008136607211
12.380008136607211
12.380008136607211
12.380008136607211
12.380008136607211
12.380008136607211
12.380008136607211
12.380008136607211
12.380008136607211
12.380008136607211
12.380008136607211
12.380008136607211
12.380008136607211
12.380008136607211
12.380008136607211
12.380008136607211
12.380008136607211
12.380008136607211
12.380008136607211
12.380008136607211
12.380008136607211
12.380008136607211
12.380008136607211
12.380008136607211
10.873612105575418
10.873612105575418
10.873612105575418
10.873612105575418
10.873612105575418
10.873612105575418
10.873612105575418
10.873612105575418
10.873612105575418
10.873612105575418
10.873612105575418
10.873612105575418
10.873612105575418
10.873612105575418
10.873612105575418
10.873612105575418
10.873612105575418
10.873612105575418
10.873612105575418
10.873612105575418
10.873612105575418
10.873612105575418
10.873612105575418
10.873612105575418
10.873612105575418
10.873612105575418
10.873612105575418
10.593918729515323
10.593918729515323
10.593918729515323
10.593918729515323
10.593918729515323
10.593918729515323
10.593918729515323
10.593918729515323
10.593918729515323
10.593918729515323
10.593918729515323
10.593918729515323
10.593918729515323
10.593918729515323
10.593918729515323
10.593918729515323
10.593918729515323
10.593918729515323
10.593918729515323
10.593918729515323
10.593918729515323
10.593918729515323
10.593918729515323
10.593918729515323
10.593918729515323
10.593918729515323
10.593918729515323
10.593918729515323
10.593918729515323
10.593918729515323
10.593918729515323
10.593918729515323
10.593918729515323
10.593918729515323
10.593918729515323
10.593918729515323
10.593918729515323
10.593918729515323
10.593918729515323
10.593918729515323
10.593918729515323
10.593918729515323
10.593918729515323
10.593918729515323
10.593918729515323
10.593918729515323
10.593918729515323
10.593918729515323
10.593918729515323
10.593918729515323
10.593918729515323
10.593918729515323
10.593918729515323
10.593918729515323
10.593918729515323
10.593918729515323
10.593918729515323
10.593918729515323
10.593918729515323
10.593918729515323
10.593918729515323
10.593918729515323
10.593918729515323
10.593918729515323
10.593918729515323
10.593918729515323
10.593918729515323
10.593918729515323
10.593918729515323
10.593918729515323
10.593918729515323
10.593918729515323
10.593918729515323
10.593918729515323
10.593918729515323
10.593918729515323
10.593918729515323
10.593918729515323
10.593918729515323
10.593918729515323
10.593918729515323
10.593918729515323
10.593918729515323
10.272809382133769
10.272809382133769
10.272809382133769
10.272809382133769
10.272809382133769
10.272809382133769
10.272809382133769
10.272809382133769
10.272809382133769
10.272809382133769
10.272809382133769
10.272809382133769
10.272809382133769
10.272809382133769
10.272809382133769
10.272809382133769
10.272809382133769
10.272809382133769
10.272809382133769
10.272809382133769
10.272809382133769
10.272809382133769
10.217863119685234
10.217863119685234
10.217863119685234
10.217863119685234
10.16766265814559
10.16766265814559
10.16766265814559
10.16766265814559
10.16766265814559
10.16766265814559
10.16766265814559
10.16766265814559
10.16766265814559
10.16766265814559
10.16766265814559
10.16766265814559
10.16766265814559
10.16766265814559
10.16766265814559
10.16766265814559
10.16766265814559
10.16766265814559
10.16766265814559
10.16766265814559
10.16766265814559
10.16766265814559
10.16766265814559
10.16766265814559
10.16766265814559
10.16766265814559
10.16766265814559
10.16766265814559
10.16766265814559
10.16766265814559
10.16766265814559
9.93929984181758
9.93929984181758
9.93929984181758
9.93929984181758
9.768989193827968
9.768989193827968
9.768989193827968
9.768989193827968
9.768989193827968
9.768989193827968
8.637078435230656
8.637078435230656
8.637078435230656
8.637078435230656
8.637078435230656
8.637078435230656
8.637078435230656
8.637078435230656
8.637078435230656
8.637078435230656
8.637078435230656
8.637078435230656
8.637078435230656
8.637078435230656
8.637078435230656
8.637078435230656
8.637078435230656
8.637078435230656
8.637078435230656
8.637078435230656
8.637078435230656
8.637078435230656
8.637078435230656
8.637078435230656
8.637078435230656
8.637078435230656
8.637078435230656
8.637078435230656
8.564225381826091
8.564225381826091
8.564225381826091
8.564225381826091
8.564225381826091
8.564225381826091
8.564225381826091
8.564225381826091
8.564225381826091
8.508578675257658
8.508578675257658
8.508578675257658
8.508578675257658
8.508578675257658
8.508578675257658
8.508578675257658
8.508578675257658
8.508578675257658
8.508578675257658
8.508578675257658
8.508578675257658
8.508578675257658
8.508578675257658
8.508578675257658
8.508578675257658
7.823932855271416
7.823932855271416
7.823932855271416
7.823932855271416
7.823932855271416
7.823932855271416
7.823932855271416
7.823932855271416
7.823932855271416
7.823932855271416
7.823932855271416
7.823932855271416
7.823932855271416
7.823932855271416
7.823932855271416
7.823932855271416
7.823932855271416
7.823932855271416
7.823932855271416
7.823932855271416
7.823932855271416
7.823932855271416
7.823932855271416
7.823932855271416
7.823932855271416
7.823932855271416
7.823932855271416
7.823932855271416
7.823932855271416
7.823932855271416
7.823932855271416
7.823932855271416
7.823932855271416
7.823932855271416
7.823932855271416
7.823932855271416
7.823932855271416
7.823932855271416
7.823932855271416
7.823932855271416
7.823932855271416
7.823932855271416
7.823932855271416
7.823932855271416
7.823932855271416
7.823932855271416
7.823932855271416
7.823932855271416
7.823932855271416
7.823932855271416
7.823932855271416
7.823932855271416
7.823932855271416
7.823932855271416
7.823932855271416
7.823932855271416
7.823932855271416
7.823932855271416
7.823932855271416
7.823932855271416
7.823932855271416
7.823932855271416
7.823932855271416
7.823932855271416
7.823932855271416
7.823932855271416
7.823932855271416
7.823932855271416
7.823932855271416
7.823932855271416
7.823932855271416
7.823932855271416
7.823932855271416
7.823932855271416
7.823932855271416
7.823932855271416
7.823932855271416
7.823932855271416
7.823932855271416
7.823932855271416
7.823932855271416
7.823932855271416
7.823932855271416
7.823932855271416
7.823932855271416
7.823932855271416
7.823932855271416
7.823932855271416
7.823932855271416
7.823932855271416
7.823932855271416
7.823932855271416
7.823932855271416
7.823932855271416
7.823932855271416
7.823932855271416
7.823932855271416
7.823932855271416
7.823932855271416
7.823932855271416
7.823932855271416
7.823932855271416
7.823932855271416
7.823932855271416
7.823932855271416
7.823932855271416
7.823932855271416
7.823932855271416
7.823932855271416
7.823932855271416
7.823932855271416
7.823932855271416
7.823932855271416
7.823932855271416
7.823932855271416
7.823932855271416
7.823932855271416
7.823932855271416
7.823932855271416
7.823932855271416
7.823932855271416
7.823932855271416
7.823932855271416
7.823932855271416
7.823932855271416
7.823932855271416
7.823932855271416
7.823932855271416
7.823932855271416
7.823932855271416
7.823932855271416
7.823932855271416
7.823932855271416
7.823932855271416
7.823932855271416
7.823932855271416
7.823932855271416
7.823932855271416
7.823932855271416
7.823932855271416
7.823932855271416
7.823932855271416
7.823932855271416
7.823932855271416
7.823932855271416
7.823932855271416
7.823932855271416
7.823932855271416
7.823932855271416
7.823932855271416
7.823932855271416
7.823932855271416
7.823932855271416
7.823932855271416
7.823932855271416
7.823932855271416
7.823932855271416
7.823932855271416
7.823932855271416
7.823932855271416
7.823932855271416
7.823932855271416
7.823932855271416
7.823932855271416
7.737458227706412
7.737458227706412
7.737458227706412
7.737458227706412
7.564056100184445
7.564056100184445
7.564056100184445
7.564056100184445
7.564056100184445
7.564056100184445
7.564056100184445
7.564056100184445
7.564056100184445
7.564056100184445
7.564056100184445
7.514940785723594
7.514940785723594
7.514940785723594
7.514940785723594
6.704482466388242
6.704482466388242
6.704482466388242
6.704482466388242
6.704482466388242
6.704482466388242
6.704482466388242
6.704482466388242
6.704482466388242
6.704482466388242
6.704482466388242
6.704482466388242
5.910497737394728
5.910497737394728
5.910497737394728
5.910497737394728
5.910497737394728
5.910497737394728
5.910497737394728
5.910497737394728
5.910497737394728
5.910497737394728
5.910497737394728
5.910497737394728
5.910497737394728
5.910497737394728
5.910497737394728
5.910497737394728
5.910497737394728
5.910497737394728
5.910497737394728
5.910497737394728
5.910497737394728
5.910497737394728
5.910497737394728
5.910497737394728
5.910497737394728
5.910497737394728
5.910497737394728
5.910497737394728
5.910497737394728
5.910497737394728
5.910497737394728
5.910497737394728
5.910497737394728
5.910497737394728
5.910497737394728
5.910497737394728
5.910497737394728
5.910497737394728
5.910497737394728
5.910497737394728
5.910497737394728
5.910497737394728
5.910497737394728
5.910497737394728
5.910497737394728
5.910497737394728
5.910497737394728
5.910497737394728
5.910497737394728
5.910497737394728
5.910497737394728
5.910497737394728
5.910497737394728
5.910497737394728
5.910497737394728
5.910497737394728
5.910497737394728
5.910497737394728
5.910497737394728
5.910497737394728
5.910497737394728
5.910497737394728
5.910497737394728
5.910497737394728
5.910497737394728
5.910497737394728
5.910497737394728
5.910497737394728
5.910497737394728
5.910497737394728
5.910497737394728
5.910497737394728
5.910497737394728
5.910497737394728
5.910497737394728
5.910497737394728
5.910497737394728
5.910497737394728
5.910497737394728
5.910497737394728
5.910497737394728
5.910497737394728
5.910497737394728
5.910497737394728
5.910497737394728
5.910497737394728
5.910497737394728
5.910497737394728
5.910497737394728
5.910497737394728
5.910497737394728
5.910497737394728
5.910497737394728
5.910497737394728
5.910497737394728
5.910497737394728
5.692740096257737
5.692740096257737
5.692740096257737
5.692740096257737
5.692740096257737
5.692740096257737
5.692740096257737
5.692740096257737
5.692740096257737
5.692740096257737
5.692740096257737
5.692740096257737
5.692740096257737
5.692740096257737
5.692740096257737
5.692740096257737
5.692740096257737
5.692740096257737
5.692740096257737
5.692740096257737
5.692740096257737
5.692740096257737
5.692740096257737
5.692740096257737
5.692740096257737
