16.30470097713724
15.884442473473857
15.884442473473857
15.884442473473857
15.884442473473857
15.884442473473857
15.884442473473857
15.884442473473857
15.884442473473857
15.884442473473857
13.772334065582587
13.772334065582587
13.772334065582587
13.772334065582587
13.772334065582587
13.772334065582587
13.772334065582587
13.772334065582587
13.772334065582587
13.772334065582587
13.772334065582587
13.772334065582587
13.772334065582587
13.772334065582587
13.772334065582587
13.772334065582587
13.772334065582587
13.772334065582587
13.772334065582587
13.772334065582587
13.772334065582587
13.772334065582587
13.772334065582587
13.772334065582587
13.772334065582587
13.772334065582587
13.772334065582587
13.772334065582587
13.772334065582587
13.772334065582587
13.772334065582587
13.772334065582587
13.772334065582587
13.772334065582587
13.772334065582587
13.772334065582587
13.772334065582587
13.772334065582587
13.772334065582587
13.772334065582587
13.772334065582587
12.217969931000372
12.217969931000372
12.217969931000372
12.217969931000372
12.217969931000372
12.217969931000372
12.217969931000372
12.217969931000372
12.217969931000372
12.217969931000372
12.217969931000372
12.217969931000372
12.217969931000372
12.217969931000372
12.217969931000372
12.217969931000372
12.217969931000372
12.217969931000372
12.217969931000372
12.217969931000372
12.217969931000372
12.217969931000372
12.217969931000372
12.217969931000372
12.217969931000372
12.217969931000372
12.217969931000372
12.217969931000372
12.217969931000372
12.217969931000372
12.217969931000372
12.217969931000372
12.217969931000372
12.217969931000372
12.217969931000372
12.217969931000372
12.217969931000372
12.217969931000372
12.217969931000372
12.217969931000372
12.217969931000372
12.217969931000372
12.217969931000372
12.217969931000372
12.217969931000372
12.217969931000372
11.087284551934543
11.087284551934543
11.087284551934543
11.087284551934543
11.087284551934543
11.087284551934543
11.087284551934543
11.087284551934543
11.087284551934543
11.087284551934543
11.087284551934543
11.087284551934543
11.087284551934543
11.087284551934543
11.087284551934543
9.621973419429626
9.621973419429626
9.621973419429626
9.621973419429626
9.621973419429626
9.621973419429626
9.621973419429626
9.621973419429626
9.621973419429626
9.621973419429626
9.621973419429626
9.621973419429626
9.621973419429626
9.621973419429626
9.621973419429626
9.621973419429626
9.621973419429626
9.621973419429626
9.621973419429626
9.621973419429626
9.621973419429626
9.621973419429626
9.621973419429626
9.621973419429626
9.621973419429626
9.621973419429626
9.621973419429626
9.621973419429626
9.621973419429626
9.621973419429626
9.621973419429626
9.621973419429626
9.621973419429626
9.621973419429626
9.621973419429626
9.621973419429626
9.621973419429626
9.621973419429626
9.621973419429626
9.621973419429626
9.621973419429626
9.621973419429626
9.621973419429626
9.621973419429626
9.621973419429626
9.621973419429626
9.621973419429626
9.621973419429626
9.621973419429626
9.621973419429626
9.621973419429626
9.621973419429626
9.621973419429626
9.621973419429626
9.621973419429626
9.621973419429626
9.621973419429626
9.621973419429626
9.621973419429626
9.621973419429626
9.621973419429626
9.621973419429626
9.621973419429626
9.621973419429626
8.985342736047913
8.985342736047913
8.985342736047913
8.985342736047913
8.985342736047913
8.985342736047913
8.985342736047913
8.985342736047913
8.985342736047913
8.985342736047913
8.985342736047913
8.985342736047913
8.985342736047913
8.985342736047913
8.985342736047913
8.985342736047913
8.985342736047913
8.985342736047913
8.985342736047913
8.985342736047913
8.985342736047913
8.985342736047913
8.985342736047913
8.985342736047913
8.985342736047913
8.985342736047913
8.985342736047913
8.985342736047913
8.985342736047913
8.985342736047913
8.985342736047913
8.985342736047913
8.985342736047913
8.985342736047913
8.985342736047913
8.985342736047913
8.985342736047913
8.985342736047913
8.985342736047913
8.985342736047913
8.985342736047913
8.985342736047913
8.985342736047913
8.985342736047913
8.985342736047913
8.985342736047913
8.985342736047913
8.985342736047913
8.985342736047913
8.985342736047913
8.985342736047913
8.985342736047913
8.985342736047913
8.985342736047913
8.985342736047913
8.985342736047913
8.985342736047913
8.985342736047913
8.985342736047913
8.985342736047913
8.985342736047913
8.985342736047913
8.985342736047913
6.519688722895589
6.519688722895589
6.519688722895589
6.519688722895589
6.519688722895589
6.519688722895589
6.519688722895589
6.519688722895589
6.519688722895589
6.519688722895589
6.519688722895589
6.519688722895589
6.519688722895589
6.519688722895589
6.519688722895589
6.519688722895589
6.519688722895589
6.519688722895589
6.519688722895589
6.519688722895589
6.519688722895589
6.519688722895589
6.519688722895589
6.519688722895589
6.519688722895589
6.519688722895589
6.519688722895589
6.519688722895589
6.519688722895589
6.519688722895589
6.519688722895589
6.519688722895589
6.519688722895589
6.519688722895589
6.519688722895589
6.519688722895589
6.519688722895589
6.519688722895589
6.519688722895589
6.519688722895589
6.519688722895589
6.519688722895589
6.519688722895589
6.519688722895589
6.519688722895589
6.519688722895589
6.519688722895589
6.519688722895589
6.519688722895589
6.519688722895589
6.519688722895589
6.519688722895589
6.519688722895589
6.519688722895589
6.519688722895589
6.519688722895589
6.519688722895589
6.519688722895589
6.519688722895589
6.519688722895589
6.519688722895589
6.519688722895589
6.519688722895589
6.519688722895589
6.519688722895589
6.061456400031146
6.061456400031146
6.061456400031146
6.061456400031146
6.061456400031146
6.061456400031146
6.061456400031146
6.061456400031146
6.061456400031146
6.061456400031146
6.061456400031146
6.061456400031146
6.061456400031146
6.061456400031146
6.061456400031146
6.061456400031146
6.061456400031146
6.061456400031146
6.061456400031146
6.061456400031146
6.061456400031146
6.061456400031146
6.061456400031146
6.061456400031146
6.061456400031146
6.061456400031146
6.061456400031146
6.061456400031146
6.061456400031146
6.061456400031146
6.061456400031146
6.061456400031146
6.061456400031146
6.061456400031146
6.061456400031146
6.061456400031146
6.061456400031146
6.061456400031146
6.061456400031146
6.061456400031146
6.061456400031146
6.061456400031146
5.74982567918706
5.74982567918706
5.74982567918706
5.74982567918706
5.74982567918706
5.74982567918706
5.74982567918706
5.74982567918706
5.74982567918706
5.74982567918706
5.74982567918706
5.74982567918706
5.74982567918706
5.74982567918706
5.74982567918706
5.74982567918706
5.74982567918706
5.74982567918706
5.74982567918706
5.74982567918706
5.74982567918706
5.579072915951514
5.579072915951514
5.579072915951514
5.579072915951514
5.579072915951514
5.579072915951514
5.579072915951514
5.579072915951514
5.579072915951514
5.579072915951514
5.579072915951514
5.579072915951514
5.579072915951514
5.579072915951514
5.579072915951514
5.579072915951514
5.579072915951514
5.579072915951514
5.579072915951514
5.579072915951514
5.579072915951514
5.579072915951514
5.579072915951514
5.579072915951514
5.579072915951514
5.579072915951514
5.579072915951514
5.579072915951514
5.579072915951514
5.579072915951514
5.579072915951514
5.579072915951514
5.579072915951514
5.579072915951514
5.579072915951514
5.579072915951514
5.579072915951514
4.773354136635739
4.773354136635739
4.773354136635739
4.773354136635739
4.773354136635739
4.773354136635739
4.773354136635739
4.773354136635739
4.773354136635739
4.773354136635739
4.773354136635739
4.773354136635739
4.773354136635739
4.773354136635739
4.773354136635739
4.773354136635739
4.773354136635739
4.773354136635739
4.773354136635739
4.773354136635739
4.773354136635739
4.773354136635739
4.773354136635739
4.773354136635739
4.773354136635739
4.773354136635739
4.773354136635739
4.773354136635739
4.773354136635739
4.773354136635739
4.773354136635739
4.773354136635739
4.773354136635739
4.773354136635739
4.773354136635739
4.773354136635739
4.773354136635739
4.773354136635739
4.773354136635739
4.773354136635739
4.773354136635739
4.773354136635739
4.773354136635739
4.773354136635739
4.773354136635739
4.773354136635739
4.773354136635739
4.773354136635739
4.773354136635739
4.773354136635739
4.773354136635739
4.773354136635739
3.495607594333624
3.495607594333624
3.495607594333624
3.495607594333624
3.495607594333624
3.495607594333624
3.495607594333624
3.495607594333624
3.495607594333624
3.495607594333624
3.495607594333624
3.495607594333624
3.495607594333624
3.495607594333624
3.495607594333624
3.495607594333624
3.495607594333624
3.495607594333624
3.495607594333624
3.495607594333624
3.495607594333624
3.495607594333624
3.495607594333624
3.495607594333624
3.495607594333624
3.495607594333624
3.495607594333624
3.495607594333624
3.495607594333624
3.495607594333624
3.495607594333624
3.495607594333624
3.495607594333624
3.495607594333624
3.495607594333624
3.495607594333624
3.495607594333624
3.495607594333624
3.495607594333624
3.495607594333624
3.495607594333624
3.495607594333624
3.495607594333624
3.495607594333624
3.495607594333624
3.495607594333624
3.495607594333624
3.495607594333624
3.495607594333624
3.495607594333624
3.495607594333624
3.495607594333624
3.495607594333624
3.495607594333624
3.495607594333624
3.495607594333624
3.495607594333624
3.495607594333624
3.495607594333624
3.495607594333624
3.495607594333624
3.495607594333624
3.495607594333624
3.495607594333624
3.495607594333624
3.495607594333624
3.495607594333624
3.495607594333624
3.495607594333624
3.495607594333624
3.495607594333624
3.495607594333624
3.495607594333624
3.495607594333624
3.495607594333624
3.495607594333624
3.495607594333624
3.495607594333624
3.495607594333624
3.495607594333624
3.495607594333624
3.495607594333624
3.495607594333624
3.495607594333624
3.495607594333624
3.495607594333624
3.495607594333624
3.495607594333624
3.495607594333624
3.495607594333624
3.495607594333624
3.495607594333624
3.495607594333624
3.495607594333624
3.495607594333624
3.495607594333624
3.495607594333624
3.495607594333624
3.495607594333624
3.495607594333624
3.495607594333624
3.495607594333624
3.495607594333624
3.495607594333624
3.495607594333624
3.495607594333624
3.495607594333624
3.495607594333624
3.495607594333624
3.495607594333624
3.495607594333624
3.495607594333624
3.065278227386383
3.065278227386383
3.065278227386383
3.065278227386383
3.065278227386383
3.065278227386383
3.065278227386383
3.065278227386383
3.065278227386383
3.065278227386383
3.065278227386383
3.065278227386383
3.065278227386383
3.065278227386383
3.065278227386383
3.065278227386383
3.065278227386383
3.065278227386383
3.065278227386383
3.065278227386383
3.065278227386383
3.065278227386383
3.065278227386383
3.065278227386383
3.065278227386383
3.065278227386383
3.065278227386383
3.065278227386383
3.065278227386383
3.065278227386383
3.065278227386383
3.065278227386383
3.065278227386383
3.065278227386383
3.065278227386383
3.065278227386383
3.065278227386383
3.065278227386383
3.065278227386383
3.065278227386383
3.065278227386383
3.065278227386383
3.065278227386383
3.065278227386383
3.065278227386383
3.065278227386383
3.065278227386383
3.065278227386383
3.065278227386383
3.065278227386383
2.838212248928315
2.838212248928315
2.838212248928315
2.838212248928315
2.838212248928315
2.838212248928315
2.838212248928315
2.838212248928315
2.838212248928315
2.838212248928315
2.838212248928315
2.838212248928315
2.838212248928315
2.838212248928315
2.838212248928315
2.838212248928315
2.838212248928315
2.838212248928315
2.838212248928315
2.838212248928315
2.838212248928315
2.838212248928315
2.838212248928315
2.838212248928315
2.838212248928315
2.838212248928315
2.838212248928315
2.838212248928315
2.838212248928315
2.838212248928315
2.838212248928315
2.838212248928315
2.838212248928315
2.838212248928315
2.838212248928315
2.838212248928315
2.838212248928315
2.838212248928315
2.838212248928315
2.838212248928315
2.838212248928315
2.838212248928315
2.838212248928315
2.838212248928315
2.838212248928315
2.838212248928315
2.838212248928315
2.838212248928315
2.838212248928315
2.838212248928315
2.838212248928315
2.838212248928315
2.838212248928315
2.838212248928315
2.838212248928315
2.838212248928315
2.838212248928315
2.838212248928315
2.838212248928315
2.838212248928315
2.838212248928315
2.838212248928315
2.838212248928315
2.838212248928315
2.838212248928315
2.838212248928315
2.838212248928315
2.838212248928315
2.838212248928315
2.838212248928315
2.838212248928315
2.838212248928315
2.838212248928315
2.838212248928315
2.838212248928315
2.838212248928315
2.838212248928315
2.838212248928315
2.838212248928315
2.838212248928315
2.838212248928315
2.838212248928315
2.838212248928315
2.838212248928315
2.838212248928315
2.838212248928315
2.838212248928315
2.838212248928315
2.838212248928315
2.838212248928315
2.838212248928315
2.838212248928315
2.838212248928315
2.838212248928315
2.838212248928315
2.838212248928315
2.838212248928315
2.838212248928315
2.838212248928315
2.838212248928315
2.838212248928315
2.838212248928315
2.838212248928315
2.838212248928315
2.838212248928315
2.838212248928315
2.838212248928315
2.838212248928315
2.838212248928315
2.838212248928315
2.838212248928315
2.838212248928315
2.838212248928315
2.838212248928315
2.838212248928315
2.838212248928315
2.838212248928315
2.838212248928315
2.838212248928315
2.838212248928315
2.838212248928315
2.838212248928315
2.838212248928315
2.838212248928315
2.838212248928315
2.838212248928315
2.838212248928315
2.838212248928315
2.838212248928315
2.838212248928315
2.838212248928315
2.838212248928315
2.838212248928315
2.838212248928315
2.838212248928315
2.838212248928315
2.838212248928315
2.838212248928315
2.838212248928315
2.838212248928315
2.838212248928315
2.838212248928315
2.838212248928315
2.838212248928315
2.838212248928315
2.838212248928315
2.838212248928315
2.838212248928315
2.838212248928315
2.838212248928315
2.838212248928315
2.838212248928315
2.838212248928315
2.838212248928315
2.838212248928315
2.838212248928315
2.334782522627801
2.334782522627801
2.334782522627801
2.334782522627801
2.334782522627801
2.334782522627801
2.334782522627801
2.334782522627801
2.334782522627801
2.334782522627801
2.334782522627801
2.334782522627801
2.334782522627801
2.334782522627801
2.334782522627801
2.334782522627801
2.334782522627801
2.334782522627801
2.334782522627801
2.334782522627801
2.334782522627801
2.334782522627801
2.334782522627801
2.334782522627801
2.334782522627801
2.334782522627801
2.334782522627801
2.334782522627801
2.334782522627801
2.334782522627801
2.334782522627801
2.334782522627801
2.334782522627801
2.334782522627801
2.334782522627801
2.334782522627801
2.334782522627801
2.334782522627801
2.334782522627801
2.334782522627801
2.334782522627801
2.334782522627801
2.334782522627801
2.334782522627801
2.334782522627801
2.334782522627801
2.334782522627801
2.334782522627801
2.334782522627801
2.334782522627801
2.334782522627801
2.334782522627801
2.334782522627801
2.334782522627801
2.334782522627801
2.334782522627801
2.334782522627801
2.334782522627801
2.334782522627801
2.3028229609929163
2.3028229609929163
2.3028229609929163
2.3028229609929163
2.3028229609929163
2.3028229609929163
2.3028229609929163
2.3028229609929163
2.3028229609929163
2.3028229609929163
2.3028229609929163
2.3028229609929163
2.3028229609929163
2.3028229609929163
2.3028229609929163
2.3028229609929163
2.3028229609929163
2.3028229609929163
2.3028229609929163
2.3028229609929163
1.3874982631464903
1.3874982631464903
1.3874982631464903
1.3874982631464903
1.3874982631464903
1.3874982631464903
1.3874982631464903
1.3874982631464903
1.3874982631464903
1.3874982631464903
1.3874982631464903
1.3874982631464903
1.3874982631464903
1.3874982631464903
1.3874982631464903
1.3874982631464903
1.3874982631464903
1.3874982631464903
1.3874982631464903
1.3874982631464903
1.3874982631464903
1.3874982631464903
1.3874982631464903
1.3874982631464903
1.3874982631464903
1.3874982631464903
1.3874982631464903
1.3874982631464903
1.3874982631464903
1.3874982631464903
1.3874982631464903
1.3874982631464903
1.3874982631464903
1.3874982631464903
1.3874982631464903
1.3874982631464903
1.3874982631464903
1.3874982631464903
1.3874982631464903
1.3874982631464903
1.3874982631464903
1.3874982631464903
1.0719985478417726
1.0719985478417726
1.0719985478417726
1.0719985478417726
1.0719985478417726
1.0719985478417726
1.0719985478417726
1.0719985478417726
1.0719985478417726
1.0719985478417726
1.0719985478417726
1.0719985478417726
1.0719985478417726
1.0719985478417726
1.0719985478417726
1.0719985478417726
1.0719985478417726
1.0719985478417726
1.0719985478417726
1.0719985478417726
1.0719985478417726
1.0719985478417726
1.0719985478417726
1.0719985478417726
1.0719985478417726
1.0719985478417726
1.0719985478417726
1.0719985478417726
1.0719985478417726
1.0719985478417726
1.0719985478417726
1.0719985478417726
1.0719985478417726
1.0719985478417726
1.0719985478417726
1.0719985478417726
1.0719985478417726
1.0719985478417726
1.0719985478417726
1.0719985478417726
1.0719985478417726
1.0719985478417726
1.0719985478417726
1.0719985478417726
1.0719985478417726
1.0719985478417726
1.0719985478417726
1.0719985478417726
1.0719985478417726
1.0719985478417726
1.0719985478417726
1.0719985478417726
1.0719985478417726
1.0719985478417726
1.0719985478417726
1.0719985478417726
1.0719985478417726
1.0719985478417726
1.0719985478417726
1.0719985478417726
1.0719985478417726
1.0719985478417726
1.0719985478417726
1.0719985478417726
1.0719985478417726
1.0719985478417726
1.0719985478417726
1.0719985478417726
1.0719985478417726
1.0719985478417726
1.0719985478417726
1.0719985478417726
1.0719985478417726
1.0719985478417726
1.0719985478417726
1.0719985478417726
1.0719985478417726
1.0719985478417726
1.0719985478417726
1.0719985478417726
1.0719985478417726
1.0719985478417726
1.0719985478417726
1.0719985478417726
1.0719985478417726
1.0719985478417726
1.0719985478417726
1.0719985478417726
1.0719985478417726
1.0719985478417726
1.0719985478417726
1.0719985478417726
1.0719985478417726
0.43946011185339273
0.43946011185339273
0.43946011185339273
0.43946011185339273
0.43946011185339273
0.43946011185339273
0.43946011185339273
0.43946011185339273
0.43946011185339273
0.43946011185339273
0.43946011185339273
0.43946011185339273
