5.251489306733774
5.251489306733774
5.251489306733774
5.251489306733774
5.251489306733774
5.251489306733774
4.736510311941938
4.736510311941938
4.455509660108188
4.455509660108188
4.455509660108188
4.455509660108188
4.419957160244689
4.419957160244689
4.419957160244689
4.419957160244689
4.419957160244689
4.419957160244689
4.419957160244689
4.0618807278612366
4.0618807278612366
4.0618807278612366
4.0618807278612366
4.0618807278612366
4.0618807278612366
4.0618807278612366
3.901300175007897
3.901300175007897
3.901300175007897
3.901300175007897
3.901300175007897
3.901300175007897
3.258648859227687
3.161794572410898
2.7897257041924775
2.7897257041924775
2.7897257041924775
2.7897257041924775
2.7897257041924775
2.7897257041924775
2.7897257041924775
2.7897257041924775
2.7897257041924775
2.7897257041924775
2.7897257041924775
2.7897257041924775
2.622880592351528
2.622880592351528
2.622880592351528
2.2734769105489825
2.2734769105489825
1.7072381855784577
1.7072381855784577
1.7072381855784577
1.7072381855784577
1.7072381855784577
1.7072381855784577
1.7072381855784577
1.7072381855784577
1.7072381855784577
1.7072381855784577
1.7072381855784577
1.7072381855784577
1.7072381855784577
1.7072381855784577
1.7072381855784577
1.7072381855784577
1.7072381855784577
1.7072381855784577
1.7072381855784577
1.7072381855784577
1.7072381855784577
1.7072381855784577
1.7072381855784577
1.7072381855784577
1.7072381855784577
1.7072381855784577
1.7072381855784577
1.7072381855784577
1.7072381855784577
1.7072381855784577
1.7072381855784577
1.7072381855784577
1.7072381855784577
1.7072381855784577
1.7072381855784577
1.7072381855784577
1.7072381855784577
1.7072381855784577
1.7072381855784577
1.7072381855784577
1.7072381855784577
1.7072381855784577
1.7072381855784577
1.7072381855784577
1.7072381855784577
1.6422477622699816
1.6422477622699816
1.6422477622699816
1.6422477622699816
1.5866913085575582
1.5866913085575582
1.5866913085575582
1.5866913085575582
1.3276574220795396
1.2313983487453157
1.2313983487453157
1.2313983487453157
1.2313983487453157
1.2313983487453157
1.2313983487453157
1.2313983487453157
1.2313983487453157
1.2313983487453157
1.2313983487453157
1.2313983487453157
1.2313983487453157
1.2313983487453157
1.2313983487453157
1.2313983487453157
1.2313983487453157
1.2313983487453157
1.218396061104528
1.2080831005377242
1.2080831005377242
1.2080831005377242
1.2080831005377242
1.2080831005377242
1.2080831005377242
1.2080831005377242
1.2080831005377242
1.2080831005377242
1.2080831005377242
1.1949004630456805
1.1949004630456805
1.1949004630456805
1.1949004630456805
1.1949004630456805
1.169391578418459
1.169391578418459
1.169391578418459
1.169391578418459
1.169391578418459
1.169391578418459
1.0901763507207747
1.0901763507207747
1.0901763507207747
1.0901763507207747
1.0455978271485868
0.9958849974049606
0.9958849974049606
0.9958849974049606
0.9958849974049606
0.9958849974049606
0.9958849974049606
0.9958849974049606
0.9958849974049606
0.9958849974049606
0.9958849974049606
0.9768901246209829
0.9768901246209829
0.9768901246209829
0.9768901246209829
0.9768901246209829
0.9768901246209829
0.9768901246209829
0.9768901246209829
0.9768901246209829
0.9246714589101828
0.9246714589101828
0.9246714589101828
0.9246714589101828
0.9246714589101828
0.9099801145115194
0.9099801145115194
0.9099801145115194
0.9099801145115194
0.8570202278036909
0.8570202278036909
0.8570202278036909
0.8570202278036909
0.8570202278036909
0.8570202278036909
0.8164332964571521
0.8164332964571521
0.8164332964571521
0.8164332964571521
0.8164332964571521
0.8164332964571521
0.8164332964571521
0.8164332964571521
0.8164332964571521
0.8060773592717929
0.7876988612983951
0.7876988612983951
0.7876988612983951
0.7876988612983951
0.7876988612983951
0.7876988612983951
0.7876988612983951
0.748752324243636
0.748752324243636
0.7034748914013349
0.6838894223238299
0.6838894223238299
0.6588677727608747
0.6588677727608747
0.6577262957214458
0.6577262957214458
0.6577262957214458
0.6577262957214458
0.6577262957214458
0.6577262957214458
0.6577262957214458
0.5902881127910256
0.5902881127910256
0.5902881127910256
0.5902881127910256
0.5902881127910256
0.5902881127910256
0.5902881127910256
0.5902881127910256
0.5902881127910256
0.5902881127910256
0.5902881127910256
0.5902881127910256
0.5902881127910256
0.5902881127910256
0.5902881127910256
0.5492476431261579
0.5492476431261579
0.5492476431261579
0.5492476431261579
0.5492476431261579
0.5492476431261579
0.5492476431261579
0.5492476431261579
0.5492476431261579
0.5492476431261579
0.5492476431261579
0.5492476431261579
0.5492476431261579
0.5492476431261579
0.5492476431261579
0.5353288790178503
0.5128574652699278
0.5128574652699278
0.5128574652699278
0.5128574652699278
0.5128574652699278
0.5105508892535191
0.5105508892535191
0.48621474330122894
0.48621474330122894
0.48621474330122894
0.48621474330122894
0.4485384056425694
0.4485384056425694
0.4485384056425694
0.43503533566733665
0.43503533566733665
0.43503533566733665
0.43503533566733665
0.43503533566733665
0.43503533566733665
0.43503533566733665
0.4173357590132589
0.4173357590132589
0.4173357590132589
0.4173357590132589
0.36514351811125323
0.36514351811125323
0.36514351811125323
0.36514351811125323
0.36514351811125323
0.3347633383982753
0.3347633383982753
0.33462559660767255
0.33462559660767255
0.33462559660767255
0.30645759829909736
0.30645759829909736
0.30645759829909736
0.30645759829909736
0.30645759829909736
0.30645759829909736
0.30645759829909736
0.30645759829909736
0.2817045553950486
0.2817045553950486
0.2817045553950486
0.2743502360869279
0.2743502360869279
0.2743502360869279
0.2743502360869279
0.2743502360869279
0.2743502360869279
0.2743502360869279
0.2743502360869279
0.264357162288011
0.264357162288011
0.24316870559532333
0.24316870559532333
0.24316870559532333
0.24316870559532333
0.24316870559532333
0.24316870559532333
0.24316870559532333
0.24316870559532333
0.24316870559532333
0.24316870559532333
0.24316870559532333
0.24316870559532333
0.24316870559532333
0.24316870559532333
0.24316870559532333
0.24316870559532333
0.2272239347415521
0.2272239347415521
0.22491586635502614
0.22491586635502614
0.22491586635502614
0.22491586635502614
0.22491586635502614
0.22491586635502614
0.19467912968626067
0.19467912968626067
0.19467912968626067
0.19467912968626067
0.19467912968626067
0.19467912968626067
0.19467912968626067
0.19467912968626067
0.19467912968626067
0.19467912968626067
0.19467912968626067
0.19467912968626067
0.19467912968626067
0.19467912968626067
0.18685920383767396
0.17293840291893403
0.17293840291893403
0.17036821476582986
0.17036821476582986
0.17036821476582986
0.17036821476582986
0.17036821476582986
0.17036821476582986
0.17036821476582986
0.17036821476582986
0.17036821476582986
0.17036821476582986
0.1647078400804034
0.1647078400804034
0.1647078400804034
0.1647078400804034
0.1647078400804034
0.1647078400804034
0.1647078400804034
0.1647078400804034
0.1647078400804034
0.1647078400804034
0.15067608104165586
0.15067608104165586
0.13159882674965573
0.13159882674965573
0.13159882674965573
0.13159882674965573
0.13159882674965573
0.13159882674965573
0.13159882674965573
0.13159882674965573
0.13159882674965573
0.13159882674965573
0.13159882674965573
0.13159882674965573
0.13159882674965573
0.13159882674965573
0.13159882674965573
0.13159882674965573
0.13159882674965573
0.13159882674965573
0.11897608726845377
0.11897608726845377
0.11897608726845377
0.11897608726845377
0.11897608726845377
0.11897608726845377
0.11897608726845377
0.11897608726845377
0.11897608726845377
0.11897608726845377
0.11897608726845377
0.11897608726845377
0.11109807411168049
0.11109807411168049
0.11109807411168049
0.11109807411168049
0.11109807411168049
0.11109807411168049
0.11109807411168049
0.11109807411168049
0.11109807411168049
0.11109807411168049
0.11109807411168049
0.11109807411168049
0.11109807411168049
0.10903528139053265
0.10903528139053265
0.10798830190208619
0.10798830190208619
0.10798830190208619
0.10798830190208619
0.10798830190208619
0.10795876877633859
0.10795876877633859
0.09994236114123112
0.09994236114123112
0.09994236114123112
0.09994236114123112
0.09994236114123112
0.08517406279987938
0.08517406279987938
0.08517406279987938
0.08517406279987938
0.08517406279987938
0.08517406279987938
0.08517406279987938
0.08517406279987938
0.08517406279987938
0.08430559201103804
0.08430559201103804
0.08261929130928536
0.08261929130928536
0.08261929130928536
0.08261929130928536
0.08261929130928536
0.08261929130928536
0.08261929130928536
0.08261929130928536
0.08261929130928536
0.08261929130928536
0.08261929130928536
0.08261929130928536
0.07540562965274589
0.07540562965274589
0.07540562965274589
0.07540562965274589
0.07540562965274589
0.07414049782613219
0.07059087289421129
0.07059087289421129
0.07059087289421129
0.07059087289421129
0.07059087289421129
0.07059087289421129
0.07059087289421129
0.07059087289421129
0.07059087289421129
0.07059087289421129
0.07059087289421129
0.07059087289421129
0.07059087289421129
0.07059087289421129
0.07059087289421129
0.07059087289421129
0.07059087289421129
0.07059087289421129
0.07059087289421129
0.07059087289421129
0.07059087289421129
0.07059087289421129
0.07059087289421129
0.07059087289421129
0.07059087289421129
0.06780053051951285
0.06780053051951285
0.06780053051951285
0.06780053051951285
0.06780053051951285
0.06637621107704916
0.04889562641516321
0.04889562641516321
0.04889562641516321
0.04889562641516321
0.04889562641516321
0.04889562641516321
0.04889562641516321
0.04889562641516321
0.04889562641516321
0.04889562641516321
0.04889562641516321
0.04889562641516321
0.04889562641516321
0.04889562641516321
0.04889562641516321
0.04889562641516321
0.04889562641516321
0.04889562641516321
0.04889562641516321
0.04889562641516321
0.04889562641516321
0.04889562641516321
0.04889562641516321
0.04889562641516321
0.04889562641516321
0.044534334119106234
0.044534334119106234
0.044534334119106234
0.044534334119106234
0.044534334119106234
0.0436523080150657
0.0436523080150657
0.03998803658469541
0.03998803658469541
0.03998803658469541
0.03998803658469541
0.03998803658469541
0.03998803658469541
0.03998803658469541
0.03720464152957703
0.03720464152957703
0.03720464152957703
0.03720464152957703
0.03720464152957703
0.03720464152957703
0.03720464152957703
0.03720464152957703
0.03720464152957703
0.03720464152957703
0.03610744131297494
0.03610744131297494
0.03610744131297494
0.03610744131297494
0.03610744131297494
0.03610744131297494
0.03610744131297494
0.03610744131297494
0.03610744131297494
0.03425420855596073
0.03425420855596073
0.03425420855596073
0.03425420855596073
0.030127222305186052
0.030127222305186052
0.030127222305186052
0.030127222305186052
0.030108145898868344
0.029187366979360974
0.02428189191688901
0.02428189191688901
0.02428189191688901
0.02428189191688901
0.02428189191688901
0.02428189191688901
0.02428189191688901
0.02428189191688901
0.02428189191688901
0.02428189191688901
0.02428189191688901
0.02428189191688901
0.02428189191688901
0.02428189191688901
0.02428189191688901
0.02428189191688901
0.02428189191688901
0.02428189191688901
0.02428189191688901
0.02428189191688901
0.02428189191688901
0.01959039892872383
0.01959039892872383
0.01959039892872383
0.01959039892872383
0.01959039892872383
0.01959039892872383
0.01959039892872383
0.01959039892872383
0.01959039892872383
0.01959039892872383
0.01959039892872383
0.01959039892872383
0.01959039892872383
0.01959039892872383
0.01959039892872383
0.01959039892872383
0.01959039892872383
0.01959039892872383
0.019168970509944927
0.019168970509944927
0.019168970509944927
0.019168970509944927
0.019168970509944927
0.019168970509944927
0.019024844631942983
0.019024844631942983
0.019024844631942983
0.019024844631942983
0.019024844631942983
0.019024844631942983
0.019024844631942983
0.019024844631942983
0.019024844631942983
0.019024844631942983
0.019024844631942983
0.018938055728021652
0.018938055728021652
0.018938055728021652
0.018938055728021652
0.017673221126489835
0.017673221126489835
0.017673221126489835
0.016688340961877657
0.014470552587024343
0.014470552587024343
0.014470552587024343
0.014470552587024343
0.014470552587024343
0.014470552587024343
0.014470552587024343
0.014470552587024343
0.014470552587024343
0.014470552587024343
0.014470552587024343
0.014470552587024343
0.014470552587024343
0.014470552587024343
0.014470552587024343
0.014470552587024343
0.014470552587024343
0.014470552587024343
0.014470552587024343
0.014470552587024343
0.014470552587024343
0.014470552587024343
0.014470552587024343
0.014470552587024343
0.014470552587024343
0.014470552587024343
0.014470552587024343
0.014470552587024343
0.014470552587024343
0.014470552587024343
0.014470552587024343
0.014470552587024343
0.014470552587024343
0.014470552587024343
0.013865826025160288
0.013865826025160288
0.013865826025160288
0.013865826025160288
0.013865826025160288
0.013865826025160288
0.013865826025160288
0.013751202327995315
0.013751202327995315
0.013751202327995315
0.011431373390777821
0.011431373390777821
0.011431373390777821
0.011431373390777821
0.011431373390777821
0.011431373390777821
0.011431373390777821
0.010442082354884974
0.010442082354884974
0.010442082354884974
0.010442082354884974
0.009652795844409923
0.009652795844409923
0.009652795844409923
0.009652795844409923
0.009652795844409923
0.009652795844409923
0.009652795844409923
0.009652795844409923
0.009652795844409923
0.009652795844409923
0.009639786752565271
0.009639786752565271
0.009639786752565271
0.008643866905554631
0.008643866905554631
0.008643866905554631
0.008643866905554631
0.008643866905554631
0.008643866905554631
0.008643866905554631
0.008643866905554631
0.008643866905554631
0.008643866905554631
0.008643866905554631
0.008438879767997065
0.008438879767997065
0.008367168729353835
0.008367168729353835
0.008367168729353835
0.008367168729353835
0.008367168729353835
0.008367168729353835
0.008367168729353835
0.008367168729353835
0.008248220433539899
0.008248220433539899
0.008248220433539899
0.008248220433539899
0.008248220433539899
0.008248220433539899
0.008248220433539899
0.008248220433539899
0.008248220433539899
0.008248220433539899
0.008205751207672307
0.008205751207672307
0.008034727871883973
0.007592856951152527
0.007592856951152527
0.007592856951152527
0.007592856951152527
0.007437688195270908
0.007437688195270908
0.007437688195270908
0.007437688195270908
0.007088430021219949
0.007088430021219949
0.007088430021219949
0.007088430021219949
0.007088430021219949
0.0067721950484518345
0.006747249430997471
0.006747249430997471
0.006747249430997471
0.006747249430997471
0.006236410588879693
0.006236410588879693
0.006236410588879693
0.006236410588879693
0.005859435674626212
0.005859435674626212
0.005859435674626212
0.005072694879473261
0.004260214262838957
0.004260214262838957
0.004260214262838957
0.004260214262838957
0.004260214262838957
0.004260214262838957
0.004260214262838957
0.004260214262838957
0.004260214262838957
0.004260214262838957
0.004260214262838957
0.004260214262838957
0.004260214262838957
0.004260214262838957
0.004260214262838957
0.004260214262838957
0.004260214262838957
0.004260214262838957
0.003857068560041199
0.003857068560041199
0.003857068560041199
0.003857068560041199
0.0038433434240658926
0.0035918151268248266
0.0035918151268248266
0.0031673259330098347
0.0031673259330098347
0.0031673259330098347
0.0031673259330098347
0.0031673259330098347
0.0031673259330098347
0.0031673259330098347
0.0031673259330098347
0.0031673259330098347
0.0031673259330098347
0.0031673259330098347
0.0031673259330098347
0.0031673259330098347
0.0031673259330098347
0.0031673259330098347
0.0027631888132972904
0.0027631888132972904
0.0027631888132972904
0.0027631888132972904
0.0027631888132972904
0.0027631888132972904
0.0027631888132972904
0.0027631888132972904
0.0027631888132972904
0.0027631888132972904
0.0027631888132972904
0.0027631888132972904
0.0027631888132972904
0.0027631888132972904
0.0026217719484691315
0.0026217719484691315
0.0026217719484691315
0.0026217719484691315
0.0026217719484691315
0.0026217719484691315
0.0026217719484691315
0.0026217719484691315
0.0026217719484691315
0.0026217719484691315
0.0026217719484691315
0.0026217719484691315
0.0026217719484691315
0.0026217719484691315
0.0026217719484691315
0.0026217719484691315
0.0026217719484691315
0.0026217719484691315
0.0026217719484691315
0.0026217719484691315
0.0026217719484691315
0.0026217719484691315
0.0026217719484691315
0.0026217719484691315
0.0026217719484691315
0.0026217719484691315
0.0026217719484691315
0.0026217719484691315
0.0026217719484691315
0.0026217719484691315
0.0026217719484691315
0.002382231768880416
0.002382231768880416
0.002382231768880416
0.002382231768880416
0.002382231768880416
0.002382231768880416
0.002382231768880416
0.002382231768880416
0.002382231768880416
0.002382231768880416
0.002382231768880416
0.002382231768880416
0.002382231768880416
0.002382231768880416
0.002382231768880416
0.002382231768880416
0.0023442106054858414
0.0023361063017475203
0.0022901857828578898
0.0022901857828578898
0.0022901857828578898
0.0018855602127345605
0.0018855602127345605
0.0018855602127345605
0.0018855602127345605
0.0018855602127345605
0.0018855602127345605
0.0018855602127345605
0.0018855602127345605
0.0018855602127345605
0.00166479671831965
0.00166479671831965
0.00166479671831965
0.00166479671831965
0.00166479671831965
0.00166479671831965
0.00166479671831965
0.00166479671831965
0.00166479671831965
0.00166479671831965
0.0016515276031334736
0.0016515276031334736
0.0016515276031334736
0.0016209259537554033
0.0016209259537554033
0.001413960797503222
0.001413960797503222
0.001413960797503222
0.001413960797503222
0.001413960797503222
0.001413960797503222
0.0013891171748845466
0.0013891171748845466
0.0013891171748845466
0.0013891171748845466
0.0013891171748845466
0.0013706493161151911
0.0013706493161151911
0.0013706493161151911
0.0013706493161151911
0.0013706493161151911
0.0013706493161151911
0.0011974999667607733
0.0011974999667607733
0.0011974999667607733
0.00110924335979945
0.00110924335979945
0.00110924335979945
0.00110924335979945
0.00110924335979945
0.00110924335979945
0.00110924335979945
0.00110924335979945
0.00110924335979945
0.00110924335979945
0.00110924335979945
0.00110924335979945
0.00110924335979945
0.00110924335979945
0.00110924335979945
0.00110924335979945
0.00110924335979945
0.0010684147579098635
0.0010607191557276963
0.0010580234556378798
0.0010580234556378798
0.0010580234556378798
0.0009720895563241072
0.0009720895563241072
0.0009720895563241072
0.0009720895563241072
0.0009720895563241072
0.0008858375615155012
0.0008702913918234856
0.0008702913918234856
0.0008702913918234856
0.0008702913918234856
0.0008702913918234856
0.0008702913918234856
0.0007453815356548432
0.0007453815356548432
0.0007453815356548432
0.0007453815356548432
0.0007453815356548432
0.0007453815356548432
0.0007453815356548432
0.0007453815356548432
0.0007453815356548432
0.0007453815356548432
0.0007453815356548432
0.0007453815356548432
0.0007453815356548432
0.0007453815356548432
0.0007453815356548432
0.0007453815356548432
0.0007453815356548432
0.0007453815356548432
0.0007453815356548432
0.0007453815356548432
0.0007453815356548432
0.0007453815356548432
0.0007453815356548432
0.0007411142666349235
0.0005718527812383911
0.0005718527812383911
0.0005718527812383911
0.0005718527812383911
0.0005718527812383911
0.0005718527812383911
0.0005718527812383911
0.0005718527812383911
0.0005718527812383911
0.0005718527812383911
0.0005718527812383911
0.0005718527812383911
0.0005718527812383911
0.0005718527812383911
0.0005718527812383911
0.0005718527812383911
0.0005718527812383911
0.0005718527812383911
0.0005718527812383911
0.0005718527812383911
0.0005718527812383911
0.0005718527812383911
0.0005718527812383911
0.0005718527812383911
0.0005718527812383911
0.0005718527812383911
0.0005718527812383911
0.0005718527812383911
0.0005718527812383911
0.00047095353530579587
0.00047095353530579587
0.00047095353530579587
0.00047095353530579587
0.00047095353530579587
0.0004410173735323042
0.0004410173735323042
0.0004410173735323042
0.0004410173735323042
0.0004410173735323042
0.0003974891469837871
0.0003974891469837871
0.0003974891469837871
0.0003974891469837871
0.0003974891469837871
0.0003974891469837871
0.0003974891469837871
0.0003974891469837871
0.0003974891469837871
0.0003974891469837871
0.0003974891469837871
0.0003974891469837871
