17.800957407010642
17.800957407010642
17.800957407010642
17.800957407010642
17.800957407010642
17.800957407010642
17.800957407010642
17.800957407010642
17.41626583054306
17.41626583054306
17.41626583054306
17.41626583054306
17.41626583054306
17.41626583054306
17.41626583054306
16.812295300749568
16.812295300749568
16.417379497341535
16.417379497341535
16.417379497341535
16.417379497341535
16.417379497341535
16.417379497341535
16.027692619317243
15.963523753492977
15.963523753492977
15.963523753492977
15.960675935659733
15.960675935659733
15.889812743477428
15.889812743477428
15.774453313836794
15.656020975370296
15.656020975370296
15.656020975370296
15.656020975370296
14.581753715246123
14.581753715246123
14.581753715246123
14.581753715246123
14.581753715246123
14.581753715246123
14.581753715246123
14.581753715246123
14.581753715246123
14.509031623086894
14.509031623086894
14.509031623086894
14.509031623086894
14.509031623086894
14.509031623086894
14.509031623086894
14.509031623086894
14.509031623086894
14.509031623086894
14.509031623086894
14.509031623086894
14.34548727814746
14.3268537575786
14.3268537575786
14.105955171167354
13.677568182433715
13.677568182433715
13.533529907814488
13.533529907814488
13.533529907814488
12.997435220028503
12.997435220028503
12.997435220028503
12.997435220028503
12.997435220028503
12.597158228209944
12.151048564844627
12.151048564844627
12.151048564844627
12.140420868329299
12.140420868329299
12.140420868329299
12.11121659838707
12.11121659838707
12.11121659838707
12.11121659838707
12.11121659838707
11.976526559795
11.806566690008657
11.806566690008657
11.806566690008657
11.806566690008657
11.806566690008657
11.806566690008657
11.806566690008657
11.806566690008657
11.806566690008657
11.806566690008657
11.806566690008657
11.806566690008657
11.806566690008657
11.806566690008657
11.709408522091184
11.164928242126434
11.164928242126434
11.164928242126434
11.164928242126434
11.164928242126434
11.164928242126434
11.164928242126434
11.164928242126434
11.164928242126434
11.02998715952797
11.02998715952797
10.983000056248768
10.983000056248768
10.983000056248768
10.444250946081969
10.444250946081969
10.444250946081969
10.444250946081969
10.444250946081969
10.444250946081969
10.444250946081969
10.444250946081969
10.358898975744557
10.354037018557928
9.24593092669488
9.24593092669488
9.24593092669488
9.24593092669488
9.24593092669488
9.24593092669488
9.24593092669488
9.24593092669488
9.24593092669488
9.24593092669488
9.24593092669488
9.24593092669488
8.706341602496167
8.706341602496167
8.13867233621736
8.13867233621736
8.119696882274612
7.886630533568537
7.537866282347714
7.537866282347714
7.537866282347714
7.537866282347714
7.537866282347714
7.537866282347714
7.537866282347714
7.537866282347714
7.537866282347714
7.537866282347714
7.410728055854095
7.410728055854095
7.410728055854095
7.410728055854095
7.322832021309914
7.322832021309914
7.322832021309914
7.322832021309914
7.322832021309914
7.322832021309914
7.322832021309914
7.322832021309914
7.321401469362639
7.321401469362639
7.321401469362639
7.321401469362639
7.321401469362639
7.321401469362639
7.205829020980479
7.205829020980479
7.205829020980479
7.205829020980479
7.205829020980479
7.205829020980479
7.205829020980479
6.995266205970742
6.995266205970742
6.995266205970742
6.995266205970742
6.995266205970742
6.995266205970742
6.748428771282089
6.748428771282089
6.633946997768172
6.633946997768172
6.633946997768172
6.633946997768172
6.633946997768172
6.633946997768172
6.633946997768172
6.633946997768172
6.633946997768172
6.633946997768172
6.633946997768172
5.971708545262587
5.971708545262587
5.971708545262587
5.971708545262587
5.971708545262587
5.971708545262587
5.971708545262587
5.971708545262587
5.971708545262587
5.971708545262587
5.971708545262587
5.971708545262587
5.971708545262587
5.971708545262587
5.971708545262587
5.971708545262587
5.971708545262587
5.757974441799421
5.757974441799421
5.757974441799421
5.757974441799421
5.757974441799421
5.757974441799421
5.757974441799421
5.757974441799421
5.754450303914137
5.433380388343316
5.433380388343316
5.433380388343316
5.433380388343316
5.433380388343316
5.433380388343316
5.433380388343316
5.433380388343316
5.433380388343316
5.433380388343316
5.433380388343316
5.083694279504165
5.083694279504165
5.083694279504165
5.083694279504165
5.083694279504165
5.083694279504165
5.083694279504165
5.083694279504165
5.083694279504165
5.083694279504165
5.083694279504165
5.083694279504165
5.083694279504165
5.083694279504165
5.083694279504165
5.083694279504165
4.915733057786909
4.915733057786909
4.451276884266193
4.451276884266193
4.451276884266193
4.451276884266193
4.451276884266193
4.451276884266193
4.451276884266193
4.451276884266193
4.451276884266193
4.451276884266193
4.451276884266193
4.451276884266193
4.451276884266193
4.451276884266193
4.451276884266193
4.451276884266193
4.361762391651567
4.361762391651567
4.361762391651567
4.361762391651567
4.361762391651567
4.361762391651567
4.361762391651567
4.361762391651567
4.361762391651567
4.361762391651567
4.361762391651567
4.307984788274798
4.307984788274798
4.307984788274798
4.307984788274798
4.307984788274798
4.307984788274798
4.307984788274798
4.307984788274798
4.307984788274798
4.307984788274798
4.307984788274798
4.307984788274798
4.307984788274798
4.307984788274798
4.307984788274798
4.307984788274798
4.307984788274798
4.307984788274798
4.307984788274798
4.307984788274798
4.307984788274798
4.307984788274798
4.307984788274798
4.307984788274798
4.159208694233186
4.159208694233186
4.159208694233186
4.159208694233186
4.159208694233186
4.159208694233186
4.159208694233186
4.159208694233186
4.159208694233186
4.040904169556988
4.040904169556988
4.040904169556988
4.040904169556988
4.040904169556988
3.975180901186082
3.4575765096104583
3.4575765096104583
3.4575765096104583
3.4575765096104583
3.4575765096104583
3.4575765096104583
3.4575765096104583
3.4575765096104583
3.4575765096104583
3.4575765096104583
3.3499822233547327
3.3499822233547327
3.3499822233547327
3.3499822233547327
3.3082235463309324
3.3082235463309324
3.3082235463309324
3.3082235463309324
3.1356741881851278
3.1356741881851278
3.1356741881851278
3.1356741881851278
3.1356741881851278
3.126497201816303
3.126497201816303
3.126497201816303
3.126497201816303
3.116129654582622
3.116129654582622
3.116129654582622
3.0959031145607696
3.0959031145607696
3.0959031145607696
3.0959031145607696
3.0959031145607696
3.0959031145607696
3.0156610386739757
3.0156610386739757
3.0156610386739757
3.0156610386739757
3.0156610386739757
2.9451514539927324
2.757930267188545
2.757930267188545
2.757930267188545
2.757930267188545
2.757930267188545
2.757930267188545
2.757930267188545
2.757930267188545
2.757930267188545
2.757930267188545
2.757930267188545
2.757930267188545
2.757930267188545
2.757930267188545
2.757930267188545
2.757930267188545
2.757930267188545
2.757930267188545
2.7380863617143554
2.6349472792612296
2.6349472792612296
2.6349472792612296
2.6349472792612296
2.6349472792612296
2.6349472792612296
2.6349472792612296
2.6349472792612296
2.6349472792612296
2.6349472792612296
2.6349472792612296
2.6349472792612296
2.6349472792612296
2.6349472792612296
2.6349472792612296
2.6349472792612296
2.6349472792612296
2.6349472792612296
2.6349472792612296
2.6349472792612296
2.6349472792612296
2.6295630735703917
2.6295630735703917
2.6295630735703917
2.6295630735703917
2.6295630735703917
2.6295630735703917
2.553104318505234
2.553104318505234
2.553104318505234
2.553104318505234
2.553104318505234
2.553104318505234
2.521855511155323
2.521855511155323
2.521855511155323
2.521855511155323
2.521855511155323
2.521855511155323
2.521855511155323
2.421088248496119
2.421088248496119
2.421088248496119
2.421088248496119
2.421088248496119
2.421088248496119
2.421088248496119
2.421088248496119
2.421088248496119
2.421088248496119
2.421088248496119
2.421088248496119
2.420270324116032
2.420270324116032
2.420270324116032
2.420270324116032
2.420270324116032
2.420270324116032
2.420270324116032
2.420270324116032
2.3731495333823673
2.3731495333823673
2.3731495333823673
2.3731495333823673
2.3731495333823673
2.3731495333823673
2.3731495333823673
2.3731495333823673
2.3516392036725797
2.3516392036725797
2.3516392036725797
2.3516392036725797
2.3516392036725797
2.343315978876859
2.3406349156391286
2.3360511948928178
2.3360511948928178
2.1136573824607297
2.1136573824607297
2.1136573824607297
2.1136573824607297
2.1136573824607297
2.1136573824607297
2.1136573824607297
2.0577973495916915
2.0577973495916915
2.0577973495916915
2.0577973495916915
2.006859427543578
2.006859427543578
2.006859427543578
1.865625944552118
1.865625944552118
1.865625944552118
1.865625944552118
1.865625944552118
1.865625944552118
1.865625944552118
1.865625944552118
1.865625944552118
1.865625944552118
1.865625944552118
1.865625944552118
1.865625944552118
1.865625944552118
1.865625944552118
1.865625944552118
1.8647619138055127
1.8647619138055127
1.6818521555123915
1.6818521555123915
1.6818521555123915
1.6818521555123915
1.6818521555123915
1.6818521555123915
1.6208565573881124
1.5575337944000722
1.5499656688469017
1.4916836821293735
1.4916836821293735
1.2848568453123264
1.2848568453123264
1.2848568453123264
1.2848568453123264
1.2848568453123264
1.2848568453123264
1.2848568453123264
1.2848568453123264
1.2848568453123264
1.2848568453123264
1.2848568453123264
1.2848568453123264
1.2848568453123264
1.2848568453123264
1.2848568453123264
1.2848568453123264
1.2848568453123264
1.2798384398387768
1.2600764566903848
1.2250808002323978
1.2250808002323978
1.221487500662711
1.2147993693453394
1.1098984007047363
1.1098984007047363
1.1098984007047363
1.1098984007047363
1.1098984007047363
1.1098984007047363
1.022268502800486
1.022268502800486
1.022268502800486
1.022268502800486
0.8559182620901602
0.8559182620901602
0.8559182620901602
0.8559182620901602
0.8559182620901602
0.8559182620901602
0.8559182620901602
0.8559182620901602
0.8559182620901602
0.8559182620901602
0.8559182620901602
0.840047636144515
0.840047636144515
0.840047636144515
0.840047636144515
0.840047636144515
0.840047636144515
0.840047636144515
0.840047636144515
0.840047636144515
0.8294548124976373
0.8294548124976373
0.8294548124976373
0.8294548124976373
0.8294548124976373
0.8233738825026649
0.8233738825026649
0.7191857328363085
0.7191857328363085
0.7191857328363085
0.7191857328363085
0.7120337475259007
0.7112370580065281
0.7112370580065281
0.7011045637047602
0.7011045637047602
0.7011045637047602
0.658626805465989
0.658626805465989
0.658626805465989
0.588395783151892
0.588395783151892
0.588395783151892
0.588395783151892
0.588395783151892
0.588395783151892
0.588395783151892
0.588395783151892
0.5547322553620724
0.5547322553620724
0.5547322553620724
0.5547322553620724
0.525307862016863
0.525307862016863
0.525307862016863
0.525307862016863
0.525307862016863
0.525307862016863
0.5219322383209857
0.5219322383209857
0.5219322383209857
0.5219322383209857
0.5219322383209857
0.5219322383209857
0.5219322383209857
0.48845658024055894
0.48845658024055894
0.48845658024055894
0.4725997239582078
0.4068340563192443
0.4068340563192443
0.4068340563192443
0.4017760430140598
0.4017760430140598
0.3977835233326559
0.389646164404855
0.389646164404855
0.37284237080389104
0.37284237080389104
0.3497145309295995
0.3497145309295995
0.3497145309295995
0.3497145309295995
0.3497145309295995
0.3402107544631079
0.33995746943054783
0.33902102491521546
0.33540483673386845
0.33540483673386845
0.33540483673386845
0.33540483673386845
0.33540483673386845
0.33540483673386845
0.33540483673386845
0.33540483673386845
0.32377091117205836
0.32377091117205836
0.3082192873328573
0.3082192873328573
0.3082192873328573
0.3082192873328573
0.2485967235981441
0.2485967235981441
0.2485967235981441
0.2485967235981441
0.2485967235981441
0.2485967235981441
0.2485967235981441
0.2485967235981441
0.2485967235981441
0.2485967235981441
0.2485967235981441
0.2485967235981441
0.2485967235981441
0.2485967235981441
0.2485967235981441
0.2485967235981441
0.2485967235981441
0.23758646768962421
0.23758646768962421
0.23758646768962421
0.21669805554945754
0.21669805554945754
0.21669805554945754
0.21669805554945754
0.2151325640065771
0.20826561790728704
0.19552159823381388
0.19552159823381388
0.19498618573035387
0.19498618573035387
0.19498618573035387
0.19368187012109317
0.19002452963375305
0.19002452963375305
0.18705678665642367
0.1816023761333483
0.1816023761333483
0.1816023761333483
0.1816023761333483
0.1816023761333483
0.1816023761333483
0.1816023761333483
0.1816023761333483
0.1816023761333483
0.15890954690704717
0.15890954690704717
0.15890954690704717
0.15890954690704717
0.14916394220559326
0.14916394220559326
0.14916394220559326
0.14916394220559326
0.14916394220559326
0.14916394220559326
0.14916394220559326
0.14916394220559326
0.14446671197008243
0.14446671197008243
0.14446671197008243
0.14446671197008243
0.14446671197008243
0.13412127484624747
0.13412127484624747
0.1315666435798697
0.12868678130204003
0.12868678130204003
0.12868678130204003
0.12604672943350081
0.11836317771263793
0.11836317771263793
0.11836317771263793
0.11836317771263793
0.11836317771263793
0.11836317771263793
0.1129036828943839
0.1129036828943839
0.11213138043577686
0.11213138043577686
0.11213138043577686
0.11213138043577686
0.10669992801116734
0.1061380776694385
0.1061380776694385
0.1061380776694385
0.1061380776694385
0.1061380776694385
0.1047546804037367
0.1047546804037367
0.1047546804037367
0.10234639258742817
0.09695959233215135
0.09695959233215135
0.09695959233215135
0.09695959233215135
0.09695959233215135
0.09695959233215135
0.09695959233215135
0.09511873518810177
0.09254577538988329
0.08426428573484657
0.08426428573484657
0.08426428573484657
0.08426428573484657
0.08426428573484657
0.08426428573484657
0.08426428573484657
0.07796064789896917
0.07796064789896917
0.07796064789896917
0.07796064789896917
0.07796064789896917
0.07796064789896917
0.07796064789896917
0.07796064789896917
0.07796064789896917
0.07796064789896917
0.07796064789896917
0.07796064789896917
0.07796064789896917
0.07796064789896917
0.07796064789896917
0.07261158246128119
0.07261158246128119
0.07261158246128119
0.07261158246128119
0.07261158246128119
0.07261158246128119
0.07261158246128119
0.07261158246128119
0.07261158246128119
0.06742121662312073
0.06710957387836913
0.06353194597445011
0.06353194597445011
0.06353194597445011
0.06353194597445011
0.06353194597445011
0.06353194597445011
0.06353194597445011
0.06042194517137389
0.06042194517137389
0.06042194517137389
0.06042194517137389
0.06042194517137389
0.06042194517137389
0.05735999073609577
0.05735999073609577
0.05735999073609577
0.05735999073609577
0.05735999073609577
0.053269347948720736
0.053269347948720736
0.053269347948720736
0.053269347948720736
0.053269347948720736
0.053269347948720736
0.053269347948720736
0.053269347948720736
0.053269347948720736
0.053269347948720736
0.053269347948720736
0.05287688767084475
0.05287688767084475
0.05108293070615133
0.05108293070615133
0.04817242019749912
0.04817242019749912
0.04817242019749912
0.04817242019749912
0.04817242019749912
0.04817242019749912
0.046716136254666196
0.04666403487239634
0.04666403487239634
0.04244785165015941
0.04225558956462905
0.04225558956462905
0.04225558956462905
0.04225558956462905
0.04225558956462905
0.04225558956462905
0.04148714167633827
0.04148714167633827
0.04148714167633827
0.04148714167633827
0.04148714167633827
0.04148714167633827
0.04148714167633827
0.04148714167633827
0.04044104456716724
0.04044104456716724
0.03781907105034321
0.03781907105034321
0.03781907105034321
0.03781907105034321
0.03781907105034321
0.03781907105034321
0.036477616574828176
0.036477616574828176
0.03621909639791099
0.030618321465659903
0.030618321465659903
0.030618321465659903
0.030618321465659903
0.030618321465659903
0.030618321465659903
0.030618321465659903
0.030618321465659903
0.030618321465659903
0.030618321465659903
0.030618321465659903
0.030618321465659903
0.030618321465659903
0.030618321465659903
0.030618321465659903
0.030618321465659903
0.030618321465659903
0.030618321465659903
0.030618321465659903
0.028491921362050476
0.028491921362050476
0.028491921362050476
0.028491921362050476
0.028491921362050476
0.028491921362050476
0.028491921362050476
0.028491921362050476
0.028491921362050476
0.028491921362050476
0.028491921362050476
0.028491921362050476
0.028491921362050476
0.027858746380115207
0.02662432945608373
0.02430494791464355
0.02430494791464355
0.02430494791464355
0.023925365743302507
0.023925365743302507
0.023925365743302507
0.023925365743302507
0.023925365743302507
0.023925365743302507
0.023925365743302507
0.023925365743302507
0.022432589004445447
0.022432589004445447
0.022432589004445447
0.022100205376077042
0.022100205376077042
0.022100205376077042
0.022100205376077042
0.022100205376077042
0.02201886213739712
0.02201886213739712
0.02201886213739712
0.02201886213739712
0.02201886213739712
0.021075914826930386
0.021075914826930386
0.01930211165334228
0.013984380392624729
0.013984380392624729
0.013984380392624729
0.013984380392624729
0.013984380392624729
0.013984380392624729
0.013984380392624729
0.013984380392624729
0.013984380392624729
0.013984380392624729
0.013984380392624729
0.013984380392624729
0.013984380392624729
0.013984380392624729
0.013984380392624729
0.013984380392624729
0.013984380392624729
0.013694733877802179
0.013694733877802179
0.013694733877802179
0.011658920220639857
0.011658920220639857
0.011658920220639857
0.011658920220639857
0.011658920220639857
0.011658920220639857
0.011658920220639857
0.011658920220639857
0.011658920220639857
0.011658920220639857
0.011658920220639857
0.011658920220639857
0.011658920220639857
0.011658920220639857
0.011658920220639857
0.011658920220639857
0.011658920220639857
0.011658920220639857
0.011658920220639857
0.011658920220639857
0.011658920220639857
0.011658920220639857
0.011658920220639857
0.011658920220639857
0.011658920220639857
0.011658920220639857
0.011658920220639857
0.011658920220639857
0.011658920220639857
0.011522374220568565
0.011258816046328946
0.01106827699991797
0.00932711492249183
0.00932711492249183
0.00932711492249183
0.00932711492249183
0.00932711492249183
0.00932711492249183
0.00932711492249183
0.00932711492249183
0.00932711492249183
0.00932711492249183
0.00932711492249183
0.00932711492249183
0.00932711492249183
0.00932711492249183
0.00932711492249183
0.00932711492249183
0.00932711492249183
0.00898829297464232
0.00898829297464232
0.00898829297464232
0.00898829297464232
0.00898829297464232
0.00898829297464232
0.00898829297464232
0.00898829297464232
0.008648566734112961
0.008648566734112961
0.008648566734112961
0.008648566734112961
0.008648566734112961
0.008648566734112961
0.008648566734112961
0.008572612460568507
0.008031813424732803
0.008031813424732803
0.008031813424732803
0.008031813424732803
0.008031813424732803
0.008031813424732803
0.008031813424732803
0.007523451952799576
0.007523451952799576
0.007523451952799576
0.007523451952799576
0.007523451952799576
0.007523451952799576
0.0063171917048698845
0.0063171917048698845
0.0063171917048698845
0.0063171917048698845
0.0063171917048698845
0.0063171917048698845
0.0063171917048698845
0.0063171917048698845
0.0063171917048698845
0.0063171917048698845
