6.157182491900876
6.157182491900876
6.157182491900876
6.157182491900876
6.157182491900876
6.157182491900876
6.157182491900876
6.053578413908939
6.053578413908939
5.88682715988292
5.88682715988292
5.438739984890853
5.438739984890853
5.438739984890853
5.438739984890853
5.438739984890853
5.438739984890853
5.296979526158998
5.296979526158998
5.296979526158998
4.948201799891288
4.948201799891288
4.822763961890709
4.822763961890709
4.822763961890709
4.822763961890709
4.822763961890709
4.651371133802963
4.13824587168399
4.13824587168399
4.13824587168399
4.13824587168399
3.8207601941518483
3.8207601941518483
3.8207601941518483
3.8207601941518483
3.8207601941518483
3.8207601941518483
3.8207601941518483
3.8207601941518483
3.8207601941518483
3.8207601941518483
3.7019931493625826
3.6034804415137742
3.6034804415137742
3.6034804415137742
3.6034804415137742
3.6034804415137742
3.3172125053841413
3.1764554098907354
3.1764554098907354
3.1764554098907354
3.1764554098907354
3.1764554098907354
3.1638759475516984
3.100386719933212
3.100386719933212
2.761657742428916
2.761657742428916
2.761657742428916
2.761657742428916
2.761657742428916
2.761657742428916
2.761657742428916
2.761657742428916
2.761657742428916
2.761657742428916
2.761657742428916
2.3191520386131614
2.3191520386131614
2.3191520386131614
2.3191520386131614
2.3191520386131614
2.3191520386131614
2.3191520386131614
2.3191520386131614
2.3191520386131614
2.3191520386131614
2.3191520386131614
2.3191520386131614
2.3191520386131614
2.3191520386131614
2.3191520386131614
2.3191520386131614
2.313736069970915
2.191311649366199
2.191311649366199
2.191311649366199
2.191311649366199
2.191311649366199
2.191311649366199
2.191311649366199
2.191311649366199
2.191311649366199
2.191311649366199
2.191311649366199
2.191311649366199
2.191311649366199
2.191311649366199
2.191311649366199
2.191311649366199
2.191311649366199
2.191311649366199
2.191311649366199
2.191311649366199
2.191311649366199
2.191311649366199
2.191311649366199
1.8893374348750918
1.8893374348750918
1.8893374348750918
1.8893374348750918
1.8893374348750918
1.8893374348750918
1.8893374348750918
1.8893374348750918
1.7830944439972178
1.7830944439972178
1.7830944439972178
1.7830944439972178
1.7830944439972178
1.7410251073848464
1.7410251073848464
1.6132595288089
1.6132595288089
1.6132595288089
1.6132595288089
1.6132595288089
1.2288237177993295
1.2288237177993295
1.2288237177993295
1.2288237177993295
1.2288237177993295
1.2288237177993295
1.2288237177993295
1.2288237177993295
1.2288237177993295
1.2288237177993295
1.2288237177993295
1.2288237177993295
1.2288237177993295
1.2288237177993295
1.2288237177993295
1.2288237177993295
1.2288237177993295
1.2288237177993295
1.2288237177993295
1.2288237177993295
1.2288237177993295
1.2288237177993295
1.2288237177993295
1.2288237177993295
1.2288237177993295
1.2288237177993295
1.2012664382822038
1.2012664382822038
1.2012664382822038
1.2012664382822038
1.1069566399501092
1.1069566399501092
1.0570479435121776
1.0570479435121776
1.0570479435121776
0.9862633259517999
0.9862633259517999
0.9862633259517999
0.9862633259517999
0.9862633259517999
0.9770192992782079
0.9770192992782079
0.9770192992782079
0.9770192992782079
0.9238278004073699
0.9238278004073699
0.9238278004073699
0.9238278004073699
0.9238278004073699
0.9238278004073699
0.9041949844801778
0.9041949844801778
0.9041949844801778
0.9041949844801778
0.8867053513808365
0.8867053513808365
0.8867053513808365
0.8867053513808365
0.8867053513808365
0.8867053513808365
0.8867053513808365
0.8867053513808365
0.8410790301615094
0.8410790301615094
0.8410790301615094
0.8410790301615094
0.8410790301615094
0.8410790301615094
0.8410790301615094
0.8410790301615094
0.8410790301615094
0.8410790301615094
0.8410790301615094
0.8410790301615094
0.8410790301615094
0.8236664360822346
0.8091780906542994
0.8091780906542994
0.8091780906542994
0.8091780906542994
0.8091780906542994
0.8091780906542994
0.8091780906542994
0.8091780906542994
0.8091780906542994
0.8091780906542994
0.8091780906542994
0.7923956991166214
0.7923956991166214
0.6478207543184347
0.6478207543184347
0.6478207543184347
0.6478207543184347
0.6478207543184347
0.6478207543184347
0.6442391672751882
0.6442391672751882
0.6442391672751882
0.6442391672751882
0.6392602495420867
0.6392602495420867
0.6392602495420867
0.6392602495420867
0.6392602495420867
0.6392602495420867
0.6392602495420867
0.6392602495420867
0.6392602495420867
0.6392602495420867
0.6392602495420867
0.6392602495420867
0.6392602495420867
0.6392602495420867
0.5934309719389965
0.5934309719389965
0.5934309719389965
0.5934309719389965
0.5934309719389965
0.5934309719389965
0.5934309719389965
0.5934309719389965
0.5934309719389965
0.5934309719389965
0.5934309719389965
0.5621771523720369
0.5621771523720369
0.45975470628278003
0.45975470628278003
0.45975470628278003
0.45975470628278003
0.45975470628278003
0.45975470628278003
0.45975470628278003
0.44883695880861296
0.44883695880861296
0.44883695880861296
0.3361066805053703
0.3361066805053703
0.3361066805053703
0.3361066805053703
0.3361066805053703
0.3361066805053703
0.3361066805053703
0.3361066805053703
0.3361066805053703
0.3361066805053703
0.3361066805053703
0.3361066805053703
0.3361066805053703
0.3361066805053703
0.3361066805053703
0.3361066805053703
0.3361066805053703
0.3361066805053703
0.3361066805053703
0.3361066805053703
0.32905700653299874
0.32905700653299874
0.32905700653299874
0.32905700653299874
0.32905700653299874
0.32905700653299874
0.32905700653299874
0.32905700653299874
0.32905700653299874
0.2621125728324074
0.2621125728324074
0.2621125728324074
0.2621125728324074
0.2621125728324074
0.2621125728324074
0.2621125728324074
0.2621125728324074
0.2621125728324074
0.2621125728324074
0.2621125728324074
0.2621125728324074
0.2621125728324074
0.2621125728324074
0.2621125728324074
0.2621125728324074
0.2621125728324074
0.2621125728324074
0.2621125728324074
0.2621125728324074
0.2621125728324074
0.2621125728324074
0.2621125728324074
0.2621125728324074
0.2621125728324074
0.2621125728324074
0.24661078004970705
0.24661078004970705
0.24661078004970705
0.24661078004970705
0.24661078004970705
0.24661078004970705
0.24661078004970705
0.24661078004970705
0.23637513864374426
0.23637513864374426
0.23637513864374426
0.23637513864374426
0.23637513864374426
0.23637513864374426
0.23637513864374426
0.23637513864374426
0.23637513864374426
0.23637513864374426
0.23637513864374426
0.23637513864374426
0.1881814792982759
0.1881814792982759
0.1881814792982759
0.1881814792982759
0.1881814792982759
0.1881814792982759
0.1881814792982759
0.1881814792982759
0.1881814792982759
0.1881814792982759
0.1881814792982759
0.1881814792982759
0.16213139797457643
0.16213139797457643
0.16213139797457643
0.16213139797457643
0.16213139797457643
0.16213139797457643
0.16213139797457643
0.16213139797457643
0.16213139797457643
0.16213139797457643
0.16213139797457643
0.1578888124126756
0.1578888124126756
0.1578888124126756
0.1578888124126756
0.1578888124126756
0.1578888124126756
0.1578888124126756
0.1578888124126756
0.1578888124126756
0.1578888124126756
0.1578888124126756
0.1578888124126756
0.1570411948355428
0.15429664627852802
0.15429664627852802
0.14835674836947632
0.14835674836947632
0.14835674836947632
0.14835674836947632
0.14835674836947632
0.14835674836947632
0.14835674836947632
0.12031109863489675
0.12031109863489675
0.12031109863489675
0.12031109863489675
0.12031109863489675
0.12031109863489675
0.12031109863489675
0.12031109863489675
0.12031109863489675
0.12031109863489675
0.12031109863489675
0.12031109863489675
0.12031109863489675
0.12031109863489675
0.12031109863489675
0.11850968451287258
0.11850968451287258
0.11850968451287258
0.11850968451287258
0.11850968451287258
0.11850968451287258
0.11637337076604126
0.11382336026799678
0.11382336026799678
0.11382336026799678
0.11382336026799678
0.11382336026799678
0.11382336026799678
0.11382336026799678
0.11382336026799678
0.11382336026799678
0.11382336026799678
0.11382336026799678
0.11382336026799678
0.11382336026799678
0.10111338424322724
0.10111338424322724
0.10111338424322724
0.10111338424322724
0.10111338424322724
0.10111338424322724
0.08963152038574762
0.08963152038574762
0.08963152038574762
0.08963152038574762
0.08963152038574762
0.08963152038574762
0.08963152038574762
0.08963152038574762
0.08963152038574762
0.08963152038574762
0.08963152038574762
0.08963152038574762
0.08963152038574762
0.08963152038574762
0.08963152038574762
0.08381383855478575
0.08381383855478575
0.08355693766071326
0.08355693766071326
0.08355693766071326
0.07875771517912611
0.07875771517912611
0.07875771517912611
0.07875771517912611
0.07875771517912611
0.07875771517912611
0.07875771517912611
0.07875771517912611
0.07875771517912611
0.07875771517912611
0.07511650609809806
0.0684138952642499
0.0684138952642499
0.0684138952642499
0.06600503089492449
0.06600503089492449
0.06600503089492449
0.06600503089492449
0.06600503089492449
0.06600503089492449
0.06600503089492449
0.06554384756695342
0.06554384756695342
0.06554384756695342
0.06554384756695342
0.05701530922954845
0.05701530922954845
0.05701530922954845
0.05701530922954845
0.05701530922954845
0.05701530922954845
0.05701530922954845
0.05701530922954845
0.05123173585227647
0.05123173585227647
0.05123173585227647
0.05123173585227647
0.05123173585227647
0.05123173585227647
0.05123173585227647
0.05123173585227647
0.05123173585227647
0.05083657608238212
0.05083657608238212
0.05083657608238212
0.05083657608238212
0.05083657608238212
0.05083657608238212
0.05083657608238212
0.05083657608238212
0.04854100104317283
0.04854100104317283
0.04854100104317283
0.04854100104317283
0.04123891983372374
0.04123891983372374
0.04123891983372374
0.04123891983372374
0.04123891983372374
0.04123891983372374
0.04123891983372374
0.04123891983372374
0.04123891983372374
0.04123891983372374
0.04001989770675962
0.04001989770675962
0.04001989770675962
0.03914655146579804
0.03914655146579804
0.03914655146579804
0.03914655146579804
0.03914655146579804
0.031035204886649126
0.031035204886649126
0.031035204886649126
0.031035204886649126
0.031035204886649126
0.031035204886649126
0.031035204886649126
0.031035204886649126
0.031035204886649126
0.026523057762300795
0.026523057762300795
0.026523057762300795
0.026523057762300795
0.026523057762300795
0.026523057762300795
0.026523057762300795
0.026523057762300795
0.026523057762300795
0.026523057762300795
0.026523057762300795
0.026523057762300795
0.026523057762300795
0.026523057762300795
0.026523057762300795
0.026523057762300795
0.026523057762300795
0.026523057762300795
0.026523057762300795
0.026523057762300795
0.026523057762300795
0.026523057762300795
0.026523057762300795
0.026523057762300795
0.026523057762300795
0.026523057762300795
0.026523057762300795
0.026523057762300795
0.026523057762300795
0.026523057762300795
0.026523057762300795
0.026523057762300795
0.024325791820658083
0.024325791820658083
0.024325791820658083
0.024325791820658083
0.024325791820658083
0.024325791820658083
0.022994692165649866
0.022994692165649866
0.022994692165649866
0.022994692165649866
0.022659215694496027
0.022659215694496027
0.022659215694496027
0.022659215694496027
0.022659215694496027
0.020998474456508376
0.020998474456508376
0.020998474456508376
0.020998474456508376
0.020998474456508376
0.017615587002612898
0.017615587002612898
0.017615587002612898
0.017615587002612898
0.017615587002612898
0.017615587002612898
0.017615587002612898
0.017615587002612898
0.017615587002612898
0.017615587002612898
0.017615587002612898
0.017615587002612898
0.017615587002612898
0.017615587002612898
0.017615587002612898
0.017615587002612898
0.017615587002612898
0.017615587002612898
0.017615587002612898
0.017615587002612898
0.017615587002612898
0.017615587002612898
0.017615587002612898
0.017615587002612898
0.017615587002612898
0.017615587002612898
0.017615587002612898
0.017615587002612898
0.017615587002612898
0.017615587002612898
0.017183545582032167
0.016959274105765587
0.016959274105765587
0.016534615525351626
0.016056940718868873
0.016056940718868873
0.016056940718868873
0.016056940718868873
0.016056940718868873
0.016056940718868873
0.016056940718868873
0.016056940718868873
0.016056940718868873
0.014347003867026586
0.014347003867026586
0.014347003867026586
0.014347003867026586
0.014347003867026586
0.014347003867026586
0.014347003867026586
0.014347003867026586
0.014347003867026586
0.014347003867026586
0.014347003867026586
0.014347003867026586
0.014347003867026586
0.014347003867026586
0.014347003867026586
0.014347003867026586
0.012854843975073749
0.012854843975073749
0.012854843975073749
0.012854843975073749
0.012854843975073749
0.012854843975073749
0.010819325674450653
0.010819325674450653
0.010819325674450653
0.010819325674450653
0.010819325674450653
0.010819325674450653
0.010819325674450653
0.010819325674450653
0.010819325674450653
0.010819325674450653
0.010819325674450653
0.010819325674450653
0.010819325674450653
0.010819325674450653
0.010819325674450653
0.010819325674450653
0.010819325674450653
0.010819325674450653
0.009914454695483244
0.009914454695483244
0.009914454695483244
0.009914454695483244
0.009914454695483244
0.009914454695483244
0.009914454695483244
0.009914454695483244
0.009914454695483244
0.009914454695483244
0.009914454695483244
0.009914454695483244
0.009914454695483244
0.009914454695483244
0.009914454695483244
0.009401239168781217
0.009401239168781217
0.009401239168781217
0.009384490687619262
0.009384490687619262
0.009384490687619262
0.009384490687619262
0.008967044832534299
0.008967044832534299
0.008967044832534299
0.008967044832534299
0.008967044832534299
0.008967044832534299
0.008967044832534299
0.008052990481310474
0.008052990481310474
0.008052990481310474
0.008052990481310474
0.008052990481310474
0.008052990481310474
0.008052990481310474
0.008052990481310474
0.006949252192001154
0.006949252192001154
0.006368181335698608
0.006368181335698608
0.006368181335698608
0.006368181335698608
0.006368181335698608
0.006368181335698608
0.006368181335698608
0.006368181335698608
0.006368181335698608
0.006368181335698608
0.006368181335698608
0.006368181335698608
0.006255497373128804
0.006255497373128804
0.006253449683882195
0.0060455368638798745
0.0060455368638798745
0.0060455368638798745
0.0060455368638798745
0.0060455368638798745
0.005679595137905835
0.005679595137905835
0.005679595137905835
0.005679595137905835
0.0056247431027287575
0.0056247431027287575
0.005542060257766934
0.005542060257766934
0.004637621869459707
0.004637621869459707
0.004637621869459707
0.0042879420837103055
0.0042879420837103055
0.0042879420837103055
0.0042879420837103055
0.0042879420837103055
0.0042879420837103055
0.0042879420837103055
0.004222026913588195
0.004222026913588195
0.004222026913588195
0.004222026913588195
0.0035448285746682018
0.0035448285746682018
0.0035448285746682018
0.0035448285746682018
0.0035448285746682018
0.0035448285746682018
0.0035448285746682018
0.0035448285746682018
0.0035448285746682018
0.0035448285746682018
0.0035448285746682018
0.0035448285746682018
0.0035448285746682018
0.0035448285746682018
0.0035448285746682018
0.0035448285746682018
0.0035448285746682018
0.0035448285746682018
0.0031296610588782414
0.0031296610588782414
0.0031296610588782414
0.0027452505421763362
0.0027452505421763362
0.0027452505421763362
0.0027452505421763362
0.0027452505421763362
0.0027452505421763362
0.0027452505421763362
0.0027452505421763362
0.0027452505421763362
0.0027452505421763362
0.0027452505421763362
0.0027452505421763362
0.0027452505421763362
0.0027452505421763362
0.0027452505421763362
0.0027452505421763362
0.0027452505421763362
0.0027452505421763362
0.0027452505421763362
0.0027452505421763362
0.0027452505421763362
0.0027452505421763362
0.0025798207551908092
0.0025798207551908092
0.0025798207551908092
0.0025798207551908092
0.0025798207551908092
0.0025798207551908092
0.0025798207551908092
0.0025798207551908092
0.00218632796866558
0.00218632796866558
0.00218632796866558
0.00218632796866558
0.00218632796866558
0.00218632796866558
0.00218632796866558
0.00218632796866558
0.0021649702387698255
0.0021649702387698255
0.0021649702387698255
0.0021649702387698255
0.0021649702387698255
0.0021649702387698255
0.0021649702387698255
0.002162616843502718
0.002162616843502718
0.002162616843502718
0.002162616843502718
0.002162616843502718
0.002162616843502718
0.0020601768680563737
0.0020601768680563737
0.0020601768680563737
0.0020601768680563737
0.0020601768680563737
0.0020601768680563737
0.0020601768680563737
0.0020601768680563737
0.0020601768680563737
0.0020601768680563737
0.0020601768680563737
0.0020601768680563737
0.0020601768680563737
0.0020601768680563737
0.0020601768680563737
0.0020601768680563737
0.0020601768680563737
0.0019032098429399014
0.0019032098429399014
0.0019032098429399014
0.0019032098429399014
0.0019032098429399014
0.0019032098429399014
0.00175589976067414
0.00175589976067414
0.00175589976067414
0.00175589976067414
0.00175589976067414
0.00175589976067414
0.00175589976067414
0.001546191986861345
0.001546191986861345
0.001546191986861345
0.001546191986861345
0.0013154355101612225
0.0013154355101612225
0.0013154355101612225
0.0013154355101612225
0.0013154355101612225
0.0013154355101612225
0.0013154355101612225
0.0013154355101612225
0.0013154355101612225
0.0013154355101612225
0.0013154355101612225
0.0013154355101612225
0.001196494229240841
0.001196494229240841
0.001196494229240841
0.001196494229240841
0.001196494229240841
0.001196494229240841
0.001196494229240841
0.001196494229240841
0.0011478183790387675
0.0011478183790387675
0.0011478183790387675
0.0011478183790387675
0.0011478183790387675
0.0011478183790387675
0.0010915247210476764
0.0010915247210476764
0.0010915247210476764
0.0010915247210476764
0.0010915247210476764
0.0010915247210476764
0.0010915247210476764
0.0010915247210476764
0.0010915247210476764
0.0010915247210476764
0.0010915247210476764
0.0010506392222566774
0.0010506392222566774
0.0010506392222566774
0.0010506392222566774
0.0010506392222566774
0.0010506392222566774
0.0010506392222566774
0.0010506392222566774
0.0010506392222566774
0.0009764914177630146
0.0009764914177630146
0.0009764914177630146
0.0009764914177630146
0.000904589695842617
0.000904589695842617
0.000904589695842617
0.000904589695842617
0.000904589695842617
0.000904589695842617
0.000904589695842617
0.000904589695842617
0.000904589695842617
0.000904589695842617
0.000904589695842617
0.000904589695842617
0.000904589695842617
0.0009004621624626452
0.0009004621624626452
0.0008971738248746419
0.0008971738248746419
0.0008971738248746419
0.0008653869585657503
0.0008653869585657503
0.0008653869585657503
0.0008653869585657503
0.0008653869585657503
0.0008653869585657503
0.0008653869585657503
0.0008653869585657503
0.0008653869585657503
0.000822963520032971
0.000822963520032971
0.000822963520032971
0.000822963520032971
0.000822963520032971
0.000822963520032971
0.000822963520032971
0.000822963520032971
0.000822963520032971
0.000822963520032971
0.000822963520032971
0.0007961433659140482
0.0007223909256666161
0.0007223909256666161
0.0007223909256666161
0.0007223909256666161
0.0007223909256666161
0.0007223909256666161
0.0007223909256666161
0.0007106007429555916
0.0007106007429555916
0.0007008552903258192
0.0007008552903258192
0.0007008552903258192
0.0006650769836227255
0.0006650769836227255
0.0006650769836227255
0.0006650769836227255
0.0006381837147380054
0.0006381837147380054
0.0006381837147380054
0.0006287919225016481
0.0006287919225016481
0.0006136819598339116
0.0005457863665547791
0.0005457863665547791
0.0005457863665547791
0.0005457863665547791
0.0005457863665547791
0.0005457863665547791
0.0005435494534964391
0.0005435494534964391
0.0005435494534964391
0.0005435494534964391
0.0005435494534964391
0.0005435494534964391
0.0005435494534964391
0.0005435494534964391
0.0005435494534964391
0.0005354919349898069
0.0005354919349898069
0.0005354919349898069
0.0005354919349898069
0.0005354919349898069
0.0005354919349898069
0.0005354919349898069
0.0005354919349898069
0.0005291940433735931
0.0005291940433735931
0.0005291940433735931
0.0005094321338496854
0.0004962776619876763
0.0004962776619876763
0.0004830099351451622
0.0004094587301644026
0.0004094587301644026
0.0004094587301644026
0.0004094587301644026
0.0004094587301644026
0.0004094587301644026
0.0004094587301644026
0.0004094587301644026
0.0004094587301644026
0.0004094587301644026
0.0004094587301644026
