0.01626443862915039
0.016440629959106445
0.016511917114257812
0.01660609245300293
0.0165402889251709
0.015868186950683594
0.01607489585876465
0.016486167907714844
0.016325712203979492
0.016276121139526367
0.01597428321838379
0.016951560974121094
0.0169370174407959
0.016617536544799805
0.016386985778808594
0.01614236831665039
0.0166015625
0.01726245880126953
0.017251968383789062
0.017204999923706055
0.017170190811157227
0.016883134841918945
0.01736736297607422
0.01769232749938965
0.017812728881835938
0.018225908279418945
0.018568754196166992
0.017940044403076172
0.017891645431518555
0.017164230346679688
0.01833796501159668
0.01824331283569336
0.018007993698120117
0.017390012741088867
0.017043590545654297
0.01688075065612793
0.016649484634399414
0.016594409942626953
0.016703367233276367
0.016796112060546875
0.01718425750732422
0.01660323143005371
0.01636981964111328
0.016411542892456055
0.016188621520996094
0.017483949661254883
0.0183408260345459
0.017246723175048828
0.01670360565185547
0.016529560089111328
0.016474246978759766
0.01689743995666504
0.017163515090942383
0.016756296157836914
0.01700615882873535
0.017182111740112305
0.017147541046142578
0.017195701599121094
0.017157793045043945
0.017531394958496094
0.0174407958984375
0.01752018928527832
0.0176544189453125
0.018100500106811523
0.0182039737701416
0.01871776580810547
0.017963171005249023
0.0184171199798584
0.017808914184570312
0.017700672149658203
0.01731705665588379
0.016707658767700195
0.01679086685180664
0.016914844512939453
0.016623735427856445
0.016415119171142578
0.016887187957763672
0.016602039337158203
0.016785383224487305
0.01744246482849121
0.018204212188720703
0.01788640022277832
0.018049001693725586
0.017856836318969727
0.018422365188598633
0.01848912239074707
0.01849222183227539
0.017951250076293945
0.01855301856994629
0.01729869842529297
0.017752408981323242
0.01781463623046875
0.01741766929626465
0.01758265495300293
0.018152713775634766
0.017809152603149414
0.01779007911682129
0.01801300048828125
0.0178985595703125
0.01883840560913086
0.017948150634765625
0.016950607299804688
0.017092227935791016
0.016414403915405273
0.016750335693359375
0.016434431076049805
0.01636195182800293
0.01649308204650879
0.016404151916503906
0.0163726806640625
0.01655888557434082
0.016513824462890625
0.016316652297973633
0.01633167266845703
0.01629924774169922
0.016205549240112305
0.01647782325744629
0.01645183563232422
0.01632547378540039
0.016401290893554688
0.016472578048706055
0.01613640785217285
0.016376018524169922
0.01625657081604004
0.016333341598510742
0.016134977340698242
0.016259431838989258
0.016707658767700195
0.015765905380249023
0.015449285507202148
0.015986919403076172
0.016312599182128906
0.01636195182800293
0.016314268112182617
0.016366004943847656
0.015769481658935547
0.015608549118041992
0.016249656677246094
0.016566991806030273
0.01648259162902832
0.016617298126220703
0.01671576499938965
0.01656174659729004
0.016674280166625977
0.016489505767822266
0.016379594802856445
0.01642131805419922
0.01658940315246582
0.016336679458618164
0.01736617088317871
0.018199443817138672
0.01754474639892578
0.016758203506469727
0.016468048095703125
0.016552209854125977
0.017032861709594727
0.017220020294189453
0.017273426055908203
0.017303943634033203
0.017345666885375977
0.016764163970947266
0.017447471618652344
0.018486499786376953
0.019467592239379883
0.01837444305419922
0.017144441604614258
0.016027450561523438
0.01597905158996582
0.01577591896057129
0.016932249069213867
0.01745319366455078
0.01691150665283203
0.016426801681518555
0.016559839248657227
0.01584315299987793
0.01614236831665039
0.01640796661376953
0.016359567642211914
0.016742467880249023
0.016481876373291016
0.016360759735107422
0.016162872314453125
0.01618504524230957
0.015885114669799805
0.016094207763671875
0.015816450119018555
0.015357017517089844
0.016149282455444336
0.015625715255737305
0.01592850685119629
0.015865325927734375
0.015749216079711914
0.015694141387939453
0.01559591293334961
0.015956640243530273
0.015415668487548828
0.015535354614257812
0.01574873924255371
0.01617598533630371
0.01626110076904297
0.015880584716796875
0.016477108001708984
0.016295671463012695
0.016245365142822266
0.01680302619934082
0.016768693923950195
0.016541004180908203
0.016492128372192383
0.016169309616088867
0.01628732681274414
0.01643824577331543
0.016304731369018555
0.015697240829467773
0.016383886337280273
0.01622772216796875
0.016340017318725586
0.01614093780517578
0.01616358757019043
0.016360998153686523
0.0162811279296875
0.01606130599975586
0.01633453369140625
0.016170740127563477
0.01663494110107422
0.01651477813720703
0.01647496223449707
0.016408443450927734
0.016075849533081055
0.016092300415039062
0.016373634338378906
0.016817569732666016
0.0169525146484375
0.01678156852722168
0.017070531845092773
0.01716303825378418
0.01758098602294922
0.01715826988220215
0.017198562622070312
0.01741623878479004
0.017351865768432617
0.017146587371826172
0.017160892486572266
0.017068862915039062
0.017186641693115234
0.016678333282470703
0.015982627868652344
0.016287565231323242
0.016224145889282227
0.01649188995361328
0.016566038131713867
0.01592850685119629
0.015650510787963867
0.016603946685791016
0.01644754409790039
0.01602768898010254
0.01629018783569336
0.01619863510131836
0.01652359962463379
0.016252517700195312
0.016696453094482422
0.01636791229248047
0.016553401947021484
0.016431570053100586
0.01639842987060547
0.016491174697875977
0.016379594802856445
0.016278743743896484
0.01647329330444336
0.016924619674682617
0.017019987106323242
0.017420291900634766
0.01864767074584961
0.01746201515197754
0.016892194747924805
0.016785144805908203
0.016541004180908203
0.016594409942626953
0.019646167755126953
0.02021169662475586
0.01775646209716797
0.01702260971069336
0.016342878341674805
0.0167996883392334
0.018681049346923828
0.017255067825317383
0.017069101333618164
0.01670670509338379
0.01647663116455078
0.01646566390991211
0.016542911529541016
0.01659107208251953
0.016751766204833984
0.016535520553588867
0.016373395919799805
0.01660299301147461
0.016771793365478516
0.016901493072509766
0.017257213592529297
0.018413543701171875
0.01846933364868164
0.017777204513549805
0.01705026626586914
0.01735067367553711
0.0174407958984375
0.01817035675048828
0.01727461814880371
0.018101930618286133
0.017322778701782227
0.0170590877532959
0.017439842224121094
0.0181124210357666
0.018106460571289062
0.018526315689086914
0.017672300338745117
0.01764702796936035
0.017017602920532227
0.01740741729736328
0.01822972297668457
0.01918315887451172
0.017989158630371094
0.019397497177124023
0.017717838287353516
0.017528772354125977
0.016626596450805664
0.01653599739074707
0.01658153533935547
0.0165252685546875
0.016631126403808594
0.016537189483642578
0.01647329330444336
0.016393423080444336
0.01638960838317871
0.01632094383239746
0.015840768814086914
0.015802383422851562
0.016348838806152344
0.01635289192199707
0.016434192657470703
0.017274141311645508
0.01643967628479004
0.016373157501220703
0.016425132751464844
0.016535043716430664
0.015927791595458984
0.015929460525512695
0.01612401008605957
0.016185760498046875
0.016318082809448242
0.016170501708984375
0.0157315731048584
0.016063690185546875
0.01617574691772461
0.01619124412536621
0.01615738868713379
0.01651906967163086
0.01641678810119629
0.016485214233398438
0.017053842544555664
0.016788244247436523
0.017490386962890625
0.017171621322631836
0.01750659942626953
0.017132282257080078
0.016976356506347656
0.016725778579711914
0.016764402389526367
0.01720118522644043
0.0175778865814209
0.017629623413085938
0.017343997955322266
0.017175912857055664
0.01711869239807129
0.016817331314086914
0.017177104949951172
0.017213106155395508
0.01698756217956543
0.016978979110717773
0.016819477081298828
0.016425132751464844
0.01677227020263672
0.017215251922607422
0.016962051391601562
0.017014026641845703
0.017161130905151367
0.017232656478881836
0.01683211326599121
0.01697540283203125
0.016887664794921875
0.016594409942626953
0.016169071197509766
0.015786170959472656
0.015982627868652344
0.015944242477416992
0.015727758407592773
0.016066789627075195
0.015959501266479492
0.01598668098449707
0.01662611961364746
0.016629457473754883
0.016691207885742188
0.01645040512084961
0.017559289932250977
0.016892671585083008
0.01658463478088379
0.01615762710571289
0.016223907470703125
0.016097307205200195
0.01621389389038086
0.016385316848754883
0.01637125015258789
0.0160977840423584
0.0162656307220459
0.016321182250976562
0.016191959381103516
0.0167694091796875
0.016539812088012695
0.01625370979309082
0.016353368759155273
0.016464948654174805
0.016387224197387695
0.016391992568969727
0.01621532440185547
0.0162355899810791
0.016086816787719727
0.016248464584350586
0.016450166702270508
0.01628851890563965
0.016218185424804688
0.016284704208374023
0.01640605926513672
0.016329288482666016
0.016155242919921875
0.016155004501342773
0.016365528106689453
0.016348600387573242
0.016727209091186523
0.016739368438720703
0.016568422317504883
0.016925334930419922
0.0167999267578125
0.01685476303100586
0.0172271728515625
0.017258644104003906
0.01642775535583496
0.016815900802612305
0.01685929298400879
0.01685047149658203
0.017895221710205078
0.017112016677856445
0.016854047775268555
0.01666116714477539
0.016655921936035156
0.01655292510986328
0.016657352447509766
0.017331600189208984
0.017339468002319336
0.016500234603881836
0.01677393913269043
0.016857385635375977
0.016533613204956055
0.016654491424560547
0.016535520553588867
0.016457796096801758
0.016564130783081055
0.01619744300842285
0.01614832878112793
0.016229867935180664
0.016292572021484375
0.01651144027709961
0.016570091247558594
0.016470670700073242
0.016496896743774414
0.0165097713470459
0.016340017318725586
0.016374588012695312
0.016459226608276367
0.01623058319091797
0.01651740074157715
0.016344547271728516
0.01617574691772461
0.016360044479370117
0.01629161834716797
0.01634812355041504
0.016339778900146484
0.016465187072753906
0.016590118408203125
0.016515254974365234
0.01613593101501465
0.016266584396362305
0.016303062438964844
0.016588449478149414
0.01637744903564453
0.016380786895751953
0.016254425048828125
0.01628422737121582
0.01628398895263672
0.016475677490234375
0.01650524139404297
0.016528606414794922
0.016369104385375977
0.016422748565673828
0.016208410263061523
0.016323089599609375
0.01693582534790039
0.01710653305053711
0.01736760139465332
0.01758289337158203
0.017454147338867188
0.01723957061767578
0.01762080192565918
0.017335891723632812
0.017254352569580078
0.017475366592407227
0.01694965362548828
0.01703357696533203
0.017074108123779297
0.017918825149536133
0.017641305923461914
0.017594575881958008
0.01731252670288086
0.01673746109008789
0.01806163787841797
0.01657891273498535
0.016618967056274414
0.017731428146362305
0.017590999603271484
0.017667293548583984
0.01702260971069336
0.016594648361206055
0.01653766632080078
0.0162811279296875
0.01630854606628418
0.0162351131439209
0.016216754913330078
0.01618051528930664
0.016730785369873047
0.016538381576538086
0.016703128814697266
0.016489744186401367
0.016202688217163086
0.01622605323791504
0.016384124755859375
0.016179323196411133
0.016234159469604492
0.016615867614746094
0.016522645950317383
0.01633167266845703
0.01638031005859375
0.016316890716552734
0.01643824577331543
0.016490697860717773
0.016613483428955078
0.016490697860717773
0.016549348831176758
0.01650524139404297
0.016666173934936523
0.01657557487487793
0.016454458236694336
0.016392946243286133
0.01676797866821289
0.016604900360107422
0.017119646072387695
0.017516613006591797
0.016942501068115234
0.016414880752563477
0.016977548599243164
0.018871307373046875
0.018285751342773438
0.018858909606933594
0.018357038497924805
0.017450332641601562
0.016972064971923828
0.0173490047454834
0.017501354217529297
0.017710208892822266
0.017294883728027344
0.017131567001342773
0.01702117919921875
0.017600297927856445
0.01767277717590332
0.01780223846435547
0.01756906509399414
0.017295122146606445
0.017171621322631836
0.016662120819091797
0.0174252986907959
0.017869234085083008
0.017563343048095703
0.01734471321105957
0.01700139045715332
0.016753435134887695
0.017206192016601562
0.016761064529418945
0.016789674758911133
0.01744222640991211
0.017802715301513672
0.016947507858276367
0.016654253005981445
0.016310930252075195
0.016280412673950195
0.01624894142150879
0.016267061233520508
0.016473054885864258
0.016298294067382812
0.016094446182250977
0.01627373695373535
0.016373157501220703
0.0163881778717041
0.016296863555908203
0.016352176666259766
0.01612687110900879
0.01646566390991211
0.016233444213867188
0.016316890716552734
0.016463756561279297
0.016272783279418945
0.016401052474975586
0.01621866226196289
0.01622295379638672
0.01603555679321289
0.01613306999206543
0.016063213348388672
0.01633596420288086
0.017369985580444336
0.017451763153076172
0.017067670822143555
0.016367435455322266
0.01647019386291504
0.016423940658569336
0.01629638671875
0.016517162322998047
0.01640939712524414
0.0166318416595459
0.016747713088989258
0.016721010208129883
0.0165863037109375
0.016550779342651367
0.01647210121154785
0.016868114471435547
0.016818761825561523
0.017914772033691406
0.016655445098876953
0.016666412353515625
0.017338275909423828
0.017182111740112305
0.016820192337036133
0.016318798065185547
0.01635122299194336
0.016131162643432617
0.016743898391723633
0.01655745506286621
0.016911983489990234
0.016942501068115234
0.017423391342163086
0.016892671585083008
0.016954898834228516
0.017719268798828125
0.018031835556030273
0.018327713012695312
0.01780867576599121
0.017339706420898438
0.01705002784729004
0.017176151275634766
0.016544818878173828
0.017114639282226562
0.01727437973022461
0.016681432723999023
0.016657352447509766
0.016524791717529297
0.01609039306640625
0.016122102737426758
0.01610088348388672
0.016196489334106445
0.016147136688232422
0.016223669052124023
0.016257762908935547
0.016089200973510742
0.01619696617126465
0.01616191864013672
0.01612114906311035
0.01615166664123535
0.01617717742919922
0.016315698623657227
0.0163118839263916
0.01621270179748535
0.016278982162475586
0.016331195831298828
0.01636791229248047
0.016092538833618164
0.01634669303894043
0.016199827194213867
0.016318798065185547
0.01636672019958496
0.01642632484436035
0.0160520076751709
0.0157470703125
0.015641450881958008
0.016180753707885742
0.016386747360229492
0.016277313232421875
0.01615142822265625
0.016110897064208984
0.016037940979003906
0.016009807586669922
0.01606011390686035
0.015872716903686523
0.015894651412963867
0.016054630279541016
0.016094684600830078
0.016036033630371094
0.016131877899169922
0.016174793243408203
0.016355276107788086
0.016127824783325195
0.016398191452026367
0.017030715942382812
0.01749253273010254
0.016862869262695312
0.01645493507385254
0.01563858985900879
0.015717506408691406
0.01729607582092285
0.017246484756469727
0.017447948455810547
0.016798973083496094
0.016304731369018555
0.01656627655029297
0.016778945922851562
0.017255783081054688
0.017828941345214844
0.017827987670898438
0.0170443058013916
0.016439199447631836
0.017435312271118164
0.01696944236755371
0.017021894454956055
0.017675399780273438
0.017890453338623047
0.016414403915405273
0.01582932472229004
0.01595282554626465
0.015796184539794922
0.015521764755249023
0.015753746032714844
0.01562047004699707
0.01595282554626465
0.015920639038085938
0.016258955001831055
0.023534297943115234
0.016666412353515625
0.01645207405090332
0.016463279724121094
0.01642775535583496
0.016422510147094727
0.01651620864868164
0.016510963439941406
0.016512393951416016
0.01652359962463379
0.016694068908691406
0.016452312469482422
0.018262863159179688
0.01751875877380371
0.017552852630615234
0.01690840721130371
0.016814708709716797
0.016819000244140625
0.016524314880371094
0.016239643096923828
0.016197919845581055
0.016228437423706055
0.016181468963623047
0.016536951065063477
0.016432523727416992
0.016514062881469727
0.01647353172302246
0.016676664352416992
0.016596317291259766
0.016470909118652344
0.0164031982421875
0.016388416290283203
0.016140222549438477
0.016201019287109375
0.01632404327392578
0.016333580017089844
0.0163576602935791
0.016528606414794922
0.016437292098999023
0.016242265701293945
0.016155481338500977
0.016130447387695312
0.01612377166748047
0.016208171844482422
0.016159772872924805
0.016303062438964844
0.01726078987121582
0.017230987548828125
0.017199277877807617
0.017340898513793945
0.01770758628845215
0.01786661148071289
0.017383337020874023
0.01723933219909668
0.016082763671875
0.01629185676574707
0.01617598533630371
0.01656508445739746
0.01624298095703125
0.017313241958618164
0.0173795223236084
0.016996145248413086
0.01608419418334961
0.016042232513427734
0.01702570915222168
0.016585111618041992
0.016371965408325195
0.016767024993896484
0.016869544982910156
0.016921281814575195
0.017500877380371094
0.01758575439453125
0.01807689666748047
0.017113208770751953
0.01656341552734375
0.01660895347595215
0.01663374900817871
0.01648998260498047
0.016410112380981445
0.016417503356933594
0.016488313674926758
0.016420841217041016
0.016577959060668945
0.01656055450439453
0.01676034927368164
0.016562938690185547
0.01663970947265625
0.016644954681396484
0.016625165939331055
0.016690969467163086
0.016392946243286133
0.016390562057495117
0.01647353172302246
0.016604900360107422
0.016706228256225586
0.01651763916015625
0.016443729400634766
0.016580581665039062
0.016529321670532227
0.016614913940429688
0.01659870147705078
0.016530275344848633
0.016396760940551758
0.016420364379882812
0.016413211822509766
0.01648879051208496
0.01667618751525879
0.016969919204711914
0.016803741455078125
0.016913175582885742
0.016983747482299805
0.016416549682617188
0.01647043228149414
0.017290115356445312
0.017386913299560547
0.017339706420898438
0.0172879695892334
0.01735234260559082
0.01706385612487793
0.01682114601135254
0.01712799072265625
0.01734304428100586
0.017270565032958984
0.017546892166137695
0.016996145248413086
0.016401290893554688
0.016458749771118164
0.016245365142822266
0.016406774520874023
0.017240285873413086
0.017165184020996094
0.01701641082763672
0.0182342529296875
0.016705751419067383
0.0165407657623291
0.0164337158203125
0.016219377517700195
0.016135692596435547
0.016024112701416016
0.016179561614990234
0.016399860382080078
0.016223669052124023
0.0166318416595459
0.01651930809020996
0.01659393310546875
0.016617298126220703
0.016753196716308594
0.016716718673706055
0.016585111618041992
0.01655721664428711
0.016747236251831055
0.01666855812072754
0.01647806167602539
0.016687870025634766
0.016684532165527344
0.016307353973388672
0.016350746154785156
0.016308069229125977
0.0161898136138916
0.016431808471679688
0.01647472381591797
0.016162872314453125
0.016173839569091797
0.016153812408447266
0.01624464988708496
0.0165102481842041
0.016503572463989258
0.01643824577331543
0.01627349853515625
0.017128944396972656
0.01677227020263672
0.016462326049804688
0.016292333602905273
0.01643514633178711
0.01640462875366211
0.01624274253845215
0.01645660400390625
0.016422510147094727
0.01779460906982422
0.017846107482910156
0.01781773567199707
0.0184328556060791
0.01785731315612793
0.017431259155273438
0.017897367477416992
0.01763606071472168
0.017879724502563477
0.017762422561645508
0.01717209815979004
0.017208099365234375
0.017144203186035156
0.017267942428588867
0.016844987869262695
0.017099857330322266
0.017077207565307617
0.017018556594848633
0.016847610473632812
0.016592741012573242
0.016217947006225586
0.016537189483642578
0.01717543601989746
0.017325878143310547
0.017020702362060547
0.01673293113708496
0.016385555267333984
0.016492128372192383
0.0178680419921875
0.017217159271240234
0.017362594604492188
0.01686859130859375
0.016971111297607422
0.01862168312072754
0.01791095733642578
0.0171968936920166
0.01652693748474121
0.016668081283569336
0.01644277572631836
0.016415834426879883
0.01671910285949707
0.018447160720825195
0.019190549850463867
0.0173492431640625
0.017090559005737305
0.016619443893432617
0.01663947105407715
0.016423940658569336
0.016528844833374023
0.01648998260498047
0.016328096389770508
0.016155719757080078
0.016082763671875
0.016130447387695312
0.016173362731933594
0.016162872314453125
0.016253232955932617
0.016344785690307617
0.016179323196411133
0.01620626449584961
0.016217470169067383
0.016318321228027344
0.016237974166870117
0.016274452209472656
0.016453981399536133
0.01645660400390625
0.016653060913085938
0.016635417938232422
0.016479015350341797
0.016496896743774414
0.016580820083618164
0.016649961471557617
0.016453027725219727
0.01868462562561035
