0.001514434814453125
0.0014731884002685547
0.001539468765258789
0.0015270709991455078
0.0014736652374267578
0.0015523433685302734
0.0014734268188476562
0.0014715194702148438
0.0014853477478027344
0.0014605522155761719
0.0014693737030029297
0.0015380382537841797
0.0015499591827392578
0.0015239715576171875
0.0015079975128173828
0.0014774799346923828
0.0014584064483642578
0.001486063003540039
0.0014836788177490234
0.0014951229095458984
0.0014977455139160156
0.0015037059783935547
0.0015120506286621094
0.0014848709106445312
0.0014803409576416016
0.001483917236328125
0.0014646053314208984
0.0014901161193847656
0.0014917850494384766
0.00152587890625
0.0014886856079101562
0.0014939308166503906
0.0014858245849609375
0.0014843940734863281
0.001483917236328125
0.0015082359313964844
0.0014946460723876953
0.0015439987182617188
0.0015063285827636719
0.0014917850494384766
0.0014786720275878906
0.0014641284942626953
0.0014841556549072266
0.0014653205871582031
0.0014619827270507812
0.0014679431915283203
0.0015337467193603516
0.0014805793762207031
0.0014736652374267578
0.0014767646789550781
0.0014841556549072266
0.0014719963073730469
0.0014603137969970703
0.0015249252319335938
0.0015575885772705078
0.001476287841796875
0.001478433609008789
0.0014870166778564453
0.0014905929565429688
0.0014801025390625
0.0015149116516113281
0.0015377998352050781
0.0015952587127685547
0.0015363693237304688
0.0014655590057373047
0.0014874935150146484
0.0014734268188476562
0.0014803409576416016
0.0014951229095458984
0.0015425682067871094
0.0015304088592529297
0.0015120506286621094
0.0015630722045898438
0.0015399456024169922
0.001470327377319336
0.0015063285827636719
0.0015060901641845703
0.0014717578887939453
0.0015707015991210938
0.001463174819946289
0.0014846324920654297
0.001500844955444336
0.0014693737030029297
0.0015485286712646484
0.0014519691467285156
0.0014834403991699219
0.0015292167663574219
0.00145721435546875
0.0014722347259521484
0.0014700889587402344
0.0014600753784179688
0.0014607906341552734
0.0014674663543701172
0.001497030258178711
0.0015683174133300781
0.0014553070068359375
0.0014581680297851562
0.0014650821685791016
0.0014619827270507812
0.0014524459838867188
0.001466989517211914
0.0015077590942382812
0.0015578269958496094
0.0014674663543701172
0.001463174819946289
0.0015690326690673828
0.0015001296997070312
0.0014672279357910156
0.0014684200286865234
0.0014557838439941406
0.0015873908996582031
0.0015327930450439453
0.001458883285522461
0.0014696121215820312
0.001451253890991211
0.0014901161193847656
0.0015752315521240234
0.0015230178833007812
0.0015659332275390625
0.0014538764953613281
0.0014541149139404297
0.001455068588256836
0.0014567375183105469
0.0014896392822265625
0.0015311241149902344
0.001459360122680664
0.0015783309936523438
0.0014891624450683594
0.0014605522155761719
0.0014765262603759766
0.001462697982788086
0.0014638900756835938
0.001451253890991211
0.00164031982421875
0.0017120838165283203
0.001558542251586914
0.0015537738800048828
0.001552581787109375
0.0015633106231689453
0.0015513896942138672
0.0015444755554199219
0.0016014575958251953
0.0016431808471679688
0.0015594959259033203
0.00156402587890625
0.001550912857055664
0.0015497207641601562
0.00154876708984375
0.0015609264373779297
0.0016193389892578125
0.0015575885772705078
0.001561880111694336
0.001550912857055664
0.00156402587890625
0.001547098159790039
0.0015583038330078125
0.0015559196472167969
0.0016510486602783203
0.0015614032745361328
0.0015521049499511719
0.0015552043914794922
0.0014977455139160156
0.0014579296112060547
0.0016298294067382812
0.0014655590057373047
0.001592397689819336
0.0015034675598144531
0.001542806625366211
0.0015439987182617188
0.0014600753784179688
0.0015139579772949219
0.0014870166778564453
0.0015044212341308594
0.0015528202056884766
0.001447439193725586
0.001529693603515625
0.0015113353729248047
0.0015430450439453125
0.001566171646118164
0.0015118122100830078
0.0015530586242675781
0.0015130043029785156
0.0014693737030029297
0.0015697479248046875
0.0015652179718017578
0.0015447139739990234
0.0014967918395996094
0.0015332698822021484
0.001577138900756836
0.001497507095336914
0.0015561580657958984
0.0014760494232177734
0.0014863014221191406
0.0015344619750976562
0.0014569759368896484
0.001552581787109375
0.0015690326690673828
0.0014979839324951172
0.0015192031860351562
0.0014548301696777344
0.0015408992767333984
0.0015594959259033203
0.0015056133270263672
0.0015370845794677734
0.001558065414428711
0.0015513896942138672
0.0014672279357910156
0.0015015602111816406
0.0015246868133544922
0.0014655590057373047
0.001562356948852539
0.0014843940734863281
0.001674652099609375
0.0015478134155273438
0.0015530586242675781
0.0015444755554199219
0.0015642642974853516
0.0015745162963867188
0.0015668869018554688
0.0015516281127929688
0.001617431640625
0.0016040802001953125
0.001631021499633789
0.0015461444854736328
0.001565694808959961
0.0015516281127929688
0.0015549659729003906
0.0016160011291503906
0.0015501976013183594
0.0015664100646972656
0.0015704631805419922
0.0015723705291748047
0.0015666484832763672
0.0015766620635986328
0.0015876293182373047
0.0015559196472167969
0.0016536712646484375
0.0015974044799804688
0.0015475749969482422
0.0017194747924804688
0.0015513896942138672
0.0016493797302246094
0.0015850067138671875
0.0015101432800292969
0.0016329288482666016
0.0015845298767089844
0.0017125606536865234
0.0015549659729003906
0.0016460418701171875
0.0015888214111328125
0.001676797866821289
0.0016455650329589844
0.0015516281127929688
0.0016820430755615234
0.0015730857849121094
0.001581430435180664
0.0015566349029541016
0.0016438961029052734
0.0016210079193115234
0.001583099365234375
0.0015723705291748047
0.0015716552734375
0.0015659332275390625
0.0015435218811035156
0.0015540122985839844
0.0016744136810302734
0.001558542251586914
0.0015749931335449219
0.001550436019897461
0.0015790462493896484
0.0016150474548339844
0.0015361309051513672
0.0016701221466064453
0.0015947818756103516
0.0016329288482666016
0.0017304420471191406
0.0015969276428222656
0.0016608238220214844
0.0015647411346435547
0.0017414093017578125
0.0016739368438720703
0.00165557861328125
0.0015687942504882812
0.0016095638275146484
0.0016865730285644531
0.001538991928100586
0.001676797866821289
0.0016391277313232422
0.0016777515411376953
0.0016684532165527344
0.0016002655029296875
0.0016226768493652344
0.0015714168548583984
0.0017480850219726562
0.0016620159149169922
0.0017476081848144531
0.0015108585357666016
0.001592874526977539
0.0015668869018554688
0.0015532970428466797
0.0016858577728271484
0.0015625953674316406
0.0017855167388916016
0.0016050338745117188
0.0016281604766845703
0.0016045570373535156
0.0015559196472167969
0.001669168472290039
0.0014691352844238281
0.0016789436340332031
0.0014836788177490234
0.0015878677368164062
0.0017023086547851562
0.0016522407531738281
0.0017654895782470703
0.0016770362854003906
0.0018584728240966797
0.0014755725860595703
0.0015971660614013672
0.0016016960144042969
0.0015246868133544922
0.0017709732055664062
0.0016300678253173828
0.001720428466796875
0.0016651153564453125
0.0016696453094482422
0.0016255378723144531
0.0016560554504394531
0.0016353130340576172
0.0015382766723632812
0.001692056655883789
0.0016894340515136719
0.0016503334045410156
0.0014979839324951172
0.0015430450439453125
0.0016453266143798828
0.001556396484375
0.0016880035400390625
0.001664876937866211
0.0017342567443847656
0.001512765884399414
0.001481771469116211
0.0016715526580810547
0.0014739036560058594
0.0016722679138183594
0.0014903545379638672
0.0017523765563964844
0.0014934539794921875
0.0015196800231933594
0.0016579627990722656
0.0015130043029785156
0.0016798973083496094
0.001588582992553711
0.001613616943359375
0.0017306804656982422
0.0014774799346923828
0.001712799072265625
0.0016074180603027344
0.0016987323760986328
0.0015747547149658203
0.0015978813171386719
0.0016853809356689453
0.0015406608581542969
0.0016751289367675781
0.0016109943389892578
0.0017774105072021484
0.0015587806701660156
0.0016734600067138672
0.001703023910522461
0.001703023910522461
0.0016789436340332031
0.0016865730285644531
0.001708984375
0.0016798973083496094
0.0016815662384033203
0.0015490055084228516
0.0015716552734375
0.0015957355499267578
0.0015337467193603516
0.0017552375793457031
0.001522064208984375
0.0016629695892333984
0.0015645027160644531
0.0015845298767089844
0.0016331672668457031
0.0015599727630615234
0.0016980171203613281
0.0014772415161132812
0.0015866756439208984
0.0015552043914794922
0.0014774799346923828
0.0017032623291015625
0.001474142074584961
0.0015444755554199219
0.0015590190887451172
0.001478433609008789
0.0017023086547851562
0.0015227794647216797
0.0015537738800048828
0.0014903545379638672
0.0015408992767333984
0.0015444755554199219
0.001486063003540039
0.0015611648559570312
0.001512289047241211
0.001556396484375
0.0015301704406738281
0.0014848709106445312
0.0015993118286132812
0.0014889240264892578
0.0015392303466796875
0.0015172958374023438
0.0014529228210449219
0.001573324203491211
0.0014941692352294922
0.0015702247619628906
0.0015938282012939453
0.0014812946319580078
0.0016384124755859375
0.0015721321105957031
0.0016965866088867188
0.0017609596252441406
0.0017154216766357422
0.0016913414001464844
0.0017747879028320312
0.0016281604766845703
0.001474142074584961
0.0016160011291503906
0.0014650821685791016
0.001619100570678711
0.001596212387084961
0.001470804214477539
0.0016436576843261719
0.0015408992767333984
0.0016219615936279297
0.0015711784362792969
0.0014755725860595703
0.001634359359741211
0.0014750957489013672
0.0015416145324707031
0.001519918441772461
0.0015096664428710938
0.0015523433685302734
0.001547098159790039
0.001581430435180664
0.0014586448669433594
0.001512765884399414
0.0015499591827392578
0.0014803409576416016
0.0015523433685302734
0.0015714168548583984
0.0015158653259277344
0.0015461444854736328
0.00145721435546875
0.0015358924865722656
0.0015363693237304688
0.0015366077423095703
0.0015282630920410156
0.0014870166778564453
0.00157928466796875
0.0014548301696777344
0.0015189647674560547
0.001528024673461914
0.001466989517211914
0.0015327930450439453
0.0014553070068359375
0.0014989376068115234
0.0015411376953125
0.0015079975128173828
0.0015513896942138672
0.0014483928680419922
0.0014958381652832031
0.0015625953674316406
0.001470327377319336
0.0014853477478027344
0.0014629364013671875
0.0014514923095703125
0.0015468597412109375
0.0014798641204833984
0.0014810562133789062
0.0015003681182861328
0.0014624595642089844
0.0015053749084472656
0.0014801025390625
0.001476287841796875
0.0014643669128417969
0.0014805793762207031
0.0014960765838623047
0.0014688968658447266
0.0014624595642089844
0.001485586166381836
0.0014958381652832031
0.0015015602111816406
0.001466989517211914
0.0014698505401611328
0.0014617443084716797
0.0015094280242919922
0.0014824867248535156
0.0014810562133789062
0.0015099048614501953
0.0015091896057128906
0.0014636516571044922
0.0014925003051757812
0.0014584064483642578
0.0014264583587646484
0.001477956771850586
0.001447439193725586
0.0014681816101074219
0.0014946460723876953
0.0014595985412597656
0.0014755725860595703
0.0014240741729736328
0.0014657974243164062
0.001531362533569336
0.0014331340789794922
0.001485586166381836
0.001482248306274414
0.001504659652709961
0.0014672279357910156
0.001463174819946289
0.0015416145324707031
0.0014951229095458984
0.0014832019805908203
0.0014774799346923828
0.0014605522155761719
0.0014843940734863281
0.0014679431915283203
0.001439809799194336
0.0014965534210205078
0.001489400863647461
0.0014808177947998047
0.0014653205871582031
0.0014450550079345703
0.001592397689819336
0.0014743804931640625
0.0015037059783935547
0.001481771469116211
0.0014543533325195312
0.0014853477478027344
0.0014162063598632812
0.0014767646789550781
0.0015399456024169922
0.0014452934265136719
0.0015010833740234375
0.0014240741729736328
0.0015032291412353516
0.0014615058898925781
0.0014297962188720703
0.001489877700805664
0.0015022754669189453
0.0014891624450683594
0.0015788078308105469
0.0015006065368652344
0.0014925003051757812
0.0014388561248779297
0.0014841556549072266
0.0015025138854980469
0.0014617443084716797
0.0015037059783935547
0.0014743804931640625
0.0014302730560302734
0.0014824867248535156
0.0014972686767578125
0.0014920234680175781
0.0014719963073730469
0.0015072822570800781
0.0015101432800292969
0.0014986991882324219
0.0014562606811523438
0.001478433609008789
0.0014595985412597656
0.0014905929565429688
0.001476287841796875
0.0014755725860595703
0.0014646053314208984
0.0014286041259765625
0.0014710426330566406
0.0014576911926269531
0.0014295578002929688
0.001506805419921875
0.0014295578002929688
0.0014891624450683594
0.0015561580657958984
0.001439809799194336
0.001489400863647461
0.001444101333618164
0.001413583755493164
0.0014638900756835938
0.00141143798828125
0.0014505386352539062
0.0014889240264892578
0.0014884471893310547
0.001481771469116211
0.0014345645904541016
0.0014271736145019531
0.0014562606811523438
0.001477956771850586
0.0014739036560058594
0.0015268325805664062
0.001463174819946289
0.0015535354614257812
0.0014412403106689453
0.0015060901641845703
0.0014698505401611328
0.0014252662658691406
0.0015003681182861328
0.0015289783477783203
0.0014941692352294922
0.0014317035675048828
0.0014314651489257812
0.0015141963958740234
0.0014271736145019531
0.0015130043029785156
0.0014672279357910156
0.0014858245849609375
0.0014674663543701172
0.0014269351959228516
0.0014672279357910156
0.0015003681182861328
0.0015468597412109375
0.0014729499816894531
0.001476287841796875
0.0014834403991699219
0.001529693603515625
0.0014820098876953125
0.0014653205871582031
0.0014655590057373047
0.0014786720275878906
0.0014810562133789062
0.0014803409576416016
0.0014801025390625
0.0015003681182861328
0.0014755725860595703
0.0014767646789550781
0.001466989517211914
0.001481771469116211
0.0014681816101074219
0.0014712810516357422
0.0014734268188476562
0.0015330314636230469
0.0015401840209960938
0.0014774799346923828
0.001468658447265625
0.0014927387237548828
0.0014863014221191406
0.0014836788177490234
0.0014715194702148438
0.0015447139739990234
0.001504659652709961
0.0014777183532714844
0.0014765262603759766
0.0014522075653076172
0.0014910697937011719
0.0014986991882324219
0.0014841556549072266
0.0015163421630859375
0.0014660358428955078
0.0014753341674804688
0.0014772415161132812
0.0014712810516357422
0.0014591217041015625
0.001482248306274414
0.0014636516571044922
0.0014777183532714844
0.0015344619750976562
0.0014791488647460938
0.0014812946319580078
0.001474618911743164
0.0014889240264892578
0.001527547836303711
0.0014989376068115234
0.0015451908111572266
0.0014655590057373047
0.001491546630859375
0.001462697982788086
0.00145721435546875
0.0014584064483642578
0.0014619827270507812
0.001577615737915039
0.0014867782592773438
0.001466989517211914
0.0014815330505371094
0.0014705657958984375
0.0014829635620117188
0.0015077590942382812
0.0015530586242675781
0.0015516281127929688
0.0015506744384765625
0.0015649795532226562
0.0015347003936767578
0.0014557838439941406
0.0015418529510498047
0.0015604496002197266
0.0014908313751220703
0.0015485286712646484
0.0015597343444824219
0.0015459060668945312
0.0014851093292236328
0.001493692398071289
0.0015387535095214844
0.001477956771850586
0.0015587806701660156
0.0014662742614746094
0.0014996528625488281
0.0015459060668945312
0.001485586166381836
0.0015101432800292969
0.001486063003540039
0.0014882087707519531
0.0014863014221191406
0.001474142074584961
0.0015583038330078125
0.0014772415161132812
0.0014774799346923828
0.001528024673461914
0.0014865398406982422
0.001491546630859375
0.0014870166778564453
0.0014739036560058594
0.001560211181640625
0.0015001296997070312
0.001547098159790039
0.0014922618865966797
0.0014853477478027344
0.0014908313751220703
0.0014901161193847656
0.0015377998352050781
0.0015716552734375
0.0014717578887939453
0.0014743804931640625
0.0014748573303222656
0.00147247314453125
0.0015380382537841797
0.0014677047729492188
0.0014829635620117188
0.0015347003936767578
0.0014672279357910156
0.0014595985412597656
0.0014548301696777344
0.0014736652374267578
0.0014743804931640625
0.001468658447265625
0.0014777183532714844
0.0015244483947753906
0.0015106201171875
0.0014739036560058594
0.0014722347259521484
0.0014524459838867188
0.0014624595642089844
0.001470804214477539
0.001458883285522461
0.0015838146209716797
0.0015110969543457031
0.00147247314453125
0.0014538764953613281
0.0014796257019042969
0.0014748573303222656
0.001489877700805664
0.0014660358428955078
0.0015151500701904297
0.0014884471893310547
0.0014641284942626953
0.0015039443969726562
0.0014493465423583984
0.0014624595642089844
0.0014700889587402344
0.00147247314453125
0.0014994144439697266
0.0015077590942382812
0.0014879703521728516
0.0014646053314208984
0.0014691352844238281
0.0014889240264892578
0.0014729499816894531
0.0014743804931640625
0.0014712810516357422
0.0015354156494140625
0.001481771469116211
0.0014705657958984375
0.001482248306274414
0.001491546630859375
0.0014634132385253906
0.0014994144439697266
0.0014758110046386719
0.0015239715576171875
0.0014815330505371094
0.0014557838439941406
0.0014848709106445312
0.0014655590057373047
0.0014827251434326172
0.0014739036560058594
0.0015785694122314453
0.0015544891357421875
0.0015430450439453125
0.0014500617980957031
0.0014660358428955078
0.0015413761138916016
0.0014636516571044922
0.0014536380767822266
0.0014629364013671875
0.00152587890625
0.0014865398406982422
0.0015454292297363281
0.0014770030975341797
0.0014872550964355469
0.0015785694122314453
0.0014781951904296875
0.0014734268188476562
0.0015556812286376953
0.0014772415161132812
0.0014810562133789062
0.0014793872833251953
0.0014719963073730469
0.0014684200286865234
0.0014638900756835938
0.0014748573303222656
0.0014815330505371094
0.001486063003540039
0.0014820098876953125
0.0014777183532714844
0.0014743804931640625
0.0014586448669433594
0.0014925003051757812
0.001476287841796875
0.0015523433685302734
0.001470327377319336
0.001451253890991211
0.0014696121215820312
0.0014719963073730469
0.001476287841796875
0.0014700889587402344
0.0014698505401611328
0.0015459060668945312
0.0014793872833251953
0.001466989517211914
0.0015194416046142578
0.0015048980712890625
0.0014617443084716797
0.0014693737030029297
0.0014529228210449219
0.0016684532165527344
0.001497030258178711
0.0014781951904296875
0.0014641284942626953
0.0014739036560058594
0.001468658447265625
0.0014650821685791016
0.0014674663543701172
0.0015113353729248047
0.0014564990997314453
0.0014653205871582031
0.0014717578887939453
0.001443624496459961
0.0014772415161132812
0.0015101432800292969
0.0015239715576171875
0.00151824951171875
0.0014495849609375
0.001489400863647461
0.0014564990997314453
0.0015423297882080078
0.0014836788177490234
0.0014750957489013672
0.0014679431915283203
0.0015196800231933594
0.0014650821685791016
0.0014586448669433594
0.0014646053314208984
0.0014748573303222656
0.0014870166778564453
0.0014681816101074219
0.0014891624450683594
0.001495361328125
0.0014753341674804688
0.0014879703521728516
0.0014781951904296875
0.0014798641204833984
0.0014836788177490234
0.0014836788177490234
0.0015230178833007812
0.0015783309936523438
0.0015511512756347656
0.0015120506286621094
0.0014853477478027344
0.001558065414428711
0.0014798641204833984
0.0015294551849365234
0.0015349388122558594
0.0015344619750976562
0.0016322135925292969
0.0014858245849609375
0.0015075206756591797
0.0015316009521484375
0.0014698505401611328
0.001535654067993164
0.0014967918395996094
0.001523733139038086
0.0015218257904052734
0.0014677047729492188
0.001531839370727539
0.0014531612396240234
0.0014598369598388672
0.0014495849609375
0.001470327377319336
0.0015227794647216797
0.0015192031860351562
0.0014979839324951172
0.0015180110931396484
0.0014510154724121094
0.0014698505401611328
0.0014598369598388672
0.0014679431915283203
0.001497507095336914
0.0014541149139404297
0.001468658447265625
0.00145721435546875
0.0014667510986328125
0.0014774799346923828
0.001556396484375
0.0014810562133789062
0.0015001296997070312
0.0015232563018798828
0.0014908313751220703
0.0014913082122802734
0.001485586166381836
0.001468658447265625
0.0014777183532714844
0.001497507095336914
0.0014688968658447266
0.0015444755554199219
0.001458883285522461
0.0015039443969726562
0.0015513896942138672
0.0014727115631103516
0.0014641284942626953
0.0014581680297851562
0.0014603137969970703
0.001531362533569336
0.0014448165893554688
0.0014584064483642578
0.0014977455139160156
0.0015323162078857422
0.0015676021575927734
0.001500844955444336
0.0014848709106445312
0.001554250717163086
0.0014786720275878906
0.0014846324920654297
0.0014641284942626953
0.0014574527740478516
0.0014643669128417969
0.0014734268188476562
0.0014677047729492188
0.0015559196472167969
0.0014491081237792969
0.0015664100646972656
0.001453399658203125
0.0014958381652832031
0.0014646053314208984
0.001470804214477539
0.0015463829040527344
0.0015578269958496094
0.0015690326690673828
0.0015406608581542969
0.0015299320220947266
0.0015444755554199219
0.001546621322631836
0.0015454292297363281
0.0015530586242675781
0.0015406608581542969
0.0015349388122558594
0.0015385150909423828
0.0014605522155761719
0.0014641284942626953
0.0014519691467285156
0.0014750957489013672
0.0014874935150146484
0.0016524791717529297
0.0016291141510009766
0.0015778541564941406
0.0016949176788330078
0.0016787052154541016
0.0016522407531738281
0.00150299072265625
0.001676797866821289
0.0016071796417236328
0.0015256404876708984
0.0017211437225341797
0.0015516281127929688
0.0016808509826660156
0.0015261173248291016
0.0016160011291503906
0.0015673637390136719
0.0015625953674316406
0.0015606880187988281
0.001453399658203125
0.0015118122100830078
0.0015106201171875
0.0014657974243164062
0.0015931129455566406
