0.01783013343811035
0.01728534698486328
0.01635599136352539
0.015996217727661133
0.016069650650024414
0.01593613624572754
0.015957355499267578
0.015926837921142578
0.015733003616333008
0.015665292739868164
0.01586747169494629
0.015980005264282227
0.015970945358276367
0.016523361206054688
0.016115427017211914
0.016398191452026367
0.016428470611572266
0.015915393829345703
0.01689910888671875
0.01758432388305664
0.017177343368530273
0.016890287399291992
0.016652584075927734
0.017005205154418945
0.016460895538330078
0.016280174255371094
0.016917943954467773
0.01663494110107422
0.01664423942565918
0.01615595817565918
0.015907764434814453
0.015944957733154297
0.016344308853149414
0.01699519157409668
0.01709723472595215
0.017198801040649414
0.017274856567382812
0.017140626907348633
0.01726055145263672
0.01718306541442871
0.017629623413085938
0.018009424209594727
0.017009973526000977
0.017313241958618164
0.016723155975341797
0.016883373260498047
0.01675558090209961
0.016410350799560547
0.01614665985107422
0.016498088836669922
0.01657581329345703
0.01629948616027832
0.016240835189819336
0.017303466796875
0.017700672149658203
0.01707744598388672
0.016484498977661133
0.01637721061706543
0.01714634895324707
0.016759157180786133
0.016720294952392578
0.016802072525024414
0.01759648323059082
0.016754627227783203
0.01703476905822754
0.018837928771972656
0.01903676986694336
0.019081830978393555
0.0204164981842041
0.019444942474365234
0.01882457733154297
0.019028186798095703
0.02138829231262207
0.016918182373046875
0.015997886657714844
0.015918254852294922
0.015465021133422852
0.015403032302856445
0.015523195266723633
0.015392065048217773
0.015796899795532227
0.015647172927856445
0.01561427116394043
0.015885591506958008
0.015691757202148438
0.015932321548461914
0.016059398651123047
0.015848636627197266
0.015830516815185547
0.015794038772583008
0.016141891479492188
0.015947580337524414
0.016080141067504883
0.016379833221435547
0.016514301300048828
0.01646733283996582
0.016591787338256836
0.016370773315429688
0.016914844512939453
0.016470909118652344
0.0166623592376709
0.01660442352294922
0.016786575317382812
0.017030000686645508
0.017009973526000977
0.016867876052856445
0.01641988754272461
0.01649618148803711
0.016534805297851562
0.016294240951538086
0.016273975372314453
0.016566991806030273
0.016779422760009766
0.016351938247680664
0.016103506088256836
0.015854358673095703
0.015664100646972656
0.01578354835510254
0.01571798324584961
0.01572418212890625
0.015574455261230469
0.015368461608886719
0.01517629623413086
0.015400409698486328
0.015398502349853516
0.015397787094116211
0.015069007873535156
0.015128135681152344
0.014946460723876953
0.015012502670288086
0.015595197677612305
0.01584768295288086
0.01573634147644043
0.01569366455078125
0.01571035385131836
0.01609969139099121
0.015851259231567383
0.015694141387939453
0.015628814697265625
0.015295982360839844
0.015751123428344727
0.015406370162963867
0.015588760375976562
0.015637874603271484
0.015497207641601562
0.015604734420776367
0.0152130126953125
0.015475273132324219
0.0156710147857666
0.016109943389892578
0.016006946563720703
0.01650834083557129
0.015926837921142578
0.015361309051513672
0.015691280364990234
0.016382217407226562
0.016495943069458008
0.01580953598022461
0.01584148406982422
0.015898704528808594
0.01570868492126465
0.015919208526611328
0.015800952911376953
0.016699552536010742
0.016952037811279297
0.01670050621032715
0.016163349151611328
0.016163349151611328
0.01581597328186035
0.016170740127563477
0.016651391983032227
0.016704320907592773
0.016901493072509766
0.01672959327697754
0.01629471778869629
0.01605844497680664
0.01665329933166504
0.016533374786376953
0.016468286514282227
0.016249895095825195
0.016604185104370117
0.016254663467407227
0.016288042068481445
0.016207456588745117
0.016480684280395508
0.016477108001708984
0.016706228256225586
0.016174793243408203
0.015858173370361328
0.015859603881835938
0.015614748001098633
0.01553034782409668
0.015710830688476562
0.015472888946533203
0.015925884246826172
0.015913009643554688
0.015807151794433594
0.01564335823059082
0.015900135040283203
0.015735387802124023
0.015588998794555664
0.015598058700561523
0.015761137008666992
0.015642404556274414
0.015639066696166992
0.015674352645874023
0.015468835830688477
0.015625953674316406
0.015717744827270508
0.015929460525512695
0.015590429306030273
0.015679597854614258
0.01552271842956543
0.01561284065246582
0.015649080276489258
0.015828609466552734
0.01566481590270996
0.015892744064331055
0.01575183868408203
0.015972137451171875
0.015871286392211914
0.015900611877441406
0.015807151794433594
0.015745878219604492
0.015647411346435547
0.015659809112548828
0.015893220901489258
0.015912532806396484
0.01567530632019043
0.01553034782409668
0.01575160026550293
0.015630722045898438
0.01574230194091797
0.015848398208618164
0.01582503318786621
0.016111135482788086
0.0162045955657959
0.016262292861938477
0.01625847816467285
0.01618027687072754
0.016334056854248047
0.01617431640625
0.016161203384399414
0.016620159149169922
0.017235279083251953
0.017987489700317383
0.017273902893066406
0.01671457290649414
0.01657724380493164
0.016561031341552734
0.016917943954467773
0.016814231872558594
0.017075061798095703
0.017255544662475586
0.017062902450561523
0.016957998275756836
0.017074108123779297
0.016987323760986328
0.01727461814880371
0.018918752670288086
0.018066883087158203
0.017690420150756836
0.01644110679626465
0.016160011291503906
0.015913724899291992
0.015623092651367188
0.01572108268737793
0.015777111053466797
0.015818119049072266
0.01579570770263672
0.015891075134277344
0.015472412109375
0.016058921813964844
0.01568460464477539
0.0156097412109375
0.015626192092895508
0.015390396118164062
0.015273571014404297
0.015459299087524414
0.015835046768188477
0.015750646591186523
0.01591968536376953
0.015935897827148438
0.015783071517944336
0.01572275161743164
0.01584935188293457
0.015797853469848633
0.015827417373657227
0.015610456466674805
0.01645970344543457
0.016012907028198242
0.016134977340698242
0.01596212387084961
0.01596975326538086
0.016010761260986328
0.015915393829345703
0.015977859497070312
0.01610732078552246
0.01602792739868164
0.01571941375732422
0.015704870223999023
0.015682220458984375
0.01567244529724121
0.015698671340942383
0.015804767608642578
0.01591658592224121
0.01597762107849121
0.015923261642456055
0.01581859588623047
0.016048431396484375
0.016024351119995117
0.01611614227294922
0.01608753204345703
0.0157015323638916
0.015732765197753906
0.015825271606445312
0.015891551971435547
0.015696287155151367
0.016132354736328125
0.016869783401489258
0.01688838005065918
0.016640663146972656
0.017014026641845703
0.016844511032104492
0.01686382293701172
0.016771316528320312
0.017132043838500977
0.016768932342529297
0.016692399978637695
0.016500234603881836
0.016597509384155273
0.01694345474243164
0.01700568199157715
0.01601696014404297
0.01579427719116211
0.01572585105895996
0.015542984008789062
0.015656471252441406
0.01523733139038086
0.015403270721435547
0.016124725341796875
0.0160672664642334
0.01613616943359375
0.016057252883911133
0.01602458953857422
0.01606607437133789
0.016367435455322266
0.015996217727661133
0.016137123107910156
0.01588273048400879
0.01593756675720215
0.015604496002197266
0.015816211700439453
0.01569056510925293
0.015445470809936523
0.015454530715942383
0.015270471572875977
0.015505075454711914
0.01550436019897461
0.01600790023803711
0.01555323600769043
0.01556539535522461
0.015633344650268555
0.01562047004699707
0.015689849853515625
0.016431093215942383
0.016062259674072266
0.015845060348510742
0.015969276428222656
0.016550540924072266
0.016185760498046875
0.01566338539123535
0.015404462814331055
0.015727996826171875
0.015510797500610352
0.015681028366088867
0.015430212020874023
0.015545368194580078
0.015944957733154297
0.015178918838500977
0.015456914901733398
0.015471935272216797
0.01542210578918457
0.01682114601135254
0.01712179183959961
0.0168149471282959
0.01621866226196289
0.015846729278564453
0.015871286392211914
0.016023874282836914
0.017048120498657227
0.01684093475341797
0.017461061477661133
0.018021345138549805
0.017421483993530273
0.017075777053833008
0.017652511596679688
0.01737236976623535
0.016979455947875977
0.016917705535888672
0.016907930374145508
0.01612710952758789
0.01636195182800293
0.016142606735229492
0.016217947006225586
0.017040729522705078
0.017310619354248047
0.016298294067382812
0.0159609317779541
0.016758441925048828
0.01616525650024414
0.015608549118041992
0.015882492065429688
0.01572108268737793
0.01596379280090332
0.016716957092285156
0.016060352325439453
0.015914201736450195
0.01577138900756836
0.0157167911529541
0.01563119888305664
0.015903711318969727
0.01591038703918457
0.015791654586791992
0.015573740005493164
0.015757083892822266
0.015788793563842773
0.015963077545166016
0.01596355438232422
0.01593637466430664
0.015980958938598633
0.016232728958129883
0.01606297492980957
0.016377925872802734
0.015845775604248047
0.01583123207092285
0.01572418212890625
0.01565837860107422
0.01570916175842285
0.015862703323364258
0.015631437301635742
0.015607118606567383
0.015701770782470703
0.01584649085998535
0.01578354835510254
0.015850067138671875
0.015608072280883789
0.015532255172729492
0.015573263168334961
0.015996217727661133
0.0158236026763916
0.015568017959594727
0.01572132110595703
0.015497684478759766
0.015681743621826172
0.01574230194091797
0.0158541202545166
0.015720605850219727
0.015722274780273438
0.015615224838256836
0.01524043083190918
0.01567816734313965
0.015463829040527344
0.015832185745239258
0.01603865623474121
0.0162661075592041
0.016407251358032227
0.0165097713470459
0.01604771614074707
0.016037702560424805
0.016178369522094727
0.016611099243164062
0.016416072845458984
0.01635122299194336
0.016234874725341797
0.015703678131103516
0.01575493812561035
0.01583099365234375
0.01598978042602539
0.016533851623535156
0.01674675941467285
0.01623249053955078
0.016210556030273438
0.01621723175048828
0.01549220085144043
0.015350103378295898
0.01581287384033203
0.01606607437133789
0.015808820724487305
0.01694631576538086
0.016387462615966797
0.016811132431030273
0.01613473892211914
0.01591777801513672
0.015825271606445312
0.015784740447998047
0.0157928466796875
0.015814542770385742
0.015686511993408203
0.015570402145385742
0.015715599060058594
0.015710115432739258
0.01584601402282715
0.01573920249938965
0.01580333709716797
0.015769481658935547
0.015983104705810547
0.016469955444335938
0.016019344329833984
0.016016483306884766
0.015821218490600586
0.01588726043701172
0.01587986946105957
0.015839099884033203
0.0159912109375
0.01587843894958496
0.015720844268798828
0.015936613082885742
0.01571488380432129
0.015392541885375977
0.01565074920654297
0.015654563903808594
0.015771150588989258
0.01564621925354004
0.015492677688598633
0.015521049499511719
0.015468597412109375
0.01609349250793457
0.015799522399902344
0.015811681747436523
0.016587018966674805
0.017268896102905273
0.017416715621948242
0.016782045364379883
0.016078710556030273
0.016006946563720703
0.01602649688720703
0.016929149627685547
0.017633438110351562
0.016991853713989258
0.016783714294433594
0.017481327056884766
0.01682281494140625
0.016886234283447266
0.01701951026916504
0.016888856887817383
0.0165555477142334
0.016794443130493164
0.015906572341918945
0.015500545501708984
0.015558481216430664
0.016484498977661133
0.016453981399536133
0.01662302017211914
0.01634979248046875
0.015810728073120117
0.015738725662231445
0.015778303146362305
0.01551675796508789
0.015530109405517578
0.015492916107177734
0.015492916107177734
0.015561580657958984
0.015570402145385742
0.015512943267822266
0.015582561492919922
0.01572442054748535
0.015839576721191406
0.015594482421875
0.01544642448425293
0.015633583068847656
0.01615166664123535
0.015669584274291992
0.015336275100708008
0.015555858612060547
0.015554428100585938
0.015684127807617188
0.015596866607666016
0.015482187271118164
0.015503883361816406
0.015927553176879883
0.015473127365112305
0.015610694885253906
0.015448331832885742
0.01558232307434082
0.015572786331176758
0.015426397323608398
0.015580177307128906
0.015382766723632812
0.015608549118041992
0.015624523162841797
0.015343666076660156
0.015761613845825195
0.015741586685180664
0.0158236026763916
0.015763521194458008
0.015610456466674805
0.015594720840454102
0.015040159225463867
0.015076398849487305
0.015441656112670898
0.015183687210083008
0.015421867370605469
0.015476465225219727
0.015622854232788086
0.015935182571411133
0.01655125617980957
0.015925168991088867
0.01611804962158203
0.01657271385192871
0.016370773315429688
0.01628851890563965
0.01663804054260254
0.01668405532836914
0.01711559295654297
0.01700615882873535
0.0165097713470459
0.01641702651977539
0.01699042320251465
0.016332149505615234
0.01671600341796875
0.01667642593383789
0.017107725143432617
0.016141176223754883
0.016041994094848633
0.016346454620361328
0.016284704208374023
0.016414642333984375
0.016718626022338867
0.016634464263916016
0.01654219627380371
0.0170290470123291
0.015926122665405273
0.015162229537963867
0.015419721603393555
0.015535116195678711
0.015484809875488281
0.015918970108032227
0.015869617462158203
0.016075611114501953
0.015927791595458984
0.015455007553100586
0.015730857849121094
0.015400171279907227
0.015396356582641602
0.015436887741088867
0.01541280746459961
0.015442609786987305
0.014957427978515625
0.015133380889892578
0.014925718307495117
0.015538930892944336
0.015526056289672852
0.015382051467895508
0.015179157257080078
0.015723228454589844
0.015249013900756836
0.015207529067993164
0.015081644058227539
0.015387535095214844
0.01548147201538086
0.015309572219848633
0.015241861343383789
0.0159151554107666
0.01561737060546875
0.01553797721862793
0.015535354614257812
0.015305042266845703
0.015440702438354492
0.015599489212036133
0.01571798324584961
0.015856266021728516
0.01575446128845215
0.01594710350036621
0.017405986785888672
0.015031099319458008
0.015181779861450195
0.01595020294189453
0.015794754028320312
0.015818357467651367
0.0162811279296875
0.01641678810119629
0.016170501708984375
0.01618647575378418
0.015747547149658203
0.015755176544189453
0.015756607055664062
0.015802860260009766
0.015894412994384766
0.016010761260986328
0.016039371490478516
0.016649961471557617
0.01594376564025879
0.016504526138305664
0.01656818389892578
0.016791820526123047
0.016463041305541992
0.0162961483001709
0.015870332717895508
0.015661239624023438
0.015501976013183594
0.015842676162719727
0.016253948211669922
0.016550064086914062
0.016046524047851562
0.01562786102294922
0.015269279479980469
0.01546621322631836
0.01571798324584961
0.015642404556274414
0.015533208847045898
0.015381336212158203
0.01549220085144043
0.01549386978149414
0.01573014259338379
0.01563882827758789
0.015511274337768555
0.015615701675415039
0.015643835067749023
0.015521049499511719
0.015502214431762695
0.015642881393432617
0.015713930130004883
0.015627145767211914
0.015386343002319336
0.015421628952026367
0.01539754867553711
0.015504837036132812
0.015507936477661133
0.01546168327331543
0.01584601402282715
0.016331195831298828
0.016142845153808594
0.01579117774963379
0.01593160629272461
0.015933513641357422
0.016605854034423828
0.01646709442138672
0.01621723175048828
0.01668095588684082
0.016466617584228516
0.01697087287902832
0.016193866729736328
0.016138315200805664
0.01611185073852539
0.016010761260986328
0.016046762466430664
0.015893936157226562
0.01569056510925293
0.015842676162719727
0.015616893768310547
0.01579117774963379
0.016013622283935547
0.015852689743041992
0.016150236129760742
0.016661882400512695
0.016482114791870117
0.016225576400756836
0.016362905502319336
0.01629042625427246
0.01594996452331543
0.016405105590820312
0.016247034072875977
0.016759157180786133
0.016916990280151367
0.015900135040283203
0.015611886978149414
0.016883373260498047
0.01669621467590332
0.016603708267211914
0.01681971549987793
0.01648879051208496
0.01641082763671875
0.015945911407470703
0.016584396362304688
0.016669273376464844
0.0166170597076416
0.016455888748168945
0.016383647918701172
0.016552448272705078
0.01687145233154297
0.0163419246673584
0.015816211700439453
0.015575647354125977
0.015569448471069336
0.015057563781738281
0.015136480331420898
0.014968395233154297
0.01571798324584961
0.01580357551574707
0.01564621925354004
0.01575160026550293
0.015690326690673828
0.015419721603393555
0.015134096145629883
0.015810489654541016
0.015625
0.014971256256103516
0.015072822570800781
0.015519857406616211
0.01571512222290039
0.015927553176879883
0.015622615814208984
0.015917062759399414
0.015882492065429688
0.015837669372558594
0.015810012817382812
0.015574216842651367
0.01580643653869629
0.015731096267700195
0.01561880111694336
0.015633583068847656
0.01545095443725586
0.015480518341064453
0.01569962501525879
0.015507936477661133
0.015694379806518555
0.015482664108276367
0.015718698501586914
0.015514850616455078
0.015700101852416992
0.015740156173706055
0.01562786102294922
0.01578998565673828
0.015607118606567383
0.015561342239379883
0.015522241592407227
0.015918970108032227
0.017130613327026367
0.016600370407104492
0.01610112190246582
0.015930652618408203
0.015785694122314453
0.01578068733215332
0.015891551971435547
0.0159909725189209
0.015706777572631836
0.016201496124267578
0.016156911849975586
0.016131877899169922
0.016053199768066406
0.0163118839263916
0.01627945899963379
0.016315460205078125
0.016431570053100586
0.016568899154663086
0.016351938247680664
0.016411781311035156
0.016232728958129883
0.016659259796142578
0.016321182250976562
0.016431570053100586
0.015603303909301758
0.015562295913696289
0.01534724235534668
0.015560626983642578
0.01531076431274414
0.015278816223144531
0.015294790267944336
0.015102863311767578
0.014994144439697266
0.015146255493164062
0.015118122100830078
0.015104055404663086
0.015259265899658203
0.014935493469238281
0.01539754867553711
0.01518869400024414
0.015178442001342773
0.015177011489868164
0.015210866928100586
0.015306711196899414
0.015360593795776367
0.01530003547668457
0.014887809753417969
0.015266180038452148
0.015026330947875977
0.015136241912841797
0.015390157699584961
0.015645980834960938
0.015339136123657227
0.01532602310180664
0.01582789421081543
0.015583992004394531
0.015354394912719727
0.015735626220703125
0.015499353408813477
0.015027761459350586
0.015000104904174805
0.014872312545776367
0.015146255493164062
0.015269756317138672
0.015547037124633789
0.015407323837280273
0.01575922966003418
0.015046358108520508
0.01486825942993164
0.01556849479675293
0.015438318252563477
0.015628814697265625
0.015304803848266602
0.015365362167358398
0.015465736389160156
0.01567864418029785
0.016045570373535156
0.01597905158996582
0.01607990264892578
0.016065120697021484
0.015864133834838867
0.015649080276489258
0.016376256942749023
0.016246557235717773
0.01608872413635254
0.01624894142150879
0.016106605529785156
0.016294479370117188
0.01673412322998047
0.016737699508666992
0.01705622673034668
0.016659021377563477
0.016318559646606445
0.015523195266723633
0.015479803085327148
0.015848636627197266
0.016007184982299805
0.015863418579101562
0.016134023666381836
0.015587091445922852
0.015853404998779297
0.015575408935546875
0.015625
0.015183687210083008
0.015413761138916016
0.015197277069091797
0.01585674285888672
0.016117334365844727
0.01545572280883789
0.015898704528808594
0.015187978744506836
0.015050649642944336
0.015026092529296875
0.015367984771728516
0.015454530715942383
0.015529870986938477
0.01568150520324707
0.015522241592407227
0.015071630477905273
0.015192270278930664
0.015417814254760742
0.015638351440429688
0.015102624893188477
0.015186309814453125
0.015148162841796875
0.015548229217529297
0.015432357788085938
0.015491724014282227
0.015216827392578125
0.015224218368530273
0.01505732536315918
0.014789819717407227
0.015552759170532227
0.015440940856933594
0.015398740768432617
0.015271902084350586
0.015034675598144531
0.015294313430786133
0.015574932098388672
0.015953540802001953
0.015792131423950195
0.015657901763916016
0.015634775161743164
0.015449762344360352
0.01498556137084961
0.015822172164916992
0.01567244529724121
0.01552128791809082
0.01534724235534668
0.014954328536987305
0.014976263046264648
0.015735387802124023
0.015804529190063477
0.015980005264282227
0.015848398208618164
0.015921592712402344
0.01619553565979004
0.015993118286132812
0.017375469207763672
0.017204999923706055
0.0172879695892334
0.01682448387145996
0.01640462875366211
0.016753196716308594
0.017464399337768555
0.01718902587890625
0.01656937599182129
0.01694464683532715
0.016184568405151367
0.01587843894958496
0.01606917381286621
0.01587080955505371
