17.355449232341076
17.355449232341076
17.355449232341076
17.355449232341076
17.355449232341076
17.355449232341076
17.355449232341076
17.355449232341076
15.917106730840683
15.917106730840683
15.917106730840683
15.917106730840683
15.865225426256064
15.865225426256064
15.527935565048942
15.527935565048942
15.310343357047618
15.310343357047618
15.310343357047618
15.310343357047618
15.310343357047618
15.310343357047618
15.164162339115094
15.164162339115094
15.164162339115094
15.164162339115094
15.164162339115094
15.164162339115094
15.164162339115094
15.164162339115094
15.164162339115094
15.164162339115094
15.164162339115094
15.164162339115094
14.76361493706977
14.76361493706977
14.76361493706977
14.76361493706977
14.76361493706977
14.76361493706977
14.76361493706977
14.76361493706977
14.726850094598639
14.726850094598639
14.402117361982143
14.402117361982143
14.402117361982143
14.402117361982143
14.402117361982143
13.523324119259316
13.523324119259316
13.523324119259316
13.523324119259316
13.523324119259316
13.523324119259316
13.523324119259316
13.416292096323069
13.19268954518369
13.19268954518369
13.19268954518369
13.19268954518369
13.19268954518369
13.19268954518369
13.19268954518369
13.19268954518369
12.951684501645396
12.951684501645396
12.951684501645396
12.927234121362725
12.927234121362725
12.74897873303051
12.74897873303051
12.572451424948454
12.572451424948454
12.572451424948454
11.86178570336552
11.86178570336552
11.86178570336552
11.86178570336552
11.86178570336552
11.86178570336552
11.86178570336552
11.86178570336552
11.86178570336552
11.86178570336552
11.86178570336552
11.86178570336552
11.86178570336552
11.86178570336552
11.86178570336552
11.86178570336552
11.86178570336552
11.86178570336552
11.86178570336552
11.86178570336552
11.86178570336552
10.824207825469529
10.824207825469529
10.824207825469529
10.824207825469529
10.824207825469529
10.824207825469529
10.776947683218056
10.776947683218056
10.52862292773559
10.52862292773559
10.52862292773559
10.52862292773559
10.52862292773559
10.52862292773559
10.260261306084901
10.031599408254614
10.031599408254614
10.031599408254614
10.031599408254614
10.031599408254614
10.031599408254614
10.031599408254614
10.031599408254614
10.031599408254614
9.947681815184138
9.947681815184138
9.947681815184138
9.947681815184138
9.947681815184138
9.947681815184138
9.812236982811816
9.812236982811816
9.45628043258663
9.45628043258663
9.45628043258663
9.45628043258663
9.45628043258663
9.45628043258663
9.45628043258663
9.349264462397507
9.349264462397507
9.349264462397507
9.349264462397507
9.349264462397507
9.349264462397507
9.349264462397507
9.349264462397507
9.349264462397507
9.349264462397507
9.349264462397507
9.349264462397507
9.349264462397507
9.349264462397507
9.349264462397507
9.349264462397507
8.916773714053571
8.916773714053571
8.916773714053571
8.916773714053571
8.916773714053571
8.916773714053571
8.916773714053571
8.916773714053571
8.916773714053571
8.916773714053571
8.916773714053571
8.718182196085124
8.718182196085124
8.718182196085124
8.718182196085124
8.718182196085124
8.718182196085124
8.718182196085124
8.674416442100014
7.700188216775697
7.700188216775697
7.700188216775697
7.700188216775697
7.700188216775697
7.700188216775697
7.700188216775697
7.700188216775697
7.700188216775697
7.700188216775697
7.700188216775697
7.700188216775697
7.700188216775697
7.700188216775697
7.700188216775697
7.67669984187215
7.67669984187215
7.508162043268705
7.508162043268705
7.508162043268705
7.231819717899448
7.231819717899448
7.231819717899448
7.231819717899448
7.231819717899448
7.231819717899448
7.231819717899448
7.0133715461698465
7.0133715461698465
7.0133715461698465
6.45799195543421
6.45799195543421
6.45799195543421
6.45799195543421
6.45799195543421
6.45799195543421
6.45799195543421
6.45799195543421
6.162260533269945
6.162260533269945
5.890643820200673
5.890643820200673
5.890643820200673
5.890643820200673
5.890643820200673
5.890643820200673
5.890643820200673
5.890643820200673
5.809466010418243
5.809466010418243
5.809466010418243
5.66835951116976
5.154455565207609
5.154455565207609
5.154455565207609
5.154455565207609
5.154455565207609
5.154455565207609
5.154455565207609
5.154455565207609
5.154455565207609
5.154455565207609
5.154455565207609
5.154455565207609
5.154455565207609
5.154455565207609
5.154455565207609
5.14196617517565
5.14196617517565
5.05620915664694
5.05620915664694
5.05620915664694
5.05620915664694
4.630442602519494
4.630442602519494
4.630442602519494
4.630442602519494
4.630442602519494
4.630442602519494
4.630442602519494
4.630442602519494
4.630442602519494
4.630442602519494
4.630442602519494
4.630442602519494
4.630442602519494
4.630442602519494
4.630442602519494
4.630442602519494
4.630442602519494
4.630442602519494
4.630442602519494
4.630442602519494
4.630442602519494
4.630442602519494
4.630442602519494
4.630442602519494
4.630442602519494
4.630442602519494
4.630442602519494
4.630442602519494
4.630442602519494
4.630442602519494
4.630442602519494
4.630442602519494
4.630442602519494
4.33741905163037
4.33741905163037
4.33741905163037
4.33741905163037
4.33741905163037
4.33741905163037
4.322047899562392
4.30469051143125
4.30469051143125
4.30469051143125
4.30469051143125
4.30469051143125
4.30469051143125
4.30469051143125
4.30469051143125
4.30469051143125
4.30469051143125
4.30469051143125
4.222110568846109
4.222110568846109
4.222110568846109
3.9909292135394168
3.9909292135394168
3.9909292135394168
3.9909292135394168
3.9909292135394168
3.9909292135394168
3.9909292135394168
3.9909292135394168
3.9909292135394168
3.9909292135394168
3.949620939047218
3.949620939047218
3.949620939047218
3.949620939047218
3.949620939047218
3.949620939047218
3.949620939047218
3.949620939047218
3.949620939047218
3.949620939047218
3.949620939047218
3.949620939047218
3.949620939047218
3.949620939047218
3.942018148731254
3.9362850607446944
3.9362850607446944
3.926365573163004
3.926365573163004
3.926365573163004
3.926365573163004
3.917766972020246
3.8491790632053977
3.8491790632053977
3.8491790632053977
3.7270568695885764
3.7270568695885764
3.7270568695885764
3.6488869891492257
3.6488869891492257
3.6488869891492257
3.6488869891492257
3.377890738526869
3.377890738526869
3.377890738526869
3.377890738526869
3.377890738526869
3.377890738526869
3.333329248546651
3.333329248546651
3.333329248546651
3.333329248546651
3.1575173747225875
3.1575173747225875
3.1575173747225875
3.1575173747225875
3.1575173747225875
3.1575173747225875
3.1575173747225875
3.1575173747225875
3.1575173747225875
3.1575173747225875
3.1575173747225875
3.1575173747225875
3.1575173747225875
3.1575173747225875
3.1575173747225875
3.1575173747225875
3.1575173747225875
3.1575173747225875
3.1575173747225875
3.1575173747225875
3.1575173747225875
3.1575173747225875
3.1575173747225875
3.1575173747225875
3.1575173747225875
3.1575173747225875
3.1575173747225875
3.1575173747225875
3.1575173747225875
3.1575173747225875
3.1575173747225875
3.1575173747225875
3.1575173747225875
3.1575173747225875
3.1575173747225875
3.0748044737682036
3.0748044737682036
3.0748044737682036
3.0748044737682036
3.0748044737682036
3.0748044737682036
3.0748044737682036
3.0205845752197433
3.0150767829391185
2.9464767317767873
2.9464767317767873
2.8523533023158656
2.8523533023158656
2.8523533023158656
2.8523533023158656
2.8523533023158656
2.8523533023158656
2.8523533023158656
2.8523533023158656
2.8523533023158656
2.8523533023158656
2.8523533023158656
2.8523533023158656
2.8523533023158656
2.8523533023158656
2.8523533023158656
2.8523533023158656
2.8523533023158656
2.7795841988881023
2.7795841988881023
2.7795841988881023
2.7795841988881023
2.7795841988881023
2.7795841988881023
2.7795841988881023
2.7795841988881023
2.7795841988881023
2.7795841988881023
2.7795841988881023
2.7795841988881023
2.7795841988881023
2.7795841988881023
2.7795841988881023
2.7795841988881023
2.7795841988881023
2.688920651374442
2.688920651374442
2.688920651374442
2.688920651374442
2.688920651374442
2.688920651374442
2.688920651374442
2.688920651374442
2.688920651374442
2.6625675990205586
2.6625675990205586
2.6625675990205586
2.6625675990205586
2.6625675990205586
2.6625675990205586
2.6625675990205586
2.4878711929362183
2.4878711929362183
2.4878711929362183
2.4878711929362183
2.4878711929362183
2.4878711929362183
2.4878711929362183
2.4878711929362183
2.4878711929362183
2.4878711929362183
2.4878711929362183
2.453221768702374
2.453221768702374
2.453221768702374
2.453221768702374
2.4123320226355993
2.3561476172575198
2.3561476172575198
2.3561476172575198
2.3488026870996457
2.3488026870996457
2.3488026870996457
2.2210788063574682
2.2210788063574682
2.2210788063574682
2.2210788063574682
2.0397879170826023
2.0397879170826023
2.0397879170826023
2.0397879170826023
2.0397879170826023
2.0397879170826023
2.0397879170826023
2.0397879170826023
2.0397879170826023
2.0397879170826023
2.0397879170826023
2.0397879170826023
2.0397879170826023
2.0397879170826023
2.0397879170826023
2.0397879170826023
2.0397879170826023
2.0397879170826023
2.0397879170826023
2.0397879170826023
2.0397879170826023
2.0397879170826023
2.034492573856305
2.034492573856305
2.034492573856305
2.0015134746757433
1.8899742627202798
1.8899742627202798
1.8899742627202798
1.8899742627202798
1.630380547602087
1.630380547602087
1.630380547602087
1.630380547602087
1.630380547602087
1.630380547602087
1.630380547602087
1.630380547602087
1.630380547602087
1.630380547602087
1.630380547602087
1.630380547602087
1.630380547602087
1.630380547602087
1.630380547602087
1.630380547602087
1.630380547602087
1.630380547602087
1.630380547602087
1.630380547602087
1.630380547602087
1.630380547602087
1.630380547602087
1.630380547602087
1.630380547602087
1.630380547602087
1.630380547602087
1.630380547602087
1.630380547602087
1.6111168697558433
1.6111168697558433
1.6111168697558433
1.6111168697558433
1.34744674148115
1.34744674148115
1.34744674148115
1.34744674148115
1.34744674148115
1.34744674148115
1.34744674148115
1.34744674148115
1.34744674148115
1.34744674148115
1.1061055354142617
1.1061055354142617
1.1061055354142617
1.1061055354142617
1.1061055354142617
1.1061055354142617
1.1061055354142617
1.1061055354142617
1.1061055354142617
1.1061055354142617
1.1061055354142617
1.1061055354142617
1.1061055354142617
1.1061055354142617
1.1061055354142617
1.1061055354142617
1.1061055354142617
1.1061055354142617
1.1061055354142617
1.1061055354142617
1.1061055354142617
1.1061055354142617
1.0276327307273156
1.0276327307273156
0.993001626427386
0.993001626427386
0.993001626427386
0.993001626427386
0.993001626427386
0.9681836356690603
0.9681836356690603
0.9681836356690603
0.9411303524932286
0.9411303524932286
0.9411303524932286
0.8791284093233998
0.8791284093233998
0.8622813081098428
0.8622813081098428
0.8622813081098428
0.8622813081098428
0.8546489958604475
0.8055763065442001
0.8055763065442001
0.792920844737921
0.792920844737921
0.792920844737921
0.792920844737921
0.792920844737921
0.792920844737921
0.792920844737921
0.5642043947102238
0.5499766103333812
0.5499766103333812
0.5499766103333812
0.5499766103333812
0.5499766103333812
0.5499766103333812
0.5499766103333812
0.5499766103333812
0.5499766103333812
0.5499766103333812
0.5499766103333812
0.5277707423973794
0.5277707423973794
0.5277707423973794
0.5277707423973794
0.5277707423973794
0.5277707423973794
0.5277707423973794
0.5041252804896068
0.5041252804896068
0.5041252804896068
0.5041252804896068
0.4124869947224852
0.4124869947224852
0.4124869947224852
0.4124869947224852
0.4124869947224852
0.4124869947224852
0.4124869947224852
0.4124869947224852
0.4124869947224852
0.4124869947224852
0.4124869947224852
0.4124869947224852
0.4124869947224852
0.4124869947224852
0.40367881414961104
0.40367881414961104
0.40367881414961104
0.3954772096344108
0.36632397501893266
0.36632397501893266
0.36632397501893266
0.36632397501893266
0.36632397501893266
0.36632397501893266
0.36632397501893266
0.36632397501893266
0.3351220134646695
0.3351220134646695
0.289522597780536
0.289522597780536
0.289522597780536
0.289522597780536
0.289522597780536
0.289522597780536
0.289522597780536
0.289522597780536
0.289522597780536
0.289522597780536
0.289522597780536
0.289522597780536
0.289522597780536
0.289522597780536
0.2828393950782022
0.2828393950782022
0.2828393950782022
0.2828393950782022
0.2828393950782022
0.2828393950782022
0.2828393950782022
0.2828393950782022
0.2828393950782022
0.2828393950782022
0.2828393950782022
0.2828393950782022
0.2828393950782022
0.2828393950782022
0.2828393950782022
0.2828393950782022
0.2756217396783427
0.2756217396783427
0.2756217396783427
0.257783179629552
0.2568992869646216
0.2568992869646216
0.25034858089119183
0.25034858089119183
0.25034858089119183
0.25034858089119183
0.236475145405862
0.236475145405862
0.236475145405862
0.236475145405862
0.236475145405862
0.236475145405862
0.236475145405862
0.236475145405862
0.22719785883852595
0.22719785883852595
0.22719785883852595
0.22719785883852595
0.22719785883852595
0.22719785883852595
0.22719785883852595
0.22719785883852595
0.2185672216178105
0.2185672216178105
0.2185672216178105
0.2185672216178105
0.21467124045992492
0.20585541231800875
0.20585541231800875
0.20585541231800875
0.18443344002829676
0.18443344002829676
0.18443344002829676
0.18443344002829676
0.18443344002829676
0.18443344002829676
0.18054073616834287
0.16446812653707
0.16446812653707
0.16446812653707
0.16446812653707
0.16446812653707
0.16069000639639697
0.16069000639639697
0.16069000639639697
0.16069000639639697
0.1606849312508274
0.15631947827548842
0.15631947827548842
0.15631947827548842
0.15132969706960253
0.15132969706960253
0.15132969706960253
0.14366786517778962
0.14366786517778962
0.14366786517778962
0.14366786517778962
0.14366786517778962
0.14366786517778962
0.14366786517778962
0.14366786517778962
0.14357740614794778
0.1339039516255056
0.12936835461205476
0.12936835461205476
0.12936835461205476
0.12936835461205476
0.12936835461205476
0.12936835461205476
0.12214965100369213
0.12214965100369213
0.12214965100369213
0.12214965100369213
0.12214965100369213
0.12214965100369213
0.11712728479222179
0.11712728479222179
0.11712728479222179
0.11712728479222179
0.11712728479222179
0.11712728479222179
0.11712728479222179
0.11549306887143018
0.11549306887143018
0.11549306887143018
0.11213992051441579
0.11213992051441579
0.11213992051441579
0.11213992051441579
0.11213992051441579
0.11213992051441579
0.10538415540073842
0.10456671562106123
0.10456671562106123
0.10456671562106123
0.10165003405199258
0.10165003405199258
0.10165003405199258
0.09703367588540246
0.09703367588540246
0.09703367588540246
0.09010615477233941
0.09010615477233941
0.09010615477233941
0.09010615477233941
0.09010615477233941
0.09010615477233941
0.08571422351883484
0.08571422351883484
0.08571422351883484
0.08571422351883484
0.08571422351883484
0.08571422351883484
0.08571422351883484
0.08571422351883484
0.0855516041041895
0.08015780753925483
0.08015780753925483
0.08015780753925483
0.08015780753925483
0.08015780753925483
0.07542983268810133
0.07542983268810133
0.07542983268810133
0.07542983268810133
0.07542983268810133
0.07270135279042833
0.07270135279042833
0.07270135279042833
0.07270135279042833
0.07270135279042833
0.07270135279042833
0.07270135279042833
0.07270135279042833
0.06961633089382957
0.06631255441795503
0.06631255441795503
0.061628845437759594
0.061628845437759594
0.061628845437759594
0.061628845437759594
0.061628845437759594
0.061628845437759594
0.061628845437759594
0.053641410198743245
0.053641410198743245
0.053641410198743245
0.053641410198743245
0.053641410198743245
0.053641410198743245
0.053641410198743245
0.053641410198743245
0.053641410198743245
0.051995502335852706
0.051995502335852706
0.051995502335852706
0.051995502335852706
0.051995502335852706
0.051995502335852706
0.051995502335852706
0.051995502335852706
0.051995502335852706
0.050141232098180666
0.04913815408399458
0.04913815408399458
0.04892860684253364
0.04892860684253364
0.046561780101079364
0.04641069418915933
0.04641069418915933
0.04641069418915933
0.04641069418915933
0.04641069418915933
0.04539048536637935
0.04539048536637935
0.04539048536637935
0.04534449932079099
0.04360495374890405
0.04360495374890405
0.04360495374890405
0.04360495374890405
0.04360495374890405
0.03516485057384244
0.03516485057384244
0.03516485057384244
0.03516485057384244
0.03516485057384244
0.03516485057384244
0.03422938897463368
0.03422938897463368
0.03422938897463368
0.03422938897463368
0.03274993292424355
0.03274993292424355
0.03274993292424355
0.03208084262166011
0.03208084262166011
0.03208084262166011
0.03182176705668027
0.02646982203985715
0.02646982203985715
0.02646982203985715
0.02646982203985715
0.02646982203985715
0.02646982203985715
0.01905362118475651
0.01905362118475651
0.01905362118475651
0.01905362118475651
0.01905362118475651
0.01905362118475651
0.01905362118475651
0.01905362118475651
0.01905362118475651
0.01905362118475651
0.01905362118475651
0.01905362118475651
0.01905362118475651
0.01905362118475651
0.01905362118475651
0.01905362118475651
0.01905362118475651
0.0168900776951304
0.0168900776951304
0.0168900776951304
0.0168900776951304
0.0168900776951304
0.0168900776951304
0.0168900776951304
0.0168900776951304
0.0168900776951304
0.0168900776951304
0.0168900776951304
0.0168900776951304
0.0168900776951304
0.016884721633065425
0.016884721633065425
0.01608705011335232
0.01608705011335232
0.01608705011335232
0.01608705011335232
0.01608705011335232
0.01608705011335232
0.01608705011335232
0.01608705011335232
0.01608705011335232
0.01608705011335232
0.015486469748914544
0.014881806460635971
0.014881806460635971
0.014881806460635971
0.014881806460635971
0.014881806460635971
0.014881806460635971
0.014881806460635971
0.014663599989678033
0.014663599989678033
0.014663599989678033
0.014663599989678033
0.014313680921635097
0.014313680921635097
0.014313680921635097
0.014313680921635097
0.014313680921635097
0.014065843706706715
0.014065843706706715
0.014065843706706715
0.013908333113125337
0.013908333113125337
0.013908333113125337
0.013908333113125337
0.012503087934959467
0.012503087934959467
0.012503087934959467
0.01180391477083731
0.01180391477083731
0.01180391477083731
0.01180391477083731
0.01180391477083731
0.01180391477083731
0.01180391477083731
0.011361503070595802
0.011361503070595802
0.011361503070595802
0.011361503070595802
0.011345420556452268
0.011345420556452268
0.01083420782133615
0.01083420782133615
0.01083420782133615
0.01083420782133615
0.01083420782133615
0.01083420782133615
0.01083420782133615
0.01083420782133615
0.01083420782133615
0.009851365660701106
0.009851365660701106
0.009851365660701106
0.009851365660701106
0.009851365660701106
0.009851365660701106
0.009851365660701106
0.009851365660701106
0.009851365660701106
0.009851365660701106
0.009731517888056374
0.009731517888056374
0.009731517888056374
0.009731517888056374
0.009731517888056374
0.009191475244790581
0.009191475244790581
0.009191475244790581
0.009191475244790581
0.009191475244790581
0.009155668630540958
0.007783089722448011
0.007783089722448011
0.007783089722448011
