5.497254848579377
5.497254848579377
5.497254848579377
5.424195832979194
5.257988386994281
5.257988386994281
5.257988386994281
5.257988386994281
5.257988386994281
5.257988386994281
5.036398817172639
5.036398817172639
5.036398817172639
5.036398817172639
4.885266335862662
4.885266335862662
4.885266335862662
4.830276870110218
4.412916941852648
4.412916941852648
4.412916941852648
4.412916941852648
4.412916941852648
4.412916941852648
3.9212740916145243
3.9212740916145243
3.9212740916145243
3.9212740916145243
3.9212740916145243
3.9212740916145243
3.2181449499461614
3.0665699955674945
3.0665699955674945
3.0665699955674945
3.0665699955674945
2.9473955933081264
2.9473955933081264
2.9473955933081264
2.9473955933081264
2.9473955933081264
1.9790198998728563
1.9790198998728563
1.9790198998728563
1.9790198998728563
1.9790198998728563
1.9790198998728563
1.9790198998728563
1.9790198998728563
1.9790198998728563
1.9790198998728563
1.9790198998728563
1.9790198998728563
1.9790198998728563
1.9790198998728563
1.9790198998728563
1.9790198998728563
1.9790198998728563
1.9790198998728563
1.9790198998728563
1.9790198998728563
1.9790198998728563
1.9790198998728563
1.9790198998728563
1.9790198998728563
1.9790198998728563
1.9790198998728563
1.9790198998728563
1.9790198998728563
1.9790198998728563
1.9790198998728563
1.9790198998728563
1.9790198998728563
1.9790198998728563
1.9790198998728563
1.9790198998728563
1.9790198998728563
1.9790198998728563
1.9790198998728563
1.9790198998728563
1.9790198998728563
1.9790198998728563
1.9790198998728563
1.9790198998728563
1.9790198998728563
1.9790198998728563
1.9790198998728563
1.9790198998728563
1.9790198998728563
1.9790198998728563
1.9790198998728563
1.9790198998728563
1.9790198998728563
1.9790198998728563
1.9790198998728563
1.9613142147377403
1.9613142147377403
1.9195217797762716
1.9195217797762716
1.9195217797762716
1.9195217797762716
1.9195217797762716
1.9195217797762716
1.9195217797762716
1.8820084960034507
1.8820084960034507
1.8820084960034507
1.8820084960034507
1.849938081075912
1.7511087474497593
1.7511087474497593
1.6805731905423045
1.5383651306081205
1.5383651306081205
1.5383651306081205
1.5383651306081205
1.5383651306081205
1.5383651306081205
1.5383651306081205
1.5383651306081205
1.5383651306081205
1.4703419317921735
1.4703419317921735
1.4703419317921735
1.4703419317921735
1.4703419317921735
1.4378522695619758
1.3929776196569605
1.2242126211785482
1.2242126211785482
1.2242126211785482
1.2242126211785482
1.2242126211785482
1.2242126211785482
1.2242126211785482
1.2242126211785482
1.2242126211785482
1.2242126211785482
1.166262827614723
1.166262827614723
1.166262827614723
1.166262827614723
1.097524779071371
1.097524779071371
1.097524779071371
1.097524779071371
1.097524779071371
1.097524779071371
1.0842687013343095
0.9846488797548858
0.9846488797548858
0.9846488797548858
0.9846488797548858
0.9710899244234987
0.9676201405028557
0.9502896803956169
0.9502896803956169
0.9502896803956169
0.9502896803956169
0.9502896803956169
0.9502896803956169
0.9502896803956169
0.9502896803956169
0.9502896803956169
0.9502896803956169
0.9502896803956169
0.9502896803956169
0.9502896803956169
0.9502896803956169
0.9502896803956169
0.9502896803956169
0.9462791937710229
0.8413083069331897
0.8413083069331897
0.8413083069331897
0.8413083069331897
0.8413083069331897
0.8413083069331897
0.8413083069331897
0.8413083069331897
0.8413083069331897
0.8413083069331897
0.8413083069331897
0.8413083069331897
0.8413083069331897
0.8413083069331897
0.8413083069331897
0.8413083069331897
0.8413083069331897
0.8413083069331897
0.8413083069331897
0.8413083069331897
0.8413083069331897
0.8413083069331897
0.8413083069331897
0.8413083069331897
0.8413083069331897
0.8413083069331897
0.8413083069331897
0.8413083069331897
0.764509901970893
0.7144636911280564
0.7144636911280564
0.7144636911280564
0.7144636911280564
0.7144636911280564
0.7144636911280564
0.7144636911280564
0.7144636911280564
0.7144636911280564
0.7144636911280564
0.7144636911280564
0.7144636911280564
0.7144636911280564
0.7018061692121336
0.6730326343200161
0.6730326343200161
0.6730326343200161
0.6711341699623894
0.6711341699623894
0.6654196483516372
0.6386964101504198
0.6386964101504198
0.6057792641216828
0.6057792641216828
0.6014305597275467
0.6014305597275467
0.6014305597275467
0.6014305597275467
0.56312428352064
0.56312428352064
0.56312428352064
0.5523543282876808
0.5523543282876808
0.5523543282876808
0.5414984432237944
0.5414984432237944
0.5414984432237944
0.5414984432237944
0.5414984432237944
0.5414984432237944
0.5414984432237944
0.5414984432237944
0.5346261862888149
0.5346261862888149
0.5346261862888149
0.4584402898065818
0.4584402898065818
0.4584402898065818
0.4584402898065818
0.4584402898065818
0.4584402898065818
0.4584402898065818
0.4584402898065818
0.4584402898065818
0.4584402898065818
0.4584402898065818
0.4584402898065818
0.4584402898065818
0.4584402898065818
0.4584402898065818
0.45011600338234103
0.45011600338234103
0.45011600338234103
0.45011600338234103
0.4095692006898588
0.4095692006898588
0.4095692006898588
0.4095692006898588
0.4095692006898588
0.4095692006898588
0.4095692006898588
0.4095692006898588
0.4095692006898588
0.4095692006898588
0.4095692006898588
0.4095692006898588
0.4095692006898588
0.4095692006898588
0.4095692006898588
0.4095692006898588
0.4095692006898588
0.4095692006898588
0.4095692006898588
0.4095692006898588
0.4095692006898588
0.4095692006898588
0.4030652231270402
0.389986964330415
0.389986964330415
0.389986964330415
0.389986964330415
0.389986964330415
0.389986964330415
0.389986964330415
0.389986964330415
0.389986964330415
0.3857297486805571
0.3857297486805571
0.3857297486805571
0.3857297486805571
0.3698473591407705
0.3698473591407705
0.3698473591407705
0.3698473591407705
0.3698473591407705
0.3698473591407705
0.3698473591407705
0.3493909580096215
0.3493909580096215
0.3493909580096215
0.3493909580096215
0.3493909580096215
0.3493909580096215
0.3493909580096215
0.3493909580096215
0.3493909580096215
0.3493909580096215
0.3493909580096215
0.3493909580096215
0.33945059379919584
0.33945059379919584
0.33945059379919584
0.33945059379919584
0.33945059379919584
0.33945059379919584
0.33945059379919584
0.33945059379919584
0.33945059379919584
0.3362828253868848
0.3362828253868848
0.33095637043821213
0.33095637043821213
0.33095637043821213
0.33095637043821213
0.33095637043821213
0.3261433246294452
0.3261433246294452
0.3261433246294452
0.3261433246294452
0.3261433246294452
0.31818558837986544
0.31818558837986544
0.30405535823458507
0.30405535823458507
0.30405535823458507
0.3013691674332861
0.28086000455642335
0.28086000455642335
0.27798920291615303
0.2764137112254552
0.25607869652638726
0.25607869652638726
0.25607869652638726
0.25607869652638726
0.25607869652638726
0.25607869652638726
0.25607869652638726
0.25607869652638726
0.25607869652638726
0.25607869652638726
0.25607869652638726
0.25607869652638726
0.25607869652638726
0.25607869652638726
0.2468643825817729
0.2468643825817729
0.2468643825817729
0.2468643825817729
0.2468643825817729
0.23500812903410306
0.2276497766051797
0.2276497766051797
0.22527418357958595
0.22527418357958595
0.21729903932082806
0.21729903932082806
0.21729903932082806
0.21112498007252256
0.21112498007252256
0.19396344010293376
0.19396344010293376
0.19396344010293376
0.19396344010293376
0.19396344010293376
0.19396344010293376
0.19396344010293376
0.19396344010293376
0.19396344010293376
0.19396344010293376
0.19396344010293376
0.19396344010293376
0.19396344010293376
0.19396344010293376
0.19205117476737144
0.19205117476737144
0.19205117476737144
0.19205117476737144
0.19205117476737144
0.19205117476737144
0.19205117476737144
0.19205117476737144
0.19205117476737144
0.19205117476737144
0.18634608843969858
0.18634608843969858
0.1845036084836167
0.1845036084836167
0.1845036084836167
0.1845036084836167
0.1845036084836167
0.176617844031135
0.176617844031135
0.176617844031135
0.16642603553381363
0.16642603553381363
0.14487160699780333
0.14487160699780333
0.14382581260496607
0.14382581260496607
0.14382581260496607
0.14382581260496607
0.12368552885128992
0.12368552885128992
0.12368552885128992
0.12368552885128992
0.12368552885128992
0.12368552885128992
0.12368552885128992
0.12368552885128992
0.12368552885128992
0.12368552885128992
0.12368552885128992
0.11876196825168606
0.11876196825168606
0.11876196825168606
0.11876196825168606
0.11876196825168606
0.11876196825168606
0.11876196825168606
0.11876196825168606
0.11876196825168606
0.11876196825168606
0.11876196825168606
0.11876196825168606
0.11876196825168606
0.11692251342582693
0.11692251342582693
0.11692251342582693
0.11692251342582693
0.11692251342582693
0.11692251342582693
0.11692251342582693
0.11692251342582693
0.11631795887000607
0.11631795887000607
0.11631795887000607
0.11631795887000607
0.11631795887000607
0.11631795887000607
0.11631795887000607
0.11631795887000607
0.11631795887000607
0.11631795887000607
0.11631795887000607
0.11377243724086838
0.11377243724086838
0.10357182960644096
0.10357182960644096
0.10357182960644096
0.05934730956260026
0.05934730956260026
0.05934730956260026
0.05934730956260026
0.05934730956260026
0.05934730956260026
0.05934730956260026
0.05934730956260026
0.05934730956260026
0.05934730956260026
0.05934730956260026
0.05934730956260026
0.05934730956260026
0.05934730956260026
0.05934730956260026
0.05934730956260026
0.05934730956260026
0.05934730956260026
0.05934730956260026
0.05934730956260026
0.05934730956260026
0.05934730956260026
0.05934730956260026
0.05934730956260026
0.05934730956260026
0.05934730956260026
0.05934730956260026
0.05934730956260026
0.05934730956260026
0.05934730956260026
0.05934730956260026
0.05934730956260026
0.05934730956260026
0.05934730956260026
0.05934730956260026
0.05934730956260026
0.05934730956260026
0.05934730956260026
0.05934730956260026
0.05934730956260026
0.05934730956260026
0.05934730956260026
0.05934730956260026
0.05934730956260026
0.05934730956260026
0.05934730956260026
0.05934730956260026
0.05934730956260026
0.05934730956260026
0.05934730956260026
0.05934730956260026
0.05934730956260026
0.05934730956260026
0.05934730956260026
0.05934730956260026
0.05934730956260026
0.05934730956260026
0.05934730956260026
0.05934730956260026
0.05934730956260026
0.05934730956260026
0.05934730956260026
0.05934730956260026
0.05934730956260026
0.05934730956260026
0.05934730956260026
0.05934730956260026
0.05934730956260026
0.05934730956260026
0.05934730956260026
0.05934730956260026
0.05876226878696755
0.05876226878696755
0.05876226878696755
0.05332960393379693
0.05332960393379693
0.05332960393379693
0.05332960393379693
0.05332960393379693
0.05332960393379693
0.05332960393379693
0.05175421253607837
0.05175421253607837
0.05175421253607837
0.05175421253607837
0.05175421253607837
0.05100651348779195
0.05100651348779195
0.05100651348779195
0.05100651348779195
0.05100651348779195
0.05100651348779195
0.05100651348779195
0.05100651348779195
0.050423269743948396
0.050423269743948396
0.050423269743948396
0.05007099111872648
0.05007099111872648
0.05007099111872648
0.04958332052122927
0.049150039788294464
0.049150039788294464
0.049150039788294464
0.049150039788294464
0.049150039788294464
0.049150039788294464
0.04892848832447072
0.04691542918610381
0.04691542918610381
0.04691542918610381
0.04691542918610381
0.04691542918610381
0.04691542918610381
0.04691542918610381
0.04553905489931509
0.04367905052083643
0.04367905052083643
0.04367905052083643
0.04367905052083643
0.04367905052083643
0.04367905052083643
0.043677603938455434
0.043677603938455434
0.04082582900676712
0.04082582900676712
0.04082582900676712
0.04082582900676712
0.04082582900676712
0.03387745629375161
0.03387745629375161
0.03387745629375161
0.03387745629375161
0.03387745629375161
0.03387745629375161
0.03387745629375161
0.03387745629375161
0.03387745629375161
0.03387745629375161
0.03387745629375161
0.03387745629375161
0.03387745629375161
0.03387745629375161
0.032861600586720385
0.032861600586720385
0.032861600586720385
0.032861600586720385
0.032861600586720385
0.032861600586720385
0.032861600586720385
0.032861600586720385
0.027771297954419794
0.027771297954419794
0.027771297954419794
0.027771297954419794
0.027771297954419794
0.027771297954419794
0.027771297954419794
0.027771297954419794
0.027771297954419794
0.027771297954419794
0.027771297954419794
0.027771297954419794
0.027771297954419794
0.027771297954419794
0.027771297954419794
0.027771297954419794
0.027771297954419794
0.027771297954419794
0.027771297954419794
0.026838562628785922
0.026838562628785922
0.026838562628785922
0.026838562628785922
0.026838562628785922
0.026838562628785922
0.02556786405252609
0.02556786405252609
0.02556786405252609
0.02556786405252609
0.025255218965305914
0.025255218965305914
0.025255218965305914
0.025255218965305914
0.025255218965305914
0.025255218965305914
0.025255218965305914
0.025255218965305914
0.023952093145844344
0.023952093145844344
0.02200233629879733
0.02200233629879733
0.02200233629879733
0.02200233629879733
0.02200233629879733
0.02200233629879733
0.02200233629879733
0.02200233629879733
0.02200233629879733
0.02200233629879733
0.02200233629879733
0.02200233629879733
0.02200233629879733
0.02200233629879733
0.02200233629879733
0.02200233629879733
0.02200233629879733
0.02200233629879733
0.02200233629879733
0.02200233629879733
0.02200233629879733
0.02200233629879733
0.02200233629879733
0.02200233629879733
0.02200233629879733
0.021783186770239382
0.021783186770239382
0.021783186770239382
0.0206851728244537
0.020029335976555984
0.020029335976555984
0.020029335976555984
0.020029335976555984
0.020029335976555984
0.020029335976555984
0.020029335976555984
0.020029335976555984
0.020029335976555984
0.017218951539994976
0.017218951539994976
0.017218951539994976
0.017218951539994976
0.017218951539994976
0.017075333512462265
0.017075333512462265
0.017075333512462265
0.017075333512462265
0.017075333512462265
0.017075333512462265
0.017075333512462265
0.017075333512462265
0.017075333512462265
0.017075333512462265
0.017075333512462265
0.017075333512462265
0.017075333512462265
0.01691090263221895
0.01691090263221895
0.016435868007899757
0.016202395401254677
0.013554461050926392
0.013554461050926392
0.013554461050926392
0.013554461050926392
0.013554461050926392
0.013554461050926392
0.013554461050926392
0.013554461050926392
0.013554461050926392
0.013554461050926392
0.011681494295910255
0.011681494295910255
0.011681494295910255
0.011681494295910255
0.011681494295910255
0.011681494295910255
0.010993687557519394
0.010993687557519394
0.010993687557519394
0.010993687557519394
0.010993687557519394
0.010993687557519394
0.010993687557519394
0.010522035094243876
0.010522035094243876
0.010522035094243876
0.010522035094243876
0.010522035094243876
0.010522035094243876
0.010522035094243876
0.010522035094243876
0.010522035094243876
0.010522035094243876
0.010522035094243876
0.010522035094243876
0.010522035094243876
0.010522035094243876
0.010522035094243876
0.010522035094243876
0.010522035094243876
0.010522035094243876
0.010522035094243876
0.010522035094243876
0.010522035094243876
0.010522035094243876
0.010522035094243876
0.010522035094243876
0.010522035094243876
0.010480838183500651
0.010480838183500651
0.010480838183500651
0.010480838183500651
0.010480838183500651
0.010329872256289008
0.010329872256289008
0.0101447974494846
0.0101447974494846
0.0101447974494846
0.0101447974494846
0.0101447974494846
0.0101447974494846
0.0101447974494846
0.0101447974494846
0.0101447974494846
0.0101447974494846
0.010041434113322367
0.010041434113322367
0.010041434113322367
0.010041434113322367
0.010041434113322367
0.009342619092791438
0.009342619092791438
0.009242421574001014
0.008930455448613372
0.008930455448613372
0.008930455448613372
0.008062912803051603
0.008062912803051603
0.008062912803051603
0.008062912803051603
0.008062912803051603
0.008062912803051603
0.007526404168839207
0.007526404168839207
0.007526404168839207
0.007526404168839207
0.007201340132493073
0.007201340132493073
0.007201340132493073
0.007201340132493073
0.007201340132493073
0.007201340132493073
0.007201340132493073
0.006790507665279222
0.006790507665279222
0.006790507665279222
0.0064842712129902225
0.0064842712129902225
0.0064842712129902225
0.0064842712129902225
0.0064842712129902225
0.0064842712129902225
0.0064842712129902225
0.0064842712129902225
0.0064842712129902225
0.0064842712129902225
0.0064842712129902225
0.006476056651656847
0.006476056651656847
0.006341128267877139
0.006341128267877139
0.006341128267877139
0.0063347867972005645
0.0063347867972005645
0.0063347867972005645
0.006309616821550179
0.006309616821550179
0.006306639197070751
0.006306639197070751
0.006191627810672173
0.006191627810672173
0.006191627810672173
0.006191627810672173
0.006191627810672173
0.006191627810672173
0.006191627810672173
0.006191627810672173
0.006191627810672173
0.006191627810672173
0.006191627810672173
0.006191627810672173
0.005897397353553657
0.005897397353553657
0.005897397353553657
0.005897397353553657
0.00587603279726423
0.005680007979602664
0.005680007979602664
0.005680007979602664
0.005680007979602664
0.005645238148318299
0.005641466633321102
0.005641466633321102
0.005641466633321102
0.005641466633321102
0.005420858936094675
0.005420858936094675
0.005420858936094675
0.005420858936094675
0.005420858936094675
0.005420858936094675
0.005420858936094675
0.00541341934346562
0.00541341934346562
0.00541341934346562
0.00541341934346562
0.00541341934346562
0.00541341934346562
0.00541341934346562
0.0050012554200549175
0.0050012554200549175
0.0050012554200549175
0.0050012554200549175
0.0050012554200549175
0.004928789626159613
0.004928789626159613
0.004928789626159613
0.004588309049157857
0.004588309049157857
0.004364802967231185
0.004364802967231185
0.004314576767285416
0.00427116115524484
0.00427116115524484
0.00427116115524484
0.00427116115524484
0.00427116115524484
0.004201234976502377
0.004201234976502377
0.0034319544125551715
0.0034319544125551715
0.0034319544125551715
0.0034319544125551715
0.0034319544125551715
0.0034319544125551715
0.0034319544125551715
0.0034319544125551715
0.0034319544125551715
0.0034319544125551715
0.003188205396515542
0.003188205396515542
0.003188205396515542
0.003188205396515542
0.003188205396515542
0.003188205396515542
0.0031643713040985233
0.0031643713040985233
0.0029875771904706028
0.0029875771904706028
0.0029875771904706028
0.0029875771904706028
0.0029875771904706028
0.0029875771904706028
0.0029875771904706028
0.0029875771904706028
0.0029875771904706028
0.0029875771904706028
0.0029875771904706028
0.0029875771904706028
0.0029875771904706028
0.0029875771904706028
0.0029875771904706028
0.0029875771904706028
0.0029875771904706028
0.0029875771904706028
0.0029875771904706028
0.0029875771904706028
0.0029875771904706028
0.0029875771904706028
0.0029875771904706028
0.0029875771904706028
0.0029875771904706028
0.0029875771904706028
0.0029875771904706028
0.0029875771904706028
0.0029875771904706028
0.0029875771904706028
0.0029875771904706028
0.0029875771904706028
0.0029875771904706028
0.0029875771904706028
0.0029875771904706028
0.0029310065499430493
0.0028331582402891797
0.0028331582402891797
0.0028331582402891797
0.0028331582402891797
0.002789547183652985
0.002443747745331848
0.002443747745331848
0.002443747745331848
0.002443747745331848
0.002443747745331848
0.002443747745331848
0.002443747745331848
0.002443747745331848
0.002443747745331848
0.002186530804330289
0.002186530804330289
0.002186530804330289
0.002186530804330289
0.002186530804330289
0.002186530804330289
0.002014607484330355
0.002014607484330355
0.002014607484330355
0.002014607484330355
0.002014607484330355
0.002014607484330355
0.002014607484330355
0.0018662925378514217
0.0018662925378514217
0.0018662925378514217
0.0018662925378514217
0.0018662925378514217
0.0018662925378514217
0.0018662925378514217
0.0018662925378514217
0.0018662925378514217
0.0018662925378514217
0.0018662925378514217
0.0018662925378514217
0.0018662925378514217
0.0018662925378514217
0.0018662925378514217
0.0018662925378514217
0.0018662925378514217
0.0018662925378514217
0.0018662925378514217
0.0018662925378514217
0.0018662925378514217
