0.01684284210205078
0.016971111297607422
0.016759395599365234
0.016794204711914062
0.017060279846191406
0.017014026641845703
0.01676344871520996
0.016924142837524414
0.016784191131591797
0.016409635543823242
0.016562700271606445
0.016426801681518555
0.01635575294494629
0.016500234603881836
0.01697063446044922
0.01653599739074707
0.016538143157958984
0.01652073860168457
0.016603708267211914
0.016086578369140625
0.017367124557495117
0.01755666732788086
0.017462491989135742
0.0176084041595459
0.017525672912597656
0.017244577407836914
0.01698780059814453
0.01731395721435547
0.017258405685424805
0.017275094985961914
0.01714181900024414
0.017188310623168945
0.01707148551940918
0.017385244369506836
0.017078399658203125
0.017038345336914062
0.017260074615478516
0.0171511173248291
0.016892433166503906
0.016924142837524414
0.01706099510192871
0.017309188842773438
0.01729416847229004
0.017438411712646484
0.017200469970703125
0.01703810691833496
0.01709437370300293
0.017189502716064453
0.017171859741210938
0.01756119728088379
0.017093181610107422
0.01695394515991211
0.017506837844848633
0.017431020736694336
0.01758718490600586
0.017092227935791016
0.01736736297607422
0.01722407341003418
0.01725625991821289
0.016982555389404297
0.017055511474609375
0.01687312126159668
0.01772141456604004
0.01742839813232422
0.01758718490600586
0.017531871795654297
0.017625093460083008
0.01715540885925293
0.017071962356567383
0.017049074172973633
0.01678609848022461
0.01701664924621582
0.016871213912963867
0.016667604446411133
0.016622066497802734
0.01685476303100586
0.016756296157836914
0.018167495727539062
0.019382715225219727
0.019439697265625
0.018871307373046875
0.018799304962158203
0.0199282169342041
0.018605947494506836
0.020079374313354492
0.019328594207763672
0.018055200576782227
0.017510652542114258
0.017447471618652344
0.017137527465820312
0.017188072204589844
0.01720571517944336
0.01703953742980957
0.017234086990356445
0.017454862594604492
0.0173187255859375
0.01794600486755371
0.017941951751708984
0.01742076873779297
0.01766371726989746
0.017420530319213867
0.01748824119567871
0.018343448638916016
0.017932653427124023
0.017356395721435547
0.017435312271118164
0.017111539840698242
0.016846895217895508
0.016829252243041992
0.01681351661682129
0.016866683959960938
0.01692509651184082
0.016564369201660156
0.016925811767578125
0.016876935958862305
0.016574382781982422
0.0165102481842041
0.01665019989013672
0.016525983810424805
0.0168001651763916
0.016768693923950195
0.01620173454284668
0.016408205032348633
0.016530990600585938
0.016663074493408203
0.016470909118652344
0.01658153533935547
0.016467571258544922
0.017112255096435547
0.017131328582763672
0.016598939895629883
0.016124248504638672
0.016393184661865234
0.016646862030029297
0.0167236328125
0.017151832580566406
0.016876697540283203
0.0168306827545166
0.017121553421020508
0.01673412322998047
0.017015695571899414
0.016964435577392578
0.016999483108520508
0.017174720764160156
0.017002344131469727
0.016520023345947266
0.016512393951416016
0.01643204689025879
0.016086578369140625
0.015772342681884766
0.016291141510009766
0.015906095504760742
0.01627063751220703
0.016117572784423828
0.01571822166442871
0.016071557998657227
0.01609063148498535
0.015680313110351562
0.015965938568115234
0.016262292861938477
0.016185998916625977
0.016742706298828125
0.016933441162109375
0.016015052795410156
0.016070127487182617
0.016871929168701172
0.016770362854003906
0.01670360565185547
0.016571044921875
0.016160011291503906
0.016713380813598633
0.016714096069335938
0.01659846305847168
0.01660633087158203
0.016252756118774414
0.016069889068603516
0.0161287784576416
0.01662135124206543
0.01630878448486328
0.016623973846435547
0.01630258560180664
0.016454458236694336
0.017338275909423828
0.016916513442993164
0.016744613647460938
0.016618013381958008
0.016769886016845703
0.016608238220214844
0.0169069766998291
0.01688838005065918
0.01656508445739746
0.016338348388671875
0.016080379486083984
0.0160372257232666
0.01611495018005371
0.017034053802490234
0.016706228256225586
0.016571760177612305
0.01668572425842285
0.016530752182006836
0.018723249435424805
0.018650531768798828
0.017365694046020508
0.017273664474487305
0.016879796981811523
0.01670384407043457
0.016742944717407227
0.01673150062561035
0.016798734664916992
0.016582250595092773
0.017211198806762695
0.01695394515991211
0.017124176025390625
0.01681208610534668
0.016907691955566406
0.016882896423339844
0.016935110092163086
0.01679515838623047
0.016966581344604492
0.01682257652282715
0.016440629959106445
0.016272783279418945
0.016834735870361328
0.0165708065032959
0.016863584518432617
0.016944408416748047
0.016756057739257812
0.016717195510864258
0.016826152801513672
0.01683640480041504
0.01705169677734375
0.016693592071533203
0.017150163650512695
0.017092227935791016
0.01717853546142578
0.016819477081298828
0.017003536224365234
0.016977310180664062
0.017129898071289062
0.01699519157409668
0.017203807830810547
0.017383575439453125
0.017180442810058594
0.01705193519592285
0.016773700714111328
0.01691293716430664
0.016599178314208984
0.017027854919433594
0.017083168029785156
0.016557693481445312
0.01673746109008789
0.016787052154541016
0.01673126220703125
0.01665472984313965
0.01734614372253418
0.016913175582885742
0.016764402389526367
0.016892433166503906
0.01706075668334961
0.016876697540283203
0.01707625389099121
0.01707172393798828
0.017025470733642578
0.017185211181640625
0.017003774642944336
0.017109155654907227
0.017026662826538086
0.016964197158813477
0.01668381690979004
0.017136335372924805
0.017067909240722656
0.017096519470214844
0.016724109649658203
0.0168302059173584
0.0168917179107666
0.016970157623291016
0.016968488693237305
0.017380475997924805
0.017015933990478516
0.016983509063720703
0.017069101333618164
0.01675701141357422
0.01654839515686035
0.016919374465942383
0.016974449157714844
0.017093181610107422
0.01735711097717285
0.01719498634338379
0.017078399658203125
0.017025470733642578
0.016890287399291992
0.01723504066467285
0.017177820205688477
0.01670217514038086
0.016957998275756836
0.017026662826538086
0.016754150390625
0.016840696334838867
0.01694202423095703
0.016937971115112305
0.017175674438476562
0.01717853546142578
0.017098188400268555
0.016730785369873047
0.016843795776367188
0.016662120819091797
0.01692366600036621
0.017566204071044922
0.017042875289916992
0.016762733459472656
0.016681909561157227
0.016294479370117188
0.017017602920532227
0.017189741134643555
0.01690387725830078
0.01677870750427246
0.016988754272460938
0.016995906829833984
0.0200960636138916
0.017974853515625
0.01793503761291504
0.017522096633911133
0.017220735549926758
0.017183542251586914
0.017531871795654297
0.017618894577026367
0.01720452308654785
0.017487764358520508
0.01705455780029297
0.017267704010009766
0.017267942428588867
0.017108678817749023
0.017025232315063477
0.01710796356201172
0.016942262649536133
0.017204999923706055
0.016942739486694336
0.016826868057250977
0.016977787017822266
0.01693248748779297
0.017028331756591797
0.017069339752197266
0.017068147659301758
0.016984939575195312
0.01706552505493164
0.016930103302001953
0.01716446876525879
0.01746678352355957
0.017122507095336914
0.016980648040771484
0.01680135726928711
0.016750335693359375
0.016538619995117188
0.016691923141479492
0.016358137130737305
0.01666259765625
0.01676011085510254
0.016489267349243164
0.01651597023010254
0.0164492130279541
0.016440868377685547
0.01581740379333496
0.016452789306640625
0.0163881778717041
0.0165863037109375
0.0169219970703125
0.01613593101501465
0.016547679901123047
0.01761770248413086
0.01795363426208496
0.01814746856689453
0.018981218338012695
0.018245935440063477
0.018236398696899414
0.018558979034423828
0.01854562759399414
0.018181562423706055
0.01795673370361328
0.017604589462280273
0.01750040054321289
0.01709747314453125
0.017146587371826172
0.017144203186035156
0.017128944396972656
0.017235279083251953
0.017301082611083984
0.01705479621887207
0.017196178436279297
0.016976356506347656
0.016928434371948242
0.017050743103027344
0.017075777053833008
0.01692938804626465
0.017009735107421875
0.01679253578186035
0.016599178314208984
0.01666402816772461
0.016808271408081055
0.01685786247253418
0.01725172996520996
0.017351388931274414
0.017146587371826172
0.017118453979492188
0.01716303825378418
0.016977310180664062
0.01707601547241211
0.016902446746826172
0.01720118522644043
0.01691579818725586
0.016798973083496094
0.01700305938720703
0.017054319381713867
0.01694202423095703
0.016719818115234375
0.01682901382446289
0.016751766204833984
0.016872882843017578
0.01725172996520996
0.01714468002319336
0.016866207122802734
0.016717195510864258
0.016698360443115234
0.017055273056030273
0.01678323745727539
0.0161588191986084
0.016141891479492188
0.016120433807373047
0.015814781188964844
0.015772581100463867
0.016954421997070312
0.01678466796875
0.01670384407043457
0.016483068466186523
0.016329526901245117
0.01671433448791504
0.018793106079101562
0.017377138137817383
0.017256975173950195
0.01718735694885254
0.01673436164855957
0.016964197158813477
0.017191410064697266
0.016661882400512695
0.01678156852722168
0.01715850830078125
0.01705622673034668
0.01712512969970703
0.017067432403564453
0.016990184783935547
0.01708078384399414
0.017016172409057617
0.016738176345825195
0.01708841323852539
0.01669788360595703
0.016486406326293945
0.0167694091796875
0.016729354858398438
0.01653289794921875
0.01678609848022461
0.016928911209106445
0.016737699508666992
0.01679396629333496
0.01698017120361328
0.01700139045715332
0.016985416412353516
0.01666259765625
0.01699352264404297
0.01674675941467285
0.016656875610351562
0.016722679138183594
0.01687312126159668
0.01689314842224121
0.017009258270263672
0.01699686050415039
0.016840696334838867
0.01689291000366211
0.01707005500793457
0.0167996883392334
0.016804218292236328
0.01674032211303711
0.016448497772216797
0.016860246658325195
0.016756772994995117
0.016610383987426758
0.016655445098876953
0.016822338104248047
0.016431570053100586
0.016683101654052734
0.01718926429748535
0.01699972152709961
0.017040491104125977
0.017029762268066406
0.017194747924804688
0.0168459415435791
0.01644301414489746
0.01655411720275879
0.01671290397644043
0.016687870025634766
0.01646113395690918
0.01666879653930664
0.01666116714477539
0.016733884811401367
0.016719818115234375
0.01679205894470215
0.01662445068359375
0.017096996307373047
0.01663064956665039
0.01658320426940918
0.01647019386291504
0.0168609619140625
0.016717910766601562
0.016840457916259766
0.01686263084411621
0.016818761825561523
0.016839027404785156
0.01699042320251465
0.016652584075927734
0.016698122024536133
0.01683354377746582
0.016777515411376953
0.0166778564453125
0.01677083969116211
0.01670241355895996
0.017090559005737305
0.016827821731567383
0.016517162322998047
0.016522884368896484
0.01648688316345215
0.016656160354614258
0.016681671142578125
0.01656174659729004
0.016287565231323242
0.016366004943847656
0.016826629638671875
0.01649928092956543
0.01668834686279297
0.016637563705444336
0.016636371612548828
0.01690530776977539
0.01634693145751953
0.016270160675048828
0.016570329666137695
0.016106843948364258
0.015899181365966797
0.01580524444580078
0.01639413833618164
0.016003847122192383
0.016198158264160156
0.016777515411376953
0.016659975051879883
0.016103267669677734
0.016594886779785156
0.016765356063842773
0.01658177375793457
0.01872849464416504
0.017990827560424805
0.017992019653320312
0.017341136932373047
0.016983509063720703
0.017236948013305664
0.017030000686645508
0.01695728302001953
0.0171968936920166
0.017018556594848633
0.01712632179260254
0.017079591751098633
0.016866207122802734
0.01676630973815918
0.016843795776367188
0.016748428344726562
0.01661539077758789
0.017247438430786133
0.016718387603759766
0.016794204711914062
0.016876220703125
0.016768455505371094
0.01690840721130371
0.017266035079956055
0.016952991485595703
0.017061471939086914
0.017189741134643555
0.017038583755493164
0.017099857330322266
0.016916275024414062
0.016892671585083008
0.017043113708496094
0.017258167266845703
0.016753435134887695
0.016827106475830078
0.017167329788208008
0.017026185989379883
0.016841650009155273
0.01688551902770996
0.016721725463867188
0.016837596893310547
0.01634073257446289
0.016141653060913086
0.016005516052246094
0.016624927520751953
0.016526460647583008
0.016721010208129883
0.016231298446655273
0.01639413833618164
0.01596379280090332
0.015987873077392578
0.015591144561767578
0.016141414642333984
0.016776084899902344
0.016574382781982422
0.016243696212768555
0.016312599182128906
0.016576766967773438
0.016409635543823242
0.016698122024536133
0.016507625579833984
0.01653599739074707
0.016563892364501953
0.016060829162597656
0.015981674194335938
0.01610732078552246
0.015895843505859375
0.015899658203125
0.015960216522216797
0.015773296356201172
0.015763521194458008
0.01619577407836914
0.016375064849853516
0.016448020935058594
0.016022443771362305
0.015786170959472656
0.015546798706054688
0.016057491302490234
0.015599250793457031
0.015518903732299805
0.016086101531982422
0.015816450119018555
0.015580177307128906
0.016303539276123047
0.016508102416992188
0.015796661376953125
0.016118288040161133
0.016283273696899414
0.016399860382080078
0.01642632484436035
0.01634383201599121
0.01668524742126465
0.016156911849975586
0.016382455825805664
0.01612687110900879
0.01621079444885254
0.015993356704711914
0.01618790626525879
0.01642608642578125
0.016726970672607422
0.016143798828125
0.01635909080505371
0.016237497329711914
0.016178369522094727
0.0164642333984375
0.017128467559814453
0.017511844635009766
0.01698136329650879
0.01758718490600586
0.017256975173950195
0.01734161376953125
0.017354249954223633
0.016822099685668945
0.01709580421447754
0.017397642135620117
0.01698613166809082
0.017357826232910156
0.017158031463623047
0.017117738723754883
0.01678323745727539
0.01878666877746582
0.01865530014038086
0.017637968063354492
0.017081260681152344
0.017333030700683594
0.017204761505126953
0.017220735549926758
0.01720428466796875
0.017126798629760742
0.017056703567504883
0.016963720321655273
0.016970396041870117
0.016737699508666992
0.01682567596435547
0.01699352264404297
0.016964197158813477
0.01690053939819336
0.01676201820373535
0.016768693923950195
0.016729116439819336
0.017004013061523438
0.0169677734375
0.017052173614501953
0.01698446273803711
0.0168302059173584
0.01701498031616211
0.017230987548828125
0.017322540283203125
0.017217159271240234
0.016974925994873047
0.0169064998626709
0.01704716682434082
0.01678919792175293
0.016779422760009766
0.017030000686645508
0.0169827938079834
0.016700029373168945
0.017006874084472656
0.016698122024536133
0.016798019409179688
0.017087459564208984
0.016703128814697266
0.01663970947265625
0.01647639274597168
0.016529560089111328
0.01655268669128418
0.016982078552246094
0.01666116714477539
0.016415119171142578
0.01677680015563965
0.016739606857299805
0.01688551902770996
0.01743173599243164
0.017444610595703125
0.01782846450805664
0.017726659774780273
0.01748800277709961
0.017350196838378906
0.016965150833129883
0.016973495483398438
0.01707768440246582
0.01729869842529297
0.017124652862548828
0.017034530639648438
0.01688694953918457
0.01696491241455078
0.016848325729370117
0.017062902450561523
0.016920804977416992
0.016873836517333984
0.01645374298095703
0.016619443893432617
0.016779661178588867
0.016858339309692383
0.016619443893432617
0.016857147216796875
0.017030000686645508
0.0172426700592041
0.016910791397094727
0.01722240447998047
0.016885995864868164
0.01713252067565918
0.017239809036254883
0.017127513885498047
0.01751089096069336
0.017679929733276367
0.0175478458404541
0.01777338981628418
0.01802802085876465
0.018219470977783203
0.017504215240478516
0.017227649688720703
0.017330169677734375
0.017214059829711914
0.016867399215698242
0.017674922943115234
0.01828169822692871
0.018085956573486328
0.017599105834960938
0.017429351806640625
0.01777958869934082
0.017779827117919922
0.017414093017578125
0.017309188842773438
0.017058610916137695
0.01681041717529297
0.016782283782958984
0.016740083694458008
0.01691722869873047
0.01686549186706543
0.017070770263671875
0.016936063766479492
0.01721668243408203
0.017286062240600586
0.01770305633544922
0.017583370208740234
0.017918825149536133
0.0189664363861084
0.018404006958007812
0.01758098602294922
0.01798844337463379
0.01817178726196289
0.01785445213317871
0.017405271530151367
0.01748037338256836
0.017579078674316406
0.01772141456604004
0.01865553855895996
0.01872849464416504
0.019262075424194336
0.018621444702148438
0.01806950569152832
0.017416715621948242
0.017062664031982422
0.01725459098815918
0.01698780059814453
0.01682567596435547
0.016977548599243164
0.017474651336669922
0.017169713973999023
0.016945838928222656
0.017023801803588867
0.017139673233032227
0.017287015914916992
0.01698589324951172
0.017120838165283203
0.01711249351501465
0.0168612003326416
0.016649246215820312
0.01651144027709961
0.016109228134155273
0.01643204689025879
0.016591548919677734
0.016869783401489258
0.01673126220703125
0.017015695571899414
0.016553401947021484
0.015781641006469727
0.016557693481445312
0.01637101173400879
0.016770362854003906
0.016819477081298828
0.016210079193115234
0.016138076782226562
0.016341447830200195
0.016645431518554688
0.01661968231201172
0.017054080963134766
0.01718878746032715
0.01722121238708496
0.01733088493347168
0.01699233055114746
0.017091989517211914
0.017261028289794922
0.016833066940307617
0.01670670509338379
0.016701459884643555
0.016228437423706055
0.016687393188476562
0.01661396026611328
0.016620159149169922
0.01587224006652832
0.016498565673828125
0.01740241050720215
0.017923593521118164
0.018019676208496094
0.01708388328552246
0.017281293869018555
0.018019914627075195
0.01774454116821289
0.01782989501953125
0.01750349998474121
0.016801834106445312
0.016746044158935547
0.01655125617980957
0.01718306541442871
0.01729440689086914
0.017594575881958008
0.017219066619873047
0.017319202423095703
0.017271757125854492
0.017262697219848633
0.017047882080078125
0.01659870147705078
0.016640424728393555
0.016310453414916992
0.016793012619018555
0.016405820846557617
0.016791105270385742
0.016715526580810547
0.01703810691833496
0.017141342163085938
0.017078638076782227
0.016786813735961914
0.01697087287902832
0.01676177978515625
0.01650094985961914
0.016717195510864258
0.017003297805786133
0.016786813735961914
0.01699972152709961
0.016466617584228516
0.016605615615844727
0.016741514205932617
0.016509056091308594
0.016018152236938477
0.017174720764160156
0.017192363739013672
0.01673126220703125
0.017286300659179688
0.017123699188232422
0.017180681228637695
0.016887903213500977
0.018261432647705078
0.019464969635009766
0.01729297637939453
0.017299890518188477
0.017212390899658203
0.01714920997619629
0.0169980525970459
0.01703047752380371
0.016185760498046875
0.016651630401611328
0.016680479049682617
0.016465187072753906
0.016483545303344727
0.016668081283569336
0.016712427139282227
0.016390085220336914
0.01683664321899414
0.01622319221496582
0.01585698127746582
0.01654529571533203
0.016093969345092773
0.016237497329711914
0.016797780990600586
0.017152070999145508
0.016822338104248047
0.01714015007019043
0.016888856887817383
0.017200946807861328
0.017382383346557617
0.017173290252685547
0.016941547393798828
0.017052173614501953
0.016903400421142578
0.016784191131591797
0.016630172729492188
0.016541481018066406
0.016501903533935547
0.016875505447387695
0.01674675941467285
0.01730179786682129
0.017652273178100586
0.01695561408996582
0.016920804977416992
0.017072200775146484
0.016965866088867188
0.0171048641204834
0.0177004337310791
0.017058610916137695
0.017055749893188477
0.01710987091064453
0.017095565795898438
0.01707601547241211
0.017413854598999023
0.017449378967285156
0.01746058464050293
0.017183542251586914
0.01800704002380371
0.01773238182067871
0.017169475555419922
0.017617225646972656
0.017371177673339844
0.017162084579467773
0.01719951629638672
0.017230987548828125
0.017251968383789062
0.017151355743408203
0.01735711097717285
0.017279624938964844
0.017127513885498047
0.017035484313964844
0.01694965362548828
0.016884565353393555
0.01695537567138672
0.017115116119384766
0.016904830932617188
0.017011165618896484
0.01702117919921875
0.016925573348999023
0.016923904418945312
0.01696920394897461
0.017172813415527344
0.017210960388183594
0.017073392868041992
0.017313480377197266
0.017205476760864258
0.017301321029663086
0.017444610595703125
0.017151832580566406
0.016926050186157227
0.01688408851623535
0.017029523849487305
0.017066240310668945
0.017059326171875
