0.004599809646606445
0.004358768463134766
0.004445075988769531
0.004660129547119141
0.0047419071197509766
0.004505157470703125
0.004364013671875
0.004529714584350586
0.004331111907958984
0.00435638427734375
0.0043370723724365234
0.0056056976318359375
0.004510164260864258
0.004402637481689453
0.004448652267456055
0.004678010940551758
0.0052051544189453125
0.0045719146728515625
0.004622459411621094
0.0045566558837890625
0.004567384719848633
0.004948139190673828
0.0051577091217041016
0.004555940628051758
0.0044858455657958984
0.004403829574584961
0.005030155181884766
0.004359245300292969
0.004889249801635742
0.0046460628509521484
0.004641056060791016
0.004644870758056641
0.0051593780517578125
0.004431009292602539
0.004396200180053711
0.004716396331787109
0.0049092769622802734
0.004446983337402344
0.0045778751373291016
0.004364490509033203
0.004311800003051758
0.004454135894775391
0.004359245300292969
0.004339456558227539
0.004774332046508789
0.004416942596435547
0.004786014556884766
0.004595518112182617
0.004503726959228516
0.004596710205078125
0.004515886306762695
0.005000591278076172
0.004808664321899414
0.0043528079986572266
0.00446772575378418
0.0045032501220703125
0.0045108795166015625
0.004418849945068359
0.004860877990722656
0.004525184631347656
0.005151271820068359
0.004379987716674805
0.004374027252197266
0.004462003707885742
0.004732370376586914
0.004569292068481445
0.004518270492553711
0.0044727325439453125
0.004453182220458984
0.004368782043457031
0.004809379577636719
0.004973888397216797
0.00439906120300293
0.004409074783325195
0.004395008087158203
0.005078792572021484
0.004721164703369141
0.004738330841064453
0.00472259521484375
0.0046842098236083984
0.00472259521484375
0.005029916763305664
0.005288600921630859
0.00474858283996582
0.004744291305541992
0.004716634750366211
0.004758358001708984
0.005247354507446289
0.00516819953918457
0.004724025726318359
0.004410982131958008
0.004389762878417969
0.004385709762573242
0.004809141159057617
0.004667043685913086
0.00440669059753418
0.004405021667480469
0.004349946975708008
0.004322528839111328
0.0043239593505859375
0.0042955875396728516
0.004307746887207031
0.004296064376831055
0.004430055618286133
0.00439906120300293
0.004534244537353516
0.004313468933105469
0.004331350326538086
0.004459381103515625
0.004395484924316406
0.0044023990631103516
0.005511283874511719
0.004749298095703125
0.004724740982055664
0.0048177242279052734
0.004785060882568359
0.004731416702270508
0.005463838577270508
0.00471186637878418
0.0047185420989990234
0.004755973815917969
0.004437685012817383
0.0043947696685791016
0.005318641662597656
0.004525899887084961
0.004632472991943359
0.00459742546081543
0.004307746887207031
0.004331827163696289
0.004480123519897461
0.0043125152587890625
0.004472017288208008
0.004442691802978516
0.004415750503540039
0.004481315612792969
0.0052433013916015625
0.004944562911987305
0.004715681076049805
0.004773616790771484
0.004750490188598633
0.004789590835571289
0.0051555633544921875
0.004328250885009766
0.004294157028198242
0.004315376281738281
0.004360198974609375
0.004311323165893555
0.004341602325439453
0.00435948371887207
0.0043218135833740234
0.0043468475341796875
0.004366636276245117
0.0043413639068603516
0.004329204559326172
0.005289793014526367
0.004336357116699219
0.004337787628173828
0.004336833953857422
0.004443645477294922
0.004443645477294922
0.005547523498535156
0.004735231399536133
0.004766941070556641
0.004730939865112305
0.004720449447631836
0.004746198654174805
0.0055332183837890625
0.00464177131652832
0.005038261413574219
0.004621028900146484
0.004481077194213867
0.004398822784423828
0.004911899566650391
0.004491567611694336
0.0046117305755615234
0.0047473907470703125
0.004687309265136719
0.005154132843017578
0.005003690719604492
0.004540681838989258
0.004606485366821289
0.004697084426879883
0.004750490188598633
0.0053369998931884766
0.004734992980957031
0.004686832427978516
0.004747867584228516
0.004395484924316406
0.004411458969116211
0.0051572322845458984
0.005060911178588867
0.0047054290771484375
0.004837751388549805
0.004664182662963867
0.005034923553466797
0.0046422481536865234
0.004998922348022461
0.004341840744018555
0.0045013427734375
0.00439906120300293
0.0045185089111328125
0.004368782043457031
0.004350900650024414
0.0044748783111572266
0.004409313201904297
0.004423379898071289
0.0043544769287109375
0.004396915435791016
0.004372596740722656
0.004439115524291992
0.004465818405151367
0.004431962966918945
0.004347801208496094
0.004568338394165039
0.004401683807373047
0.00446009635925293
0.0044782161712646484
0.004370689392089844
0.004376649856567383
0.004338979721069336
0.004349470138549805
0.004361152648925781
0.0043256282806396484
0.004454851150512695
0.00437474250793457
0.004485130310058594
0.004435300827026367
0.0044438838958740234
0.004461526870727539
0.004433393478393555
0.004385948181152344
0.0045642852783203125
0.004418373107910156
0.00442051887512207
0.004397153854370117
0.00449371337890625
0.004389286041259766
0.0044841766357421875
0.0044209957122802734
0.0043370723724365234
0.0043468475341796875
0.004479646682739258
0.004439830780029297
0.004497051239013672
0.004352092742919922
0.004374027252197266
0.004316091537475586
0.0043354034423828125
0.004328250885009766
0.00431513786315918
0.004363298416137695
0.004331111907958984
0.004322052001953125
0.0043103694915771484
0.004305362701416016
0.004340171813964844
0.0045359134674072266
0.0047457218170166016
0.0043981075286865234
0.0044324398040771484
0.0044977664947509766
0.0045435428619384766
0.004564523696899414
0.004416465759277344
0.004414796829223633
0.004399299621582031
0.0044612884521484375
0.004426479339599609
0.004532814025878906
0.004408121109008789
0.004424095153808594
0.004413127899169922
0.004358053207397461
0.004567623138427734
0.0045621395111083984
0.004406452178955078
0.00440526008605957
0.004362344741821289
0.0043926239013671875
0.004620790481567383
0.004418373107910156
0.004401445388793945
0.004354000091552734
0.004372119903564453
0.004381656646728516
0.0043621063232421875
0.00433349609375
0.004401445388793945
0.0043506622314453125
0.004387617111206055
0.004352569580078125
0.004385948181152344
0.004498720169067383
0.004593610763549805
0.0044515132904052734
0.004393100738525391
0.004352569580078125
0.0043566226959228516
0.004341840744018555
0.0043408870697021484
0.0044062137603759766
0.004364967346191406
0.004451274871826172
0.004353523254394531
0.004317760467529297
0.004355907440185547
0.004606962203979492
0.004339933395385742
0.004380464553833008
0.0043599605560302734
0.004361152648925781
0.004407167434692383
0.004387378692626953
0.004363059997558594
0.00434112548828125
0.004361867904663086
0.0043756961822509766
0.004433631896972656
0.004364013671875
0.004309654235839844
0.004372835159301758
0.004338741302490234
0.004358768463134766
0.004355430603027344
0.004343986511230469
0.004374027252197266
0.004312753677368164
0.004392862319946289
0.004341840744018555
0.004338264465332031
0.0043375492095947266
0.00436091423034668
0.004320383071899414
0.004343748092651367
0.00441288948059082
0.0043528079986572266
0.0043048858642578125
0.004843235015869141
0.004424571990966797
0.0044422149658203125
0.004476308822631836
0.004743337631225586
0.004714488983154297
0.0050830841064453125
0.004790306091308594
0.0047304630279541016
0.004689931869506836
0.004713535308837891
0.004708051681518555
0.005083799362182617
0.004516124725341797
0.004473447799682617
0.004498720169067383
0.004415988922119141
0.00442194938659668
0.004842996597290039
0.0044803619384765625
0.00439763069152832
0.004490852355957031
0.0043487548828125
0.004372835159301758
0.004876613616943359
0.004446744918823242
0.0043756961822509766
0.00482177734375
0.004503488540649414
0.004391670227050781
0.004829883575439453
0.004415988922119141
0.004363536834716797
0.004831075668334961
0.00442194938659668
0.004388570785522461
0.004563093185424805
0.004556417465209961
0.0045354366302490234
0.004459381103515625
0.004388570785522461
0.00441741943359375
0.004811525344848633
0.004440784454345703
0.004488229751586914
0.004872798919677734
0.004521369934082031
0.004353523254394531
0.004485368728637695
0.0044062137603759766
0.004415988922119141
0.004395961761474609
0.004412174224853516
0.004843473434448242
0.004561424255371094
0.004473447799682617
0.004580974578857422
0.004746198654174805
0.004663944244384766
0.004523515701293945
0.0043566226959228516
0.0043218135833740234
0.004393100738525391
0.0043795108795166016
0.004596233367919922
0.00469517707824707
0.004408359527587891
0.0050640106201171875
0.004439592361450195
0.004738569259643555
0.004483461380004883
0.005013227462768555
0.0046710968017578125
0.0047016143798828125
0.0046541690826416016
0.004659891128540039
0.004682064056396484
0.004991292953491211
0.004712581634521484
0.004637002944946289
0.004655361175537109
0.00489497184753418
0.004918336868286133
0.004976034164428711
0.0046596527099609375
0.004650115966796875
0.004761219024658203
0.005014181137084961
0.004674196243286133
0.004956483840942383
0.004646778106689453
0.0046389102935791016
0.00467228889465332
0.004956245422363281
0.0046727657318115234
0.0043337345123291016
0.004322528839111328
0.004316091537475586
0.004308223724365234
0.004294157028198242
0.004326820373535156
0.004369258880615234
0.004537820816040039
0.004507780075073242
0.00446009635925293
0.004467964172363281
0.004608154296875
0.005145072937011719
0.0044116973876953125
0.004483461380004883
0.004410743713378906
0.004423379898071289
0.00472569465637207
0.004813671112060547
0.004446744918823242
0.004973649978637695
0.0043942928314208984
0.004549741744995117
0.004760026931762695
0.0044209957122802734
0.004381656646728516
0.00440216064453125
0.004362583160400391
0.0048673152923583984
0.00484919548034668
0.004873752593994141
0.004789829254150391
0.004752159118652344
0.004750251770019531
0.0054090023040771484
0.005039215087890625
0.004726886749267578
0.0047016143798828125
0.004689931869506836
0.004705667495727539
0.00437164306640625
0.004322528839111328
0.0043239593505859375
0.004290342330932617
0.004334211349487305
0.004342317581176758
0.004345893859863281
0.004317522048950195
0.004483699798583984
0.00432276725769043
0.004350900650024414
0.0043866634368896484
0.00458216667175293
0.005316734313964844
0.004530191421508789
0.004303932189941406
0.004347324371337891
0.004305124282836914
0.004347562789916992
0.004319906234741211
0.004305124282836914
0.004305362701416016
0.004317522048950195
0.0043032169342041016
0.004311561584472656
0.004352569580078125
0.0043451786041259766
0.004339933395385742
0.00433802604675293
0.004316806793212891
0.0043795108795166016
0.00436854362487793
0.0045528411865234375
0.0044708251953125
0.004508256912231445
0.004405021667480469
0.004321575164794922
0.004345417022705078
0.005080699920654297
0.0044422149658203125
0.0043261051177978516
0.004369497299194336
0.0043451786041259766
0.004381656646728516
0.004526853561401367
0.005036592483520508
0.004485607147216797
0.004656553268432617
0.004472017288208008
0.004390716552734375
0.0046520233154296875
0.004590034484863281
0.0044133663177490234
0.004430294036865234
0.004374504089355469
0.004453420639038086
0.004846096038818359
0.004603862762451172
0.004394054412841797
0.00439763069152832
0.004376411437988281
0.004773378372192383
0.005125522613525391
0.0043795108795166016
0.004446506500244141
0.004402637481689453
0.004381895065307617
0.004391670227050781
0.005448818206787109
0.004364490509033203
0.004342079162597656
0.004354953765869141
0.0043222904205322266
0.0043790340423583984
0.004454851150512695
0.004404783248901367
0.004406929016113281
0.004476308822631836
0.0044023990631103516
0.004712820053100586
0.004576921463012695
0.00455927848815918
0.0044519901275634766
0.0044286251068115234
0.004452705383300781
0.004429340362548828
0.004589080810546875
0.004592418670654297
0.004445075988769531
0.0045871734619140625
0.004623889923095703
0.0044515132904052734
0.004431724548339844
0.005047321319580078
0.00446772575378418
0.004436016082763672
0.0044329166412353516
0.004477024078369141
0.004428863525390625
0.0044403076171875
0.004639148712158203
0.004439830780029297
0.004306316375732422
0.004297971725463867
0.004292011260986328
0.004304409027099609
0.004315376281738281
0.004297971725463867
0.004294872283935547
0.0043277740478515625
0.004360198974609375
0.004532575607299805
0.0043599605560302734
0.004345893859863281
0.004297733306884766
0.004332780838012695
0.0043871402740478516
0.004427194595336914
0.004377841949462891
0.004693508148193359
0.00449681282043457
0.004387855529785156
0.004349231719970703
0.0043528079986572266
0.0043375492095947266
0.0043659210205078125
0.004345417022705078
0.004330158233642578
0.004347324371337891
0.004351139068603516
0.004369258880615234
0.0043070316314697266
0.004302501678466797
0.004294157028198242
0.004300594329833984
0.004321098327636719
0.0042877197265625
0.004317283630371094
0.004327297210693359
0.004319906234741211
0.004319906234741211
0.004340171813964844
0.004319190979003906
0.00436711311340332
0.0043582916259765625
0.00449371337890625
0.004307270050048828
0.004367351531982422
0.004362344741821289
0.00439763069152832
0.004344940185546875
0.004370927810668945
0.0043451786041259766
0.004358530044555664
0.004503965377807617
0.004488229751586914
0.004336118698120117
0.004361867904663086
0.004330635070800781
0.00429987907409668
0.004307985305786133
0.004310131072998047
0.004312038421630859
0.0043146610260009766
0.004423379898071289
0.004533529281616211
0.004350900650024414
0.004383087158203125
0.0043489933013916016
0.004323244094848633
0.004525661468505859
0.004627227783203125
0.004424571990966797
0.004379749298095703
0.004471302032470703
0.004326581954956055
0.00438690185546875
0.004323244094848633
0.004288434982299805
0.004294395446777344
0.004298686981201172
0.004294633865356445
0.004302263259887695
0.004408597946166992
0.004302978515625
0.00431060791015625
0.004308462142944336
0.004369497299194336
0.004330873489379883
0.004332542419433594
0.0042989253997802734
0.004297971725463867
0.004339456558227539
0.0044176578521728516
0.004357814788818359
0.004741191864013672
0.004326820373535156
0.0043125152587890625
0.00433659553527832
0.00433659553527832
0.004333972930908203
0.00434565544128418
0.004355430603027344
0.004329204559326172
0.004314899444580078
0.004351139068603516
0.0043125152587890625
0.004313468933105469
0.004325389862060547
0.004320859909057617
0.00430750846862793
0.0043451786041259766
0.004379987716674805
0.0043277740478515625
0.004354238510131836
0.004323720932006836
0.004343748092651367
0.004345893859863281
0.004337787628173828
0.004345893859863281
0.004362344741821289
0.004363059997558594
0.004423379898071289
0.00435948371887207
0.004342317581176758
0.00435185432434082
0.004318952560424805
0.004320621490478516
0.004302024841308594
0.004312992095947266
0.004338741302490234
0.004277229309082031
0.0042989253997802734
0.004288434982299805
0.0043184757232666016
0.004325389862060547
0.004323005676269531
0.004300594329833984
0.0042989253997802734
0.004330158233642578
0.004355430603027344
0.004372358322143555
0.00500798225402832
0.004514217376708984
0.0044133663177490234
0.004366159439086914
0.004330158233642578
0.004319429397583008
0.004318952560424805
0.0042994022369384766
0.0043277740478515625
0.004397869110107422
0.004408836364746094
0.004301548004150391
0.00433349609375
0.0043125152587890625
0.004324674606323242
0.004301786422729492
0.004345893859863281
0.004304409027099609
0.004330158233642578
0.004331350326538086
0.00432276725769043
0.004302978515625
0.0043392181396484375
0.004334211349487305
0.0043337345123291016
0.004347324371337891
0.004346370697021484
0.004323482513427734
0.004313468933105469
0.004290342330932617
0.0042951107025146484
0.0043048858642578125
0.004310131072998047
0.0043146610260009766
0.004323244094848633
0.0043294429779052734
0.004328727722167969
0.004300832748413086
0.0043792724609375
0.004507780075073242
0.004393339157104492
0.0043506622314453125
0.004343271255493164
0.00435328483581543
0.004445075988769531
0.004565715789794922
0.004454374313354492
0.00433039665222168
0.004319190979003906
0.00438237190246582
0.004335641860961914
0.004580497741699219
0.004423379898071289
0.004312992095947266
0.004364967346191406
0.004362344741821289
0.004424571990966797
0.004515647888183594
0.004399776458740234
0.004354000091552734
0.0043299198150634766
0.004363298416137695
0.00437617301940918
0.0044209957122802734
0.004374980926513672
0.004344940185546875
0.004334688186645508
0.004338979721069336
0.004320383071899414
0.0043795108795166016
0.004441738128662109
0.004328012466430664
0.004332542419433594
0.004334688186645508
0.004584789276123047
0.004469156265258789
0.004601955413818359
0.004607439041137695
0.004441976547241211
0.0044667720794677734
0.004502296447753906
0.004494667053222656
0.004444599151611328
0.004338741302490234
0.004341840744018555
0.004334926605224609
0.004365205764770508
0.004400968551635742
0.00432133674621582
0.004336118698120117
0.0043087005615234375
0.00430607795715332
0.004349708557128906
0.004282712936401367
0.004415750503540039
0.004391670227050781
0.004345417022705078
0.004332304000854492
0.004301786422729492
0.004315853118896484
0.004315376281738281
0.00430607795715332
0.004320859909057617
0.004389762878417969
0.0043146610260009766
0.00432276725769043
0.00434565544128418
0.00436854362487793
0.004405021667480469
0.004476308822631836
0.004434823989868164
0.00442051887512207
0.00434565544128418
0.0043604373931884766
0.0045320987701416016
0.004494190216064453
0.004433393478393555
0.004334688186645508
0.004378318786621094
0.004343509674072266
0.004626750946044922
0.004585742950439453
0.004413127899169922
0.004355430603027344
0.0043599605560302734
0.004350423812866211
0.004538059234619141
0.0044248104095458984
0.004475593566894531
0.004420280456542969
0.0044193267822265625
0.004431724548339844
0.004693269729614258
0.004393577575683594
0.00443577766418457
0.004430294036865234
0.004347801208496094
0.0043659210205078125
0.004567623138427734
0.004422187805175781
0.0044307708740234375
0.004422187805175781
0.004367828369140625
0.00440526008605957
0.004647970199584961
0.004326820373535156
0.004349946975708008
0.00434112548828125
0.004544496536254883
0.004342555999755859
0.0043294429779052734
0.004346132278442383
0.004582643508911133
0.004418373107910156
0.004318714141845703
0.004342079162597656
0.0043141841888427734
0.00441431999206543
0.0043637752532958984
0.004379987716674805
0.004325151443481445
0.004509449005126953
0.004477500915527344
0.0043048858642578125
0.004379749298095703
0.004314899444580078
0.004319429397583008
0.0043182373046875
0.004326820373535156
0.0043485164642333984
0.004333972930908203
0.004332542419433594
0.004352092742919922
0.004569292068481445
0.004312038421630859
0.004309415817260742
0.0043222904205322266
0.0045125484466552734
0.0044896602630615234
0.0043332576751708984
0.004350900650024414
0.004407644271850586
0.004518032073974609
0.004450321197509766
0.004408359527587891
0.004462718963623047
0.004412412643432617
0.0044367313385009766
0.0043485164642333984
0.004431247711181641
0.0044155120849609375
0.0044558048248291016
0.0044896602630615234
0.004346609115600586
0.004398822784423828
0.004601240158081055
0.004426717758178711
0.004395484924316406
0.0050356388092041016
0.004328250885009766
0.004298210144042969
0.0044896602630615234
0.004433631896972656
0.004346370697021484
0.0044803619384765625
0.004423856735229492
0.0043163299560546875
0.004342794418334961
0.004357814788818359
0.004355430603027344
0.004313945770263672
0.004324197769165039
0.004329681396484375
0.004351139068603516
0.004333972930908203
0.0043544769287109375
0.004297733306884766
0.0043487548828125
0.004313945770263672
0.0043430328369140625
0.004330158233642578
0.004300355911254883
0.004452943801879883
0.004296779632568359
0.004342794418334961
0.004332065582275391
0.004338502883911133
0.004369258880615234
0.004308223724365234
0.0043125152587890625
0.00434422492980957
0.004357099533081055
0.004339933395385742
0.00432896614074707
0.004342317581176758
0.004336118698120117
0.004355430603027344
0.004323720932006836
0.004315376281738281
0.004290342330932617
0.004852294921875
0.004480600357055664
0.00442051887512207
0.004396677017211914
0.004626274108886719
0.0043811798095703125
0.005112886428833008
0.004561424255371094
0.004281282424926758
0.004309654235839844
0.00429224967956543
0.004302263259887695
0.004303693771362305
0.004332780838012695
0.004289865493774414
0.0042877197265625
0.0042951107025146484
0.004292726516723633
0.0043108463287353516
0.004287242889404297
0.004286766052246094
0.004306793212890625
0.004319190979003906
0.0043315887451171875
0.0043065547943115234
0.004303693771362305
0.004369258880615234
0.004325389862060547
0.0043528079986572266
0.004319906234741211
0.004326820373535156
0.004312992095947266
0.00432896614074707
0.004316806793212891
0.004287004470825195
0.004295825958251953
0.004369020462036133
0.004290580749511719
0.004318714141845703
0.004293918609619141
0.0042994022369384766
0.0044097900390625
0.004340410232543945
0.004310131072998047
0.00431370735168457
0.004286289215087891
