6.17501455100621
4.89267295756453
4.89267295756453
4.89267295756453
4.89267295756453
4.89267295756453
4.89267295756453
4.89267295756453
4.89267295756453
4.89267295756453
4.89267295756453
4.89267295756453
4.89267295756453
4.89267295756453
4.89267295756453
4.89267295756453
4.8267756282229985
4.8267756282229985
4.520441333683465
4.520441333683465
4.520441333683465
4.520441333683465
4.491294916479118
4.491294916479118
4.491294916479118
4.481336972725105
4.481336972725105
4.145272922283519
4.145272922283519
4.145272922283519
4.145272922283519
4.145272922283519
4.145272922283519
4.145272922283519
4.145272922283519
4.145272922283519
3.510831639098651
3.510831639098651
3.510831639098651
3.510831639098651
3.510831639098651
3.2691141082678
3.2691141082678
3.2691141082678
3.2691141082678
3.2378073315637934
2.8128301707210817
2.8128301707210817
2.8128301707210817
2.8128301707210817
2.8128301707210817
2.8128301707210817
2.8128301707210817
2.8128301707210817
2.8128301707210817
2.8128301707210817
2.8128301707210817
2.8128301707210817
2.7923274290626026
2.7923274290626026
2.7923274290626026
2.7923274290626026
2.7923274290626026
2.7923274290626026
2.633098370519587
2.633098370519587
2.633098370519587
2.633098370519587
2.633098370519587
2.633098370519587
2.633098370519587
2.633098370519587
2.633098370519587
2.633098370519587
2.633098370519587
2.633098370519587
2.633098370519587
2.633098370519587
2.633098370519587
2.633098370519587
2.633098370519587
2.633098370519587
2.633098370519587
2.1978365891303184
2.1978365891303184
2.1978365891303184
2.1978365891303184
2.1978365891303184
2.1978365891303184
2.1978365891303184
2.1978365891303184
2.1978365891303184
2.1978365891303184
2.1978365891303184
2.1978365891303184
2.1978365891303184
2.138254022844386
2.080954568674322
2.080954568674322
2.080954568674322
2.080954568674322
2.080954568674322
2.080954568674322
2.080954568674322
2.080954568674322
2.080954568674322
2.080954568674322
2.080954568674322
2.080954568674322
2.080954568674322
2.0431242455820957
2.0431242455820957
2.0431242455820957
2.0431242455820957
1.9806409440931496
1.9806409440931496
1.9806409440931496
1.9806409440931496
1.9806409440931496
1.9806409440931496
1.9426299673799718
1.9426299673799718
1.8309562377322557
1.8309562377322557
1.8309562377322557
1.8309562377322557
1.8309562377322557
1.8309562377322557
1.8309562377322557
1.8309562377322557
1.8309562377322557
1.8309562377322557
1.7191436474638415
1.7191436474638415
1.7191436474638415
1.7191436474638415
1.7191436474638415
1.7191436474638415
1.3580367771852906
1.3580367771852906
1.3580367771852906
1.3580367771852906
1.3580367771852906
1.3580367771852906
1.3580367771852906
1.3580367771852906
1.3580367771852906
1.3580367771852906
1.3580367771852906
1.3580367771852906
1.3580367771852906
1.3580367771852906
1.3580367771852906
1.3580367771852906
1.3580367771852906
1.3580367771852906
1.2736946471099309
1.2736946471099309
1.2736946471099309
1.1966344091508532
1.1966344091508532
1.1966344091508532
1.1966344091508532
1.1966344091508532
1.1966344091508532
1.1966344091508532
1.1966344091508532
1.1966344091508532
1.1966344091508532
1.1966344091508532
1.1966344091508532
1.1966344091508532
1.1376875717385175
1.1284617718035932
1.1284617718035932
1.0310476624199794
1.0310476624199794
0.6605803676023037
0.6605803676023037
0.6605803676023037
0.6561522137181619
0.6561522137181619
0.6561522137181619
0.6561522137181619
0.6561522137181619
0.6556775928287486
0.6556775928287486
0.6556775928287486
0.6556775928287486
0.6556775928287486
0.6556775928287486
0.6556775928287486
0.6556775928287486
0.6056287225716943
0.6056287225716943
0.6056287225716943
0.6056287225716943
0.6056287225716943
0.6056287225716943
0.6056287225716943
0.6056287225716943
0.6056287225716943
0.553196757761615
0.553196757761615
0.553196757761615
0.553196757761615
0.553196757761615
0.553196757761615
0.553196757761615
0.553196757761615
0.553196757761615
0.553196757761615
0.553196757761615
0.5521991894039537
0.5521991894039537
0.5521991894039537
0.5521991894039537
0.5521991894039537
0.5521991894039537
0.5521991894039537
0.5521991894039537
0.5521991894039537
0.5521991894039537
0.5139674671269319
0.5139674671269319
0.5139674671269319
0.5139674671269319
0.5139674671269319
0.5139674671269319
0.5139674671269319
0.5139674671269319
0.5139674671269319
0.5139674671269319
0.4351909353452186
0.4351909353452186
0.4351909353452186
0.4351909353452186
0.4351909353452186
0.4351909353452186
0.4351909353452186
0.4165241117870373
0.4165241117870373
0.4165241117870373
0.4165241117870373
0.4165241117870373
0.4165241117870373
0.3983919006740173
0.3983919006740173
0.3983919006740173
0.3983919006740173
0.3983919006740173
0.3983919006740173
0.3983919006740173
0.3983919006740173
0.3983919006740173
0.3983919006740173
0.3983919006740173
0.3980075212821781
0.3980075212821781
0.3980075212821781
0.3980075212821781
0.3980075212821781
0.3980075212821781
0.3980075212821781
0.3980075212821781
0.3980075212821781
0.3980075212821781
0.34960423898395376
0.34960423898395376
0.34960423898395376
0.34960423898395376
0.34960423898395376
0.34960423898395376
0.34960423898395376
0.3477715251289979
0.3477715251289979
0.3477715251289979
0.3477715251289979
0.3477715251289979
0.3477715251289979
0.3477715251289979
0.3477715251289979
0.30561450218752384
0.30561450218752384
0.30561450218752384
0.30561450218752384
0.3000754633306322
0.3000754633306322
0.3000754633306322
0.3000754633306322
0.3000754633306322
0.3000754633306322
0.3000754633306322
0.2929883457694267
0.2929883457694267
0.2789121208114054
0.2789121208114054
0.2789121208114054
0.2678596702876632
0.2461365210064379
0.2461365210064379
0.2461365210064379
0.2461365210064379
0.2461365210064379
0.2461365210064379
0.2461365210064379
0.2461365210064379
0.2461365210064379
0.2461365210064379
0.2461365210064379
0.24473134824734544
0.24473134824734544
0.24238426524805945
0.24238426524805945
0.24238426524805945
0.24238426524805945
0.24238426524805945
0.24238426524805945
0.24238426524805945
0.24238426524805945
0.24238426524805945
0.24238426524805945
0.24238426524805945
0.24238426524805945
0.24238426524805945
0.23006782079450616
0.23006782079450616
0.23006782079450616
0.23006782079450616
0.23006782079450616
0.23006782079450616
0.23006782079450616
0.23006782079450616
0.23006782079450616
0.23006782079450616
0.2260078651460482
0.2260078651460482
0.22524737336016898
0.22524737336016898
0.22524737336016898
0.22524737336016898
0.22524737336016898
0.22524737336016898
0.22524737336016898
0.21691004390614665
0.20604766398788854
0.20549331280508554
0.20549331280508554
0.19070439672383444
0.19070439672383444
0.19070439672383444
0.18646575310463476
0.18646575310463476
0.18646575310463476
0.18444440917770066
0.18444440917770066
0.18444440917770066
0.18444440917770066
0.18444440917770066
0.1836910638056395
0.1836910638056395
0.17388091361074842
0.17388091361074842
0.17388091361074842
0.14015044850593483
0.14015044850593483
0.14015044850593483
0.14015044850593483
0.14015044850593483
0.14015044850593483
0.14015044850593483
0.14015044850593483
0.14015044850593483
0.14015044850593483
0.14015044850593483
0.14015044850593483
0.14015044850593483
0.14015044850593483
0.13773725095492395
0.12840558230411503
0.12840558230411503
0.12840558230411503
0.12840558230411503
0.12840558230411503
0.12840558230411503
0.12840558230411503
0.11971276928260721
0.11971276928260721
0.11735637149359235
0.11735637149359235
0.11735637149359235
0.11649865909269153
0.11649865909269153
0.11649865909269153
0.11649865909269153
0.11649865909269153
0.11649865909269153
0.11649865909269153
0.11649865909269153
0.11649865909269153
0.11649865909269153
0.11649865909269153
0.11649865909269153
0.11649865909269153
0.11649865909269153
0.11649865909269153
0.11649865909269153
0.11649865909269153
0.11649865909269153
0.10507903114790551
0.09716155649358882
0.09716155649358882
0.09716155649358882
0.09716155649358882
0.09716155649358882
0.09716155649358882
0.09716155649358882
0.09716155649358882
0.09716155649358882
0.09716155649358882
0.09716155649358882
0.09716155649358882
0.09716155649358882
0.09716155649358882
0.09716155649358882
0.09716155649358882
0.09716155649358882
0.09716155649358882
0.09292023832649932
0.09292023832649932
0.09292023832649932
0.09292023832649932
0.0912355382978447
0.0912355382978447
0.09105990985730372
0.08912918181941976
0.0873030704703659
0.0873030704703659
0.08000843074541208
0.08000843074541208
0.08000843074541208
0.08000843074541208
0.08000843074541208
0.07401877993489236
0.07401877993489236
0.07401877993489236
0.07401877993489236
0.07302431304118073
0.06930351608804841
0.06930351608804841
0.06930351608804841
0.06930351608804841
0.0687949256592546
0.0687949256592546
0.06797620469131971
0.06797620469131971
0.0624180093269473
0.0624180093269473
0.0624180093269473
0.0624180093269473
0.0624180093269473
0.06228418767231858
0.06228418767231858
0.059110386034905815
0.059110386034905815
0.059110386034905815
0.059110386034905815
0.059110386034905815
0.059110386034905815
0.059110386034905815
0.059110386034905815
0.058023745431789564
0.05745851108557076
0.055023490181064005
0.055023490181064005
0.055023490181064005
0.055023490181064005
0.051064555419241486
0.051064555419241486
0.051064555419241486
0.051064555419241486
0.051064555419241486
0.051064555419241486
0.051064555419241486
0.051064555419241486
0.046542371785459835
0.046542371785459835
0.046542371785459835
0.046542371785459835
0.046542371785459835
0.046542371785459835
0.046542371785459835
0.046542371785459835
0.046542371785459835
0.046542371785459835
0.04298629171573154
0.04298629171573154
0.04298629171573154
0.04298629171573154
0.04298629171573154
0.04298629171573154
0.04298629171573154
0.04298629171573154
0.03871933395397065
0.03871933395397065
0.03871933395397065
0.03871933395397065
0.03871933395397065
0.03871933395397065
0.03871933395397065
0.03871933395397065
0.03871933395397065
0.03871933395397065
0.03871933395397065
0.03848618801240633
0.03848618801240633
0.03710533322346521
0.03710533322346521
0.03710533322346521
0.03710533322346521
0.03710533322346521
0.03710533322346521
0.03710533322346521
0.03710533322346521
0.03710533322346521
0.03710533322346521
0.033333518555476616
0.033333518555476616
0.033333518555476616
0.033333518555476616
0.033333518555476616
0.033333518555476616
0.033333518555476616
0.033333518555476616
0.033333518555476616
0.033333518555476616
0.033333518555476616
0.033333518555476616
0.033333518555476616
0.033333518555476616
0.033333518555476616
0.033333518555476616
0.033333518555476616
0.033333518555476616
0.033333518555476616
0.033333518555476616
0.033333518555476616
0.033333518555476616
0.033333518555476616
0.033333518555476616
0.033333518555476616
0.033333518555476616
0.033333518555476616
0.033333518555476616
0.03151074315038471
0.03151074315038471
0.03151074315038471
0.03151074315038471
0.03151074315038471
0.029844420641037317
0.029844420641037317
0.029844420641037317
0.028164109738096244
0.028164109738096244
0.028164109738096244
0.02791132586333589
0.02791132586333589
0.02791132586333589
0.02791132586333589
0.02791132586333589
0.02791132586333589
0.02791132586333589
0.02791132586333589
0.02791132586333589
0.02791132586333589
0.021455997248647662
0.021455997248647662
0.021455997248647662
0.021455997248647662
0.021455997248647662
0.021455997248647662
0.021455997248647662
0.01978388237352391
0.01978388237352391
0.01978388237352391
0.01978388237352391
0.019675853972831447
0.018567519388628995
0.018567519388628995
0.018567519388628995
0.018567519388628995
0.018567519388628995
0.018567519388628995
0.018567519388628995
0.018567519388628995
0.018567519388628995
0.018567519388628995
0.018567519388628995
0.018567519388628995
0.018567519388628995
0.018567519388628995
0.018499034766289668
0.018499034766289668
0.017697736103631456
0.017697736103631456
0.017697736103631456
0.017697736103631456
0.017697736103631456
0.017697736103631456
0.017697736103631456
0.017697736103631456
0.017304223942595343
0.017304223942595343
0.017304223942595343
0.017304223942595343
0.017304223942595343
0.017304223942595343
0.017304223942595343
0.017304223942595343
0.017304223942595343
0.017158019385089318
0.017158019385089318
0.017158019385089318
0.017158019385089318
0.017158019385089318
0.017158019385089318
0.016381749980659777
0.016381749980659777
0.016381749980659777
0.016381749980659777
0.016381749980659777
0.016381749980659777
0.016381749980659777
0.016381749980659777
0.016381749980659777
0.016381749980659777
0.016381749980659777
0.016381749980659777
0.016381749980659777
0.016381749980659777
0.016366655731232527
0.015779023351672805
0.015779023351672805
0.015779023351672805
0.015779023351672805
0.015779023351672805
0.015779023351672805
0.015779023351672805
0.015779023351672805
0.015727948627095145
0.015727948627095145
0.015619499965360717
0.015619499965360717
0.015619499965360717
0.015619499965360717
0.015619499965360717
0.015619499965360717
0.015605003658286876
0.015605003658286876
0.014939524420604755
0.014939524420604755
0.014939524420604755
0.014939524420604755
0.014939524420604755
0.014939524420604755
0.014939524420604755
0.013521453372607795
0.013521453372607795
0.013521453372607795
0.013521453372607795
0.013521453372607795
0.013521453372607795
0.013521453372607795
0.013521453372607795
0.013521453372607795
0.013521453372607795
0.013521453372607795
0.013521453372607795
0.013521453372607795
0.012640572362460745
0.012640572362460745
0.012640572362460745
0.012640572362460745
0.012640572362460745
0.011032615666195511
0.011032615666195511
0.011032615666195511
0.011032615666195511
0.011032615666195511
0.011032615666195511
0.011032615666195511
0.011032615666195511
0.011032615666195511
0.011032615666195511
0.011032615666195511
0.011032615666195511
0.011032615666195511
0.011032615666195511
0.011032615666195511
0.011032615666195511
0.008983050016659888
0.008983050016659888
0.008983050016659888
0.008983050016659888
0.008983050016659888
0.008983050016659888
0.008983050016659888
0.008983050016659888
0.008983050016659888
0.008983050016659888
0.008983050016659888
0.008983050016659888
0.008983050016659888
0.008983050016659888
0.008983050016659888
0.008983050016659888
0.008983050016659888
0.008983050016659888
0.008983050016659888
0.0089210085242577
0.0089210085242577
0.008201965255832278
0.008201965255832278
0.008201965255832278
0.008201965255832278
0.008201965255832278
0.008201965255832278
0.008201965255832278
0.008201965255832278
0.008201965255832278
0.008201965255832278
0.008201965255832278
0.008201965255832278
0.008201965255832278
0.008201965255832278
0.008201965255832278
0.008201965255832278
0.008201965255832278
0.008201965255832278
0.008201965255832278
0.00807747689093219
0.00807747689093219
0.007687058409405978
0.007687058409405978
0.006859852753539286
0.006859852753539286
0.006859852753539286
0.006859852753539286
0.006859852753539286
0.006859852753539286
0.006859852753539286
0.006859852753539286
0.006859852753539286
0.006859852753539286
0.006705054495199647
0.006705054495199647
0.006705054495199647
0.00669389325299008
0.006094072609435841
0.006094072609435841
0.006094072609435841
0.006094072609435841
0.006094072609435841
0.006094072609435841
0.006094072609435841
0.006094072609435841
0.006094072609435841
0.006094072609435841
0.006094072609435841
0.005854006337216333
0.005854006337216333
0.005854006337216333
0.005854006337216333
0.005854006337216333
0.005854006337216333
0.005534569916509469
0.005534569916509469
0.005534569916509469
0.005534569916509469
0.005534569916509469
0.005265726484925182
0.004105080748882273
0.004105080748882273
0.004105080748882273
0.004105080748882273
0.004105080748882273
0.004105080748882273
0.004105080748882273
0.004105080748882273
0.004105080748882273
0.004105080748882273
0.004105080748882273
0.004105080748882273
0.004105080748882273
0.0038878866539917567
0.0038878866539917567
0.0038878866539917567
0.0038878866539917567
0.0038878866539917567
0.0038878866539917567
0.0038878866539917567
0.0038878866539917567
0.003866819073301997
0.0038438257604873627
0.0038438257604873627
0.0038438257604873627
0.0038438257604873627
0.0036751071599745444
0.0036751071599745444
0.0036751071599745444
0.0036751071599745444
0.0036751071599745444
0.0036751071599745444
0.0036751071599745444
0.0036751071599745444
0.0036751071599745444
0.0036751071599745444
0.0036751071599745444
0.0036751071599745444
0.0036751071599745444
0.0036751071599745444
0.0036751071599745444
0.0036751071599745444
0.0036751071599745444
0.0036751071599745444
0.0036751071599745444
0.003585499342271703
0.003585499342271703
0.003585499342271703
0.003585499342271703
0.003331236739164467
0.003331236739164467
0.003331236739164467
0.003331236739164467
0.003331236739164467
0.003331236739164467
0.003331236739164467
0.003331236739164467
0.003331236739164467
0.003331236739164467
0.0032480022066359027
0.0032480022066359027
0.0032480022066359027
0.0032480022066359027
0.0032480022066359027
0.003093801576380173
0.003093801576380173
0.003093801576380173
0.003093801576380173
0.003093801576380173
0.003093801576380173
0.003093801576380173
0.003093801576380173
0.003093801576380173
0.0029267446301624034
0.0029267446301624034
0.0029267446301624034
0.0029267446301624034
0.0029267446301624034
0.0029267446301624034
0.0029267446301624034
0.0029200673001525956
0.002519944806913088
0.002519944806913088
0.002519944806913088
0.002519944806913088
0.002519944806913088
0.002519944806913088
0.002519944806913088
0.002519944806913088
0.002519944806913088
0.002519944806913088
0.002519944806913088
0.002519944806913088
0.002519944806913088
0.002519944806913088
0.002227877949785295
0.002227877949785295
0.002227877949785295
0.002227877949785295
0.002227877949785295
0.002227877949785295
0.002227877949785295
0.002227877949785295
0.002227877949785295
0.002227877949785295
0.002227877949785295
0.002227877949785295
0.002227877949785295
0.002227877949785295
0.002227877949785295
0.002227877949785295
0.002227877949785295
0.002227877949785295
0.002227877949785295
0.0021539496962823534
0.0020816331244049024
0.002003085851050912
0.002003085851050912
0.002003085851050912
0.002003085851050912
0.002003085851050912
0.002003085851050912
0.002003085851050912
0.002003085851050912
0.002003085851050912
0.002003085851050912
0.002003085851050912
0.002003085851050912
0.002003085851050912
0.002003085851050912
0.002003085851050912
0.002003085851050912
0.002003085851050912
0.0019289276971363734
0.0019289276971363734
0.0019289276971363734
0.0019289276971363734
0.0019289276971363734
0.0019289276971363734
0.0019289276971363734
0.0019289276971363734
0.0019289276971363734
0.0019289276971363734
0.0019289276971363734
0.0019289276971363734
0.0019289276971363734
0.0019289276971363734
0.0019289276971363734
0.0019289276971363734
0.0018681523670771583
0.0018681523670771583
0.0018681523670771583
0.0018681523670771583
0.0018681523670771583
0.0018681523670771583
0.0018681523670771583
0.0018681523670771583
0.0018681523670771583
0.0018681523670771583
0.0018681523670771583
0.001710126555714453
0.001710126555714453
0.001557971281247461
0.001557971281247461
0.001557971281247461
0.001557971281247461
0.001557971281247461
0.001557971281247461
0.001557971281247461
0.001557971281247461
0.001557971281247461
0.001557971281247461
0.001557971281247461
0.001557971281247461
0.001557971281247461
0.001557971281247461
0.001557971281247461
0.0015151042137659942
0.0013994355222344268
0.0013994355222344268
0.0013994355222344268
0.0013630243067837
0.0013630243067837
0.0012406043181378834
0.0012406043181378834
0.0012406043181378834
0.0012406043181378834
0.0012406043181378834
0.0012406043181378834
0.0012406043181378834
0.0012406043181378834
0.0012406043181378834
0.0012406043181378834
0.0012406043181378834
0.0011612707667190136
0.0011612707667190136
0.0011612707667190136
0.0011612707667190136
0.0011612707667190136
0.0011612707667190136
0.0011612707667190136
0.0011612707667190136
0.0011612707667190136
0.0011612707667190136
0.0011612707667190136
0.0011612707667190136
0.0011612707667190136
0.0011612707667190136
0.0011612707667190136
0.0011612707667190136
0.0011612707667190136
0.0011612707667190136
0.0011612707667190136
0.0011612707667190136
0.0011612707667190136
0.0010470466442136228
0.0010470466442136228
0.0010470466442136228
0.0010470466442136228
