18.34365678233098
18.3427433096058
18.34151980794181
18.269903754028753
18.26872545678984
18.26872545678984
18.229512081286018
18.22186636069299
18.220695012053266
18.220695012053266
18.101491163248728
17.775046306202633
17.775046306202633
17.76219558423876
17.75594268350231
17.752040969372196
17.29889934591902
17.29889934591902
17.29862334662955
17.296715236612812
17.29408102212655
16.86968856475598
16.571147288169307
16.565660046756445
16.536011074262518
16.536011074262518
16.536011074262518
16.530752577298056
16.530752577298056
16.530752577298056
16.530752577298056
16.530752577298056
16.530752577298056
16.51165030384315
16.450832010175247
15.216536485233249
15.214769224563074
15.210636798390691
15.195976141684259
15.186238173282488
15.185343120021045
15.159091347620997
15.030105428087863
15.023778106593992
15.023778106593992
15.023778106593992
14.99904838556712
14.998853417485874
14.803533708214717
14.803533708214717
14.799688652937926
14.798080975135802
14.690318272442783
14.674709119134015
14.674709119134015
14.255608296756643
14.255608296756643
14.255608296756643
14.24933774739797
14.24933774739797
13.067049635808466
13.067049635808466
13.067049635808466
13.067049635808466
13.067049635808466
13.066849690815044
13.066849690815044
13.064166883119485
13.064133707304398
13.064133707304398
13.043077922509832
13.040810920619103
13.040698781377138
13.040698781377138
13.04065206998603
13.04065206998603
12.913717244986593
12.913717244986593
12.913717244986593
12.913676856846815
12.910585836140685
12.91040887638231
12.901285937664726
12.900232370971837
12.763483467458242
12.756394886723688
12.752821654671353
11.208455566468265
11.208455566468265
11.20018276816092
11.197902193877223
11.197902193877223
11.189838225055446
11.189838225055446
11.189838225055446
11.164733640552816
11.164712651486795
11.164712651486795
11.164712651486795
11.164712651486795
11.164712651486795
11.164425921259618
11.164425921259618
11.163174803597588
11.163174803597588
11.163174803597588
11.163174803597588
11.101293792892635
11.099076967889452
11.096997181839434
11.096997181839434
11.096997181839434
11.096997181839434
11.024070651403363
11.024070651403363
11.006157423794107
10.892719512603257
10.891078547117743
10.891078547117743
10.889962435184827
10.888865091553285
10.888865091553285
10.616776355428994
10.588405856596413
10.588405856596413
10.580413288283012
10.580413288283012
10.579803208126073
10.57663181436062
10.575007100699633
10.57462654066884
10.569387822530132
10.560949916903475
10.560131848843183
10.497673764364453
10.497673764364453
10.497673764364453
10.495707890314446
10.494413802134448
10.494413802134448
10.494413802134448
10.494413802134448
10.494413802134448
10.489088011652155
10.489088011652155
10.48837063904842
10.48837063904842
10.48837063904842
10.484969426938708
10.422199333834781
10.383926099789587
10.383926099789587
9.791515290011432
9.789392519594966
9.789392519594966
9.789392519594966
9.789392519594966
9.788078297038311
9.78785430513527
9.587574203249904
9.587571885932476
9.58567527281439
9.579388097644113
9.555095133961723
9.555095133961723
9.555095133961723
9.555095133961723
9.44037529701404
9.243818540742314
9.243818540742314
9.243818540742314
9.219704755329284
8.957374546573975
8.914115996262545
8.910083511048486
8.910083511048486
8.853315489235044
8.842587966134381
8.723058283735394
8.723058283735394
8.723058283735394
8.717846829727703
8.717846829727703
8.717846829727703
8.717846829727703
8.717846829727703
8.717522994052722
8.711176767773917
8.480839005359966
8.480839005359966
8.470685720370788
8.469916993928504
8.469916993928504
8.469820702620273
8.469820702620273
8.465479475867724
8.461494579853534
8.418919678465345
8.418919678465345
8.418919678465345
8.417344125440072
8.411828606023214
8.040729231116122
8.040729231116122
8.040729231116122
8.040729231116122
8.037413328414862
7.839758060348398
7.839758060348398
7.50706440702
7.50706440702
6.850341680545839
6.649321916085761
6.645954951136112
6.645105507190415
6.642218454938684
6.641122595480825
6.639726545574348
6.6130258901209125
6.538894878592709
6.509828268820888
6.509828268820888
6.509828268820888
6.509828268820888
6.508775222805539
6.508736733435423
6.508736733435423
6.508736733435423
6.508736733435423
6.508736733435423
6.508736733435423
6.50708474343814
6.507075261756279
6.326635557450269
6.326635557450269
6.321389768696095
6.310083042848284
6.310083042848284
6.309670886033976
6.309670886033976
6.306161858208265
6.306161858208265
6.306161858208265
6.306161858208265
6.265311292402341
6.265311292402341
6.261591765981125
6.068187207748494
6.068187207748494
6.068187207748494
6.068187207748494
6.068187207748494
6.064009815688502
6.064009815688502
6.063842764946582
6.059524338945691
5.974092955695182
5.874382384009749
5.874382384009749
5.874321046483313
5.874310243812843
5.874238464476026
5.874238464476026
5.865842563071954
5.838067238243346
5.826590404257548
5.809953707985358
5.809953707985358
5.775919494489649
5.760995318290567
5.754303425608962
5.754037568658548
5.743197827126361
5.743197827126361
5.714547750250276
5.641988653684756
5.623409656659366
5.623409656659366
5.482456129814697
5.467037492083364
5.464710087584489
5.446901355739968
5.446901355739968
5.375413318222794
5.375413318222794
5.37376179355617
5.37376179355617
5.37376179355617
5.3651696339663
5.363238606335324
5.363238606335324
5.36201267635559
5.350992433061073
5.3369463111933975
5.298499689668311
5.296081756343938
5.296081756343938
5.296081756343938
5.287838902693181
5.262038566208478
5.258510301429116
5.258510301429116
5.226779581381795
5.22056315169538
5.218869792949953
5.218869792949953
5.218869792949953
5.218869792949953
5.2186560213189885
5.217096974361208
5.214835046827368
5.210144567131131
5.210144567131131
5.210144567131131
5.184951648717661
5.109957949010816
5.019334846398799
5.015526067672823
5.015526067672823
4.994729182554689
4.9943855434689866
4.9943855434689866
4.978723359175522
4.978723359175522
4.96990729048391
4.891111955189121
4.891111955189121
4.891111955189121
4.864143060611937
4.353505028111041
4.353505028111041
4.350460892741371
4.350460892741371
4.350460892741371
4.350304999616423
4.350304999616423
4.344441274971402
4.341715430963291
4.341715430963291
4.341715430963291
4.341715430963291
4.33449657060185
4.33449657060185
4.334221817987395
4.332592440572572
4.332592440572572
4.332592440572572
4.316923003094718
4.30777887520329
4.30242258167787
4.30242258167787
4.30242258167787
4.30242258167787
4.30242258167787
4.30242258167787
4.30242258167787
4.30242258167787
4.300743339859775
4.2981583409106925
4.2981583409106925
4.2981583409106925
4.291231693022709
4.288693198782706
4.288693198782706
4.013512090984101
4.003174452187881
4.003174452187881
4.003174452187881
3.99172710477583
3.99172710477583
3.972249462128417
3.9702742503808466
3.9702742503808466
3.9623340918938936
3.9577689020940383
3.9550295411431513
3.9312794496965644
3.9311577510164106
3.9311577510164106
3.9253648048590293
3.901395471460887
3.8902744071741715
3.8725383240295486
3.842385864684964
3.842385864684964
3.842385864684964
3.8370507997095302
3.8370507997095302
3.835274793190681
3.835274793190681
3.680674575921792
3.6637722100410244
3.6637722100410244
3.6358066021315274
3.6358066021315274
3.634209546613153
3.634209546613153
3.6314279551888156
3.6314279551888156
3.6276533766075723
3.6276533766075723
3.6185327493603623
3.6185327493603623
3.505306958666935
3.505306958666935
3.5046127930389943
3.4934769475201506
3.493273778836951
3.493273778836951
3.442980486780229
3.428464722689288
3.428464722689288
3.428464722689288
3.428464722689288
3.428464722689288
3.4234190257077515
3.421757026762343
3.421757026762343
3.4209024816915665
3.332523561856032
3.3312451380779393
3.3312451380779393
3.3288982502196376
3.3288982502196376
3.3288982502196376
3.3288982502196376
3.3288982502196376
3.3110671045082825
3.3110671045082825
3.3090360928290785
3.297370842834745
3.2840240952118975
3.2840240952118975
3.28378475291262
3.28378475291262
3.28378475291262
3.28378475291262
3.28378475291262
3.2605215223100856
3.22503000125511
3.22503000125511
3.22503000125511
3.22503000125511
3.22503000125511
3.22503000125511
3.2123849030430343
3.209857923634342
3.054767803574233
3.054767803574233
3.03739394640537
3.03739394640537
3.03739394640537
3.0347073650101457
3.0321775151432178
3.0321224598531415
3.032095715949609
3.024139874353679
3.024139874353679
3.024139874353679
3.0227658667352415
2.983703404904521
2.978995596930222
2.9775314251241696
2.976063827923493
2.9747389175904786
2.956724407271267
2.956724407271267
2.956079135795324
2.95219721643927
2.95219721643927
2.9465562690515377
2.94438137595327
2.941316221288247
2.931804625472399
2.931804625472399
2.931804625472399
2.9317923039877876
2.9317923039877876
2.9316400416172925
2.9312569957815455
2.8971626251075193
2.8971626251075193
2.8971626251075193
2.8549627272878197
2.8274578073044907
2.8274578073044907
2.8215093278483465
2.815167980868697
2.815167980868697
2.8067331353230998
2.8050588692020035
2.69386884450104
2.691015758885957
2.691015758885957
2.6850448283755988
2.6850448283755988
2.6850448283755988
2.6850448283755988
2.6850448283755988
2.6818923297519923
2.6818923297519923
2.6818923297519923
2.670525727446609
2.670525727446609
2.6628811971965085
2.6149230429231345
2.6144325131725843
2.6002960329264297
2.587933549298832
2.587933549298832
2.585261570826809
2.583541639533834
2.583541639533834
2.5715300028171484
2.5619082674354274
2.5605364789803318
2.5605364789803318
2.560209169700343
2.554652767639663
2.4918231387192478
2.4918231387192478
2.4918231387192478
2.4918231387192478
2.4918231387192478
2.4840698493709468
2.4840698493709468
2.4803527486902155
2.4803527486902155
2.471204601091415
2.471204601091415
2.471204601091415
2.469139698638134
2.469139698638134
2.469139698638134
2.468611991831043
2.468611991831043
2.468611991831043
2.468592195043385
2.4458349194858116
2.4458349194858116
2.4434474912419297
2.417307269987564
2.4108229011853055
2.4108229011853055
2.4067139273534828
2.406120266571616
2.406120266571616
2.3648154954271305
2.3631241010962185
2.3626431273477735
2.36106711358709
2.3568910201204964
2.3568910201204964
2.353299022893257
2.3531887032847827
2.3531887032847827
2.3531887032847827
2.3531887032847827
2.3531887032847827
2.3531887032847827
2.3531887032847827
2.3531887032847827
2.3531887032847827
2.3499991345925295
2.3499991345925295
2.3499991345925295
2.3252543517628474
2.3249281245508158
2.324884329201087
2.3232447924189827
2.2463378351065586
2.2462782715511374
2.2462782715511374
2.2462782715511374
2.2462782715511374
2.22614893422433
2.22614893422433
2.2254516698963194
2.2249445332641677
2.2227926151804454
2.2167313312744703
2.2167313312744703
2.2167313312744703
2.1654989379920337
2.16208064823606
2.16208064823606
2.16208064823606
2.16208064823606
2.161286616891136
2.1605176597056044
2.1600310387579675
2.1531972223035076
2.144525024245848
2.1281443151465105
2.1281443151465105
2.127804990833262
2.1277420813071153
2.1277420813071153
2.1164045233748467
2.1161052888066187
2.1161052888066187
2.113230624503519
2.097892603886997
2.097892603886997
2.097892603886997
2.0966771229587096
2.0966771229587096
2.0966771229587096
2.0966771229587096
2.0721539502491346
2.0721539502491346
2.0721539502491346
2.0721539502491346
2.0708106933012402
2.0625112041373086
2.0625112041373086
2.058278701630808
2.058278701630808
2.058278701630808
2.0459905992400813
2.0459905992400813
2.0459905992400813
2.0459905992400813
2.0459905992400813
2.044390606204143
2.0343741744000887
2.0343741744000887
2.0343741744000887
2.0343741744000887
2.0233505848178517
2.022271666693996
2.022271666693996
2.01756998695517
2.01756998695517
2.01756998695517
2.01756998695517
2.0175370937665704
2.014815522472727
2.014815522472727
2.014815522472727
2.014815522472727
2.0013858457500078
2.0006796620853713
1.999541188645047
1.9930859636352452
1.990755964559554
1.990755964559554
1.9899307663179044
1.9899307663179044
1.9899307663179044
1.9892169235785353
1.9892169235785353
1.9880166296070811
1.9880166296070811
1.9848591293262068
1.9844968268203793
1.9800342225210876
1.9782263200346364
1.9753988357765628
1.9753988357765628
1.9668087507791974
1.9668087507791974
1.9547807629325007
1.9547807629325007
1.9547807629325007
1.9540660004714638
1.9540660004714638
1.9540660004714638
1.9540660004714638
1.9478776340192816
1.9478776340192816
1.9478776340192816
1.9377417056586275
1.9377417056586275
1.9160812196256174
1.9159549907278013
1.9159549907278013
1.9138577156236174
1.9138577156236174
1.9138577156236174
1.9138577156236174
1.9138577156236174
1.9138577156236174
1.9138577156236174
1.9138577156236174
1.9138577156236174
1.908883016160189
1.908883016160189
1.908883016160189
1.905973695029946
1.9059517779807251
1.9059517779807251
1.9038118115292093
1.9007218156779118
1.8990128843865328
1.8990128843865328
1.8990128843865328
1.8990128843865328
1.8973467710901204
1.8973467710901204
1.8939697318645834
1.8925046728952175
1.8925046728952175
1.8925046728952175
1.8925046728952175
1.8814344786795196
1.8814344786795196
1.8814344786795196
1.87420319260044
1.8109534026129062
1.8109534026129062
1.8076340679008887
1.8076340679008887
1.8076340679008887
1.8076340679008887
1.8052363252916734
1.8052363252916734
1.799523076621238
1.7993768814376487
1.7993768814376487
1.7993768814376487
1.7993768814376487
1.7972674367800714
1.7972674367800714
1.7972674367800714
1.7972674367800714
1.7277085028221357
1.7254725189125324
1.7254725189125324
1.686900073590607
1.686900073590607
1.686900073590607
1.686900073590607
1.686900073590607
1.686900073590607
1.686900073590607
1.6820586615473978
1.6820586615473978
1.6820586615473978
1.6820586615473978
1.6820586615473978
1.675852478473729
1.675852478473729
1.675852478473729
1.672374779352623
1.672374779352623
1.672374779352623
1.6707683961829467
1.6693424530672587
1.6693424530672587
1.666695692978891
1.666695692978891
1.6518315770253231
1.6518315770253231
1.6504005732211873
1.6501171266339334
1.6501171266339334
1.6501171266339334
1.6489353092943908
1.6413625905560991
1.628152678736285
1.6278772734229783
1.6153013129900735
1.6153013129900735
1.6153013129900735
1.6068597898059167
1.6068597898059167
1.6068597898059167
1.6068597898059167
1.6054431055865308
1.6054431055865308
1.6054431055865308
1.5911796449303495
1.5910797681745699
1.5802156883317693
1.5789167348355164
1.5789167348355164
1.5729652469769455
1.5721629911512593
1.5659909781292676
1.5642907632009617
1.564181933594913
1.5545922512679766
1.5545922512679766
1.5502661864075975
1.5502661864075975
1.5492552094411813
1.5492552094411813
1.5492552094411813
1.5492552094411813
1.5298622973189389
1.5298622973189389
1.5298622973189389
1.5298622973189389
1.5298622973189389
1.527550340134571
1.527550340134571
1.5272023199469693
1.5272023199469693
1.527115333238207
1.527115333238207
1.522328263926365
1.5207941245912338
1.5135050595333652
1.5135050595333652
1.5135050595333652
1.5134833964091392
1.5100330625332603
1.5043119762102712
1.499794606165544
1.4984156173225927
1.4981678384483352
1.4981678384483352
1.4981678384483352
1.4980556066402464
1.491471533166255
1.4718091018814192
1.4718091018814192
1.4679443293368628
1.467583091881007
1.4675477653648699
1.4675477653648699
1.4675477653648699
1.4675477653648699
1.4659129867049998
1.4659129867049998
1.4659129867049998
1.4655527087049691
1.4620899363509494
1.4602823869495865
1.458994227851953
1.458994227851953
1.458994227851953
1.4580527380128459
1.4580527380128459
1.420847122469219
1.4192805158853474
1.4190180832917605
1.4190180832917605
1.414991674708709
1.414991674708709
1.4096356206407137
1.4096356206407137
1.4096356206407137
1.4096356206407137
1.4096356206407137
1.4096356206407137
1.3730432140662607
1.366371239709018
1.366371239709018
1.3651726940700968
1.3651726940700968
1.3651726940700968
1.3624804124082566
1.3624804124082566
1.3613772005352125
1.3607120224561875
1.3607120224561875
1.352099006077772
1.3519979981748484
1.3519159728143677
1.3508526924488962
1.3508526924488962
1.3507051626475075
1.26091939570847
1.2489849654369856
1.2489849654369856
1.2486088216152318
1.2486088216152318
1.2486029338615587
1.2486029338615587
1.2486029338615587
1.2486029338615587
1.2486029338615587
1.2486029338615587
1.2486029338615587
1.2476764390242714
1.2476764390242714
1.2476764390242714
1.2474283147444218
1.246636320907168
1.246636320907168
1.246636320907168
1.246636320907168
1.2447510761209202
1.2447510761209202
1.2364926790542192
1.2364926790542192
1.2347166767837123
1.2347166767837123
1.2316907744648837
1.060825084977715
1.0476073326039987
1.0465495535524987
1.0465495535524987
1.045110776497392
1.0430141481224808
1.0423957205109424
1.0423957205109424
1.0398579000972852
1.0398579000972852
1.0259338709650088
1.0259338709650088
1.0259338709650088
1.0259338709650088
1.0257961244107747
1.0220058734859272
1.0220058734859272
1.0158428408335993
1.0158428408335993
1.0157541116604314
1.0157541116604314
1.0131403318564018
1.0131403318564018
1.0131403318564018
1.0131403318564018
1.0131403318564018
1.0028855103819971
0.9181809610852731
0.9172764824359874
0.9172764824359874
0.9149119933482623
0.9149119933482623
0.9145254377177139
0.9145254377177139
0.9145254377177139
0.9145254377177139
0.9144991477069411
0.8921223836636756
0.888233581993088
0.888233581993088
0.888233581993088
0.888233581993088
0.888233581993088
0.888233581993088
0.888233581993088
0.888233581993088
0.888233581993088
0.888233581993088
0.8866516164906884
0.8866516164906884
0.8803711176307729
0.8800849173176672
0.8800849173176672
0.8800849173176672
0.876366537239722
0.8666311010655505
0.8662406901048811
0.8528592695586994
0.8528592695586994
0.8494954801202894
0.8461184066736678
0.8458493485564382
0.8458493485564382
0.8458493485564382
0.8458493485564382
0.8458493485564382
0.8458493485564382
0.8458493485564382
0.8445639800710012
0.8445639800710012
0.8445639800710012
0.8414700134691699
0.8405267763873638
0.8396239317484984
0.8376060600236457
0.836021526990951
0.833209084188919
0.833209084188919
0.8313768521619131
0.8313768521619131
0.830939612495925
0.8270392983220489
0.8270392983220489
0.8270392983220489
0.8270392983220489
0.8270392983220489
0.8270392983220489
0.8270392983220489
0.8270392983220489
0.8270392983220489
0.8268321682071615
0.8172032396730522
0.8172032396730522
0.8172032396730522
0.8169803715929334
0.8169803715929334
0.8169803715929334
0.8169803715929334
0.8169803715929334
0.8168949057617674
0.8140547194833339
0.8140547194833339
0.8136201611644829
0.8136201611644829
0.8113406674699384
0.8113406674699384
0.8113406674699384
0.8113406674699384
0.8113406674699384
