18.31313444714501
18.31313444714501
18.31313444714501
17.978152070286598
17.978152070286598
17.978152070286598
17.978152070286598
16.565232752245667
16.565232752245667
16.565232752245667
16.565232752245667
16.546206438253538
16.546206438253538
16.13095423554737
16.13095423554737
16.13095423554737
16.13095423554737
16.13095423554737
16.13095423554737
16.13095423554737
16.13095423554737
16.13095423554737
16.13095423554737
15.98044675355878
15.98044675355878
15.98044675355878
15.610050901996122
15.610050901996122
15.538219661972278
15.538219661972278
15.538219661972278
15.487704040617666
15.487448411933457
15.487448411933457
15.487448411933457
15.329578195572417
15.329578195572417
15.329578195572417
15.329578195572417
15.329578195572417
15.329578195572417
13.5972008643635
13.5972008643635
13.5972008643635
13.5972008643635
13.5972008643635
13.5972008643635
13.5972008643635
13.5972008643635
13.5972008643635
13.5972008643635
13.5972008643635
13.28895537686981
13.28895537686981
13.284665542389615
12.776840691975584
12.776840691975584
12.776840691975584
12.721548772586216
12.721548772586216
12.685301036659588
12.685301036659588
12.685301036659588
12.685301036659588
12.685301036659588
12.685301036659588
12.685301036659588
12.685301036659588
12.685301036659588
12.685301036659588
12.196257703360573
12.196257703360573
12.196257703360573
12.196257703360573
12.196257703360573
12.196257703360573
12.196257703360573
12.196257703360573
12.196257703360573
12.196257703360573
12.196257703360573
12.196257703360573
12.196257703360573
12.196257703360573
11.579345494162702
11.579345494162702
11.579345494162702
11.579345494162702
11.579345494162702
11.579345494162702
11.579345494162702
11.579345494162702
11.579345494162702
10.898572940431414
10.898572940431414
10.898572940431414
10.898572940431414
10.865400047500481
10.835175445920049
10.835175445920049
10.835175445920049
10.835175445920049
10.835175445920049
10.4231425937
10.4231425937
10.41923126464365
10.41923126464365
10.356952109752811
10.356952109752811
10.356952109752811
10.356952109752811
10.356952109752811
10.356952109752811
10.16230672067649
10.16230672067649
9.77153214728357
9.705354719297427
9.486000312565196
9.486000312565196
9.486000312565196
9.486000312565196
9.486000312565196
9.486000312565196
9.486000312565196
9.486000312565196
9.486000312565196
9.486000312565196
9.486000312565196
9.486000312565196
9.486000312565196
9.24435097329032
8.849884349185281
8.849884349185281
8.849884349185281
8.849884349185281
7.956638232503742
7.956638232503742
7.956638232503742
7.956638232503742
7.956638232503742
7.956638232503742
7.956638232503742
7.956638232503742
7.956638232503742
7.956638232503742
7.956638232503742
7.956638232503742
7.956638232503742
7.935600386136226
7.510769671072797
7.510769671072797
7.510769671072797
7.510769671072797
7.510769671072797
7.510769671072797
7.510769671072797
7.510769671072797
7.510769671072797
7.510769671072797
7.510769671072797
7.510769671072797
7.510769671072797
7.510769671072797
7.0970696199292345
7.0970696199292345
6.9607775278743755
6.314599615139651
6.314599615139651
6.314599615139651
6.314599615139651
6.314599615139651
6.314599615139651
6.314599615139651
6.314599615139651
6.314599615139651
6.314599615139651
6.314599615139651
6.314599615139651
6.314599615139651
6.314599615139651
6.314599615139651
6.314599615139651
6.314599615139651
6.314599615139651
6.314599615139651
6.314599615139651
6.312766621450113
6.312766621450113
6.312766621450113
6.2766716962168
6.2766716962168
6.203329489762826
6.203329489762826
6.203329489762826
6.203329489762826
6.203329489762826
6.203329489762826
6.133440037026668
5.8798933107181774
5.8798933107181774
5.8798933107181774
5.731450101844743
5.731450101844743
5.731450101844743
5.731450101844743
5.731450101844743
5.731450101844743
5.731450101844743
5.731450101844743
5.731450101844743
5.731450101844743
5.731450101844743
5.731450101844743
5.731450101844743
5.6844153275155325
5.6844153275155325
5.6844153275155325
5.620828634376995
5.620828634376995
5.620828634376995
5.620828634376995
5.620828634376995
5.620828634376995
5.590650704538895
5.55497145393295
5.55497145393295
5.55497145393295
5.2349832609468905
5.2349832609468905
5.2349832609468905
5.2349832609468905
5.2349832609468905
5.2349832609468905
5.2349832609468905
5.2349832609468905
5.2349832609468905
5.2349832609468905
5.2349832609468905
5.2349832609468905
5.2349832609468905
5.2349832609468905
5.2349832609468905
5.2349832609468905
5.2349832609468905
5.2349832609468905
5.2349832609468905
5.068681940614663
4.9478457444150905
4.9478457444150905
4.9478457444150905
4.9478457444150905
4.9478457444150905
4.9478457444150905
4.9478457444150905
4.9478457444150905
4.9478457444150905
4.9478457444150905
4.9478457444150905
4.9478457444150905
4.922903882647471
4.922903882647471
4.922903882647471
4.922903882647471
4.922903882647471
4.820562998283258
4.820562998283258
4.820562998283258
4.820562998283258
4.820562998283258
4.820562998283258
4.820562998283258
4.820562998283258
4.820562998283258
4.820562998283258
4.803663037363165
4.803663037363165
4.716450111147154
4.716450111147154
4.716450111147154
4.716450111147154
4.716450111147154
4.716450111147154
4.716450111147154
4.701408738716879
4.701408738716879
4.701408738716879
4.701408738716879
4.701408738716879
4.701408738716879
4.701408738716879
4.701408738716879
4.701408738716879
4.701408738716879
4.701408738716879
4.701408738716879
4.701408738716879
4.701408738716879
4.701408738716879
4.701408738716879
4.593266371575037
4.593266371575037
4.593266371575037
4.304799982797768
4.304799982797768
4.304799982797768
4.304799982797768
4.304799982797768
4.304799982797768
4.304799982797768
4.193201674608467
4.193201674608467
4.193201674608467
4.193201674608467
4.193201674608467
4.153271783339424
4.153271783339424
4.153271783339424
4.088426420613214
3.9225295008196177
3.9225295008196177
3.9225295008196177
3.9225295008196177
3.7968490409354096
3.7968490409354096
3.7968490409354096
3.7968490409354096
3.7968490409354096
3.7968490409354096
3.7968490409354096
3.7968490409354096
3.7968490409354096
3.6297316243213906
3.6297316243213906
3.6297316243213906
3.4410209204653732
3.4410209204653732
3.4410209204653732
3.4410209204653732
3.4410209204653732
3.4410209204653732
3.4410209204653732
3.4410209204653732
3.4410209204653732
3.4410209204653732
3.4410209204653732
3.4410209204653732
3.4410209204653732
3.4410209204653732
3.4410209204653732
3.4410209204653732
3.4410209204653732
3.4410209204653732
3.4410209204653732
3.4410209204653732
3.4410209204653732
3.4410209204653732
3.4403228359587814
3.4403228359587814
3.4403228359587814
3.4403228359587814
3.234655921450848
3.234655921450848
3.234655921450848
3.234655921450848
3.234655921450848
3.234655921450848
3.234655921450848
3.234655921450848
3.234655921450848
3.234655921450848
3.234655921450848
3.234655921450848
3.234655921450848
3.234655921450848
3.234655921450848
3.234655921450848
3.234655921450848
3.234655921450848
3.234655921450848
3.234655921450848
3.234655921450848
3.234655921450848
3.234655921450848
3.234655921450848
3.234655921450848
3.176125722954847
3.176125722954847
3.0655798626469597
3.0655798626469597
3.0655798626469597
3.013523458284336
3.013523458284336
3.013523458284336
3.013523458284336
3.013523458284336
3.013523458284336
3.013523458284336
3.013523458284336
3.013523458284336
3.013523458284336
3.0044512605942515
2.777808575433177
2.777808575433177
2.777808575433177
2.777808575433177
2.777808575433177
2.777808575433177
2.777808575433177
2.777808575433177
2.777808575433177
2.777808575433177
2.777808575433177
2.777808575433177
2.777808575433177
2.777808575433177
2.777808575433177
2.777808575433177
2.777808575433177
2.777808575433177
2.777808575433177
2.777808575433177
2.777808575433177
2.777808575433177
2.777808575433177
2.777808575433177
2.777808575433177
2.777808575433177
2.777808575433177
2.5446831249801782
2.5446831249801782
2.5446831249801782
2.5446831249801782
2.5446831249801782
2.5446831249801782
2.444104448551453
2.444104448551453
2.40287784783078
2.40287784783078
2.40287784783078
2.40287784783078
2.40287784783078
2.40287784783078
2.40287784783078
2.40287784783078
2.40287784783078
2.306536035371142
2.306536035371142
2.306536035371142
2.306536035371142
2.306536035371142
2.306536035371142
2.306536035371142
2.306536035371142
2.245758944493705
2.245758944493705
2.245758944493705
2.241956255630331
2.241956255630331
2.241956255630331
2.159394313521254
2.159394313521254
2.159394313521254
2.159394313521254
2.159394313521254
2.159394313521254
2.159394313521254
2.159394313521254
2.159394313521254
2.159394313521254
1.8373181172906143
1.8373181172906143
1.8373181172906143
1.8373181172906143
1.8373181172906143
1.8373181172906143
1.8373181172906143
1.8373181172906143
1.8373181172906143
1.8373181172906143
1.8373181172906143
1.8373181172906143
1.8373181172906143
1.8373181172906143
1.607723594871615
1.607723594871615
1.607723594871615
1.607723594871615
1.607723594871615
1.607723594871615
1.607723594871615
1.607723594871615
1.607723594871615
1.607723594871615
1.607723594871615
1.607723594871615
1.607723594871615
1.607723594871615
1.607723594871615
1.5311088396180423
1.5311088396180423
1.5311088396180423
1.5311088396180423
1.5311088396180423
1.5311088396180423
1.5311088396180423
1.5311088396180423
1.5311088396180423
1.5311088396180423
1.5311088396180423
1.5311088396180423
1.2127201146966406
1.2127201146966406
1.2127201146966406
1.2127201146966406
1.2127201146966406
1.2127201146966406
1.2127201146966406
1.2127201146966406
1.2127201146966406
1.2127201146966406
1.2127201146966406
1.2127201146966406
1.2127201146966406
1.2127201146966406
1.2127201146966406
1.2127201146966406
1.2127201146966406
1.2127201146966406
1.2127201146966406
1.2127201146966406
0.7378028340209468
0.7378028340209468
0.7378028340209468
0.7378028340209468
0.7378028340209468
0.7378028340209468
0.7378028340209468
0.7378028340209468
0.7378028340209468
0.7378028340209468
0.7378028340209468
0.7378028340209468
0.7378028340209468
0.7378028340209468
0.7378028340209468
0.7378028340209468
0.7378028340209468
0.7378028340209468
0.7378028340209468
0.7378028340209468
0.7378028340209468
0.7378028340209468
0.7378028340209468
0.7378028340209468
0.7378028340209468
0.7378028340209468
0.7378028340209468
0.7378028340209468
0.7378028340209468
0.7378028340209468
0.6631516663694086
0.6631516663694086
0.6095551720788954
0.6095551720788954
0.4651864518554767
0.4651864518554767
0.4651864518554767
0.4651864518554767
0.4651864518554767
0.4651864518554767
0.4651864518554767
0.4651864518554767
0.4651864518554767
0.4651864518554767
0.4651864518554767
0.4651864518554767
0.4651864518554767
0.4651864518554767
0.4651864518554767
0.4651864518554767
0.4651864518554767
0.4651864518554767
0.4651864518554767
0.46367477162973714
0.46367477162973714
0.46367477162973714
0.46367477162973714
0.46367477162973714
0.2443150286081881
0.2443150286081881
0.2443150286081881
0.2443150286081881
0.2443150286081881
0.2443150286081881
0.2443150286081881
0.2443150286081881
0.2443150286081881
0.2443150286081881
0.2443150286081881
0.2443150286081881
0.2443150286081881
0.2443150286081881
0.2443150286081881
0.2443150286081881
0.2443150286081881
0.2443150286081881
0.2443150286081881
0.2443150286081881
0.2443150286081881
0.2443150286081881
0.2443150286081881
0.2443150286081881
0.2443150286081881
0.2443150286081881
0.2443150286081881
0.2443150286081881
0.2443150286081881
0.2443150286081881
0.2443150286081881
0.2443150286081881
0.2443150286081881
0.2437253988355863
0.24336224424612496
0.24336224424612496
0.24336224424612496
0.24336224424612496
0.24336224424612496
0.24336224424612496
0.2374346110489185
0.22204274360845488
0.22204274360845488
0.22204274360845488
0.22204274360845488
0.22204274360845488
0.22204274360845488
0.22204274360845488
0.22204274360845488
0.22204274360845488
0.22204274360845488
0.22204274360845488
0.22204274360845488
0.22204274360845488
0.22204274360845488
0.22204274360845488
0.22204274360845488
0.22204274360845488
0.22204274360845488
0.22204274360845488
0.2105448638302967
0.20206088257283739
0.20206088257283739
0.20206088257283739
0.20206088257283739
0.20206088257283739
0.20206088257283739
0.20206088257283739
0.20206088257283739
0.20206088257283739
0.19583593067038763
0.19583593067038763
0.19583593067038763
0.19583593067038763
0.19583593067038763
0.19583593067038763
0.19583593067038763
0.19583593067038763
0.19583593067038763
0.19583593067038763
0.19051828508541035
0.19051828508541035
0.19051828508541035
0.19051828508541035
0.18762187157674148
0.18726041765450674
0.1843660264206619
0.17874405440380414
0.17874405440380414
0.17874405440380414
0.1489233790335689
0.1489233790335689
0.1489233790335689
0.1489233790335689
0.1489233790335689
0.1489233790335689
0.1489233790335689
0.1489233790335689
0.1489233790335689
0.1489233790335689
0.1489233790335689
0.14458717685759126
0.14458717685759126
0.14458717685759126
0.13128883414802672
0.13128883414802672
0.13128883414802672
0.13128883414802672
0.13128883414802672
0.13128883414802672
0.13128883414802672
0.13128883414802672
0.13128883414802672
0.13128883414802672
0.13128883414802672
0.13128883414802672
0.13128883414802672
0.13128883414802672
0.1283980360351613
0.1283980360351613
0.1283980360351613
0.1283980360351613
0.1283980360351613
0.1283980360351613
0.1283980360351613
0.1283980360351613
0.12698346877181166
0.12698346877181166
0.12698346877181166
0.12698346877181166
0.12698346877181166
0.12643900672499697
0.12643900672499697
0.12643900672499697
0.12643900672499697
0.12643900672499697
0.12643900672499697
0.1233605403906104
0.1233605403906104
0.1233605403906104
0.1233605403906104
0.11496725163231858
0.11496725163231858
0.11496725163231858
0.11496725163231858
0.11496725163231858
0.1135189672475434
0.0940234726400675
0.0940234726400675
0.0940234726400675
0.0940234726400675
0.0940234726400675
0.0940234726400675
0.0940234726400675
0.0940234726400675
0.0940234726400675
0.0761103094392439
0.0761103094392439
0.0761103094392439
0.0761103094392439
0.0761103094392439
0.0761103094392439
0.0761103094392439
0.0761103094392439
0.0761103094392439
0.0761103094392439
0.0761103094392439
0.0761103094392439
0.0761103094392439
0.0761103094392439
0.0761103094392439
0.0761103094392439
0.0761103094392439
0.0761103094392439
0.0761103094392439
0.0761103094392439
0.0761103094392439
0.0761103094392439
0.0761103094392439
0.07547942280100628
0.07547942280100628
0.07547942280100628
0.07547942280100628
0.07547942280100628
0.07547942280100628
0.07547942280100628
0.07547942280100628
0.07547942280100628
0.07547942280100628
0.07547942280100628
0.07547942280100628
0.07547942280100628
0.07167383064880894
0.07167383064880894
0.06771566996686929
0.06771566996686929
0.06771566996686929
0.06771566996686929
0.06771566996686929
0.06771566996686929
0.06771566996686929
0.06771566996686929
0.06770298631475313
0.06770298631475313
0.06770298631475313
0.06770298631475313
0.06677346216645219
0.06677346216645219
0.06414274281983978
0.06414274281983978
0.05751961608699929
0.05751961608699929
0.05751961608699929
0.05751961608699929
0.05751961608699929
0.05751961608699929
0.05751961608699929
0.05751961608699929
0.05751961608699929
0.05751961608699929
0.05751961608699929
0.05751961608699929
0.05751961608699929
0.05751961608699929
0.05751961608699929
0.05751961608699929
0.05751961608699929
0.054008486110681986
0.054008486110681986
0.054008486110681986
0.04776675345749126
0.04621777965134655
0.042926879703493626
0.042926879703493626
0.042926879703493626
0.042926879703493626
0.042926879703493626
0.03897324677395275
0.03897324677395275
0.03897324677395275
0.03897324677395275
0.03897324677395275
0.03897324677395275
0.03897324677395275
0.03897324677395275
0.03897324677395275
0.03897324677395275
0.03897324677395275
0.03897324677395275
0.03897324677395275
0.03819115695586106
0.03819115695586106
0.03819115695586106
0.03819115695586106
0.03819115695586106
0.038146062870971775
0.03388503040370239
0.03388503040370239
0.03388503040370239
0.03388503040370239
0.03388503040370239
0.03388503040370239
0.03388503040370239
0.03388503040370239
0.033850968609947074
0.028115254144477575
0.028115254144477575
0.028115254144477575
0.028115254144477575
0.028115254144477575
0.028115254144477575
0.028115254144477575
0.028115254144477575
0.028115254144477575
0.02580537235259328
0.02580537235259328
0.02580537235259328
0.02580537235259328
0.02580537235259328
0.02580537235259328
0.02580537235259328
0.02580537235259328
0.02580537235259328
0.02580537235259328
0.02580537235259328
0.02580537235259328
0.02580537235259328
0.02580537235259328
0.02580537235259328
0.02580537235259328
0.02580537235259328
0.02580537235259328
0.02580537235259328
0.02580537235259328
0.02580537235259328
0.021376387374559158
0.021376387374559158
0.021376387374559158
0.021376387374559158
0.021376387374559158
0.021376387374559158
0.021376387374559158
0.021376387374559158
0.021376387374559158
0.019930989562201518
0.019930989562201518
0.019930989562201518
0.019930989562201518
0.019930989562201518
0.019930989562201518
0.019930989562201518
0.019930989562201518
0.019930989562201518
0.019930989562201518
0.019930989562201518
0.019930989562201518
0.019930989562201518
0.019930989562201518
0.019930989562201518
0.019930989562201518
0.01921981972030906
0.018401275235682135
0.018401275235682135
0.018401275235682135
0.018401275235682135
0.018401275235682135
0.018401275235682135
0.01735819184012044
0.01735819184012044
0.01735819184012044
0.01735819184012044
0.01735819184012044
0.01735819184012044
0.0173307592802594
0.0173307592802594
0.0173307592802594
0.01613332337330675
0.01613332337330675
0.01613332337330675
0.01613332337330675
0.01613332337330675
0.01613332337330675
0.01613332337330675
0.01613332337330675
0.01613332337330675
0.01613332337330675
0.01510688036312402
0.01510688036312402
0.01510688036312402
0.01510688036312402
0.01490298760594655
0.01490298760594655
0.01490298760594655
0.01490298760594655
0.01490298760594655
0.01490298760594655
0.012903849775508291
0.012903849775508291
0.012903849775508291
0.012903849775508291
0.012903849775508291
0.012903849775508291
0.012903849775508291
0.008181257307146694
0.008181257307146694
0.008181257307146694
0.008181257307146694
0.008181257307146694
0.008181257307146694
0.008181257307146694
0.008181257307146694
0.008181257307146694
0.008181257307146694
0.008181257307146694
0.008181257307146694
0.008181257307146694
0.008181257307146694
0.008181257307146694
0.008181257307146694
0.008181257307146694
0.008181257307146694
0.008181257307146694
0.008181257307146694
0.008181257307146694
0.008181257307146694
0.008181257307146694
0.008181257307146694
0.008181257307146694
0.008181257307146694
0.008181257307146694
0.008022466699678432
0.007862265809869484
0.007862265809869484
0.007862265809869484
0.007862265809869484
0.007862265809869484
0.007813201950938264
0.007669116544239074
0.007669116544239074
0.007669116544239074
0.007669116544239074
0.007669116544239074
0.007669116544239074
0.007669116544239074
0.007669116544239074
0.007669116544239074
0.007669116544239074
0.007669116544239074
0.007669116544239074
0.007669116544239074
0.007589907456022615
0.007557190343788989
