0.016155719757080078
0.01604938507080078
0.01618814468383789
0.01617741584777832
0.01626133918762207
0.01610565185546875
0.016074657440185547
0.015894651412963867
0.015980958938598633
0.015961885452270508
0.01614212989807129
0.016225576400756836
0.01639699935913086
0.01629948616027832
0.0165557861328125
0.01636052131652832
0.01633906364440918
0.016176462173461914
0.016306161880493164
0.016089200973510742
0.016273975372314453
0.016303539276123047
0.019336223602294922
0.01776576042175293
0.016471147537231445
0.016478538513183594
0.01645803451538086
0.015981197357177734
0.016034841537475586
0.015992403030395508
0.016025543212890625
0.015897512435913086
0.015982866287231445
0.016149044036865234
0.016126155853271484
0.015903711318969727
0.01607060432434082
0.015985488891601562
0.01594996452331543
0.01567840576171875
0.01582050323486328
0.015573978424072266
0.015396356582641602
0.015515565872192383
0.01563262939453125
0.015816926956176758
0.015794038772583008
0.015743017196655273
0.01571059226989746
0.015831470489501953
0.01550745964050293
0.015602588653564453
0.015934228897094727
0.01576542854309082
0.015814542770385742
0.015611648559570312
0.015594482421875
0.015899658203125
0.015524864196777344
0.015858888626098633
0.015828847885131836
0.015825748443603516
0.01587200164794922
0.015594244003295898
0.01583695411682129
0.015064716339111328
0.015616416931152344
0.015774250030517578
0.015770673751831055
0.015467643737792969
0.015218973159790039
0.015353202819824219
0.015981674194335938
0.01589655876159668
0.015926837921142578
0.015671491622924805
0.015682220458984375
0.01560664176940918
0.015574216842651367
0.015550613403320312
0.015708208084106445
0.01587963104248047
0.0160524845123291
0.01614689826965332
0.016246318817138672
0.01562809944152832
0.015614986419677734
0.015532732009887695
0.01578378677368164
0.015900373458862305
0.015804767608642578
0.0158383846282959
0.016240835189819336
0.015916824340820312
0.01587224006652832
0.01583266258239746
0.015691757202148438
0.015833377838134766
0.015832185745239258
0.015784740447998047
0.01584601402282715
0.01553201675415039
0.015655517578125
0.015486717224121094
0.015604019165039062
0.015571117401123047
0.01570439338684082
0.01568603515625
0.01558685302734375
0.015748262405395508
0.015919923782348633
0.015749692916870117
0.01572871208190918
0.015590190887451172
0.015636920928955078
0.0158536434173584
0.015910625457763672
0.01583242416381836
0.01596665382385254
0.015962839126586914
0.01584792137145996
0.01586127281188965
0.015969514846801758
0.01575303077697754
0.015522956848144531
0.016225099563598633
0.016080379486083984
0.015918254852294922
0.01589369773864746
0.016069889068603516
0.015737533569335938
0.015963315963745117
0.015943050384521484
0.015750646591186523
0.01577019691467285
0.015672683715820312
0.015744686126708984
0.015948057174682617
0.015843868255615234
0.015743732452392578
0.015703678131103516
0.015748262405395508
0.01585865020751953
0.015543222427368164
0.015754222869873047
0.015287637710571289
0.015825986862182617
0.015516996383666992
0.01766514778137207
0.01707172393798828
0.017030954360961914
0.016361474990844727
0.01631951332092285
0.016121387481689453
0.01615309715270996
0.015949487686157227
0.015959739685058594
0.01601123809814453
0.0158843994140625
0.015973567962646484
0.016338586807250977
0.015906810760498047
0.016126394271850586
0.016195297241210938
0.01598048210144043
0.016037940979003906
0.016167879104614258
0.01615595817565918
0.01609015464782715
0.016352176666259766
0.016155719757080078
0.016307592391967773
0.016454458236694336
0.01624894142150879
0.016358613967895508
0.01622319221496582
0.015992164611816406
0.016119003295898438
0.016097068786621094
0.015742778778076172
0.015985488891601562
0.015810012817382812
0.01598072052001953
0.016033172607421875
0.016017675399780273
0.015894174575805664
0.01601552963256836
0.01577591896057129
0.015747547149658203
0.015729904174804688
0.015727519989013672
0.016264915466308594
0.01602911949157715
0.015885114669799805
0.015938758850097656
0.01589488983154297
0.01604008674621582
0.016498565673828125
0.01630997657775879
0.016031980514526367
0.015958070755004883
0.016726016998291016
0.01697087287902832
0.01665043830871582
0.016556739807128906
0.0163877010345459
0.01618504524230957
0.016050100326538086
0.01668238639831543
0.0163419246673584
0.01624608039855957
0.016208410263061523
0.015932321548461914
0.016123056411743164
0.016319990158081055
0.016249656677246094
0.016108989715576172
0.016217470169067383
0.016003131866455078
0.016229629516601562
0.016430377960205078
0.01636815071105957
0.016085147857666016
0.015868663787841797
0.016180753707885742
0.01641368865966797
0.016804933547973633
0.016481399536132812
0.0161740779876709
0.01637887954711914
0.0162966251373291
0.016599178314208984
0.016678571701049805
0.016672611236572266
0.016613483428955078
0.01667499542236328
0.01642441749572754
0.016456127166748047
0.01667332649230957
0.016510486602783203
0.01779651641845703
0.01633286476135254
0.016715288162231445
0.018077611923217773
0.01818680763244629
0.017752885818481445
0.01800227165222168
0.017451763153076172
0.016054868698120117
0.016234397888183594
0.016156435012817383
0.016451358795166016
0.01612114906311035
0.01624774932861328
0.01628279685974121
0.01635265350341797
0.01620960235595703
0.016337156295776367
0.016005992889404297
0.016288280487060547
0.016234159469604492
0.01642894744873047
0.016472578048706055
0.01633620262145996
0.016554594039916992
0.016320228576660156
0.016243457794189453
0.016654014587402344
0.0168764591217041
0.016292095184326172
0.0194399356842041
0.017470836639404297
0.017215490341186523
0.016555070877075195
0.01643085479736328
0.01630401611328125
0.016380786895751953
0.017132043838500977
0.0168917179107666
0.016947507858276367
0.016930341720581055
0.017024517059326172
0.01630258560180664
0.01644158363342285
0.016273021697998047
0.01634812355041504
0.016290903091430664
0.01634955406188965
0.0164492130279541
0.016652822494506836
0.016718149185180664
0.01632237434387207
0.01650834083557129
0.01667022705078125
0.016499042510986328
0.01678633689880371
0.016477584838867188
0.01661372184753418
0.016685962677001953
0.01644420623779297
0.016284704208374023
0.016823291778564453
0.016437768936157227
0.01659369468688965
0.01676797866821289
0.01624751091003418
0.01618051528930664
0.016022682189941406
0.015995264053344727
0.015961885452270508
0.01741337776184082
0.01723313331604004
0.016709327697753906
0.01652693748474121
0.016394853591918945
0.016522645950317383
0.0164794921875
0.01677870750427246
0.016463756561279297
0.016262292861938477
0.015895843505859375
0.016115903854370117
0.01601386070251465
0.01604747772216797
0.016161680221557617
0.015965938568115234
0.016012191772460938
0.015946388244628906
0.016214609146118164
0.016038179397583008
0.016063451766967773
0.016126394271850586
0.016107559204101562
0.016024351119995117
0.016069412231445312
0.016024112701416016
0.016051292419433594
0.015991687774658203
0.016040802001953125
0.015885591506958008
0.015877962112426758
0.01584601402282715
0.01604294776916504
0.015631675720214844
0.015744924545288086
0.016003131866455078
0.015865802764892578
0.01592540740966797
0.015827417373657227
0.015752077102661133
0.01596212387084961
0.015993118286132812
0.015997886657714844
0.01593613624572754
0.016057491302490234
0.015964508056640625
0.016196012496948242
0.016011714935302734
0.015872716903686523
0.015885591506958008
0.015668153762817383
0.015787363052368164
0.01569819450378418
0.015665054321289062
0.015877723693847656
0.015831470489501953
0.015722274780273438
0.01586604118347168
0.01569342613220215
0.01576709747314453
0.01583123207092285
0.015840530395507812
0.015812397003173828
0.015764236450195312
0.015800952911376953
0.015635251998901367
0.015987873077392578
0.01595330238342285
0.01599907875061035
0.015910625457763672
0.015766620635986328
0.016005754470825195
0.016173362731933594
0.016184091567993164
0.016217470169067383
0.0159604549407959
0.015908002853393555
0.01581430435180664
0.0160675048828125
0.0161435604095459
0.016313552856445312
0.016271114349365234
0.01683974266052246
0.018555164337158203
0.01699066162109375
0.01723957061767578
0.016013145446777344
0.016412973403930664
0.016097545623779297
0.01607227325439453
0.016177892684936523
0.016152381896972656
0.01602792739868164
0.015997886657714844
0.016124486923217773
0.015832901000976562
0.015995264053344727
0.015864849090576172
0.015880823135375977
0.015774965286254883
0.01579880714416504
0.01577281951904297
0.015923738479614258
0.01586318016052246
0.015959501266479492
0.015834569931030273
0.01574254035949707
0.01595616340637207
0.016097068786621094
0.01637101173400879
0.016033172607421875
0.01591944694519043
0.01589488983154297
0.01581263542175293
0.015778064727783203
0.015865325927734375
0.015938758850097656
0.015863656997680664
0.016038179397583008
0.01579570770263672
0.015785932540893555
0.015549421310424805
0.015487194061279297
0.015454292297363281
0.01570582389831543
0.015465021133422852
0.015327215194702148
0.015255451202392578
0.015387535095214844
0.015656709671020508
0.015599489212036133
0.0157015323638916
0.01573634147644043
0.01569509506225586
0.0159146785736084
0.015816926956176758
0.015746116638183594
0.0159146785736084
0.0161440372467041
0.01581597328186035
0.01603531837463379
0.015877246856689453
0.015982627868652344
0.01617288589477539
0.015766382217407227
0.0160067081451416
0.016171932220458984
0.016532421112060547
0.01623845100402832
0.016137361526489258
0.01599907875061035
0.015967130661010742
0.01618194580078125
0.01606464385986328
0.016098499298095703
0.015987396240234375
0.015957355499267578
0.015868186950683594
0.01570272445678711
0.01582026481628418
0.015169143676757812
0.015232086181640625
0.015230655670166016
0.015665769577026367
0.015708208084106445
0.015880107879638672
0.01570725440979004
0.01567244529724121
0.015642166137695312
0.015712976455688477
0.01585698127746582
0.015829086303710938
0.015494585037231445
0.01569986343383789
0.015765905380249023
0.015865325927734375
0.01558065414428711
0.015524864196777344
0.01568007469177246
0.015711069107055664
0.015790462493896484
0.01609945297241211
0.015735149383544922
0.015792131423950195
0.015713930130004883
0.015652894973754883
0.015509366989135742
0.015658855438232422
0.015725135803222656
0.015580177307128906
0.01698613166809082
0.01614069938659668
0.016581058502197266
0.016346216201782227
0.01611781120300293
0.01645636558532715
0.016614198684692383
0.01625847816467285
0.016690731048583984
0.01748347282409668
0.017307043075561523
0.01747417449951172
0.016816139221191406
0.01605534553527832
0.016119003295898438
0.0163877010345459
0.016607999801635742
0.017142772674560547
0.01946258544921875
0.01761603355407715
0.016828298568725586
0.016538619995117188
0.017577409744262695
0.01740860939025879
0.017158031463623047
0.01648545265197754
0.01662588119506836
0.016634225845336914
0.0165407657623291
0.01662302017211914
0.01699542999267578
0.01672983169555664
0.016207456588745117
0.016418933868408203
0.016505956649780273
0.016443967819213867
0.016968488693237305
0.017116546630859375
0.019102811813354492
0.019696950912475586
0.017622709274291992
0.01700735092163086
0.01661372184753418
0.01594090461730957
0.016017436981201172
0.015804290771484375
0.01585245132446289
0.015851974487304688
0.015878915786743164
0.0163576602935791
0.016205787658691406
0.016114473342895508
0.015947818756103516
0.015885353088378906
0.015883207321166992
0.0155029296875
0.016089439392089844
0.016140222549438477
0.01608419418334961
0.015924453735351562
0.016028165817260742
0.01585698127746582
0.015974044799804688
0.01607346534729004
0.016063690185546875
0.015991926193237305
0.01610589027404785
0.015895605087280273
0.01600050926208496
0.016048908233642578
0.0160830020904541
0.016196489334106445
0.016056060791015625
0.016353368759155273
0.01597905158996582
0.016220808029174805
0.016405344009399414
0.01590895652770996
0.016031980514526367
0.016142845153808594
0.016510963439941406
0.016721725463867188
0.0168607234954834
0.017991065979003906
0.017269611358642578
0.016562223434448242
0.01608133316040039
0.01605391502380371
0.016247034072875977
0.016436338424682617
0.015909194946289062
0.01630568504333496
0.01608133316040039
0.016020774841308594
0.01623845100402832
0.01610565185546875
0.0164492130279541
0.016425132751464844
0.016225576400756836
0.015916109085083008
0.01628422737121582
0.016218900680541992
0.015977859497070312
0.01605391502380371
0.015857696533203125
0.01614832878112793
0.01608133316040039
0.016020536422729492
0.01602625846862793
0.0158541202545166
0.01596212387084961
0.015897512435913086
0.015708208084106445
0.015560150146484375
0.0156404972076416
0.015347957611083984
0.014904499053955078
0.015157461166381836
0.01569199562072754
0.015772342681884766
0.015904664993286133
0.015745162963867188
0.01571369171142578
0.01589059829711914
0.014972925186157227
0.01538705825805664
0.015514612197875977
0.015616416931152344
0.015780210494995117
0.015681982040405273
0.015822172164916992
0.015650272369384766
0.015446662902832031
0.01563262939453125
0.015560150146484375
0.015628814697265625
0.015704870223999023
0.015705108642578125
0.015906333923339844
0.01587510108947754
0.016763925552368164
0.017679929733276367
0.01488637924194336
0.015558481216430664
0.015723228454589844
0.015738725662231445
0.015890121459960938
0.016055583953857422
0.016004323959350586
0.0158236026763916
0.015995502471923828
0.016071796417236328
0.01588916778564453
0.015899658203125
0.01569533348083496
0.015611886978149414
0.015580415725708008
0.015561580657958984
0.01555013656616211
0.015679597854614258
0.015687227249145508
0.015867233276367188
0.015507698059082031
0.01589679718017578
0.015806913375854492
0.015839815139770508
0.015951156616210938
0.015909194946289062
0.015771865844726562
0.016072511672973633
0.015771865844726562
0.0162045955657959
0.01600337028503418
0.015923500061035156
0.015833377838134766
0.01595926284790039
0.015822887420654297
0.01610732078552246
0.015747785568237305
0.01606440544128418
0.016089916229248047
0.01604604721069336
0.016387224197387695
0.016093969345092773
0.015740156173706055
0.01566457748413086
0.015772104263305664
0.0159299373626709
0.01617264747619629
0.01570606231689453
0.0158388614654541
0.01592111587524414
0.01584005355834961
0.01581287384033203
0.015702486038208008
0.01562356948852539
0.01585245132446289
0.015706539154052734
0.015714406967163086
0.015700817108154297
0.015651702880859375
0.01579737663269043
0.015624523162841797
0.01579451560974121
0.01569056510925293
0.015603303909301758
0.015869140625
0.015993356704711914
0.015997886657714844
0.01583719253540039
0.015865087509155273
0.015787601470947266
0.015927553176879883
0.016061067581176758
0.015635967254638672
0.015497684478759766
0.01561594009399414
0.015465736389160156
0.015498638153076172
0.015827178955078125
0.01562786102294922
0.015601873397827148
0.015563726425170898
0.01567363739013672
0.01565408706665039
0.01575446128845215
0.015753984451293945
0.015727758407592773
0.015778541564941406
0.01575469970703125
0.015523910522460938
0.015874147415161133
0.015865325927734375
0.015646696090698242
0.015713214874267578
0.015795469284057617
0.015702486038208008
0.015917301177978516
0.015819787979125977
0.01595449447631836
0.015943050384521484
0.016078710556030273
0.016236305236816406
0.01599860191345215
0.01615309715270996
0.016392230987548828
0.01590704917907715
0.015938520431518555
0.015932559967041016
0.015942096710205078
0.015820980072021484
0.015944480895996094
0.016682147979736328
0.016216278076171875
0.01665806770324707
0.016329288482666016
0.016301870346069336
0.016346454620361328
0.016012907028198242
0.015864133834838867
0.015839815139770508
0.015576362609863281
0.015970706939697266
0.01605510711669922
0.016170024871826172
0.015916109085083008
0.01773524284362793
0.01699042320251465
0.01595282554626465
0.017370939254760742
0.016822099685668945
0.01681971549987793
0.017118215560913086
0.017842769622802734
0.016994953155517578
0.01642775535583496
0.016304731369018555
0.015928983688354492
0.01627826690673828
0.016268014907836914
0.015924930572509766
0.016135454177856445
0.016003847122192383
0.015878915786743164
0.016002655029296875
0.015898704528808594
0.015868425369262695
0.01603865623474121
0.016000032424926758
0.01589822769165039
0.01603555679321289
0.016186237335205078
0.016143798828125
0.016062021255493164
0.016096115112304688
0.015943288803100586
0.01602005958557129
0.016155719757080078
0.016038894653320312
0.016094684600830078
0.016124248504638672
0.01609063148498535
0.0161283016204834
0.016183137893676758
0.016076087951660156
0.01596212387084961
0.01620173454284668
0.0158843994140625
0.0158536434173584
0.015885591506958008
0.015900611877441406
0.01595330238342285
0.016097068786621094
0.016338586807250977
0.0159757137298584
0.01594257354736328
0.016438722610473633
0.01799941062927246
0.01788806915283203
0.017060279846191406
0.017214536666870117
0.016945838928222656
0.016832828521728516
0.016701221466064453
0.016467809677124023
0.016288280487060547
0.016362428665161133
0.016462326049804688
0.016259431838989258
0.01634836196899414
0.016205787658691406
0.015923023223876953
0.015851736068725586
0.015952110290527344
0.015941619873046875
0.015911579132080078
0.015921354293823242
0.015657424926757812
0.015655994415283203
0.015750646591186523
0.015860795974731445
0.016054153442382812
0.015955448150634766
0.016057729721069336
0.015742778778076172
0.015897750854492188
0.015914201736450195
0.015711545944213867
0.01567244529724121
0.015913009643554688
0.016087055206298828
0.016039371490478516
0.016138792037963867
0.015905141830444336
0.015847206115722656
0.016008615493774414
0.015764951705932617
0.017462491989135742
0.01586437225341797
0.01608753204345703
0.016318321228027344
0.01629471778869629
0.015770673751831055
0.015762805938720703
0.015560388565063477
0.01508188247680664
0.014995336532592773
0.015141963958740234
0.01583123207092285
0.015472173690795898
0.015480995178222656
0.015587091445922852
0.015556097030639648
0.015374422073364258
0.015942811965942383
0.016406536102294922
0.016583919525146484
0.016558170318603516
0.016300439834594727
0.01577138900756836
0.016213178634643555
0.016000747680664062
0.015738487243652344
0.015697956085205078
0.015381574630737305
0.015613794326782227
0.015767335891723633
0.01581287384033203
0.015941143035888672
0.015505075454711914
0.016213655471801758
0.015915870666503906
0.01687932014465332
0.018480300903320312
0.016791820526123047
0.016739606857299805
0.01694655418395996
0.016247034072875977
0.016785383224487305
0.016530752182006836
0.016568899154663086
0.016433238983154297
0.016070127487182617
0.016073226928710938
0.01615428924560547
0.016053199768066406
0.015877246856689453
0.015636920928955078
0.01590442657470703
0.015811443328857422
0.015889406204223633
0.015804767608642578
0.015741586685180664
0.015625715255737305
0.015749454498291016
0.015521764755249023
0.015811681747436523
0.015667200088500977
0.015694618225097656
0.016037940979003906
0.0158693790435791
0.01591038703918457
0.015890836715698242
0.016039133071899414
0.01590251922607422
0.01604747772216797
0.015570878982543945
0.015644073486328125
0.01549386978149414
0.015892744064331055
0.016119956970214844
0.015941858291625977
0.015593767166137695
0.01561880111694336
0.015512704849243164
0.01582646369934082
0.015874624252319336
0.015708208084106445
0.015636444091796875
0.015690326690673828
0.01592254638671875
0.015841960906982422
0.015732288360595703
0.015779972076416016
0.01566028594970703
0.015581130981445312
0.015619277954101562
0.015643596649169922
0.015820980072021484
0.015825748443603516
0.015972375869750977
0.015668630599975586
0.01591801643371582
0.01563739776611328
0.015811681747436523
0.0159757137298584
0.01607346534729004
0.01575016975402832
0.015801668167114258
0.015780210494995117
0.01604294776916504
0.0162656307220459
0.016401052474975586
0.016309022903442383
0.016156435012817383
0.01617884635925293
0.01613163948059082
0.016165733337402344
0.015733718872070312
0.015926837921142578
0.01602458953857422
0.016215085983276367
0.016022443771362305
0.016045570373535156
0.016324996948242188
0.016257762908935547
0.016191959381103516
0.016370058059692383
0.016392230987548828
0.016233444213867188
0.01606154441833496
0.016256332397460938
0.015907764434814453
0.016183137893676758
0.015841007232666016
0.015866994857788086
0.015964269638061523
0.01572561264038086
0.01576972007751465
0.015804529190063477
0.01576519012451172
0.01572585105895996
0.01567840576171875
0.015714168548583984
0.015658855438232422
0.01562809944152832
0.015609264373779297
0.015636920928955078
0.015801429748535156
0.015433311462402344
