2.576218575039938175e-06 -1.384477672550112687e-06 1.216446604209284372e-05 1.080123352833172996e-06 1.924781215434955738e-05 -1.449210933469973720e-05 -1.333731167751702053e-06 7.630299691925969077e-06 4.289916322201398939e-06 1.223024667246976121e-05
-3.758576461549787861e-06 -1.888591251038480850e-06 -4.412577465128732702e-06 9.941290032698572907e-07 6.361142183744867421e-06 -1.291568729331347104e-05 3.814915836277856400e-06 8.902100657638717073e-06 1.775505885410362949e-06 8.093361427858929770e-06
-9.074093984410552065e-06 1.434595298819268526e-05 7.275411311241733774e-07 -1.278043850274068010e-06 -2.955999041263420856e-05 -1.449035030943797390e-05 -9.018020555725194897e-06 -5.934589488786216287e-07 -1.905107077904868618e-05 9.075340324294731373e-06
3.557804824453174251e-06 1.379500630404487078e-06 -1.073743177819759772e-06 -1.538867460151729935e-05 -3.981163915110562623e-05 -1.540895390598739494e-05 5.747476353809697970e-06 -6.877705672378779428e-07 -3.256264493913834019e-05 2.282668536301356086e-06
1.262859037201359850e-04 -3.463892560378636961e-06 -7.811277418302964141e-05 2.910058571360338037e-05 -1.564169024235290660e-05 -2.150900744207214255e-05 -1.211339849729089064e-04 5.431980036293666579e-07 1.390227529457882783e-06 -1.953647805475050705e-05
-2.804115402909070889e-05 -4.184670537594966543e-05 1.354325118041643055e-06 -1.020725079611918887e-05 -1.117210398955715128e-05 2.599054356447179022e-06 2.154018399217020353e-07 -6.968804580832021383e-07 -1.986469708502818847e-06 3.746636630211138998e-06
-2.357668058552829458e-06 -3.041365293981753962e-07 -1.555951185996412359e-06 1.138709379953602601e-05 -1.535831458004818933e-06 -1.396577991479744844e-05 2.477498162997846634e-06 1.803788075566570213e-07 2.907581138793736250e-06 4.775134106293765508e-06
3.531031545477536133e-06 9.380116245094567568e-06 4.011107914901523774e-07 8.233939356378396481e-05 1.717160647193561430e-05 -1.028272156536287655e-06 -1.366079547229947212e-05 7.005662342033870821e-06 -3.294722445918040377e-05 4.616004333061708768e-06
2.098394723541692941e-06 8.855326386730138534e-06 1.619845583488737171e-06 2.722641879804004487e-06 -5.887533906339015541e-06 5.132496777212705268e-06 -5.659374380387962477e-06 -2.411107083726232340e-07 -4.089955631229169321e-05 3.667053583120860462e-06
-3.380736021873639518e-07 2.782750530756258303e-06 -4.651421688361799065e-06 -2.824314857502791352e-06 -8.122537300551413306e-06 -2.602909034784583798e-06 -8.608727219664430436e-06 1.423654643062560165e-05 -1.743442115614921711e-05 -4.153286786949940499e-07
1.819626355009524703e-05 3.157465389295657240e-05 -8.281343416843809738e-06 7.634521058099247136e-06 5.235699793839117532e-07 1.263755912982695255e-05 -9.680882666867136790e-06 1.348097120060682701e-06 1.000178009821024513e-06 -6.624113572626270249e-06
2.444914677114016255e-05 4.566624722837865650e-06 4.529807500089894673e-06 -1.045718398305211417e-07 5.015990243877765201e-06 -1.158660563197197957e-06 3.748450436748135893e-06 2.035973213646095763e-06 -2.871991611914560900e-05 9.185909925988697418e-06
2.507724408642209067e-04 1.350376228375783516e-05 3.566695006451133616e-05 -1.585621801019132253e-06 5.329497771958234005e-06 -3.216234747110894145e-06 5.004807516785501591e-06 8.791982573760884667e-07 7.071219951190607196e-06 -9.968864725143903498e-06
-2.709299824843351744e-05 3.073806155691990021e-06 -3.225697425993257690e-06 1.112583086070363195e-05 5.766490087425184189e-06 -1.250393732437145372e-05 7.753542776991673268e-07 2.200337516351744471e-06 2.968947457194263360e-06 4.420482115456458317e-06
1.236394120734591427e-06 3.179039533763015025e-06 3.155814776287168575e-07 2.946358814877880789e-06 -6.591095829016672040e-07 -3.939807686514288643e-07 -4.637031994239530375e-06 1.033576223872566310e-06 -3.716709979495170607e-05 1.507584403333747116e-05
9.784383999873482349e-06 8.593912845227535822e-06 3.229108816173370208e-06 1.501530445949738603e-06 1.769032422036139988e-07 -1.339078498734011172e-06 -2.830303526596096843e-05 1.379416044808435738e-05 -3.209680972018703123e-05 -3.302907361700902489e-06
-1.110873402106329369e-07 1.402724402472997528e-06 -8.359355946483722758e-06 4.442406620598931810e-06 1.855185799401072098e-05 1.489080144701839466e-05 -4.609755015762738216e-06 2.209956290535824214e-06 1.543736450027331908e-05 -8.411462940112442445e-06
3.683989126740830973e-05 4.276545883369114922e-05 1.434625204956622055e-05 -2.600084755485130927e-05 8.852448963334375227e-05 2.778844286816153835e-06 1.475176154594266011e-06 7.234124815370452220e-06 9.567114534777065326e-06 2.779869699921953753e-05
-8.593079055819306895e-06 1.253176628492497788e-05 -6.656891318960584289e-06 4.160110345681844510e-06 4.320097671489824312e-05 9.047058354709687058e-06 1.693616023505150300e-06 4.552828323853450271e-06 -4.679450432398742053e-06 8.133445644230596994e-06
3.929905981977661867e-05 -2.557284029145587220e-06 1.002890076312289158e-04 4.088857193412890421e-06 9.175288944393608561e-07 -4.550786503784751854e-06 5.169426573982873217e-05 9.781179446983611745e-07 -1.413707578215050352e-05 3.619199906134398174e-06
1.436744172073548592e-05 8.354568794308653073e-05 -1.303866056965660109e-05 -4.879500208886695634e-06 1.625412423658848692e-06 -4.506662021611427095e-06 -4.661480238830134811e-07 1.276452666948626680e-05 -2.945617601055924095e-06 -1.052722508979436236e-05
3.844887722954614981e-06 9.781180205957034287e-06 5.501538835797585835e-06 1.401999023031152003e-05 2.606779520133304039e-07 1.964922214749332706e-05 4.266935836202598152e-06 -9.068971672953732478e-07 9.437966717120756791e-06 -1.312627629914706854e-07
2.023256153232762796e-06 1.968020772283916137e-06 9.695238062146632995e-07 4.952333498785720645e-06 1.441637524415122771e-05 9.071685846440049085e-07 -1.986361021823607938e-06 1.190619035633640357e-06 4.216604682994730336e-09 1.484237755795803681e-05
-4.020076880878865975e-06 -2.958855972536545770e-05 -9.066340381453301295e-06 -2.839465065859392485e-05 8.209050580109637169e-06 -6.946880660031934278e-07 -4.286612521404453746e-06 1.386424253657210754e-05 -1.550551842177461485e-06 -1.109154820971991885e-04
4.975736383282101160e-07 1.064101955838090761e-05 -6.027521716011611864e-06 4.428424543015605325e-07 -3.544188501131218522e-06 -6.179149365314403468e-07 3.099688477064924829e-06 2.196537188846079216e-05 -1.660148551361176157e-06 1.274022019984827566e-06
9.523854029541720334e-06 -2.790372582425792560e-05 -1.309837976757230777e-05 -2.030603528008855489e-06 -1.368164978211945109e-05 -5.787000309261380464e-05 3.098797191055110037e-06 -1.914199442966971240e-06 -1.189525636776985985e-05 -3.197694743804986220e-06
1.025608149413492975e-05 -3.405856607311440574e-07 -5.273361439782106573e-07 1.715609995456797751e-06 1.251205845103961507e-05 1.103771430045693870e-06 -1.836061872215796737e-05 -3.637856982012828687e-06 5.152603771568445329e-06 1.766962295873227083e-05
1.570708661540146670e-05 2.754216724987512438e-05 -3.453046394645938077e-07 -1.238956652429047949e-04 1.070039286268093383e-05 -5.104784426106090734e-06 -1.336604409967532624e-05 1.247631842570616428e-05 3.508490142873253931e-05 -2.872408969162511790e-06
1.660753984742846827e-06 -4.169911663471714494e-05 4.598951543314866303e-06 -2.560755139980307939e-05 3.998220038918760198e-05 6.261215607537584122e-07 -4.557233348079937484e-06 5.526097814452357975e-07 -3.283524448761935855e-05 4.691580053215705901e-06
-1.177721735978338229e-06 1.238274137463707677e-05 8.437809953211243159e-06 -2.222385599891668679e-06 -1.660444867532923267e-05 -4.289136786811906379e-05 -8.956958452467501643e-06 1.214708572168580580e-04 -1.242013952438265784e-05 7.500688979475654708e-06
-2.440138344385973339e-06 2.048915760100493661e-06 9.245751426792347906e-05 -3.740703037165780118e-05 -1.282309580235590155e-06 9.723990100048864982e-06 -1.477216842547269427e-05 -1.547889296317738536e-06 1.103897959666147254e-04 1.266297932127603404e-05
4.510154163658183871e-06 -2.759342732837892525e-05 1.283679523537451164e-05 3.368461685865412048e-05 1.135922448259220403e-05 -1.499016106586348039e-05 -2.717159025271215971e-05 -2.228465886948573194e-06 -4.499688750101252141e-07 9.126282787651942523e-07
1.717321687180119498e-06 2.338216208544060953e-06 1.521202590530623169e-06 -4.383644999058163336e-06 -1.884762149851904530e-05 -1.375885237168575683e-05 -1.883710775758942239e-06 -1.100074215032814076e-06 1.064903292631401653e-05 2.891027405205652960e-05
-8.833440013772783078e-06 1.955120831848176439e-05 -1.647181794146850172e-04 2.810204819534710739e-06 -5.482734172553888305e-06 3.972608615804552700e-05 1.470143730197258448e-06 7.846526761816410833e-05 3.612300175586700355e-06 -5.093824733150544097e-05
1.107039410864639047e-05 1.212595997717138781e-06 -3.857011513957305188e-05 1.259850761814228211e-06 1.544192153763788273e-05 3.246997676551344626e-05 -1.407212965311949540e-05 1.350928494077686430e-05 -2.908438248048523248e-07 3.096568834540957453e-05
2.649975899626146538e-05 -2.460102937811163986e-06 9.954546704585994498e-07 5.146678140530739094e-06 -3.383200903372802977e-07 9.161784538575134230e-06 -1.394793379576772249e-06 -6.529904056284920115e-06 -4.187637918300821772e-05 1.080941781873301919e-05
-1.361529246429022365e-05 1.146747897399790536e-05 -4.553653563921443438e-06 1.116309539977466144e-05 -8.238311000623150550e-07 4.718778980315972954e-05 3.240631567024192738e-06 1.332257536956354632e-05 2.808245280765071916e-06 -3.159259129541973871e-06
3.712500967448546977e-07 -4.178493573035753447e-06 -7.178065826837598647e-08 2.660529346711024150e-06 4.175361136199059015e-06 4.783206157753020334e-06 -4.817262523184245890e-06 6.772660272230625961e-07 2.477797795336502773e-05 -4.759002066977917499e-06
-1.958704340288078079e-06 2.715150098117943806e-05 -4.057072964772976278e-06 2.328906891482937488e-06 -1.313991978932451301e-06 -2.869796186336186388e-07 -7.921311317899776150e-06 -1.654139698337894549e-06 -9.303810994608915509e-06 -1.346622720233890394e-05
-6.231278723415392538e-07 1.002101786310654019e-06 -7.724437013203913453e-06 3.880626281334730160e-08 4.227752156745929481e-06 9.955787693455699249e-06 8.836804760771116077e-06 -3.051975683025277570e-05 -5.538824387926631883e-06 -2.429009628297396721e-05
2.644232449679707664e-05 3.363686050269069847e-06 -9.312849569717034288e-06 1.552541169727323844e-05 -4.094595156500196022e-05 8.297707677153902481e-06 1.291003985690193107e-06 -7.235673415665696580e-06 -4.978914281840954127e-06 -4.985407733164856905e-06
-1.440350783778152404e-05 1.228927653692000465e-05 1.062219563009075635e-05 -8.971228650121744182e-06 2.325327120107309452e-06 1.534528278823181734e-06 -2.880892166814678995e-08 1.105969231860131594e-05 -1.906967529345942144e-07 -9.023019296927974946e-07
8.776249111857476750e-07 -2.668553139832678817e-06 -1.387041089742167612e-06 -5.823255407760414857e-06 -3.508598414205805424e-06 1.001425908374643328e-05 -5.999917946118795122e-07 -2.992849254463248363e-07 -2.886423499623374554e-06 5.674972437625871533e-06
1.291018544477785386e-05 5.165314221383372340e-06 9.654465607075855108e-06 -4.616333897936033022e-06 -1.295693638855944224e-05 2.299983829509868199e-06 -4.080278521045965978e-06 4.079051266588781745e-05 -4.356056944101619055e-07 4.870096769050700639e-06
4.189931551508659145e-05 4.902245865381293664e-06 6.989022572545928250e-07 -4.456792150869486888e-06 6.157135610129063991e-07 7.831073953451408564e-06 -2.311584563689842517e-07 -6.083503936265738115e-06 -9.462090052720470472e-06 6.315702767397566693e-06
1.439869956479608603e-05 8.106382249471164080e-06 -4.845923122605036766e-06 -1.822068219698811739e-05 -9.092604298423804583e-06 3.501391677535793904e-06 -9.351961597522009381e-06 -9.877184808915034457e-07 1.711397197532598364e-06 1.185016891938972714e-06
-1.916490872497203381e-06 1.243011486952208554e-06 -1.086307247844070841e-05 4.942013178725593431e-06 4.773114920566858168e-07 6.998502585043816539e-06 -3.118424618367273630e-05 9.310992824129103425e-05 1.534306454278218243e-05 1.420463708790294377e-05
2.317944847501401334e-07 1.205109201367229582e-06 3.430636995596864173e-06 5.338302540968184380e-07 6.831195955693117494e-06 -5.029128410226984698e-06 1.235651797974315312e-05 -1.396737333275687320e-07 9.170932695726214981e-06 5.320688335909750101e-06
2.282226273599566186e-06 -1.375553989289115926e-05 5.729408504436136500e-06 -9.775217956165794354e-06 -4.301629423738496829e-05 2.227212386143551874e-05 -9.535172086287339364e-06 -9.374375763293144756e-08 -1.387364110304381210e-05 1.033774270549376255e-06
1.439888437261839331e-06 -4.060649515245046495e-05 -1.010961553043891676e-06 1.714996137658900531e-06 2.770877031288126454e-05 3.829263666386726480e-06 -3.449391558789319126e-06 1.237951000385596977e-05 3.937063522623157787e-07 -1.103508805631881335e-05
