-8.988292321503403570e-02 -5.209553911283056893e-01 -4.911199954955891567e-01 1.953473432694579487e-02 -6.823187911244454007e+00 -7.922245728305662427e-01 -3.471328720415569613e-01 -7.122380127504897018e+00 3.319319950291140797e-01 2.542301728106166059e-01
5.366639454015199595e-01 -2.128823380771257545e-01 -4.444311875932847755e+01 5.796207878267728431e-01 -2.077397415930483104e-01 -2.766631591557696668e-01 -1.664535094992493214e+01 -2.392812931695896150e+00 7.832399971415766604e-01 1.636511467022934152e-01
-1.535095941814271781e+00 9.048109860351327693e-02 1.076085117293709746e-03 -1.732544458683709862e-02 -2.405793814888511524e-03 -1.058025638528481693e-01 -2.761409804964400472e+00 3.526673465352610393e+00 -8.684705337178225126e-02 -1.405052045375305481e+00
-2.431699474816677586e-01 -3.097400965046121168e+00 5.917197128996437572e-01 -7.533190764063284195e-02 -5.829356685113843417e-01 -3.744395550257938188e-02 -9.083343466588900128e-01 -4.465227513964958872e-01 -4.276920676076869099e-01 -1.783015699629295903e-01
3.106540932925013765e-01 -7.460188578264226322e-02 1.691234928837304641e-01 2.502975614047782127e+00 -3.207934289873523026e-01 -3.090409788037088989e-01 -1.286717634837157009e-01 7.852171659924559455e-01 -1.658486496695149803e+00 -8.597065106954012714e-01
-8.853299742252889182e-01 4.855436157370266237e+00 2.227118762012611342e+01 -7.659356905886711253e+00 -1.194325134927550769e-01 -1.372730150469160026e+00 -2.266766381824867616e-01 3.388947435190674262e-02 -7.106185864124850760e+00 7.132994070392892905e-01
-9.478297966464072077e-02 7.647311955163752506e-01 -6.836924153034271319e-03 2.194496246229825642e-01 5.976710492617494097e-01 -5.122797180060384425e-02 5.370293870921906132e-01 3.604519965664192416e-01 -1.568068169718188853e+00 -3.038048253542380284e-01
1.687885098342767121e+00 -1.710382240257719566e-01 -1.416189170764318828e+00 1.997543628597977072e+00 3.145651149647713529e-01 -2.112110272120146792e+00 -4.200287567704421264e-03 -2.565595862800215676e-01 3.549756436444444913e-02 -2.786912733460662484e-01
-2.114198334514039157e-01 -9.230721324990107113e-02 -1.546140130911278499e-01 -1.002344871595321374e+00 1.395615192431618468e-01 1.214803228609773411e+00 -1.877066020932934010e-02 -2.298195082624063801e+00 8.700933883022377024e-02 -1.312015118648296452e+00
-1.643227630261883121e-01 -8.105551764254310676e-01 -1.566891405749153976e-01 3.323225143461338571e-01 -1.264711488932630523e-01 5.896849801718938577e-01 4.040098187731133716e-01 1.947453773453313719e-01 -6.461116685419663330e-01 2.022707387639618715e-01
-7.971268733621921232e-01 -1.389129934905332764e+00 8.478323770581615015e-01 2.600183696451637827e-01 2.144819360966054234e+01 8.325113205474367062e-01 1.623904546879178312e+01 -1.214554310686838612e+00 1.689397151007214493e-01 -1.997424459219174497e-01
-4.450688046956044475e-01 2.576576324343534896e+00 3.644171095478013905e-02 -2.502565860629428318e+00 -9.434918563559474558e-02 -5.509157731532006608e+00 7.258043003623242395e-01 3.026220777873723122e+00 5.754526696835320365e-01 1.338695220539560582e+00
9.043619630054741676e-02 -1.779563079844155016e-01 8.597458847371587665e-02 1.755420114897498218e-01 -2.484320336396175222e+00 2.152201234587107492e-01 6.928140756720477800e-01 1.581298375230537845e+00 6.587971990956016377e-01 1.057056519138223072e-01
9.951168031304866157e-02 -1.795242350151157046e-02 -7.168828053105796849e-02 8.447845070364214948e-01 2.696355850351850325e-01 6.528285225663171820e-01 4.639448861095964993e-01 7.967755953989877904e-01 -1.863215593176279494e+00 -1.929500262234096430e+00
-1.607031886589871394e-02 -2.828047244529656168e-01 2.786072731033373273e+00 -1.654673412850935721e+00 7.452957776623286845e-01 1.785554025908983322e-01 -1.431185007862098901e+00 -2.721381099789029978e+00 1.057911228380488955e-01 -2.052134830701519280e-02
-1.968198587552503653e+00 -9.592131316171696731e-02 -1.050480082542326055e-01 -7.373309923213241746e+00 -1.851439523670503684e+00 2.829681391056485529e-01 -2.102627934635528939e-01 -5.292962455977326952e-01 -8.004367558287273088e-01 -7.979865742072448365e-01
2.796351252655957520e-01 8.995702476469024100e-01 -1.593185548390818052e-01 -1.096051777545612449e+00 -4.644311599286158818e-03 -8.164348743129754005e-02 -4.705057290735897624e+00 -1.492705089240222938e+00 -3.887220263825854616e-01 -1.973538243964354288e+00
9.426365170972723639e-01 -1.302618861396570793e+00 4.143957030771016070e-01 1.849779103234617583e+00 -2.740386839393838536e-01 2.265610197503039047e-01 2.556069429998373277e-01 -1.318363437610726718e-01 2.152889262034181073e-01 -1.687407959519336420e-01
9.851901196235556268e-01 -1.552725690839950046e+00 1.156836541242871386e+00 1.900587710639833450e+00 -6.509608318689917850e-01 1.336023358852336251e-01 1.017053389975305228e-01 1.798977095660667380e-01 -8.907909806215905113e-02 -2.045768996392201000e-01
7.122859212928550399e+00 1.817346874431026993e-01 3.427719303266679174e-01 7.829567394037486583e-01 -2.395110799064361196e+00 -6.554989283936090150e-01 -1.649809650705444053e+00 2.503201636114555373e-01 -3.423206448007935776e-02 -4.151510973497396506e-01
-2.939650961134316343e-01 8.254151441435757519e-01 8.213512966870318621e+00 9.583138676448970106e-01 -1.146399237498611640e-01 8.799843195036580745e-01 1.031143027782624316e-01 2.335362639214218383e+00 -5.223353226050180265e-01 5.083834699689289138e+00
-7.433020402925342829e+00 2.740645435351132253e+00 -7.518955974210057569e+00 1.039861878274691565e+00 -1.128627315487080951e+00 1.254817638455726914e-01 -1.620485799885305056e+00 1.760396697619746043e-01 1.001477661782642636e+00 -1.129567626796154495e-01
-3.625784315228250954e-01 -3.309963286678950789e-01 -5.272881498831203523e-02 2.000619159598172325e-01 -9.998406568563329433e-01 -1.368782691049156730e+00 1.575770798781290338e+00 2.559434579329268100e+00 9.465251844842244300e-02 1.030566832746851735e-01
-4.023403275563849135e+00 8.234695874535880034e-01 -4.199544831006905149e-02 -2.221791309799608927e-01 -8.394552794869831747e-01 -3.088902665428011063e-01 -7.430589009298878000e-01 -7.676981334427249171e-02 -6.827775589730993022e-02 -1.818304586273442602e+00
-2.886517027254090761e-01 -1.741367574808476704e+00 -9.878552236253718144e-01 -1.431693978759102093e-01 3.091036150224016343e-01 -1.181809194378338757e-01 -3.735368879340266179e-01 7.597231781844483445e-01 5.762551755722411517e-01 -2.721452738914507119e+00
2.642114944563040968e+00 7.123673109304083650e-02 -4.662188286209814514e+00 -4.009556800675213029e-01 -2.205706987281289833e-01 6.746505478678536949e-02 2.158290083643648938e+00 -8.213390925067209913e-01 4.989586902862622075e+00 -9.587703391958459775e-01
-1.008684318822105741e+00 -1.728811182483199482e-01 9.738787801895922858e-01 5.599367424407345473e-01 -8.542501431039808968e-02 -3.677395374147623408e-01 9.302760377801471137e-01 1.250588338761126836e-02 -3.732638511618902588e-01 2.310942732221326484e-02
1.807998025314112508e-02 1.414867942397007194e+00 -6.182194978196076107e-01 1.175212851820340160e-01 2.232243192247866659e-01 -4.529192411683433672e-01 -2.639037856841272678e+00 6.226927227499480466e+00 6.769864610576237229e-01 -1.480373347177202648e-01
-7.421713191221362971e-01 9.345816377954450083e-01 -1.846989474996594549e-01 -2.191308326201358625e+00 -5.559118490788033995e+00 -7.382698983174720286e-01 6.451128881165332785e-02 4.403470117116199956e-01 1.611646253163500492e-02 -1.478158819252381573e+00
-2.431990862408377890e-02 -1.412393078768948707e+00 2.184597190204887962e+00 3.759427906291371024e-01 -1.012849484005231004e-01 6.100714730402347075e-02 -6.787707256756059238e-01 7.752694308094035813e-01 -4.900132185528920936e-01 2.204889614025069999e+00
-1.664146969697544998e-01 4.933014777003936757e+00 -3.105390356902691940e-01 8.753897937950517738e-01 -2.470441200484632560e+00 -4.725573939725405404e-01 4.449924209165945221e-01 1.619576302501578136e+00 -2.208719916762857255e-02 2.160369698360000423e-01
1.050882527405386652e-01 -2.098555316320624697e-01 5.372899937433227580e-01 -4.838297016025429609e-01 -4.567869949079126357e+00 2.458050716031765504e-01 9.020787353459689406e-01 1.691072818021938984e+00 -5.282728811082444409e-01 2.741577765856503257e-01
2.701176442559882762e-01 1.959915598750669563e+00 5.826101932144025497e+00 -8.388291899734263701e-01 1.806282650305862658e-01 1.809352576985891048e+01 6.038842544044817351e-02 -2.280197738157093215e-02 9.408321867970347085e+00 -8.098855579278527728e-01
-2.681657125591462854e-01 -1.201871029213954639e-01 -2.393685503873753451e+00 7.244555613662029270e-02 -8.374150997920278006e-02 3.538737779059086819e-01 -4.004060808765576240e+00 4.147118824274565463e-01 -8.581029909905796282e-01 2.553116187459681385e-01
8.833629339553864535e-01 3.236480859081718175e-02 -3.213228456024317392e+00 -6.406064009629683920e-01 -1.666361861921815679e-01 3.117650483737094240e-03 6.316225582079532330e+00 3.236998799874541977e-01 -8.875766597170455796e-01 -2.005639290054153534e+00
7.253240390044189967e-01 3.047305263226075533e-01 2.463510190116725285e-01 -3.700675326576912672e-01 1.019297141770596049e+00 1.158758233271297289e-01 -9.258660103823247445e-01 9.519209420691779333e-02 -2.673373856105851765e+00 -6.533622923381100789e-02
-8.282687076826719119e-01 -2.606443620867016087e+00 3.585222421367927903e-01 -2.135157765488832737e+00 -6.928204117813265839e-01 -2.478097118825401957e+00 4.269503579308612379e-02 -6.482006857243646780e-02 1.676635476414480630e+00 3.410170938961302745e-01
2.660082934631302631e-01 3.418657028671284737e-01 2.687697675072792669e-01 1.066254247307936831e+00 2.719790982601331120e+00 7.656111698395726251e+00 2.119234974877138633e+00 3.431634038976164036e-01 -5.727776729490233754e-01 6.894318940157530273e-02
-1.734237713307399953e-01 -4.972388537727182367e+00 6.451955870931751491e-01 4.146767769607695442e+00 -6.222507916651176529e+00 5.031137134617276463e-02 -1.703879415110471918e-01 2.207167718327365247e+00 -8.118966837810054349e-01 1.896238387581846485e+00
1.156927958762412612e+00 3.846754144182036317e-01 -5.382785792990882889e-01 -3.663095074335825374e-01 1.286032451219677020e+00 -6.157345197828545391e-01 2.378705879948399549e+00 -2.693690606867349402e-01 -2.261271600775303092e-01 -1.493941561821507669e-01
7.454680171088622354e-01 -2.814159945949833430e-01 7.704051604577324408e-01 -3.185955029766102207e-03 -4.687462207706212802e-01 2.135581241485268733e-01 5.135003366489880872e-01 2.622358469714250351e+00 -1.037014346829181255e+00 1.468216538797007531e-01
6.102075356640530579e-01 -3.647395100128572598e-01 1.314925433467502680e+00 2.790194065411786412e-03 -9.976509066364946943e-01 1.057451169816284176e-01 1.146028844920188305e+00 -3.418362398603642105e-01 5.894271095134404614e-01 9.499659337431349063e-03
-4.695014915486986906e-01 -3.231047884829493233e-01 5.947122957360322371e-01 2.234859577880619064e+00 5.595839645464290024e-02 -2.026205494261720030e+00 2.971552386891974096e-01 -2.125352429375325369e-01 -3.700729768659560132e-02 -3.573860645670322578e-01
-2.294155519242325525e+00 3.051979521922482119e-01 -4.012924249483426631e-02 1.599748701309327670e+00 -4.825653040075655320e-01 -1.099097425792190608e+00 2.669788045483643568e+00 2.237669514226046930e-01 -4.331756956233757117e-01 1.145570783647395074e-03
-1.090446187828614910e+00 7.702927136088832949e-02 8.531696754433278906e-01 5.644094194781663631e-01 -1.911006295804590582e+00 -3.366348318540521994e-02 -1.907599748145342999e-01 4.973219829763448341e-01 -1.896105203746196510e+00 -2.699826954984286265e-01
4.543566077412962478e+00 -2.773071566591603254e+00 4.979488173415682062e-01 2.399008476301492110e-01 -2.301586213871122943e+00 5.203044388564823965e-03 1.023129415203746673e+00 -6.336946077780485354e-01 1.140981309561345941e-02 -5.078547551087327777e-03
-1.207355790108752824e+00 4.356356071218406290e-01 -7.120947711595523311e-01 -1.824469340756477154e+00 2.751162805092497929e-02 -1.895709167699081710e-01 -1.613911091121038310e-01 2.215174373368709482e+00 3.067947775987411307e-01 -2.463288363341793463e+00
-2.837015025062461504e-01 -2.787981998487751856e+00 -2.532078428191699149e-01 5.012272940605652094e-01 1.996734478291813386e-01 2.450350160490039286e+00 2.621800038137229727e-01 -6.362470917367627488e-01 -2.492269126054962314e+00 -1.442925025341966760e-01
7.196433399544679421e-01 8.504161844676574322e-01 -1.524308699229521549e-03 3.293653268610685081e-01 -6.635047754525119634e-01 2.238429474047470280e-01 6.134349502916693897e-01 8.891302792140771682e-01 -1.006530572556550540e+00 -2.204950042188925929e-02
2.202653232885256163e+00 -4.694127014468601367e+00 8.411020834421021330e-01 -8.335437090347632694e-01 -7.302987034251994913e+00 6.321926038593643327e+00 -1.591611931412144076e-01 1.621049709848692566e-01 -3.576555164397198228e-01 1.585642370552071967e-01
