0.0014977455139160156
0.001430511474609375
0.0014121532440185547
0.0014452934265136719
0.0014986991882324219
0.0015685558319091797
0.001537322998046875
0.0014781951904296875
0.0014777183532714844
0.0014495849609375
0.0014536380767822266
0.0015406608581542969
0.0014722347259521484
0.0014946460723876953
0.0015535354614257812
0.0015342235565185547
0.0015256404876708984
0.0015490055084228516
0.001584768295288086
0.001566171646118164
0.0015592575073242188
0.0015690326690673828
0.0014929771423339844
0.0015234947204589844
0.0014913082122802734
0.001466512680053711
0.0015358924865722656
0.0014562606811523438
0.001512289047241211
0.0015208721160888672
0.0014719963073730469
0.0015506744384765625
0.0014584064483642578
0.0014727115631103516
0.001455545425415039
0.0014660358428955078
0.0014500617980957031
0.0014514923095703125
0.001514434814453125
0.001482248306274414
0.0015096664428710938
0.0015091896057128906
0.001451253890991211
0.0014805793762207031
0.0014908313751220703
0.0014650821685791016
0.0014770030975341797
0.001459360122680664
0.0014522075653076172
0.0014519691467285156
0.0014569759368896484
0.0015594959259033203
0.0015535354614257812
0.00154876708984375
0.0014712810516357422
0.0014431476593017578
0.0014579296112060547
0.0014579296112060547
0.0014531612396240234
0.001466989517211914
0.0014379024505615234
0.001455068588256836
0.001451253890991211
0.0014562606811523438
0.0015554428100585938
0.0014569759368896484
0.0015003681182861328
0.0014867782592773438
0.0014536380767822266
0.001468658447265625
0.0015060901641845703
0.0014841556549072266
0.001528024673461914
0.0015816688537597656
0.0016324520111083984
0.0015063285827636719
0.0014598369598388672
0.0015511512756347656
0.0014491081237792969
0.0015826225280761719
0.0014519691467285156
0.0014576911926269531
0.0014634132385253906
0.001524209976196289
0.0015380382537841797
0.0014655590057373047
0.001470804214477539
0.0014870166778564453
0.0014607906341552734
0.0014750957489013672
0.0014514923095703125
0.0014514923095703125
0.0015196800231933594
0.001505136489868164
0.001466512680053711
0.0014719963073730469
0.001458883285522461
0.0014688968658447266
0.0014617443084716797
0.0014834403991699219
0.0014951229095458984
0.001478433609008789
0.0015573501586914062
0.001486063003540039
0.0014700889587402344
0.0014760494232177734
0.0014569759368896484
0.0014872550964355469
0.0014655590057373047
0.0014672279357910156
0.0014829635620117188
0.001459360122680664
0.0015325546264648438
0.001489400863647461
0.0014700889587402344
0.0015134811401367188
0.0014972686767578125
0.0014462471008300781
0.0015916824340820312
0.0014522075653076172
0.0014712810516357422
0.001451253890991211
0.0014705657958984375
0.0015268325805664062
0.0014612674713134766
0.0014882087707519531
0.0014574527740478516
0.0014729499816894531
0.0014979839324951172
0.0014672279357910156
0.0015478134155273438
0.001491546630859375
0.0015528202056884766
0.001554727554321289
0.0014376640319824219
0.001451253890991211
0.00152587890625
0.0014691352844238281
0.0015392303466796875
0.0014557838439941406
0.0015003681182861328
0.0015268325805664062
0.0014564990997314453
0.0015377998352050781
0.0014905929565429688
0.0014929771423339844
0.0015308856964111328
0.0015292167663574219
0.0015206336975097656
0.0014536380767822266
0.001444101333618164
0.0015444755554199219
0.0014629364013671875
0.0015265941619873047
0.0014879703521728516
0.0014514923095703125
0.0015614032745361328
0.001444101333618164
0.001506805419921875
0.001493215560913086
0.0014641284942626953
0.0015614032745361328
0.0014615058898925781
0.0014948844909667969
0.0014986991882324219
0.0014598369598388672
0.001590728759765625
0.0014514923095703125
0.0014917850494384766
0.001500844955444336
0.0014753341674804688
0.001539468765258789
0.0014653205871582031
0.0015010833740234375
0.0015277862548828125
0.0014598369598388672
0.0015408992767333984
0.001463174819946289
0.0014774799346923828
0.0015246868133544922
0.0014538764953613281
0.0015821456909179688
0.0014760494232177734
0.0015017986297607422
0.0015323162078857422
0.0014712810516357422
0.0015344619750976562
0.0015149116516113281
0.0015087127685546875
0.0015366077423095703
0.001478433609008789
0.0015592575073242188
0.0014753341674804688
0.0015106201171875
0.0015249252319335938
0.0014786720275878906
0.0015468597412109375
0.0014710426330566406
0.0014986991882324219
0.00151824951171875
0.0014698505401611328
0.0015413761138916016
0.0014820098876953125
0.0014576911926269531
0.0015101432800292969
0.0014538764953613281
0.0015137195587158203
0.0014879703521728516
0.0014557838439941406
0.0015616416931152344
0.001558065414428711
0.001590728759765625
0.001481771469116211
0.0014564990997314453
0.0015408992767333984
0.0014524459838867188
0.001474142074584961
0.0014567375183105469
0.0014536380767822266
0.0015609264373779297
0.0014803409576416016
0.0014688968658447266
0.001453399658203125
0.0014619827270507812
0.0014979839324951172
0.0014736652374267578
0.0014798641204833984
0.0014505386352539062
0.001470804214477539
0.0015270709991455078
0.0014967918395996094
0.0014967918395996094
0.0014770030975341797
0.0014719963073730469
0.0014882087707519531
0.0014824867248535156
0.0015301704406738281
0.0014486312866210938
0.0014684200286865234
0.001491546630859375
0.0014674663543701172
0.0014963150024414062
0.0015232563018798828
0.0015294551849365234
0.001529693603515625
0.001468658447265625
0.0014765262603759766
0.0014495849609375
0.0014691352844238281
0.0014603137969970703
0.0014657974243164062
0.0014832019805908203
0.0014617443084716797
0.0014493465423583984
0.0014870166778564453
0.0014781951904296875
0.0014641284942626953
0.0014600753784179688
0.0014803409576416016
0.0014772415161132812
0.001516580581665039
0.0014750957489013672
0.0014827251434326172
0.001463174819946289
0.0014755725860595703
0.0014717578887939453
0.0014805793762207031
0.001470804214477539
0.0014560222625732422
0.0014488697052001953
0.0014879703521728516
0.0014619827270507812
0.001468658447265625
0.001470327377319336
0.0014657974243164062
0.0014619827270507812
0.0014538764953613281
0.001463174819946289
0.0014777183532714844
0.0014693737030029297
0.0014896392822265625
0.0014798641204833984
0.0014617443084716797
0.0014836788177490234
0.0014393329620361328
0.0014684200286865234
0.0014743804931640625
0.0014662742614746094
0.0014982223510742188
0.0014729499816894531
0.0014955997467041016
0.0014810562133789062
0.0014638900756835938
0.0015168190002441406
0.0015118122100830078
0.0014805793762207031
0.0014743804931640625
0.0014684200286865234
0.0014824867248535156
0.0014576911926269531
0.0014443397521972656
0.0014698505401611328
0.0014789104461669922
0.0014729499816894531
0.0014617443084716797
0.0014462471008300781
0.0014603137969970703
0.0015156269073486328
0.0015549659729003906
0.0014438629150390625
0.0015501976013183594
0.001447916030883789
0.0014581680297851562
0.0014557838439941406
0.001451253890991211
0.0014615058898925781
0.001459360122680664
0.001444101333618164
0.0014584064483642578
0.00147247314453125
0.0014595985412597656
0.001466989517211914
0.0015077590942382812
0.001560211181640625
0.0015401840209960938
0.001489877700805664
0.0014641284942626953
0.0014567375183105469
0.0014574527740478516
0.0014629364013671875
0.0014488697052001953
0.0014681816101074219
0.0014567375183105469
0.0015261173248291016
0.001458883285522461
0.0014498233795166016
0.0014646053314208984
0.0014531612396240234
0.001552581787109375
0.0014748573303222656
0.0015404224395751953
0.0014531612396240234
0.0015583038330078125
0.0014505386352539062
0.0015606880187988281
0.0014395713806152344
0.0015239715576171875
0.0015799999237060547
0.0014736652374267578
0.0015282630920410156
0.0014569759368896484
0.0014574527740478516
0.0014812946319580078
0.0014774799346923828
0.001493215560913086
0.0014705657958984375
0.0014638900756835938
0.001514434814453125
0.0014958381652832031
0.0014781951904296875
0.0014619827270507812
0.0014796257019042969
0.0014700889587402344
0.0014705657958984375
0.0014691352844238281
0.0014617443084716797
0.0014514923095703125
0.001481771469116211
0.001458883285522461
0.0015628337860107422
0.0015439987182617188
0.0014770030975341797
0.001544952392578125
0.001447439193725586
0.0014410018920898438
0.0014567375183105469
0.0014505386352539062
0.0014562606811523438
0.0014569759368896484
0.0014581680297851562
0.0014646053314208984
0.0014543533325195312
0.001522064208984375
0.0014581680297851562
0.0014345645904541016
0.0015270709991455078
0.0014629364013671875
0.0015125274658203125
0.0015377998352050781
0.0014889240264892578
0.0014603137969970703
0.0014579296112060547
0.0015153884887695312
0.0015118122100830078
0.0014553070068359375
0.0014553070068359375
0.0014934539794921875
0.0015401840209960938
0.0015876293182373047
0.0014498233795166016
0.0014731884002685547
0.0014443397521972656
0.001542806625366211
0.0014624595642089844
0.0014567375183105469
0.0014584064483642578
0.0014538764953613281
0.0014560222625732422
0.0014567375183105469
0.0014529228210449219
0.001462697982788086
0.0015323162078857422
0.0014801025390625
0.0014691352844238281
0.0014426708221435547
0.001458883285522461
0.001478433609008789
0.0014667510986328125
0.001474142074584961
0.001462697982788086
0.0014770030975341797
0.0015125274658203125
0.0015137195587158203
0.001474618911743164
0.0014650821685791016
0.0014657974243164062
0.0014734268188476562
0.0014700889587402344
0.0014691352844238281
0.0014801025390625
0.0014715194702148438
0.001489877700805664
0.001470327377319336
0.0014734268188476562
0.0014736652374267578
0.0014674663543701172
0.0015697479248046875
0.001444101333618164
0.0014448165893554688
0.0014612674713134766
0.0014615058898925781
0.0014679431915283203
0.0014636516571044922
0.0014638900756835938
0.0014691352844238281
0.0014679431915283203
0.0014872550964355469
0.0014655590057373047
0.0014636516571044922
0.001481771469116211
0.001470327377319336
0.0014584064483642578
0.0014796257019042969
0.0014727115631103516
0.0014786720275878906
0.0014650821685791016
0.0014595985412597656
0.0014731884002685547
0.0014586448669433594
0.0014767646789550781
0.0014562606811523438
0.001483917236328125
0.0015032291412353516
0.001463174819946289
0.0014901161193847656
0.0014758110046386719
0.0015234947204589844
0.0014615058898925781
0.0014603137969970703
0.0014698505401611328
0.001477956771850586
0.0014748573303222656
0.0014848709106445312
0.0014750957489013672
0.0014791488647460938
0.0015180110931396484
0.0015163421630859375
0.001474142074584961
0.0014681816101074219
0.0014743804931640625
0.0014805793762207031
0.0014653205871582031
0.0014753341674804688
0.0014553070068359375
0.0014700889587402344
0.0014967918395996094
0.0015180110931396484
0.0014901161193847656
0.0015251636505126953
0.0014872550964355469
0.0014905929565429688
0.0014841556549072266
0.0014753341674804688
0.0014727115631103516
0.0014796257019042969
0.0014755725860595703
0.0014910697937011719
0.0014770030975341797
0.0014843940734863281
0.001474618911743164
0.0015516281127929688
0.0014643669128417969
0.0014791488647460938
0.0014882087707519531
0.0014655590057373047
0.0014815330505371094
0.0014815330505371094
0.0014760494232177734
0.0014841556549072266
0.0014657974243164062
0.0014841556549072266
0.0014693737030029297
0.001554727554321289
0.0014753341674804688
0.0014684200286865234
0.0014510154724121094
0.0014719963073730469
0.0014715194702148438
0.0014722347259521484
0.0014681816101074219
0.0014650821685791016
0.0015687942504882812
0.001483917236328125
0.0014836788177490234
0.0014655590057373047
0.0014653205871582031
0.001483917236328125
0.0014719963073730469
0.0014791488647460938
0.0014691352844238281
0.0015189647674560547
0.0014650821685791016
0.0014815330505371094
0.0014710426330566406
0.0014758110046386719
0.0014641284942626953
0.0014734268188476562
0.0014734268188476562
0.001474142074584961
0.00151824951171875
0.0014598369598388672
0.0014820098876953125
0.0014870166778564453
0.001461029052734375
0.0015752315521240234
0.001531839370727539
0.0014691352844238281
0.0014636516571044922
0.0014624595642089844
0.0014641284942626953
0.0014672279357910156
0.001477956771850586
0.0014691352844238281
0.001516103744506836
0.0014727115631103516
0.0014681816101074219
0.001474618911743164
0.0014696121215820312
0.001470327377319336
0.0014679431915283203
0.0014622211456298828
0.0014591217041015625
0.0014719963073730469
0.0014541149139404297
0.0015141963958740234
0.001453399658203125
0.0014796257019042969
0.0014946460723876953
0.0015249252319335938
0.0014650821685791016
0.001466512680053711
0.0014674663543701172
0.0014595985412597656
0.0014641284942626953
0.001455545425415039
0.001451253890991211
0.0015234947204589844
0.001627206802368164
0.0016620159149169922
0.0015959739685058594
0.0016121864318847656
0.0015397071838378906
0.001722574234008789
0.001752614974975586
0.001779317855834961
0.0015494823455810547
0.001684427261352539
0.001631021499633789
0.0016071796417236328
0.0016739368438720703
0.0015501976013183594
0.0018181800842285156
0.0016531944274902344
0.001739501953125
0.0015425682067871094
0.0016627311706542969
0.0016541481018066406
0.0015349388122558594
0.001744985580444336
0.001657247543334961
0.0017652511596679688
0.0015141963958740234
0.0016372203826904297
0.0016200542449951172
0.0016243457794189453
0.0017099380493164062
0.0015971660614013672
0.0017783641815185547
0.0015666484832763672
0.0016369819641113281
0.0015637874603271484
0.0014567375183105469
0.0016460418701171875
0.0015621185302734375
0.0017113685607910156
0.0014562606811523438
0.0016016960144042969
0.001573324203491211
0.0014579296112060547
0.0016744136810302734
0.0015158653259277344
0.0016093254089355469
0.0015468597412109375
0.0014874935150146484
0.0016644001007080078
0.001443624496459961
0.001589059829711914
0.0015287399291992188
0.001554727554321289
0.0016224384307861328
0.0014617443084716797
0.0016367435455322266
0.0014662742614746094
0.0015337467193603516
0.0015811920166015625
0.001478433609008789
0.001634836196899414
0.001500844955444336
0.0015931129455566406
0.0015194416046142578
0.0014693737030029297
0.0016078948974609375
0.0015265941619873047
0.0014805793762207031
0.0015959739685058594
0.0014820098876953125
0.0015892982482910156
0.0015192031860351562
0.0015625953674316406
0.001474142074584961
0.0014836788177490234
0.0015451908111572266
0.001535654067993164
0.001573324203491211
0.001516103744506836
0.0014536380767822266
0.0015811920166015625
0.0015456676483154297
0.0015435218811035156
0.001544952392578125
0.0015363693237304688
0.0015804767608642578
0.0015079975128173828
0.001539468765258789
0.0014834403991699219
0.001552581787109375
0.0014810562133789062
0.001453399658203125
0.0014729499816894531
0.001470327377319336
0.0014808177947998047
0.0015418529510498047
0.0015501976013183594
0.001466512680053711
0.0014624595642089844
0.0015358924865722656
0.001543283462524414
0.0014810562133789062
0.0014853477478027344
0.0014567375183105469
0.0014526844024658203
0.0016651153564453125
0.0014524459838867188
0.0014874935150146484
0.0015177726745605469
0.001462697982788086
0.0015416145324707031
0.001451253890991211
0.0014455318450927734
0.0014553070068359375
0.0014722347259521484
0.0014591217041015625
0.0014538764953613281
0.0014646053314208984
0.0014564990997314453
0.0014545917510986328
0.0014889240264892578
0.0014493465423583984
0.0014514923095703125
0.0014450550079345703
0.0014455318450927734
0.0014574527740478516
0.0015163421630859375
0.0014510154724121094
0.0014677047729492188
0.0014526844024658203
0.0015518665313720703
0.0014617443084716797
0.0014636516571044922
0.0014767646789550781
0.001463174819946289
0.0015456676483154297
0.0014524459838867188
0.0014591217041015625
0.0014660358428955078
0.0014917850494384766
0.0014269351959228516
0.001451253890991211
0.0014495849609375
0.0014650821685791016
0.0014438629150390625
0.001520395278930664
0.0015444755554199219
0.0014934539794921875
0.001546621322631836
0.0014841556549072266
0.0015017986297607422
0.0014753341674804688
0.0014564990997314453
0.0015747547149658203
0.0015108585357666016
0.0014600753784179688
0.0014700889587402344
0.001455545425415039
0.0015552043914794922
0.001611471176147461
0.0016109943389892578
0.0015609264373779297
0.0015060901641845703
0.0015561580657958984
0.0015375614166259766
0.001529693603515625
0.0015361309051513672
0.0015261173248291016
0.0015714168548583984
0.0015120506286621094
0.0015413761138916016
0.001642465591430664
0.0015270709991455078
0.0016262531280517578
0.001524209976196289
0.0014681816101074219
0.00151824951171875
0.0014333724975585938
0.0015170574188232422
0.0015268325805664062
0.001512289047241211
0.0015206336975097656
0.0015261173248291016
0.0014421939849853516
0.0014369487762451172
0.001516103744506836
0.00145721435546875
0.0014679431915283203
0.0015625953674316406
0.0014407634735107422
0.0014600753784179688
0.0014705657958984375
0.0014073848724365234
0.0014538764953613281
0.0014846324920654297
0.0014700889587402344
0.0014688968658447266
0.001451730728149414
0.0014941692352294922
0.0014374256134033203
0.0014698505401611328
0.0014677047729492188
0.0014514923095703125
0.0015354156494140625
0.001451730728149414
0.0014452934265136719
0.0014564990997314453
0.0014386177062988281
0.0014650821685791016
0.0014615058898925781
0.0014715194702148438
0.0014684200286865234
0.0014743804931640625
0.0015301704406738281
0.0014650821685791016
0.0014553070068359375
0.0014622211456298828
0.0014765262603759766
0.0014646053314208984
0.0014698505401611328
0.001447439193725586
0.0014600753784179688
0.0014674663543701172
0.0015316009521484375
0.0014643669128417969
0.001461029052734375
0.0014882087707519531
0.001468658447265625
0.0014677047729492188
0.0014607906341552734
0.0014660358428955078
0.0014653205871582031
0.0014691352844238281
0.0014612674713134766
0.0014691352844238281
0.0014612674713134766
0.001468658447265625
0.0015091896057128906
0.0015070438385009766
0.0014486312866210938
0.0014619827270507812
0.0014448165893554688
0.0014910697937011719
0.001432657241821289
0.001455068588256836
0.001451253890991211
0.0014400482177734375
0.0015268325805664062
0.0014400482177734375
0.0014615058898925781
0.001453399658203125
0.0014429092407226562
0.0014445781707763672
0.001445770263671875
0.0014476776123046875
0.0015566349029541016
0.0014853477478027344
0.0014505386352539062
0.001461029052734375
0.001470804214477539
0.0014657974243164062
0.0014777183532714844
0.0014538764953613281
0.0015420913696289062
0.0014870166778564453
0.0014615058898925781
0.0014460086822509766
0.0015301704406738281
0.0014541149139404297
0.0014317035675048828
0.00145721435546875
0.0014581680297851562
0.0014221668243408203
0.0014426708221435547
0.0014448165893554688
0.00139617919921875
0.0014522075653076172
0.0014469623565673828
0.001493692398071289
0.001435995101928711
0.0014882087707519531
0.0015621185302734375
0.0015709400177001953
0.001439809799194336
0.0015537738800048828
0.0014619827270507812
0.0015010833740234375
0.0015077590942382812
0.001491546630859375
0.0015532970428466797
0.0014483928680419922
0.0015027523040771484
0.0015039443969726562
0.0014376640319824219
0.0015485286712646484
0.0014455318450927734
0.0014941692352294922
0.001485586166381836
0.0014564990997314453
0.0015406608581542969
0.0014867782592773438
0.0014913082122802734
0.0015103816986083984
0.0014426708221435547
0.001544952392578125
0.0014965534210205078
0.0014846324920654297
0.001529693603515625
0.0014581680297851562
0.0015251636505126953
0.0014505386352539062
0.0014317035675048828
0.0014967918395996094
0.0014545917510986328
0.0015151500701904297
0.0014634132385253906
0.0014445781707763672
0.0015354156494140625
0.0014836788177490234
0.0015208721160888672
0.001451730728149414
0.0014414787292480469
0.0015499591827392578
0.0014522075653076172
0.0015079975128173828
0.0014874935150146484
0.0014538764953613281
0.0015492439270019531
0.001451730728149414
0.00146484375
0.0014889240264892578
0.0015323162078857422
0.0015246868133544922
0.0014579296112060547
0.0014922618865966797
0.0015115737915039062
0.0014567375183105469
0.0014672279357910156
0.0014467239379882812
0.0014576911926269531
0.001466989517211914
0.0015330314636230469
0.001470327377319336
0.0014407634735107422
0.001459360122680664
0.001514434814453125
0.001438140869140625
0.0014405250549316406
0.0014352798461914062
0.0014650821685791016
0.0015001296997070312
0.0014944076538085938
0.001505136489868164
0.0014433860778808594
0.0014195442199707031
0.00146484375
0.0014162063598632812
0.001421213150024414
0.0014994144439697266
0.0014638900756835938
0.0014030933380126953
0.0014195442199707031
0.0014066696166992188
0.0014624595642089844
0.0014438629150390625
0.0014426708221435547
0.0014548301696777344
0.001462697982788086
0.001436471939086914
0.0014386177062988281
0.0014488697052001953
0.0014638900756835938
0.0014820098876953125
0.0014925003051757812
0.0014698505401611328
0.0014460086822509766
0.0014531612396240234
0.0014579296112060547
0.0014443397521972656
0.0014731884002685547
0.0015037059783935547
0.0014951229095458984
0.0014569759368896484
0.0014483928680419922
0.0014774799346923828
0.0014562606811523438
0.0014507770538330078
0.0014574527740478516
0.0014615058898925781
0.001486063003540039
0.0014338493347167969
0.0014734268188476562
0.0014958381652832031
0.0014643669128417969
0.0014939308166503906
0.0014553070068359375
0.001445770263671875
0.0014722347259521484
0.0014281272888183594
0.001440286636352539
0.0014486312866210938
0.0014791488647460938
0.001485586166381836
0.0014371871948242188
0.0014734268188476562
0.0014646053314208984
0.0015206336975097656
0.0014476776123046875
0.00145721435546875
0.0014469623565673828
0.0014500617980957031
0.0014388561248779297
0.001424551010131836
0.0013995170593261719
0.0014204978942871094
0.0014188289642333984
0.0014729499816894531
0.001522064208984375
0.00142669677734375
0.0013890266418457031
0.0014214515686035156
0.0014252662658691406
0.001386880874633789
0.0014448165893554688
