0.01504969596862793
0.031016111373901367
0.014911174774169922
0.014963626861572266
0.014873743057250977
0.01479959487915039
0.014954090118408203
0.014879465103149414
0.014797210693359375
0.014941215515136719
0.015014886856079102
0.014898061752319336
0.01481938362121582
0.015077829360961914
0.015121936798095703
0.015027523040771484
0.01627182960510254
0.016037940979003906
0.029169082641601562
0.03029942512512207
0.04045581817626953
0.048238515853881836
0.016709566116333008
0.015173912048339844
0.01517176628112793
0.015110492706298828
0.015053033828735352
0.015464305877685547
0.015065431594848633
0.014950275421142578
0.0153961181640625
0.015863895416259766
0.015364885330200195
0.015112876892089844
0.014872312545776367
0.014875173568725586
0.01513528823852539
0.015023946762084961
0.015037298202514648
0.015050888061523438
0.015121698379516602
0.01536870002746582
0.015163660049438477
0.01500391960144043
0.015058040618896484
0.015224695205688477
0.015157461166381836
0.01503753662109375
0.015019655227661133
0.015036344528198242
0.015030860900878906
0.015065193176269531
0.015178680419921875
0.015169382095336914
0.01523137092590332
0.015154838562011719
0.015051603317260742
0.014973640441894531
0.015228986740112305
0.015040397644042969
0.015088796615600586
0.01514577865600586
0.015053033828735352
0.015014410018920898
0.015233993530273438
0.015203714370727539
0.015123844146728516
0.015306472778320312
0.015425682067871094
0.015027523040771484
0.015088796615600586
0.015181541442871094
0.015223503112792969
0.015140056610107422
0.014954090118408203
0.014129638671875
0.014857769012451172
0.014886140823364258
0.015020370483398438
0.015115499496459961
0.01499629020690918
0.015076875686645508
0.01548910140991211
0.014932394027709961
0.01491093635559082
0.014843225479125977
0.01487112045288086
0.014956951141357422
0.014892101287841797
0.014826059341430664
0.015068292617797852
0.015061616897583008
0.014899730682373047
0.01503610610961914
0.015079498291015625
0.015107393264770508
0.01493215560913086
0.015264749526977539
0.015194416046142578
0.01699542999267578
0.01298832893371582
0.014819145202636719
0.017510652542114258
0.0178835391998291
0.01865530014038086
0.01905059814453125
0.01801323890686035
0.018023252487182617
0.016587257385253906
0.017101526260375977
0.01845693588256836
0.01821279525756836
0.01808929443359375
0.018273353576660156
0.01851034164428711
0.01836395263671875
0.014180183410644531
0.015182018280029297
0.015315771102905273
0.015274286270141602
0.015243768692016602
0.015228271484375
0.015070438385009766
0.015002727508544922
0.014969825744628906
0.015105009078979492
0.015096902847290039
0.015027046203613281
0.0153350830078125
0.015313148498535156
0.015849828720092773
0.01497793197631836
0.015178918838500977
0.014880657196044922
0.01541900634765625
0.014830827713012695
0.014827966690063477
0.014914512634277344
0.015321969985961914
0.014907598495483398
0.014831781387329102
0.014910221099853516
0.01505589485168457
0.01515054702758789
0.014952659606933594
0.014854669570922852
0.014866113662719727
0.014859199523925781
0.015118598937988281
0.014947175979614258
0.015084981918334961
0.015079736709594727
0.015079736709594727
0.015099763870239258
0.015008211135864258
0.015220165252685547
0.015221834182739258
0.018668413162231445
0.015570878982543945
0.015003681182861328
0.014911413192749023
0.019948244094848633
0.01492452621459961
0.014936447143554688
0.014915227890014648
0.014867782592773438
0.014927864074707031
0.014930248260498047
0.01488947868347168
0.014987468719482422
0.014889001846313477
0.014996528625488281
0.014863252639770508
0.014864683151245117
0.014993429183959961
0.014932870864868164
0.014849424362182617
0.014844894409179688
0.014962911605834961
0.014937877655029297
0.015070676803588867
0.015131473541259766
0.014969348907470703
0.015019416809082031
0.014867067337036133
0.014872074127197266
0.014909982681274414
0.01492762565612793
0.015023231506347656
0.014993906021118164
0.015142202377319336
0.01498866081237793
0.015419721603393555
0.015337705612182617
0.01529836654663086
0.015196084976196289
0.014998674392700195
0.015011787414550781
0.015031576156616211
0.014955759048461914
0.015012025833129883
0.015357017517089844
0.014947175979614258
0.014961481094360352
0.014140605926513672
0.01485753059387207
0.014866352081298828
0.014914989471435547
0.014904022216796875
0.014877796173095703
0.014889955520629883
0.014780759811401367
0.01503443717956543
0.01502537727355957
0.015019893646240234
0.015068531036376953
0.015101194381713867
0.015537023544311523
0.01501917839050293
0.015151023864746094
0.015155792236328125
0.015420198440551758
0.015573740005493164
0.01534581184387207
0.015295743942260742
0.015010595321655273
0.014928579330444336
0.015030384063720703
0.014847040176391602
0.014915227890014648
0.014819622039794922
0.014831066131591797
0.014859199523925781
0.015063762664794922
0.014860868453979492
0.014836311340332031
0.01481318473815918
0.014832496643066406
0.014830589294433594
0.014951705932617188
0.014861345291137695
0.014905214309692383
0.014878273010253906
0.014877080917358398
0.015075922012329102
0.015164375305175781
0.015089750289916992
0.014966726303100586
0.015380144119262695
0.015016794204711914
0.015076160430908203
0.014970779418945312
0.015115976333618164
0.015015602111816406
0.014996528625488281
0.015490055084228516
0.015067338943481445
0.01511836051940918
0.015151023864746094
0.015127182006835938
0.015071630477905273
0.015044212341308594
0.015009164810180664
0.015051603317260742
0.015014886856079102
0.015016794204711914
0.014943361282348633
0.015071630477905273
0.014988183975219727
0.015064001083374023
0.01515054702758789
0.015083789825439453
0.015133857727050781
0.014943361282348633
0.014941692352294922
0.014955282211303711
0.01484370231628418
0.014798641204833984
0.014977455139160156
0.015203475952148438
0.015189647674560547
0.015050888061523438
0.014908313751220703
0.01529073715209961
0.014983177185058594
0.015157222747802734
0.015300273895263672
0.014962434768676758
0.015088558197021484
0.014978408813476562
0.015079498291015625
0.015066146850585938
0.015018701553344727
0.015152931213378906
0.015013456344604492
0.015049934387207031
0.015022993087768555
0.014921188354492188
0.0150909423828125
0.015096187591552734
0.015057802200317383
0.015037059783935547
0.01507425308227539
0.014800071716308594
0.014814138412475586
0.01488494873046875
0.015208244323730469
0.014936447143554688
0.015109777450561523
0.015015363693237305
0.015300750732421875
0.015287637710571289
0.015209674835205078
0.015031814575195312
0.015501976013183594
0.015393733978271484
0.015439271926879883
0.01558995246887207
0.015447616577148438
0.015508413314819336
0.015334367752075195
0.015465497970581055
0.015084028244018555
0.015238761901855469
0.015009880065917969
0.015106678009033203
0.015189409255981445
0.014913320541381836
0.014979839324951172
0.014801740646362305
0.014957904815673828
0.01493525505065918
0.014860391616821289
0.015088319778442383
0.014886617660522461
0.014875173568725586
0.014857053756713867
0.01504826545715332
0.014963626861572266
0.015084505081176758
0.015012741088867188
0.015352487564086914
0.014976978302001953
0.015015602111816406
0.015030384063720703
0.015111207962036133
0.015200138092041016
0.014948844909667969
0.014846086502075195
0.014862775802612305
0.014862537384033203
0.014885663986206055
0.014847755432128906
0.014835596084594727
0.014815092086791992
0.014803171157836914
0.014859914779663086
0.01479959487915039
0.014858007431030273
0.014826297760009766
0.014815807342529297
0.014846563339233398
0.014886856079101562
0.014893054962158203
0.014767646789550781
0.014961719512939453
0.014880180358886719
0.014881610870361328
0.014823436737060547
0.014851093292236328
0.015005350112915039
0.015060663223266602
0.015066146850585938
0.015038251876831055
0.014976263046264648
0.015178918838500977
0.014900445938110352
0.015015363693237305
0.014987945556640625
0.014911890029907227
0.01497197151184082
0.015038728713989258
0.015260934829711914
0.01526498794555664
0.015285015106201172
0.015171527862548828
0.014825820922851562
0.014815092086791992
0.014874696731567383
0.014910697937011719
0.014875173568725586
0.014810800552368164
0.01483607292175293
0.014992475509643555
0.014918804168701172
0.014908313751220703
0.015044450759887695
0.01511240005493164
0.014961481094360352
0.015056133270263672
0.015085697174072266
0.015207529067993164
0.015125274658203125
0.015046358108520508
0.015127897262573242
0.01505899429321289
0.015092611312866211
0.015148401260375977
0.014905214309692383
0.01487874984741211
0.01491999626159668
0.014946937561035156
0.014899730682373047
0.014896869659423828
0.014866828918457031
0.014829635620117188
0.014857053756713867
0.014825105667114258
0.014948368072509766
0.014891624450683594
0.01491403579711914
0.014818668365478516
0.014818191528320312
0.014806270599365234
0.014862298965454102
0.015024662017822266
0.014841079711914062
0.01484227180480957
0.015184402465820312
0.015096902847290039
0.015080451965332031
0.01488041877746582
0.01495981216430664
0.01499629020690918
0.01483154296875
0.015002965927124023
0.014984607696533203
0.014969110488891602
0.014931678771972656
0.015095949172973633
0.015033721923828125
0.015043020248413086
0.014988899230957031
0.01637554168701172
0.015041589736938477
0.014997482299804688
0.01521921157836914
0.014940977096557617
0.014815807342529297
0.014861583709716797
0.015048742294311523
0.014970541000366211
0.015062808990478516
0.015032768249511719
0.014981269836425781
0.014938592910766602
0.014933586120605469
0.014954805374145508
0.014912843704223633
0.014958858489990234
0.015009880065917969
0.014887332916259766
0.014925241470336914
0.015044450759887695
0.014971017837524414
0.014938116073608398
0.015121936798095703
0.015102148056030273
0.014917850494384766
0.014977455139160156
0.014989376068115234
0.014899015426635742
0.014931440353393555
0.014879941940307617
0.014882802963256836
0.014910221099853516
0.014933347702026367
0.015017986297607422
0.014957427978515625
0.015029668807983398
0.01500082015991211
0.014929056167602539
0.014944076538085938
0.014843225479125977
0.015080690383911133
0.01493525505065918
0.015022516250610352
0.01503896713256836
0.014896869659423828
0.014945507049560547
0.014810323715209961
0.014908313751220703
0.015202045440673828
0.014882326126098633
0.014869451522827148
0.014778375625610352
0.014826297760009766
0.014784097671508789
0.014833688735961914
0.015606164932250977
0.014809608459472656
0.014751911163330078
0.01476430892944336
0.014761686325073242
0.01481175422668457
0.014792203903198242
0.014771699905395508
0.014751195907592773
0.014830350875854492
0.014767646789550781
0.014810323715209961
0.014789581298828125
0.015334844589233398
0.015294551849365234
0.015270471572875977
0.015335559844970703
0.015444040298461914
0.015336275100708008
0.015914201736450195
0.01508951187133789
0.015114307403564453
0.014928102493286133
0.015016794204711914
0.015013933181762695
0.014962434768676758
0.01500844955444336
0.014974594116210938
0.01497340202331543
0.014960527420043945
0.014954805374145508
0.014986276626586914
0.015126228332519531
0.014940500259399414
0.014846086502075195
0.014852523803710938
0.014814376831054688
0.014843463897705078
0.014787673950195312
0.014815330505371094
0.014806747436523438
0.014943122863769531
0.014864921569824219
0.014932632446289062
0.019992828369140625
0.014957904815673828
0.015001296997070312
0.01494908332824707
0.01494288444519043
0.015064001083374023
0.015063762664794922
0.015030145645141602
0.015020132064819336
0.01504826545715332
0.014963150024414062
0.015040159225463867
0.015043020248413086
0.015073060989379883
0.015065193176269531
0.015016794204711914
0.015013933181762695
0.01500391960144043
0.014986515045166016
0.015014886856079102
0.014978170394897461
0.01494455337524414
0.014982461929321289
0.015603303909301758
0.014998197555541992
0.014987945556640625
0.01516103744506836
0.01503753662109375
0.015105247497558594
0.014930248260498047
0.014985322952270508
0.014946460723876953
0.015049219131469727
0.014940261840820312
0.015065431594848633
0.014876842498779297
0.01500391960144043
0.01544809341430664
0.01503896713256836
0.015285015106201172
0.015097618103027344
0.014955520629882812
0.014827251434326172
0.015130996704101562
0.014966011047363281
0.014908790588378906
0.014989376068115234
0.014951229095458984
0.014860391616821289
0.01477360725402832
0.01480865478515625
0.014928340911865234
0.014854192733764648
0.01485753059387207
0.014876604080200195
0.014838457107543945
0.014924764633178711
0.014882564544677734
0.014999151229858398
0.01504063606262207
0.014950752258300781
0.01495218276977539
0.014977216720581055
0.015047073364257812
0.015110015869140625
0.014963626861572266
0.015075206756591797
0.015080690383911133
0.014986991882324219
0.0149383544921875
0.014901161193847656
0.014913558959960938
0.014930486679077148
0.015009641647338867
0.014937162399291992
0.015353918075561523
0.014982938766479492
0.014861345291137695
0.014859676361083984
0.01478886604309082
0.015049457550048828
0.014902591705322266
0.01499485969543457
0.01480412483215332
0.014881610870361328
0.014812946319580078
0.014770746231079102
0.014821767807006836
0.015004158020019531
0.014944076538085938
0.014999151229858398
0.014962196350097656
0.015009164810180664
0.015157222747802734
0.015030622482299805
0.015081167221069336
0.015011310577392578
0.01492762565612793
0.014984369277954102
0.014954328536987305
0.014756917953491211
0.014807939529418945
0.014861106872558594
0.014827966690063477
0.014809131622314453
0.01504659652709961
0.015079975128173828
0.014985084533691406
0.015063762664794922
0.01502680778503418
0.01500391960144043
0.015044927597045898
0.014909029006958008
0.014988422393798828
0.014951467514038086
0.015040874481201172
0.015035390853881836
0.014951467514038086
0.015349149703979492
0.015115022659301758
0.015046119689941406
0.015039205551147461
0.014946699142456055
0.014911174774169922
0.014996767044067383
0.014921903610229492
0.014925241470336914
0.01493692398071289
0.015048742294311523
0.015061140060424805
0.01503300666809082
0.01500844955444336
0.015002727508544922
0.014963150024414062
0.014925479888916016
0.01495981216430664
0.015138387680053711
0.015027046203613281
0.014921188354492188
0.014950990676879883
0.014994382858276367
0.014855623245239258
0.015084505081176758
0.01588296890258789
0.015000104904174805
0.015047550201416016
0.015099525451660156
0.014989137649536133
0.014987707138061523
0.014953374862670898
0.014955759048461914
0.014816761016845703
0.014934778213500977
0.015070199966430664
0.014995098114013672
0.01520991325378418
0.015011787414550781
0.014962196350097656
0.014809131622314453
0.014924764633178711
0.015016555786132812
0.01498103141784668
0.014895200729370117
0.014981269836425781
0.01497793197631836
0.015087604522705078
0.015005350112915039
0.014900445938110352
0.014926910400390625
0.014996051788330078
0.014970541000366211
0.015002965927124023
0.014970541000366211
0.014913558959960938
0.014919757843017578
0.014946222305297852
0.015265941619873047
0.0149383544921875
0.015080690383911133
0.014946699142456055
0.014774322509765625
0.014734506607055664
0.014721393585205078
0.014747381210327148
0.014794349670410156
0.014748811721801758
0.015047788619995117
0.01497197151184082
0.015469551086425781
0.014968395233154297
0.014838457107543945
0.0147857666015625
0.014753580093383789
0.014944791793823242
0.015028715133666992
0.014985799789428711
0.015037298202514648
0.014964103698730469
0.015039682388305664
0.015103340148925781
0.014941930770874023
0.015272378921508789
0.015340089797973633
0.015457630157470703
0.014832258224487305
0.01507878303527832
0.01505422592163086
0.0147857666015625
0.014816045761108398
0.014772891998291016
0.014844417572021484
0.014956474304199219
0.014899730682373047
0.014824151992797852
0.014956951141357422
0.01493692398071289
0.014937400817871094
0.014886856079101562
0.01507425308227539
0.01489114761352539
0.015035867691040039
0.015073299407958984
0.01501917839050293
0.015146732330322266
0.015029430389404297
0.014941215515136719
0.014936685562133789
0.015049457550048828
0.014957189559936523
0.01499629020690918
0.014951705932617188
0.014996528625488281
0.01506948471069336
0.015007495880126953
0.014946222305297852
0.015080690383911133
0.015098094940185547
0.014980077743530273
0.014933347702026367
0.014818429946899414
0.014990091323852539
0.015305519104003906
0.015006065368652344
0.01496744155883789
0.014981746673583984
0.014913797378540039
0.015012741088867188
0.015076398849487305
0.014987945556640625
0.014997005462646484
0.015029191970825195
0.014928817749023438
0.015123367309570312
0.01493382453918457
0.014826774597167969
0.015038728713989258
0.015019416809082031
0.0149993896484375
0.014773368835449219
0.01470184326171875
0.014775276184082031
0.01504373550415039
0.01496744155883789
0.01569652557373047
0.015319108963012695
0.014982938766479492
0.01499176025390625
0.014951705932617188
0.014962434768676758
0.014967918395996094
0.014942407608032227
0.014989137649536133
0.015057802200317383
0.014943361282348633
0.01489114761352539
0.014914989471435547
0.014879941940307617
0.014994621276855469
0.014938116073608398
0.014891386032104492
0.014828205108642578
0.014961004257202148
0.015014171600341797
0.014934778213500977
0.015156984329223633
0.02030348777770996
0.017499446868896484
0.01543283462524414
0.0150146484375
0.014972686767578125
0.015367984771728516
0.015017032623291016
0.014952898025512695
0.014954805374145508
0.014950752258300781
0.014997005462646484
0.014944076538085938
0.015004396438598633
0.014889955520629883
0.014946937561035156
0.015019655227661133
0.0153961181640625
0.014846563339233398
0.014801502227783203
0.014832019805908203
0.01477670669555664
0.014843940734863281
0.014891386032104492
0.01494598388671875
0.014972448348999023
0.014992952346801758
0.014987945556640625
0.014965295791625977
0.014887332916259766
0.014959096908569336
0.015573740005493164
0.014847993850708008
0.014897823333740234
0.014980077743530273
0.014967679977416992
0.014978647232055664
0.014991521835327148
0.014968395233154297
0.015326738357543945
0.01518392562866211
0.014970064163208008
0.014961957931518555
0.015047788619995117
0.014980077743530273
0.015041112899780273
0.01496434211730957
0.015010833740234375
0.015048027038574219
0.015291213989257812
0.015033960342407227
0.015093326568603516
0.015131473541259766
0.015035629272460938
0.015128850936889648
0.015142679214477539
0.015160560607910156
0.01505732536315918
0.014972448348999023
0.014991044998168945
0.015020370483398438
0.015115976333618164
0.014988899230957031
0.015023469924926758
0.01511073112487793
0.01519918441772461
0.015084981918334961
0.014937162399291992
0.014850616455078125
0.01483011245727539
0.014890670776367188
0.01497650146484375
0.015343427658081055
0.015039443969726562
0.014928579330444336
0.01540684700012207
0.014947891235351562
0.014908790588378906
0.015031099319458008
0.015001535415649414
0.014968633651733398
0.01495981216430664
0.014920473098754883
0.015041112899780273
0.014914751052856445
0.015016555786132812
0.015135526657104492
0.014972448348999023
0.014904260635375977
0.01515650749206543
0.015101909637451172
0.015262365341186523
0.014761209487915039
0.014744997024536133
0.014747381210327148
0.014756917953491211
0.0148468017578125
0.014880895614624023
0.015061378479003906
0.014875650405883789
0.01473689079284668
0.014707088470458984
0.014831304550170898
0.015009880065917969
0.014957427978515625
0.015038251876831055
0.014927864074707031
0.014945268630981445
0.014913320541381836
0.014751434326171875
0.014843463897705078
0.014707088470458984
0.014803409576416016
0.014739036560058594
0.014800071716308594
0.014773845672607422
0.014791727066040039
0.01476144790649414
0.015355825424194336
0.014774084091186523
0.014732122421264648
0.014728069305419922
0.014757871627807617
0.014710426330566406
0.02425217628479004
0.015227079391479492
0.015295267105102539
0.01508188247680664
0.015081167221069336
0.015215873718261719
0.015175819396972656
0.015136480331420898
0.015159845352172852
0.015026569366455078
0.01499485969543457
0.01566004753112793
0.015192747116088867
0.015066385269165039
0.015002250671386719
0.015389204025268555
0.015091180801391602
0.014955282211303711
0.015091657638549805
0.0151824951171875
0.015534400939941406
0.014935731887817383
0.015114545822143555
0.015027046203613281
0.015218257904052734
0.015219926834106445
0.01496434211730957
0.015028238296508789
0.015457630157470703
0.015624761581420898
0.015208005905151367
0.015325784683227539
0.015321969985961914
0.015335321426391602
0.015333890914916992
0.015398502349853516
0.014929771423339844
0.014973878860473633
0.015250921249389648
0.015021800994873047
0.015057086944580078
0.015188217163085938
0.015128374099731445
0.015238046646118164
0.01524209976196289
0.015233755111694336
0.015048980712890625
0.014812231063842773
0.014858722686767578
