2.830336963983756237e-03 8.035814803996066402e-04 9.109392370263810941e-04 2.992123055083677381e-03 5.323307857140648601e-03 5.606010501889375358e-03 5.709794351650734380e-03 1.036491002927463281e-02 -1.300134710953714402e-03 -8.684424777042606958e-03 -5.284195693476159521e-03 -2.379884730994292086e-03 5.801454380807763087e-03 2.900112306655822526e-03 -2.235957576078039660e-03 2.065543747579087590e-03 -6.455320270988102252e-03 1.275090955189276190e-03 -3.174412561361637016e-03 3.293884915413214376e-07
-6.690845146244397620e-03 -1.735342897605875439e-03 -1.821292136357428783e-03 -1.237940991392050358e-03 -3.321114962850688079e-03 4.472231820788589995e-03 -4.705250487889079195e-03 5.353182807220444733e-05 -2.787315227046944024e-03 9.701875744214393665e-03 1.086812028576673731e-03 -2.260442931689767964e-03 1.345342722170468110e-02 -2.330014437140744219e-03 -4.842628790738589596e-04 4.670039723554061245e-03 -6.724456831056864134e-04 1.934076106674030354e-03 9.701879720963888041e-04 1.756106821006726479e-03
-3.085484418299292656e-03 -6.473928997200777352e-04 -3.961468140192000667e-05 -1.011551377884463074e-02 5.460621137583432198e-03 3.592429162715969453e-03 1.087455799224369387e-04 1.181958193397122242e-02 1.106128439008744781e-03 9.016596753827346234e-04 3.240032219293548493e-03 -4.588181509337940084e-03 4.083117886929886128e-03 -5.979137527903820304e-03 2.025424971075478608e-04 1.331846698140025853e-03 -9.793902639263964843e-03 -2.545622713271321769e-03 -8.422197416428640893e-03 -3.980287923245548476e-03
-6.626567173477898587e-04 -3.538167120858716746e-03 -3.623068267087713830e-04 -6.968364759566192390e-03 -1.762678423149335177e-03 -4.822998620593024234e-03 -5.226957576034604522e-03 2.531623337683221436e-03 -1.251461753993647619e-03 -9.803801358243078440e-04 1.033936725526688697e-03 -3.719719189669833895e-03 3.114519917700766995e-03 2.088135429530272105e-03 1.623512931202407850e-03 6.179579475097963723e-03 -1.098375646533354807e-03 -4.719431641100433651e-03 3.692171230587449693e-04 6.302875911183671367e-03
5.192256709045801367e-03 -7.025426505488929774e-03 -2.383196461653589240e-03 -7.490355987020116436e-03 -5.460319114537690900e-03 5.973013182043525326e-03 -1.478826109121375056e-03 6.091056489088796447e-03 1.944388059628560897e-04 5.035345664918836235e-03 -1.787687569764548302e-03 5.306795582184173701e-03 2.707321057551727653e-03 1.153023633649960609e-03 5.206257379389688661e-03 -6.251116289660992812e-04 -6.572387229494557753e-03 6.056999384766528077e-03 1.348486062866257208e-03 -2.175497276547253174e-03
-3.113058233713178295e-03 -3.999836539426887376e-03 1.540489799514080946e-03 -9.286396908214715170e-05 1.537081240332190384e-03 7.676140396917436118e-03 -1.038095324933471786e-02 4.458402300954459468e-03 -1.296721617730624276e-03 -3.526478799798299195e-03 2.310070823064158067e-03 6.693793754923242807e-03 1.398779503646890203e-04 -2.833490025164937115e-03 -2.753871266788418364e-03 -6.367103564477570414e-03 -4.049008419241517144e-03 -3.231495538637492709e-03 -3.407274233203657406e-03 3.521813233428298549e-04
-1.609978587072073003e-03 7.905776430312230069e-03 6.364893415053482842e-03 6.346533350037594085e-03 -4.434106704579060185e-03 -6.105859171351985491e-03 4.557397743516163925e-03 1.833948181707114591e-03 -1.671113540770735378e-03 3.434327907590735245e-03 -9.000708530747004998e-03 2.903425979290206495e-03 7.998610352272974428e-03 4.833095566493832672e-03 -6.324357149144949931e-03 1.638116882276347908e-03 1.104433777685732314e-04 -1.503500433891351079e-03 3.652725757905123972e-03 2.135885771766096036e-03
-3.293762369829357668e-03 2.170488494138237421e-04 1.097197455966093934e-04 1.254099386249456953e-03 1.207244320020186678e-03 2.707087012856439819e-03 7.255518849825666732e-04 -2.783806435286684949e-03 -1.128376730726561236e-03 -1.381833100351187926e-03 4.381489861924455116e-03 1.018648554577380582e-03 2.742964870909499978e-03 2.487592101559784295e-03 2.490951897493104503e-03 3.403679655817774818e-03 -1.092566314333154450e-03 7.474521547239645555e-04 -3.772858854061182047e-04 1.336654574790920643e-03
-3.724773122954910375e-03 1.928322835625566247e-03 -8.917750158465040031e-03 2.237790666247659391e-03 -1.437026830883474104e-03 2.450762051914878639e-03 -3.974229250028099916e-03 3.792207404188716047e-04 -6.306481712740640011e-03 2.500454376754009545e-03 -6.389854587812584565e-03 -1.534690750963119826e-03 4.604835160367802202e-03 1.926194030357968306e-03 1.565182059735887926e-04 2.720697012125716883e-03 -1.210448850615061063e-03 -4.363567258407884120e-03 -1.083912000655984462e-04 -2.198352475513375842e-03
-3.951045432010122371e-03 6.360718646161566542e-04 3.944639099962483388e-03 9.743829565945441194e-04 -2.984259889471421821e-03 -5.820416984410808426e-04 2.635652481860175939e-03 2.118959560096272433e-03 -2.364401814237127291e-03 6.762722040656258399e-03 -2.547243392933544459e-03 -3.159555699447140161e-04 -2.434827541322055842e-03 -1.361413524737871980e-03 1.091426771975118320e-03 1.704702265982591418e-03 -9.711879597618418162e-04 -6.768450402616470185e-05 8.962767732682974794e-04 -3.087940862106430470e-03
-4.813371911853331873e-03 1.125761136749032750e-03 6.065179893583445923e-04 -1.117320398875776147e-03 8.547664758045381631e-03 -8.572663466944153380e-04 -1.096862921627330106e-03 8.694521601452434708e-04 -6.301101394842574359e-03 -2.720478651304020153e-05 -2.133089080562093794e-03 -2.507540208081051897e-04 8.110334691698325646e-03 7.511711849478847416e-03 -5.736099771382979773e-03 3.247286635323041841e-03 -1.171618000000500176e-07 -5.602363291054796544e-03 3.761306616689424204e-03 -1.936779181673389675e-03
-4.175461149673220101e-03 6.677890157965132856e-03 9.432716256624755144e-03 -9.515150991586498238e-04 4.285397812532138612e-03 2.820195295727573239e-03 -3.391855606234558691e-03 3.394369996113116850e-03 -2.319053254425925380e-03 1.547443235729283224e-03 -3.465119857385559696e-03 1.550423114780400671e-03 1.246827829800905554e-03 3.231427266750709452e-03 -1.202496753974422990e-03 3.737202846155323558e-03 -4.992339328125578943e-03 1.924724920101900756e-03 6.993218255229657768e-04 -2.030303169542625828e-03
-3.743524724015905199e-03 4.046896949737656705e-04 -2.452994583548149914e-03 -4.379670232188218743e-04 6.606310148325758797e-04 -5.177570702327852388e-03 3.085918001075537657e-03 1.732941463134637840e-03 8.503764306053585714e-03 1.098416430717443545e-03 3.921606902648032064e-03 1.107935781756821166e-03 2.145099064064785298e-03 4.185932762228524937e-03 2.242193940396140697e-03 -1.991755718955742598e-03 -1.134264676100771784e-03 -5.092792488031183673e-03 1.279305297127696257e-03 3.844855142119711720e-03
1.734284040834199953e-03 4.228125071892595288e-03 1.105370561899621283e-03 3.823313596523248824e-03 7.974319233842303272e-04 -1.865179228562404258e-03 6.609585821188568170e-04 2.055749026822352010e-03 -4.983585814650260890e-03 1.774103721926344407e-03 4.216597347680353138e-03 2.204974540070996341e-03 1.909226620291943656e-03 1.954171607060002733e-03 -1.748613241154351524e-04 2.730758544819801049e-03 -1.451964734569041477e-03 -5.474064813445295337e-03 1.679086176539653329e-04 9.401558924893931371e-03
5.914436971638790171e-04 2.052517456016162995e-03 -2.521567072982556362e-03 3.980136802669538912e-03 -3.746591967259778420e-03 1.017179765877508331e-03 -2.687141741778531056e-03 3.104551426427519262e-03 5.789725613487737947e-03 -2.952846324054441123e-03 -4.714577164687558039e-03 -2.409074035326074729e-03 5.833768648490619303e-03 1.284894090769788527e-02 -1.728374609839425672e-03 -5.341170982129251309e-03 1.274164145726206648e-03 4.539229761203761142e-03 -6.938239860867951268e-03 1.585945589806110482e-03
-4.628945913571640841e-03 -1.823189867616306561e-04 7.220850263951248023e-03 4.994108848649891387e-03 1.426993187948690997e-03 3.834684958661434837e-04 -3.070331082493254777e-03 3.992690672056707721e-04 -2.277100558952133711e-04 7.611476463296516868e-04 -2.865975163062146891e-03 1.088998775941280549e-02 1.185306582385657614e-03 -4.466334533150929193e-04 -6.255994846097332786e-03 1.419598737635851052e-03 1.725408689819511949e-03 5.343573730015714228e-04 -1.429920059827793867e-03 -4.309582216301573176e-03
-5.395655282917096070e-03 -1.923151609060708232e-03 -1.189259613860019259e-03 3.532538165557851714e-03 8.411893605677996837e-04 2.741171641921030799e-03 -5.319858817194913526e-03 -2.749713622785139415e-03 -1.050157221318891295e-03 -1.066167402640687094e-03 -5.752539876186198772e-04 -5.095352206551595313e-03 7.429549207382210932e-03 2.639811323162831718e-03 -3.617722713736464760e-03 3.512391464059243414e-03 2.969945469825994826e-03 6.203555335934331921e-03 -3.352747217360953994e-03 -7.849313623838564263e-03
-3.505013307361347277e-03 -2.592130587547029040e-03 -4.029894738551877001e-04 3.259614242919212177e-03 -4.339852508168780439e-03 -3.269721194845428918e-04 -1.835824881647137464e-03 4.224490059939566347e-03 2.934519242395886365e-04 -8.977594363018427800e-04 4.061281977338182633e-04 4.351087040232383407e-03 8.226591620884475889e-03 -1.230295016801093459e-03 -1.086366567354756993e-03 9.051150852627955863e-04 -2.481966057536710260e-04 -5.449832206062915586e-04 1.014829505090357421e-03 1.543431624998932656e-03
-1.954827418685166091e-03 9.907671083075101325e-04 1.853155467043095164e-03 -7.899261300083754156e-03 6.663678179345268807e-03 -1.042374192038110232e-03 -6.364811602699037112e-03 1.081841017409939168e-02 1.145999873178603877e-02 6.012237840592574850e-03 2.015822990801715425e-03 1.382119501927445149e-03 4.915720974775001327e-03 -7.437525270528725675e-04 2.299164481914276956e-03 1.206371036872267398e-02 4.170838851001148952e-04 -8.444571366796530323e-03 7.159736994898639913e-03 -1.257726931693150824e-03
-4.675738121560919346e-04 -3.076436976327074843e-03 -2.750525137840767638e-03 4.443955019389938740e-03 -1.795219084686561824e-03 -4.174560986312013736e-03 -1.200072595526409597e-03 7.576016099568566153e-04 -2.218282049303129961e-03 -4.782279386382756910e-03 -1.823424427028785735e-03 1.875640652727330552e-03 -1.475774085519305188e-03 -1.351957192332287831e-04 3.364641898073336863e-03 2.878043111021186869e-03 3.210853195049788228e-04 -3.685855316931150195e-03 4.347010618109952221e-03 -3.884589890612777027e-04
-1.060557817476200440e-02 -4.286258847968925367e-03 -1.161486776349386239e-03 -5.387263085393494567e-04 7.277127410713228606e-03 1.887422818954683510e-03 3.006503092695434441e-03 -5.211022156324565321e-03 2.045964457035843141e-03 3.485254399298563961e-03 3.151400328477231040e-03 8.333598397862957211e-03 7.077492222069094348e-03 1.187100329018058635e-03 -1.484415564804500041e-03 2.930166603967873326e-04 3.075574355252678159e-03 -4.577940413516495312e-03 3.620940845920552365e-03 -7.634099348856473316e-03
-6.622426382997937885e-03 -4.173107334853366941e-03 -1.700800904360245469e-03 2.205900739156250751e-03 1.598616659130984354e-03 -5.978065305188703590e-03 1.136376013970214274e-02 4.846010200069490043e-03 6.303823569291586160e-03 1.213314739831179538e-02 6.305226326518405776e-03 1.167990736154161111e-03 3.374428729492443078e-03 2.374696102435043879e-03 -5.389500009789430744e-03 3.417279795493208695e-03 -1.341122100515808498e-03 4.025827318000414247e-03 1.894226310681136085e-04 -6.522407537491798496e-03
-3.850441025763119522e-03 -4.402386595433350515e-03 -3.609750147098488016e-03 7.766492549667986748e-04 -7.111474270914357361e-03 -4.425893274295308768e-04 -2.305194455666272069e-03 2.578537104423045834e-03 5.766830933944483515e-04 4.622241227633403578e-05 8.719105874494014526e-05 7.863749787567187420e-04 4.994534584490517961e-04 -4.970286378237296493e-04 -4.063187721159471771e-03 4.386127872318940253e-03 -9.637658927995610596e-04 -8.671494346758227894e-04 3.170943108031525526e-04 -7.364865338892747151e-03
-2.134713374956332364e-03 2.850301191997142974e-03 -1.331064430768236695e-03 6.471746860321771731e-04 1.466188311210850706e-03 6.602253262598343012e-03 -7.676141275675192784e-03 2.485181698743927671e-03 -5.669433577082963428e-04 -3.502994147369416743e-03 1.330214887951866251e-03 6.095736802294914568e-03 -3.720311753589923554e-03 -2.512061270875618271e-03 -1.661856039041277773e-03 1.938440781047601202e-03 -4.129266258391903720e-03 -3.431405698363719069e-03 -5.183574487040190117e-03 -2.888766858737928066e-03
-7.736437461924516520e-03 2.895592189727559402e-03 -5.425701731389439252e-03 1.088004559050157263e-02 -1.486948299552540854e-05 2.709246352519876794e-03 1.217355745102742352e-03 -5.467456525059563414e-03 -2.410298950772912286e-04 2.137683752961894255e-03 3.373463208390142104e-03 6.993420457483068113e-03 6.075233409549915010e-03 2.353266243217537815e-03 4.043888540567015452e-04 -5.070244594486227860e-05 1.888303000696026166e-03 4.689553824541781483e-04 2.613681501946830965e-03 -4.770080562320699880e-03
3.818588998711928625e-03 -8.297229372967753185e-04 1.506185854437216672e-03 1.089063026564273355e-04 9.128763364140213884e-04 -1.477262823198460101e-04 4.331406334054401647e-03 -2.420062100249878011e-03 2.330636487624587923e-03 2.595289391419830331e-03 -2.712207101337300863e-03 3.364227276819294499e-03 1.418817051936519706e-03 -1.120597129513830085e-04 3.582216681587376429e-03 1.209749540292818712e-03 -4.089146807922978619e-03 -4.045829790218793964e-03 -9.348830720470777469e-03 -1.010295890216992946e-02
1.857063849501514648e-03 -4.960995224584054640e-03 6.336153997525001587e-03 1.551112897236563365e-03 -4.566006044363125210e-03 9.357387884260221465e-05 3.495011503458667242e-03 1.319739128738090482e-02 3.850363439885972142e-04 1.931032993442857769e-03 -6.586780048364595727e-04 4.667433918910730839e-03 -6.698117462618940511e-04 1.026168167937228188e-03 7.229190823076222551e-03 3.703041812222638771e-03 -1.323713838666770162e-03 -4.527875246243906124e-03 1.169118540515234157e-03 1.211168611091225245e-03
5.556441721680156244e-03 -2.612815258073179683e-03 3.219888128891660976e-03 5.590469463082872216e-03 7.540149763331154909e-04 4.675167816183639809e-03 -5.869224536882461374e-03 1.887332279077542788e-03 3.412621706978822937e-03 1.375788939474842940e-03 -2.258933584011168279e-03 4.409143934850092220e-03 3.881760704033880398e-03 3.410786235528202209e-05 5.686430304363363636e-03 5.679646320858147343e-03 -3.411238065634335237e-03 8.101609530611855086e-04 4.845958650601531127e-04 -8.725345401387714969e-04
4.557926903958544641e-03 7.944103486218417193e-03 -1.548894301933313950e-03 -1.032012169305491708e-02 1.333266834729895933e-04 1.795312009699470039e-03 6.372388349721836223e-03 1.943158519433595913e-03 7.346918370409846050e-03 1.076281148500365416e-02 5.083749622920723937e-03 8.086935201823613334e-03 3.952754566806332935e-03 -6.519952513886087195e-03 -1.252512255339069056e-02 -6.005043367611236430e-03 5.870481839846369843e-03 -3.968986393373558639e-04 -8.356016790772408456e-03 -4.273451870155348109e-03
-8.317329614717230285e-03 -2.764733215566203463e-03 -5.543289281508104877e-03 4.623545842233138222e-04 6.637958940228327713e-04 -8.633687629345675098e-04 2.662769826251959807e-03 2.990719847051591818e-03 1.466210772916034198e-04 4.289273772877016423e-03 3.863306576095586978e-03 6.165011553535841918e-03 4.141755369723072906e-03 1.061705498153989061e-04 1.100744065019300128e-03 2.318837900385402329e-03 -1.057988607183976693e-02 4.407164934282760405e-03 2.476780857944841947e-03 3.866813646047995243e-03
1.246935887266577715e-03 -4.450758454058958806e-03 -2.325002655256796363e-03 3.214821755768507757e-03 -3.584531367920571246e-04 5.526578253998646641e-03 -4.514713138539216942e-04 2.353932562212213836e-03 -7.084485508289449333e-04 4.850005707306678619e-03 -1.211061475517087550e-03 -2.307727511623424484e-03 4.205647814145918074e-03 4.241412806161429239e-03 1.757958761018103789e-03 2.871792316243348530e-03 -3.319237458468875333e-03 -4.451539887844227841e-03 4.048223862461880766e-04 -8.139740192570075680e-03
-8.189300452361734928e-03 -4.500924120147799050e-04 -1.794180977556433625e-03 3.474268093895606542e-03 4.191533669158001470e-03 -2.564397028394486792e-03 1.245288776413466109e-02 1.019057966075858149e-02 -6.798696856504180853e-03 3.776365823851088755e-03 3.042442498917471158e-04 2.523370063164062996e-03 -3.620333029940692279e-04 1.389938911063224496e-03 -9.137726645266049455e-03 4.091691203831998754e-03 -1.534431785550120178e-04 -1.199876491773317275e-03 9.133495803279236686e-03 5.271871754141709172e-03
-3.290280265733819525e-03 -4.868725978760890007e-03 -4.102131203452760028e-03 5.429205842960535024e-03 -9.185520340583583441e-04 4.154350814548335262e-03 -1.757699397000458920e-03 -2.267360255029516117e-03 6.795951213081031714e-04 4.404771236166837856e-03 4.467403129424370525e-03 1.665430035950228333e-04 9.375924024856532087e-04 4.579164548879865971e-04 6.580793885854563461e-04 -8.834861017578054740e-04 -4.354024782522730383e-03 2.893727265032022388e-03 -1.422180910240989889e-03 -6.023518759451449052e-03
-9.381854510160670887e-03 -6.300430928540353206e-03 -3.667840118097585433e-03 8.888347219207016689e-03 4.103627669699519247e-03 9.300282916634153990e-03 6.402132868647223210e-03 1.703959147386855527e-02 -2.004005213981200923e-03 -5.547444817275650267e-03 5.511307097926701482e-03 5.796138135373806073e-03 1.262302047076891299e-03 1.458171860560126707e-03 -1.857710601108421766e-03 7.174101616910582950e-03 -6.939329189110629223e-03 -9.238819693899123493e-06 3.674870907569055285e-03 -6.233165708758338624e-04
-3.103453578733178942e-03 4.410231597074188402e-03 -7.169161730813933958e-03 3.081357179938069499e-03 1.088936666602927355e-03 1.230045897612744256e-03 -2.988678173229915476e-03 5.176744158237939729e-03 -1.335217445740110925e-03 6.739898622848024268e-03 -1.584833643059969975e-03 3.105453452374946411e-04 2.841006843918659867e-03 -2.423307153678220735e-03 4.655068073225807415e-03 4.723454978628465785e-03 2.262621118643966429e-03 4.430328241378482935e-04 6.820203621090502972e-04 -1.196585152134180697e-03
-3.702411374664631855e-03 -5.149307961894476066e-03 -3.848093373653121811e-03 -8.217944574771795727e-03 1.512030085642613805e-03 3.341910451974944470e-03 -8.727863546877150103e-03 -8.990732733494561507e-03 -1.872263363128209889e-03 -8.919091107069225532e-05 -5.287206384453568830e-03 1.661277869500149031e-03 6.760729711409958764e-03 2.142827417517229049e-03 7.730263601483818286e-04 1.200274346567721442e-03 -7.706713231804806705e-03 1.081287301276494858e-03 -8.506282847359963655e-04 1.234356037959965721e-05
6.419406780176052651e-02 -1.331697868763824510e-02 4.909862684151153345e-02 9.791656288217215343e-01 -9.169485385766712460e-01 9.450152159942970531e-01 9.746643305360769283e-01 -8.816553865427609327e-03 -6.749265105616379656e-02 -9.685207497192187542e-01 7.791473032759458489e-03 9.094777249448888767e-01 9.658359854038140596e-03 -6.676620945221647951e-02 9.555989259879651421e-01 3.134981944131107288e-03 1.513247828120660270e-02 9.501561521658621334e-01 -9.400036644784013351e-01 -1.670657916033428669e-02
-5.003319225941637791e-03 -4.675524663009595272e-04 -3.239245890735579451e-03 3.097199711636459095e-03 1.930912331336756332e-03 3.651590272799839706e-03 1.607883520754067094e-03 2.139403734759338233e-03 2.104506705077168437e-03 2.977352462566541878e-03 -1.033675652080840888e-03 -2.784498606163526326e-03 2.074505112974574933e-03 5.804238562814635367e-04 1.771105789816386587e-03 -7.797677549069342764e-04 1.015848298319775534e-03 -8.501789622571684140e-04 3.807434677234628894e-04 -1.704528332577495134e-03
-3.410273527672544238e-03 -1.694934755435385191e-03 -3.277630613553638144e-03 -4.154725092190571754e-04 2.010922217520039797e-03 5.926983051139328267e-04 -7.409404358632942864e-04 8.295287832753887262e-04 -1.993879432171456658e-03 -1.983111007379164629e-03 -5.728968654296314258e-04 -7.736192613824588622e-03 -8.350067216477504621e-04 -1.103927194887191227e-03 1.809429974110771957e-04 9.648140147278567742e-04 5.878300101562232080e-04 -3.746696887503112982e-03 2.544094726950597157e-03 -6.433622851336988704e-03
3.587580683999439055e-03 -5.121809489694624865e-03 -2.572101419937620082e-03 6.909739914013448940e-03 8.628819318535711075e-03 1.169134458908411243e-02 -2.483876747279694600e-03 -1.511865027801997507e-03 1.011132245130271423e-03 1.089815836302605563e-03 -2.697905526716915317e-03 -4.046681997385602816e-03 -2.213576724017098530e-03 -2.960517148603103964e-03 -3.083592231149054775e-03 8.132856138488833622e-04 -2.530633800857179632e-03 -3.952571976609259817e-03 -1.677985584746843721e-03 -2.044452649510408986e-03
2.200518495760664991e-03 6.233225727920734330e-03 8.472885363749673923e-03 -5.479723993115080335e-03 6.813726255356746583e-04 8.049051585471285811e-03 -7.076723632413933762e-03 -4.797692109724071077e-03 -3.985346832017943111e-03 -7.270080150279736517e-03 1.563325525576636423e-03 1.627628445931282889e-03 2.540604161673184515e-03 6.512590768757671629e-03 5.629645754378270533e-04 7.056069338653638001e-03 5.963038631661754518e-03 4.797807453596198216e-03 -7.848622948572197763e-03 -7.871873899542447192e-03
-2.518536973264164178e-03 2.777028561985239122e-03 2.888259094174022538e-03 4.217889892265123605e-03 -5.831243909900910537e-03 9.798834251644249899e-03 2.152517560799893995e-03 1.133508707130637984e-03 1.740445329950401606e-03 7.357503766266548090e-03 4.254551606319643443e-03 1.570882656973285243e-03 2.542163738882755389e-03 -1.266949377154210059e-03 -5.207637471259816964e-03 7.115628460164663896e-03 4.870940635504376372e-03 3.385790614760139346e-04 1.117118293252579398e-03 -4.757791593990858166e-03
-3.697583430015848396e-03 -3.495524493996729552e-04 2.593857623238190850e-04 9.209070589869691693e-04 1.124915380010182812e-03 2.706279969025192356e-03 -3.045088445863561831e-03 -2.676067280183468729e-03 -1.193835902175839321e-03 2.865436743400298853e-04 2.283596251072648499e-03 2.397165745348562964e-03 1.034699056401240918e-03 -2.347557333749212844e-03 1.715743989429676254e-03 3.230822188995732640e-03 -1.221354504576627024e-03 -9.240283814330812161e-04 -2.403808829898584757e-04 2.186764053515697845e-03
-5.388206229354675428e-03 2.114088273776650734e-03 -4.507213454825113701e-03 -4.235389897119349288e-03 -2.820382463565186421e-03 1.323227438714224624e-03 -2.491814350590359876e-03 4.056064094572518937e-03 -3.281706956318978987e-03 5.935897933961982280e-03 2.609299501167224294e-03 -2.677765354655321089e-03 1.972901676673239138e-03 9.883176706272082945e-03 1.769932797008279355e-03 -2.062164154948982909e-03 -2.896248656619798603e-03 4.407040630804271754e-03 -6.823720754511428295e-04 1.886732345075769080e-03
-3.366890141095306432e-03 -2.269823666168109197e-03 6.169080146473773611e-03 2.495733371131575971e-03 2.910678710160236916e-03 -1.694007306790565586e-03 3.007751645669587155e-03 6.213354364636197030e-03 1.226110589743825349e-02 1.966905948600257067e-03 3.151806657522188658e-03 -7.270127967384297160e-03 1.236913828546541564e-03 7.814509027791927478e-03 -3.256535005895931818e-04 3.592080014723852445e-03 8.601367566266105574e-03 -3.988022543894996670e-03 -1.133071384681255851e-03 2.127683321348917533e-04
1.017640773470997531e-03 -4.325301070145936948e-03 -9.926895981541958205e-04 -2.814401148945211428e-03 -1.521256216239728074e-03 -5.684163679107076886e-03 -1.547084702004581638e-03 8.991257963636785713e-03 2.534861838992936121e-03 6.509393339745848245e-03 -2.024468797615971288e-03 4.395287099916637789e-03 -7.470674182122757044e-04 -1.651143744959357972e-03 1.510772061778702883e-03 4.900270040146183226e-03 -5.991330376199609231e-04 2.687489259636711373e-03 1.968827327304052167e-03 -3.056265893691280985e-03
-1.159596841047087420e-02 1.719312956871211356e-03 7.793119637345151743e-03 -1.343839927320545843e-02 3.002270631811537575e-03 3.640941099968535155e-03 1.528367735818645691e-03 6.786954710898970324e-03 -3.440041100018263222e-03 9.550848517170185820e-03 -2.142583171091097440e-03 1.046670856974796747e-02 3.313592240582600469e-03 -1.389921250533696128e-03 7.128791133901661017e-04 -1.694435509250873887e-03 1.182576395346796603e-03 -3.247261261568258248e-04 5.363170607456872838e-05 -3.561554457307268204e-03
-2.498723477283437168e-03 2.723362839778526237e-03 -2.237911738224086008e-04 -1.729488454849219432e-03 3.196057006916502505e-03 1.011764988066562662e-03 -4.688881179235450912e-03 3.903247474268425627e-03 6.104320510504659264e-03 -1.269182804738961442e-03 -5.628053123424617797e-04 8.743856216865263098e-03 -2.779567650096165417e-03 5.146453204381081989e-03 5.871902420457059818e-04 4.543988510398199940e-03 -1.867920422751290915e-03 6.042407490377828261e-03 5.726152817850513853e-03 -4.844852470442095188e-04
7.972696775683529163e-03 8.431572091799992980e-03 -5.318168205065140937e-03 -1.225658805503594510e-03 7.176882082794820575e-04 9.393032779385962830e-03 -1.359673172117887956e-02 1.014930888351297036e-02 5.611533174513419486e-03 6.563372499795310649e-03 -9.855557775843213492e-03 -9.106615444497781226e-04 -1.788385230730242612e-03 -1.442518974217741647e-02 6.619356727803212513e-03 8.645920460617257525e-03 -4.736805209914560092e-04 3.136231400806955508e-03 -9.120044736820582740e-03 -2.182727673897683074e-03
-1.950718858553909764e-03 -6.365893880788008790e-04 -9.898459560308808108e-04 2.893876772383814112e-03 1.763541991213620711e-03 1.950539050096988022e-03 3.115490548504567560e-03 -2.794038707602818777e-03 -2.133073377913093267e-03 4.424730560994644818e-03 2.096642622429447950e-03 2.260301624632880726e-03 1.362556243728417667e-03 -2.370818462940570115e-04 2.711170937262017723e-03 -4.476109439887713528e-04 6.223703544082259849e-04 -5.234038699834079461e-03 5.634496530850247563e-03 -5.124879513578801601e-03
