0.020664691925048828
0.021058320999145508
0.021304607391357422
0.020725727081298828
0.02160358428955078
0.020967721939086914
0.022185564041137695
0.023447036743164062
0.021813392639160156
0.02094125747680664
0.021219730377197266
0.02103424072265625
0.020351886749267578
0.02042555809020996
0.020177364349365234
0.0200655460357666
0.01972794532775879
0.019638776779174805
0.019288301467895508
0.020065784454345703
0.020750999450683594
0.0205843448638916
0.02060556411743164
0.020116090774536133
0.019969940185546875
0.020217418670654297
0.020201444625854492
0.020267248153686523
0.02034592628479004
0.02035212516784668
0.020368337631225586
0.02033209800720215
0.019749164581298828
0.020172834396362305
0.020383358001708984
0.01990199089050293
0.02035379409790039
0.02030324935913086
0.020260334014892578
0.02041912078857422
0.02001643180847168
0.02026200294494629
0.020292282104492188
0.020401954650878906
0.020411252975463867
0.020314693450927734
0.020312070846557617
0.020420074462890625
0.020488262176513672
0.02045297622680664
0.02112579345703125
0.02052474021911621
0.02000570297241211
0.02031540870666504
0.020627737045288086
0.021591663360595703
0.021422147750854492
0.021128416061401367
0.022246837615966797
0.021984338760375977
0.02143073081970215
0.020809412002563477
0.020817279815673828
0.02090930938720703
0.020634889602661133
0.02034282684326172
0.020900487899780273
0.02056574821472168
0.020549774169921875
0.02069711685180664
0.02079296112060547
0.020821332931518555
0.02022552490234375
0.02068042755126953
0.020520448684692383
0.020353078842163086
0.020395517349243164
0.020516633987426758
0.020434141159057617
0.020794153213500977
0.02031683921813965
0.020350933074951172
0.020509719848632812
0.02120232582092285
0.020506620407104492
0.020815372467041016
0.020951032638549805
0.020282983779907227
0.020421981811523438
0.020357847213745117
0.020643234252929688
0.02235126495361328
0.020632505416870117
0.02158641815185547
0.021427154541015625
0.0207064151763916
0.021004676818847656
0.020837783813476562
0.02127981185913086
0.02061295509338379
0.02087259292602539
0.020476579666137695
0.020833969116210938
0.02244281768798828
0.021592140197753906
0.02119302749633789
0.020925045013427734
0.022133588790893555
0.022359371185302734
0.021901607513427734
0.021260499954223633
0.02181100845336914
0.021306276321411133
0.021104097366333008
0.020891904830932617
0.020687103271484375
0.021542787551879883
0.020978689193725586
0.02096247673034668
0.02100968360900879
0.021182775497436523
0.021325349807739258
0.021204471588134766
0.02174854278564453
0.0218508243560791
0.020875215530395508
0.020982980728149414
0.020659446716308594
0.020944833755493164
0.020586729049682617
0.0209958553314209
0.020445823669433594
0.02047109603881836
0.02041339874267578
0.020606517791748047
0.020937204360961914
0.02075481414794922
0.020487308502197266
0.02050328254699707
0.02044534683227539
0.02054572105407715
0.02043890953063965
0.020192384719848633
0.020238161087036133
0.02030658721923828
0.021037578582763672
0.020352602005004883
0.020354270935058594
0.020282745361328125
0.020384550094604492
0.020757198333740234
0.021378755569458008
0.020837068557739258
0.02054882049560547
0.020533084869384766
0.020387649536132812
0.020284414291381836
0.020755290985107422
0.02061772346496582
0.021372556686401367
0.021221637725830078
0.021753549575805664
0.021204471588134766
0.020795106887817383
0.021109342575073242
0.020699262619018555
0.020778894424438477
0.02159571647644043
0.02152729034423828
0.02176952362060547
0.02191019058227539
0.021838903427124023
0.022533655166625977
0.02201223373413086
0.021691322326660156
0.02173471450805664
0.021919727325439453
0.0217745304107666
0.021051406860351562
0.021238088607788086
0.02124476432800293
0.020691394805908203
0.020533084869384766
0.02068352699279785
0.0207061767578125
0.02085256576538086
0.02050185203552246
0.020763158798217773
0.020634174346923828
0.0206453800201416
0.02031254768371582
0.019979476928710938
0.02017688751220703
0.019992351531982422
0.02020716667175293
0.020377635955810547
0.019977569580078125
0.021270036697387695
0.022768497467041016
0.021676063537597656
0.02098870277404785
0.02088785171508789
0.020639657974243164
0.02063465118408203
0.020611286163330078
0.020238161087036133
0.020479917526245117
0.020226716995239258
0.020447969436645508
0.020357608795166016
0.020392894744873047
0.020638465881347656
0.020551443099975586
0.020485401153564453
0.02077484130859375
0.020569801330566406
0.020984649658203125
0.021124839782714844
0.021342754364013672
0.020832061767578125
0.02077174186706543
0.02077937126159668
0.02072620391845703
0.020706653594970703
0.02071690559387207
0.02123880386352539
0.02180171012878418
0.021218538284301758
0.021449804306030273
0.020888328552246094
0.021210432052612305
0.02179884910583496
0.02097153663635254
0.02120208740234375
0.021048784255981445
0.021514892578125
0.02135157585144043
0.02191472053527832
0.02108454704284668
0.02082538604736328
0.020735502243041992
0.02048039436340332
0.020549297332763672
0.020397663116455078
0.020467042922973633
0.021230220794677734
0.020751476287841797
0.020524978637695312
0.02043914794921875
0.02045440673828125
0.020398855209350586
0.020462989807128906
0.020586252212524414
0.020110130310058594
0.021030664443969727
0.02035689353942871
0.020192861557006836
0.020337581634521484
0.02005290985107422
0.02020716667175293
0.02045297622680664
0.020556926727294922
0.021394968032836914
0.021187543869018555
0.020936250686645508
0.020726442337036133
0.020402193069458008
0.02066659927368164
0.02037334442138672
0.020305395126342773
0.02000880241394043
0.020215511322021484
0.020060062408447266
0.020016908645629883
0.019988059997558594
0.019863128662109375
0.01948404312133789
0.017822742462158203
0.016274452209472656
0.017038583755493164
0.018039703369140625
0.01893162727355957
0.01869821548461914
0.017795562744140625
0.018184661865234375
0.017941951751708984
0.01806187629699707
0.018576383590698242
0.018808364868164062
0.018564462661743164
0.018270015716552734
0.017491817474365234
0.01688981056213379
0.01691603660583496
0.017177104949951172
0.017412662506103516
0.01770758628845215
0.0172884464263916
0.016581058502197266
0.017002582550048828
0.0170900821685791
0.016794443130493164
0.016681432723999023
0.016663789749145508
0.016768455505371094
0.016832828521728516
0.016615629196166992
0.01700901985168457
0.01637721061706543
0.016450166702270508
0.016698360443115234
0.016729116439819336
0.016402244567871094
0.016623258590698242
0.016585111618041992
0.01643061637878418
0.017043352127075195
0.01659679412841797
0.01663064956665039
0.016612529754638672
0.016312837600708008
0.01611804962158203
0.016212940216064453
0.016174793243408203
0.01616835594177246
0.01635003089904785
0.016475439071655273
0.0165407657623291
0.016606807708740234
0.01649165153503418
0.016511201858520508
0.016361713409423828
0.016141414642333984
0.016977310180664062
0.01695847511291504
0.016775131225585938
0.016760826110839844
0.01676797866821289
0.01675868034362793
0.016646623611450195
0.01675248146057129
0.016793012619018555
0.016701221466064453
0.01645803451538086
0.01635289192199707
0.016460418701171875
0.016458511352539062
0.016238689422607422
0.016103506088256836
0.016339540481567383
0.016483783721923828
0.016474246978759766
0.016471385955810547
0.016835451126098633
0.016611337661743164
0.016808271408081055
0.017451047897338867
0.017305850982666016
0.017411470413208008
0.017382144927978516
0.017180919647216797
0.017380475997924805
0.0172884464263916
0.01686859130859375
0.016890287399291992
0.01676011085510254
0.017099380493164062
0.01717829704284668
0.016999006271362305
0.016979217529296875
0.01648259162902832
0.01653599739074707
0.01657581329345703
0.016713380813598633
0.016538381576538086
0.016844987869262695
0.016505002975463867
0.016636133193969727
0.017060041427612305
0.017169713973999023
0.01697254180908203
0.01674509048461914
0.017209529876708984
0.01671314239501953
0.016650676727294922
0.016758203506469727
0.01664423942565918
0.016629457473754883
0.016602277755737305
0.016614913940429688
0.016579627990722656
0.016681671142578125
0.01666116714477539
0.016535520553588867
0.016727924346923828
0.01651620864868164
0.016637802124023438
0.01661062240600586
0.01645684242248535
0.01657271385192871
0.016945362091064453
0.016687393188476562
0.016627788543701172
0.016827821731567383
0.01656961441040039
0.016549110412597656
0.016496658325195312
0.016459226608276367
0.01642012596130371
0.017008066177368164
0.01667308807373047
0.016295909881591797
0.016625165939331055
0.0164029598236084
0.016408920288085938
0.017201662063598633
0.01758599281311035
0.019489288330078125
0.018370389938354492
0.01788616180419922
0.017529964447021484
0.017521381378173828
0.017603635787963867
0.017815828323364258
0.017434358596801758
0.017420530319213867
0.01702713966369629
0.017022132873535156
0.017069339752197266
0.017264127731323242
0.017206430435180664
0.016995906829833984
0.01742863655090332
0.01698160171508789
0.017062664031982422
0.017290115356445312
0.017838478088378906
0.018085718154907227
0.018418073654174805
0.020778179168701172
0.019411087036132812
0.017670869827270508
0.017053604125976562
0.016399145126342773
0.01641082763671875
0.016524791717529297
0.016560792922973633
0.016690492630004883
0.016529083251953125
0.016603946685791016
0.01651287078857422
0.01672053337097168
0.016672134399414062
0.016449451446533203
0.01648545265197754
0.01660895347595215
0.016462087631225586
0.01655745506286621
0.016898155212402344
0.017010211944580078
0.01750040054321289
0.01727437973022461
0.016907215118408203
0.016511201858520508
0.0165555477142334
0.016218185424804688
0.016286611557006836
0.016587257385253906
0.016084671020507812
0.016136884689331055
0.01626420021057129
0.016486167907714844
0.01633739471435547
0.016477108001708984
0.016448259353637695
0.016414880752563477
0.016496658325195312
0.016551971435546875
0.01625823974609375
0.016326904296875
0.01663374900817871
0.0169374942779541
0.01679372787475586
0.017648935317993164
0.017070531845092773
0.016345977783203125
0.01598525047302246
0.01631903648376465
0.016475200653076172
0.016438007354736328
0.016147136688232422
0.01661825180053711
0.016182899475097656
0.016607284545898438
0.01658153533935547
0.016793012619018555
0.016584157943725586
0.01681351661682129
0.016687393188476562
0.016745567321777344
0.01677846908569336
0.016594648361206055
0.016484975814819336
0.016329526901245117
0.016214370727539062
0.016548871994018555
0.016475915908813477
0.016971826553344727
0.017127275466918945
0.016684293746948242
0.016591787338256836
0.016301870346069336
0.016393661499023438
0.01596808433532715
0.016367197036743164
0.015924930572509766
0.016198396682739258
0.016661405563354492
0.016822099685668945
0.016794919967651367
0.016614198684692383
0.01651597023010254
0.016319751739501953
0.01622629165649414
0.016064167022705078
0.016317367553710938
0.016173839569091797
0.016523361206054688
0.016387462615966797
0.016438722610473633
0.016817331314086914
0.016437530517578125
0.016460895538330078
0.016773223876953125
0.016538143157958984
0.016438007354736328
0.01854872703552246
0.01694178581237793
0.01674175262451172
0.016524314880371094
0.0166623592376709
0.016721248626708984
0.01666426658630371
0.017039060592651367
0.01715397834777832
0.016701221466064453
0.016979694366455078
0.01673746109008789
0.016707897186279297
0.016554832458496094
0.016675710678100586
0.01645946502685547
0.016588211059570312
0.01643967628479004
0.016610383987426758
0.016509294509887695
0.016800642013549805
0.016283273696899414
0.016558408737182617
0.015868663787841797
0.01570272445678711
0.01572275161743164
0.01585078239440918
0.01654672622680664
0.016447067260742188
0.016489028930664062
0.016434192657470703
0.016707897186279297
0.016237974166870117
0.0165712833404541
0.016580581665039062
0.01678633689880371
0.016858577728271484
0.016886234283447266
0.017050504684448242
0.017131328582763672
0.017288923263549805
0.017195701599121094
0.017199039459228516
0.0172116756439209
0.017031192779541016
0.017049074172973633
0.016657352447509766
0.016499042510986328
0.016555309295654297
0.016315698623657227
0.01628589630126953
0.016525983810424805
0.01617288589477539
0.01621389389038086
0.016178369522094727
0.01626133918762207
0.01630854606628418
0.01680588722229004
0.016715049743652344
0.016255855560302734
0.01657557487487793
0.017394065856933594
0.017327070236206055
0.01723623275756836
0.01630234718322754
0.016529321670532227
0.01626110076904297
0.016104459762573242
0.016646146774291992
0.016524553298950195
0.016170501708984375
0.01586747169494629
0.01590418815612793
0.01590871810913086
0.01605844497680664
0.0162353515625
0.01590108871459961
0.0163419246673584
0.01621723175048828
0.016372203826904297
0.016349315643310547
0.016827821731567383
0.016684293746948242
0.016541481018066406
0.01633763313293457
0.016778945922851562
0.01656341552734375
0.016725540161132812
0.016454696655273438
0.016551494598388672
0.016741514205932617
0.016902923583984375
0.01692509651184082
0.017359495162963867
0.01766514778137207
0.01768183708190918
0.01752758026123047
0.017736196517944336
0.0176849365234375
0.017952442169189453
0.01807880401611328
0.0175783634185791
0.017939329147338867
0.0178680419921875
0.017446279525756836
0.017674922943115234
0.017864227294921875
0.01750802993774414
0.01779770851135254
0.017407894134521484
0.01771235466003418
0.017310619354248047
0.016958236694335938
0.017536163330078125
0.017058849334716797
0.016612768173217773
0.01685953140258789
0.017466306686401367
0.01830434799194336
0.018568754196166992
0.017544031143188477
0.01754617691040039
0.01699209213256836
0.01709127426147461
0.017119646072387695
0.017057418823242188
0.017519712448120117
0.017360925674438477
0.016946792602539062
0.016978979110717773
0.017227888107299805
0.017027854919433594
0.01683974266052246
0.017007112503051758
0.01670360565185547
0.016921281814575195
0.016753435134887695
0.016666412353515625
0.017075300216674805
0.016741514205932617
0.016744613647460938
0.016925573348999023
0.01673102378845215
0.025728702545166016
0.01712942123413086
0.01692819595336914
0.017038822174072266
0.017356395721435547
0.01729583740234375
0.01732015609741211
0.017177104949951172
0.017260313034057617
0.017151594161987305
0.016680240631103516
0.016680002212524414
0.016675949096679688
0.017118215560913086
0.016780376434326172
0.01674628257751465
0.0205385684967041
0.023555517196655273
0.023433685302734375
0.023413896560668945
0.023238182067871094
0.02323174476623535
0.02442169189453125
0.024128198623657227
0.02440023422241211
0.021184444427490234
0.016772985458374023
0.01731705665588379
0.01725149154663086
0.01706862449645996
0.017186880111694336
0.016780614852905273
0.016655921936035156
0.016931533813476562
0.017082929611206055
0.017136573791503906
0.01717233657836914
0.0169219970703125
0.016398906707763672
0.0162966251373291
0.016530513763427734
0.01623845100402832
0.016259431838989258
0.016234636306762695
0.016315460205078125
0.016292572021484375
0.01613616943359375
0.016171693801879883
0.01639580726623535
0.016447067260742188
0.016261577606201172
0.016832351684570312
0.016121625900268555
0.016534805297851562
0.015974760055541992
0.01587510108947754
0.01580333709716797
0.016251325607299805
0.01626873016357422
0.016245365142822266
0.016657590866088867
0.01679706573486328
0.016357898712158203
0.01663494110107422
0.016628026962280273
0.0162661075592041
0.016258955001831055
0.016183853149414062
0.01655411720275879
0.0164034366607666
0.01636648178100586
0.01656055450439453
0.016535282135009766
0.01668858528137207
0.016405582427978516
0.016240596771240234
0.01675868034362793
0.01636528968811035
0.016271591186523438
0.01640009880065918
0.015981197357177734
0.016280651092529297
0.01588129997253418
0.01613306999206543
0.01621699333190918
0.0166170597076416
0.016021251678466797
0.016642093658447266
0.016709089279174805
0.016737699508666992
0.018044471740722656
0.017624855041503906
0.017075061798095703
0.017139196395874023
0.01680278778076172
0.017152070999145508
0.016698360443115234
0.016711950302124023
0.017030954360961914
0.017004728317260742
0.01698589324951172
0.017306089401245117
0.017528772354125977
0.017022132873535156
0.017340421676635742
0.016893625259399414
0.01698589324951172
0.017109394073486328
0.016468048095703125
0.016635417938232422
0.01633453369140625
0.016399383544921875
0.015845537185668945
0.015931367874145508
0.016037940979003906
0.016095876693725586
0.015906572341918945
0.016265869140625
0.016505002975463867
0.016521692276000977
0.01676154136657715
0.01659417152404785
0.016180038452148438
0.016307592391967773
0.016318559646606445
0.016440868377685547
0.016544103622436523
0.01639389991760254
0.016166210174560547
0.01620173454284668
0.015956878662109375
0.01623392105102539
0.016039133071899414
0.01683640480041504
0.0167391300201416
0.016864776611328125
0.01624155044555664
0.016206979751586914
0.017512798309326172
0.017819881439208984
0.017248153686523438
0.01712322235107422
0.01708078384399414
0.016670942306518555
0.016487836837768555
0.01668572425842285
0.016666412353515625
0.01653909683227539
0.016602277755737305
0.016483783721923828
0.016481399536132812
0.01582169532775879
0.016241073608398438
0.016519546508789062
0.016387462615966797
0.01662755012512207
0.016838550567626953
0.01698756217956543
0.01691746711730957
0.01663661003112793
0.016539573669433594
0.01699233055114746
0.017398595809936523
0.01715874671936035
0.017611026763916016
0.017454147338867188
0.01716303825378418
0.017327547073364258
0.01722431182861328
0.016994714736938477
0.017049074172973633
0.017265796661376953
0.01684856414794922
0.017026424407958984
0.01688361167907715
0.016758203506469727
0.017138004302978516
0.016919612884521484
0.01635289192199707
0.016632080078125
0.01684117317199707
0.016402006149291992
0.01690196990966797
0.016658306121826172
0.016653776168823242
0.016675233840942383
0.016250133514404297
0.016619205474853516
0.016382694244384766
0.016404151916503906
0.016489267349243164
0.01613450050354004
0.016692399978637695
0.0167388916015625
0.016573429107666016
0.016148805618286133
0.015770912170410156
0.016550302505493164
0.01686382293701172
0.016644716262817383
0.01732182502746582
0.016859769821166992
0.01739358901977539
0.01716136932373047
0.016798973083496094
0.0170590877532959
0.017037153244018555
0.017008304595947266
0.01676797866821289
0.016945838928222656
0.019805431365966797
0.01742267608642578
0.01700568199157715
0.016920804977416992
0.016811609268188477
0.016564369201660156
0.01689887046813965
0.016547679901123047
0.016630887985229492
0.0167386531829834
0.016603469848632812
0.016682147979736328
0.016721010208129883
0.016791343688964844
0.016294479370117188
0.016379833221435547
0.016436338424682617
0.016284704208374023
0.016814231872558594
0.0167391300201416
0.016667604446411133
0.016630172729492188
0.016770601272583008
0.016680240631103516
0.016415119171142578
0.01710963249206543
0.01741337776184082
0.01692652702331543
0.016945600509643555
0.01733851432800293
0.01744675636291504
0.017338991165161133
0.01732635498046875
0.017001628875732422
0.017519235610961914
0.01698756217956543
0.017014265060424805
0.01735520362854004
0.01691460609436035
0.016368865966796875
0.016577720642089844
0.01656174659729004
0.016762256622314453
0.016515493392944336
0.016344308853149414
0.016264915466308594
0.015869617462158203
0.01592278480529785
0.01594853401184082
0.0163724422454834
0.016349077224731445
0.016544580459594727
0.016211271286010742
0.015848636627197266
0.01585984230041504
0.016343116760253906
0.016575336456298828
0.016528606414794922
0.016768455505371094
0.016480207443237305
0.0169675350189209
0.01687169075012207
0.01687908172607422
0.01666998863220215
0.016524314880371094
0.01645517349243164
0.016535520553588867
0.016494035720825195
0.016016006469726562
0.016091585159301758
0.015818119049072266
0.01606440544128418
0.016165494918823242
0.016112804412841797
0.015610694885253906
0.015942811965942383
0.016098737716674805
0.016197919845581055
0.0165407657623291
0.01613306999206543
0.01639866828918457
0.016268014907836914
0.01658940315246582
0.016458511352539062
0.016608476638793945
0.016655921936035156
0.01686239242553711
0.016522884368896484
0.016528844833374023
0.016646385192871094
0.016821622848510742
0.016579627990722656
0.016686677932739258
0.016697168350219727
0.016469478607177734
0.016781330108642578
0.016803741455078125
0.01663374900817871
0.01688241958618164
0.016911029815673828
0.01673126220703125
0.017006874084472656
0.017188072204589844
0.016626834869384766
0.016906261444091797
0.01676630973815918
0.016842365264892578
0.016824960708618164
0.0167391300201416
0.017467021942138672
0.0169527530670166
