17.813916795691682
15.770195309534659
15.770195309534659
15.769857889812279
15.671427367379984
15.671427367379984
15.669766102248982
15.669766102248982
15.669766102248982
15.669477965121247
15.666984940175142
15.618565226225206
15.618565226225206
15.618565226225206
15.606510374413041
15.606510374413041
15.605076452403567
15.601422090652848
15.599052217194492
15.599011324572285
15.352806454877804
15.352374978624427
15.332032113706084
15.011907926024547
15.010625506330406
15.01061256369233
15.00969149536845
15.009374843088652
15.009374843088652
15.009374843088652
15.009374843088652
15.009374843088652
15.009374843088652
14.793099572258559
14.787632985859581
14.142456146043408
13.878848154728502
13.878848154728502
13.878848154728502
13.878848154728502
13.878848154728502
13.846865683198299
13.727276320145263
13.727276320145263
12.61396852136183
12.61396852136183
12.61396852136183
12.613827009603092
12.60413992825093
12.60413992825093
12.564447295203266
12.45855226175204
12.44521228075999
12.43878917349255
12.437940083665143
12.437940083665143
11.833215563865663
11.82794822167118
11.82794822167118
11.82794822167118
11.818074467707387
11.81478508164376
11.81478508164376
11.81478508164376
11.80543385321213
11.80543385321213
11.80543385321213
11.792272754154297
11.496759154436454
10.78406225467544
10.78406225467544
10.78406225467544
10.77750792198344
10.777339418439247
10.777339418439247
10.777339418439247
10.777339418439247
10.777339418439247
10.774837614802628
10.772514552224454
10.771848361299
9.582822690568207
9.582822690568207
9.582822690568207
9.547997364153765
8.793077283769282
8.79277816984313
8.785720759410843
8.778033148725818
8.775870702741928
8.775870702741928
8.775870702741928
8.775870702741928
8.775870702741928
8.773703089121632
8.773703089121632
8.77038009215259
8.770116647046054
8.769416699792345
8.769415946275778
8.767552680369679
8.767549186549502
8.763133841286002
8.763133841286002
8.763133841286002
8.739259883271739
8.73870226340464
8.738271803301457
8.738271803301457
8.738271803301457
8.73793411689687
8.73793411689687
7.906503525609706
7.906503525609706
7.906503525609706
7.890228002470227
7.796020545700944
7.7512413594918215
7.7512413594918215
7.318470172158895
7.318470172158895
7.318281098393783
7.318281098393783
7.318281098393783
7.310643645387346
7.310643645387346
7.310643645387346
7.310643645387346
7.310643645387346
7.309093755612526
7.309093755612526
7.303898030423879
7.302303564403225
7.300063085557317
7.300063085557317
7.297492880056293
7.297492880056293
7.286059481295073
7.286059481295073
7.2774327669517085
7.2774327669517085
7.265427620937814
7.264769316939237
7.264769316939237
7.264769316939237
7.26328744057483
7.248398752214161
7.248398752214161
7.248374149084109
7.1574858955133145
7.094852189763477
7.094287245660189
7.094287245660189
7.094287245660189
7.088732385288695
7.087833193077179
7.087653268244843
7.087653268244843
7.084532901129343
7.072208525771231
7.072208525771231
7.069070652625678
7.069070652625678
6.059214194491659
6.052615649258776
6.052615649258776
6.052427938322952
6.045675488837375
6.043759752988821
6.04192733237611
6.04192733237611
6.04192733237611
5.684754129337357
5.58352883203794
5.58352883203794
5.581547070854107
5.581547070854107
5.579518839516767
5.579518839516767
5.5689273524073855
5.559959390527325
5.559959390527325
5.554515157606193
5.554515157606193
5.5535871218252595
5.476206332498872
5.476206332498872
5.476206332498872
5.476206332498872
5.476206332498872
5.476206332498872
5.4218590058299
5.4218590058299
5.409103030225008
5.409103030225008
5.409103030225008
5.4083200966790095
5.408092590154212
5.406994627716124
5.406994627716124
5.402050473585151
5.386771252191011
5.386771252191011
5.38340353321156
5.379461098270802
5.379461098270802
5.379461098270802
5.379461098270802
5.372583232640142
5.320736038791548
5.304412183535469
5.295014487409238
5.278541957428727
5.271470718820947
5.2602331920795535
5.260130425134191
5.197463190050772
5.196630060287166
5.1966206888563455
5.1966206888563455
5.1966206888563455
5.1843314415419
5.1843314415419
5.1843314415419
5.180203226922718
5.175476515201389
5.175476515201389
5.17241417094672
5.171283316394062
5.171283316394062
5.171283316394062
5.15934696866648
5.15917016056563
5.15781775897406
5.154903921402976
5.124016879099017
5.124016879099017
5.122506853625014
5.122506853625014
5.122506853625014
5.119042716014732
5.119042716014732
5.114433448781764
5.114433448781764
5.102575107716509
5.064468143961836
5.0633846406129415
5.06246297170328
5.06246297170328
5.059809250710387
5.059495677878509
5.059495677878509
5.059495677878509
5.0578827094143595
5.0578827094143595
5.033057988303984
5.032762481143065
5.024805726561825
5.024704312751011
5.024536200577611
5.024358078823187
5.021918574206609
5.021423592880703
5.021423592880703
5.017543327278293
5.017543327278293
5.017543327278293
5.016622581189262
5.013309163869433
4.969107654696046
4.969107654696046
4.969107654696046
4.969107654696046
4.969107654696046
4.969107654696046
4.969107654696046
4.969097952732273
4.969097952732273
4.969097952732273
4.969097952732273
4.920078329855832
4.9193198066239745
4.9065503048732655
4.9065503048732655
4.815275101166904
4.811169656374613
4.811006883799841
4.808157458101714
4.806703226654395
4.62230818273342
4.621719374631436
4.621719374631436
4.621719374631436
4.621719374631436
4.621719374631436
4.61996588843753
4.610342164127349
4.610342164127349
4.547155705761735
4.547155705761735
4.531805502637891
4.531805502637891
4.531746304268502
4.531746304268502
4.531746304268502
4.531746304268502
4.5103351551308215
4.489986651553281
4.381251848489878
4.366874722924976
4.366874722924976
4.366874722924976
4.366484368767303
4.36534078179298
4.332174574751274
4.332174574751274
4.328647077424112
4.306501389518925
4.306501389518925
4.298795773036609
4.298405924459953
4.291775045554267
4.291775045554267
4.291775045554267
4.291775045554267
4.291775045554267
4.282382918402721
4.273493621272191
4.273493621272191
4.265713596707123
4.265713596707123
4.264040047985379
4.259619078262748
4.259619078262748
4.259619078262748
4.259619078262748
4.258618381857325
4.258618381857325
4.255553133648686
4.254937192836955
4.238502559482551
4.238502559482551
4.238502559482551
4.238502559482551
4.223886959240669
4.223886959240669
4.223886959240669
4.223886959240669
4.219525480559049
4.21739252230817
4.216638595941326
4.216520457601522
4.215708017528414
4.211140148598027
4.211140148598027
4.209897733947912
4.209897733947912
4.209897733947912
4.203009402866684
4.201115343913521
4.201115343913521
4.196352472638658
4.196352472638658
4.183980812164879
4.183439566171838
4.178056938940081
4.176871327308824
4.158760367238944
3.690985663650178
3.690985663650178
3.690188554821681
3.687922486390569
3.6846921744642813
3.6805336687114902
3.6805336687114902
3.6805336687114902
3.6805336687114902
3.6805336687114902
3.6805336687114902
3.6805336687114902
3.664643110839073
3.6598224958884558
3.6588367279889624
3.6588367279889624
3.6588367279889624
3.6588367279889624
3.6588367279889624
3.6588367279889624
3.6588367279889624
3.6541439053980653
3.6541439053980653
3.6541439053980653
3.622825252685505
3.6228224913242
3.6228224913242
3.6228224913242
3.6226419163957715
3.6226419163957715
3.6226419163957715
3.62057761681271
3.62057761681271
3.618198470930274
3.618198470930274
3.618198470930274
3.614820033187357
3.6140307042662485
3.6140307042662485
3.6140307042662485
3.6140307042662485
3.6140307042662485
3.6059873759188115
3.6059873759188115
3.5992392205117376
3.597542834920972
3.597542834920972
3.59476596764404
3.59476596764404
3.59476596764404
3.59476596764404
3.59476596764404
3.59476596764404
3.594396257262204
3.592226498651357
3.591618265062273
3.568488825868517
3.568488825868517
3.568488825868517
3.568488825868517
3.568035469553834
3.568035469553834
3.54198562716698
3.54118452050853
3.536070369343488
3.5352694521274763
3.532468362829867
3.530554115411057
3.5291938488745984
3.5291938488745984
3.5291938488745984
3.5291938488745984
3.5291938488745984
3.526899101450624
3.5094418870729704
3.5077288638106374
3.5077288638106374
3.5077288638106374
3.507445733033329
3.499641510580556
3.476984147931777
3.4752436247692486
3.4752436247692486
3.4751056248963508
3.4751056248963508
3.462618116478687
3.462618116478687
3.462618116478687
3.4521766985283335
3.4459785140751187
3.4432827446839696
3.441860801620596
3.441242510207733
3.441242510207733
3.440775699770331
3.435819239790863
3.435819239790863
3.434764998553071
3.429795764043231
3.429795764043231
3.4291419644281724
3.4291419644281724
3.40697556055159
3.3985762950120595
3.395362225802991
3.39502666168627
3.3932730571759713
3.3932730571759713
3.3927399815941897
3.390060766419399
3.390060766419399
3.390060766419399
3.386759775972507
3.386759775972507
3.386403319385458
3.386403319385458
3.386403319385458
3.386403319385458
3.386403319385458
3.385252762916622
3.385252762916622
3.346228702207192
3.3460254557715636
3.3460254557715636
3.3454612191393664
3.335472615426159
3.335472615426159
3.3326582755028795
3.3326582755028795
3.3326582755028795
3.32898727733102
3.3279736917160143
3.3264106010479715
3.3264106010479715
3.3209653338978207
3.3209653338978207
3.3209653338978207
3.3209653338978207
3.3209653338978207
3.3209653338978207
3.3209653338978207
3.2619731853580305
3.2525927666144767
3.2465552125800805
3.2465552125800805
3.244885662265524
3.244885662265524
3.2248831576225463
3.2246787948116946
3.222680466735259
3.2164692516135496
3.2164692516135496
3.2164692516135496
3.209986365424008
3.209986365424008
3.2071229763679625
3.2071229763679625
3.2071229763679625
3.206649536643063
3.206649536643063
3.2040129039047436
3.2037155470072314
3.2037155470072314
3.2037155470072314
3.203275278693969
3.2014147018803847
3.2014147018803847
3.2014147018803847
3.2005946120146014
3.2005946120146014
3.2005946120146014
3.1996347331778168
3.1996347331778168
3.19891364851793
3.1986672740558575
3.1986672740558575
3.1986672740558575
3.190437479608711
3.172374797640476
3.1721389066850634
3.16909050513231
3.16909050513231
3.16909050513231
3.16909050513231
3.16909050513231
3.16909050513231
3.1687360576422634
3.1687326163510647
3.1687326163510647
3.1687326163510647
3.1682255344648063
3.1682255344648063
3.1682255344648063
3.1682255344648063
3.167525047914676
3.150110421853114
3.150110421853114
3.1457458554392517
3.1457458554392517
3.1457458554392517
3.1457458554392517
3.139353224109403
3.139353224109403
3.1357921979995993
3.1357921979995993
3.133408116007754
3.1327076815367505
3.1310895502144582
3.1310895502144582
3.125930036934708
3.1196819260174706
3.0887001780665493
3.0887001780665493
3.086115531946451
3.0860952830517974
3.0860952830517974
3.0839820788662777
3.080859739287469
3.080089604783897
3.0793829044714087
3.078647618411644
3.076374574715878
3.076374574715878
3.076374574715878
3.0746036787008677
3.0746036787008677
3.0746036787008677
3.0730800158604517
3.0659530744364005
3.0659530744364005
3.0659530744364005
3.0659530744364005
3.0659530744364005
3.0658022427637626
3.0658022427637626
3.0658022427637626
3.0658022427637626
3.0648376814809204
3.0620311771227087
3.0620311771227087
3.0620311771227087
3.0620311771227087
3.0620311771227087
3.0620311771227087
3.0620311771227087
3.0620311771227087
3.0620311771227087
3.0620311771227087
3.0620311771227087
3.0620240683779514
3.0620240683779514
3.0620240683779514
3.0519919443388517
3.0516439244182756
3.0516439244182756
3.0516439244182756
3.0516439244182756
3.0516439244182756
3.0516439244182756
3.0516439244182756
3.0516439244182756
3.0516439244182756
3.0516439244182756
3.0516439244182756
3.0510722937704777
3.05053646856884
3.05053646856884
3.05053646856884
3.05053646856884
3.0485636292153444
3.046809472077527
3.046809472077527
3.04615414608363
3.04615414608363
3.04615414608363
3.0445304619968425
3.0445304619968425
3.0445304619968425
3.0445304619968425
3.0445056087687696
3.0445056087687696
3.0445056087687696
3.0445056087687696
3.0438914775513304
3.0438914775513304
3.0438914775513304
3.0438914775513304
3.0438914775513304
3.0438090695400994
3.0438090695400994
3.043713779450009
3.043713779450009
3.042816731209406
3.042816731209406
3.0419684052044396
3.0419684052044396
3.0419684052044396
3.0419684052044396
3.0419684052044396
3.040797047936767
3.040797047936767
3.039189178545886
3.039189178545886
3.0391095506821344
3.0391095506821344
3.038863570911431
3.0373715239940715
3.0371846456508003
3.0371846456508003
3.0370565740583864
3.0370565740583864
3.0370565740583864
3.0370565740583864
3.0370565740583864
3.0370565740583864
3.036971003303684
3.03581774328374
3.03581774328374
3.03581774328374
3.03581774328374
3.0351829848024146
3.0341353028133646
3.0329970593915903
3.0329970593915903
3.0329970593915903
3.0329970593915903
3.0329970593915903
3.0329970593915903
3.0329970593915903
3.0329970593915903
3.0329970593915903
3.0329970593915903
3.032826007996288
3.0315890213568224
3.031412684179706
3.031412684179706
3.031412684179706
3.031412684179706
3.031412684179706
3.031412684179706
3.031412684179706
3.031320761909239
3.0311753352639847
3.0311753352639847
3.0309118859875817
3.0309118859875817
3.0306291609961455
3.0306291609961455
3.030482699952252
3.030482699952252
3.030482699952252
3.0299198101697975
3.0299198101697975
3.0297367509795627
3.0297367509795627
3.0297367509795627
3.0297086210513804
3.0297086210513804
3.0297086210513804
3.0297086210513804
3.0295166104192255
3.029335193771548
3.029335193771548
3.029335193771548
3.029335193771548
3.0292880753628104
3.0292880753628104
3.0292880753628104
3.0292251748634484
3.0292251748634484
3.0292251748634484
3.0292251748634484
3.0292251748634484
3.0292251748634484
3.0292251748634484
3.0292251748634484
3.0292251748634484
3.0292251748634484
3.0291616271762294
3.0291616271762294
3.0291616271762294
3.0291616271762294
3.0291616271762294
3.0291442564599436
3.0291442564599436
3.0291442564599436
3.0291442564599436
3.0291442564599436
3.0291442564599436
3.028960943432814
3.0286728111978967
3.0286728111978967
3.0286728111978967
3.0286728111978967
3.0286728111978967
3.0286728111978967
3.0286728111978967
3.0285909778797837
3.0285909778797837
3.0285909778797837
3.0285909778797837
3.0285909778797837
3.028411168977911
3.028411168977911
3.028366997786886
3.028366997786886
3.028366997786886
3.028366997786886
3.028366997786886
3.028366997786886
3.028366997786886
3.028366997786886
3.028366997786886
3.028366997786886
3.028366997786886
3.028215594965168
3.028215594965168
3.028215594965168
3.028215594965168
3.028215594965168
3.028215594965168
3.028094203324404
3.028094203324404
3.028094203324404
3.028094203324404
3.028094203324404
3.028094203324404
3.028094203324404
3.028094203324404
3.028094203324404
3.028076915667608
3.028076915667608
3.028076915667608
3.028076915667608
3.028076915667608
3.027938939042862
3.027938939042862
3.027938939042862
3.027938939042862
3.027938939042862
3.027938939042862
3.027938939042862
3.027938939042862
3.027938939042862
3.027844679109794
3.0277833119285162
3.0277833119285162
3.0277833119285162
3.0277833119285162
3.0277833119285162
3.0277833119285162
3.0277833119285162
3.0275499508579813
3.0275499508579813
3.0275381317621424
3.027520836866657
3.027520836866657
3.027520836866657
3.027520836866657
3.027520836866657
3.027275217767613
3.027275217767613
3.027275217767613
3.0271789578302553
3.0271789578302553
3.0271789578302553
3.0271669517877093
3.0271669517877093
3.0271458092529997
3.0271458092529997
3.0271458092529997
3.0271458092529997
3.0271458092529997
3.0271458092529997
3.0271458092529997
3.0271458092529997
3.0271458092529997
3.0271458092529997
3.0271458092529997
3.0271458092529997
3.0271458092529997
3.0271458092529997
3.0268568094258796
3.026805660315535
3.026805660315535
3.026805660315535
3.026805660315535
3.026805660315535
3.026805660315535
3.026805660315535
3.026805660315535
3.026805660315535
3.0268048569667876
3.026803184823713
3.026803184823713
3.026801194938919
3.026801194938919
3.026801194938919
3.026801194938919
3.026801194938919
3.026801194938919
3.026801194938919
3.026762661066453
3.026762661066453
3.026762661066453
3.026762661066453
3.026762661066453
3.026762661066453
3.026762661066453
3.026762661066453
3.026762661066453
3.026762661066453
3.026762661066453
3.026762661066453
3.026762661066453
3.026762661066453
3.026762661066453
3.026762661066453
3.026762661066453
3.026762661066453
3.026762661066453
3.026762661066453
3.026762661066453
3.026762661066453
3.026762661066453
3.026762661066453
3.026751209347694
3.026751209347694
3.026751209347694
3.026751209347694
3.026751209347694
3.026751209347694
3.026751209347694
3.026751209347694
3.026751209347694
3.026751209347694
3.026751209347694
3.026751209347694
3.026751209347694
3.026751209347694
3.026751209347694
3.026751209347694
3.026751209347694
3.026751209347694
3.026751209347694
3.026751209347694
3.026751209347694
3.0267483577111634
3.0267483577111634
3.0267483577111634
3.0267483577111634
3.0267483577111634
3.0267483577111634
3.0267483577111634
3.0267483577111634
3.0267483577111634
3.0267483577111634
3.0267483577111634
3.0267483577111634
3.0267483577111634
3.0267483577111634
3.0267483577111634
3.026747734881088
3.026747734881088
2.9380755078402707
2.9380755078402707
2.936441530399023
2.9202458876446187
2.9202458876446187
2.9202458876446187
2.919378692224196
2.919378692224196
2.919378692224196
2.9180632173312127
2.9180632173312127
2.912974199631986
2.9070612455858864
2.9070612455858864
2.906800246707192
2.906800246707192
2.899590990062542
2.890514512381351
2.890514512381351
2.890514512381351
2.890514512381351
2.879527257436294
2.8790037542853852
2.859573362110968
2.8515630610856455
2.8503205140066328
2.8503205140066328
2.8503205140066328
2.8503205140066328
2.8503205140066328
2.849600412254386
2.849600412254386
2.8439085666694552
2.8354921637757684
2.8037389926467355
2.8037389926467355
2.8037389926467355
2.8037389926467355
2.8037389926467355
2.8037389926467355
2.8037389926467355
2.8037389926467355
2.8037389926467355
2.802780777443072
2.802484311080679
2.802484311080679
2.802484311080679
2.801426906198948
2.801426906198948
2.8013578233777956
2.8013578233777956
2.801162888792412
2.798798895404971
2.798798895404971
2.798662815462766
2.796245560243733
2.796245560243733
2.796245560243733
2.796042183021264
2.796042183021264
2.79443332135428
2.7881909690201034
2.7881909690201034
2.7854210654771414
2.738420004592875
2.696098903933045
2.696098903933045
2.6872098579103074
