0.0015728473663330078
0.0015420913696289062
0.0015273094177246094
0.0014679431915283203
0.0014750957489013672
0.0014820098876953125
0.001474618911743164
0.0015020370483398438
0.001535177230834961
0.0015316009521484375
0.0014925003051757812
0.0015208721160888672
0.0015652179718017578
0.0015597343444824219
0.0014529228210449219
0.0016601085662841797
0.0015439987182617188
0.0015892982482910156
0.0014867782592773438
0.001577138900756836
0.0015645027160644531
0.0014510154724121094
0.0015685558319091797
0.0015299320220947266
0.0017282962799072266
0.0015387535095214844
0.0015592575073242188
0.0014750957489013672
0.0014834403991699219
0.0015532970428466797
0.0015053749084472656
0.0014777183532714844
0.0015614032745361328
0.0014662742614746094
0.0014750957489013672
0.001455068588256836
0.00147247314453125
0.0015821456909179688
0.0014765262603759766
0.0014891624450683594
0.0015490055084228516
0.001461029052734375
0.001489877700805664
0.0014681816101074219
0.0014641284942626953
0.0014603137969970703
0.0014770030975341797
0.0014808177947998047
0.0015249252319335938
0.0014882087707519531
0.001463174819946289
0.0015649795532226562
0.0015044212341308594
0.0014617443084716797
0.0014810562133789062
0.001499176025390625
0.0015425682067871094
0.0014913082122802734
0.0014677047729492188
0.0014579296112060547
0.0014886856079101562
0.0014815330505371094
0.0014984607696533203
0.0014755725860595703
0.0015797615051269531
0.0014793872833251953
0.0014867782592773438
0.001512289047241211
0.0015070438385009766
0.0014834403991699219
0.0014965534210205078
0.0014846324920654297
0.0015323162078857422
0.0015261173248291016
0.0014951229095458984
0.0014927387237548828
0.0015053749084472656
0.0014820098876953125
0.0015263557434082031
0.0015075206756591797
0.0015544891357421875
0.0015246868133544922
0.0015094280242919922
0.0015320777893066406
0.0014793872833251953
0.0015583038330078125
0.001476287841796875
0.0016529560089111328
0.0015480518341064453
0.0014729499816894531
0.0014748573303222656
0.0014753341674804688
0.0014736652374267578
0.0015170574188232422
0.0014672279357910156
0.00153350830078125
0.0015268325805664062
0.0014841556549072266
0.0014765262603759766
0.0014753341674804688
0.0015020370483398438
0.0014913082122802734
0.0015065670013427734
0.0014870166778564453
0.0015606880187988281
0.0015032291412353516
0.0014760494232177734
0.0014958381652832031
0.0015497207641601562
0.001485586166381836
0.0015926361083984375
0.0014841556549072266
0.0015592575073242188
0.001535654067993164
0.0014767646789550781
0.0015490055084228516
0.0014684200286865234
0.0015091896057128906
0.0015087127685546875
0.0015020370483398438
0.0015637874603271484
0.0014693737030029297
0.0014872550964355469
0.0015070438385009766
0.0014712810516357422
0.0014934539794921875
0.001486063003540039
0.0016274452209472656
0.001583099365234375
0.0014884471893310547
0.0015020370483398438
0.0014712810516357422
0.0015065670013427734
0.0014615058898925781
0.0014886856079101562
0.0015053749084472656
0.0015473365783691406
0.00148773193359375
0.0014836788177490234
0.001482248306274414
0.0015635490417480469
0.0016014575958251953
0.0014739036560058594
0.0014851093292236328
0.0015842914581298828
0.0015594959259033203
0.001485586166381836
0.0014715194702148438
0.0015406608581542969
0.0015523433685302734
0.001605987548828125
0.0015130043029785156
0.0016357898712158203
0.0015978813171386719
0.0014688968658447266
0.0014891624450683594
0.0015659332275390625
0.0015726089477539062
0.0014836788177490234
0.0015604496002197266
0.001538991928100586
0.0015637874603271484
0.0015485286712646484
0.0015549659729003906
0.0015816688537597656
0.0015592575073242188
0.0015583038330078125
0.0015757083892822266
0.0014567375183105469
0.0015382766723632812
0.0015513896942138672
0.0014736652374267578
0.001569509506225586
0.0016491413116455078
0.0015931129455566406
0.0015649795532226562
0.0015494823455810547
0.0015850067138671875
0.001550436019897461
0.0014646053314208984
0.0015375614166259766
0.0015244483947753906
0.0016295909881591797
0.001531362533569336
0.0015935897827148438
0.0015573501586914062
0.001544952392578125
0.0015883445739746094
0.0015816688537597656
0.0015726089477539062
0.0016570091247558594
0.0015726089477539062
0.001562356948852539
0.0015799999237060547
0.0015540122985839844
0.0015683174133300781
0.0015790462493896484
0.0015616416931152344
0.0015571117401123047
0.0015597343444824219
0.0016024112701416016
0.0015377998352050781
0.0015630722045898438
0.0014798641204833984
0.0014772415161132812
0.0015239715576171875
0.0016307830810546875
0.0014748573303222656
0.0014777183532714844
0.0014808177947998047
0.0015597343444824219
0.0015566349029541016
0.001569986343383789
0.0016901493072509766
0.0016036033630371094
0.0015895366668701172
0.001524209976196289
0.0016827583312988281
0.0015728473663330078
0.001569509506225586
0.0015995502471923828
0.0016777515411376953
0.001558065414428711
0.0015578269958496094
0.0015704631805419922
0.001573801040649414
0.0015680789947509766
0.001565694808959961
0.0016679763793945312
0.001638650894165039
0.0015790462493896484
0.0015516281127929688
0.0015933513641357422
0.0015401840209960938
0.0015747547149658203
0.0015718936920166016
0.0016689300537109375
0.0015590190887451172
0.0015778541564941406
0.0015668869018554688
0.0015497207641601562
0.0015628337860107422
0.0015883445739746094
0.0016198158264160156
0.0015866756439208984
0.0015559196472167969
0.0015757083892822266
0.0015780925750732422
0.0015556812286376953
0.001638650894165039
0.0016062259674072266
0.001661539077758789
0.0015673637390136719
0.0015399456024169922
0.001580953598022461
0.0015544891357421875
0.0015671253204345703
0.0015742778778076172
0.001575469970703125
0.0016279220581054688
0.0015721321105957031
0.0015769004821777344
0.0017771720886230469
0.0015506744384765625
0.0014624595642089844
0.0015423297882080078
0.0016663074493408203
0.0015382766723632812
0.0014748573303222656
0.0015377998352050781
0.0015654563903808594
0.0015499591827392578
0.0015459060668945312
0.0015673637390136719
0.001657724380493164
0.0014781951904296875
0.001474142074584961
0.0014650821685791016
0.00147247314453125
0.0014569759368896484
0.0015745162963867188
0.001552581787109375
0.0015692710876464844
0.0015740394592285156
0.0015277862548828125
0.0015869140625
0.0015380382537841797
0.0016436576843261719
0.001558542251586914
0.0015597343444824219
0.0015659332275390625
0.0015459060668945312
0.001558065414428711
0.001529693603515625
0.0015270709991455078
0.0015802383422851562
0.0015311241149902344
0.0015692710876464844
0.0015621185302734375
0.0016753673553466797
0.0016071796417236328
0.0015995502471923828
0.001585245132446289
0.0015842914581298828
0.0015649795532226562
0.0015742778778076172
0.0015308856964111328
0.0015635490417480469
0.0015506744384765625
0.0015382766723632812
0.0015664100646972656
0.001531362533569336
0.0016155242919921875
0.001569986343383789
0.001482248306274414
0.0014681816101074219
0.0014891624450683594
0.0015604496002197266
0.0014736652374267578
0.0014729499816894531
0.0014820098876953125
0.00156402587890625
0.0015261173248291016
0.001554727554321289
0.0015108585357666016
0.0014643669128417969
0.0014600753784179688
0.0014650821685791016
0.0015056133270263672
0.0015516281127929688
0.0014619827270507812
0.0014803409576416016
0.0015447139739990234
0.0014603137969970703
0.001468658447265625
0.0014848709106445312
0.0015375614166259766
0.001589059829711914
0.0014786720275878906
0.0014836788177490234
0.0014712810516357422
0.001491546630859375
0.0014796257019042969
0.0015015602111816406
0.0015177726745605469
0.0015337467193603516
0.0014815330505371094
0.001483917236328125
0.0014781951904296875
0.0014824867248535156
0.0014674663543701172
0.0014696121215820312
0.0015261173248291016
0.0015676021575927734
0.0015168190002441406
0.0014734268188476562
0.0014777183532714844
0.0014729499816894531
0.0014753341674804688
0.0014755725860595703
0.0015637874603271484
0.0015370845794677734
0.0014963150024414062
0.0014765262603759766
0.001485586166381836
0.0014929771423339844
0.001474618911743164
0.0014965534210205078
0.0014629364013671875
0.0015828609466552734
0.0015726089477539062
0.0015118122100830078
0.0017347335815429688
0.0015501976013183594
0.0016226768493652344
0.001575469970703125
0.001584768295288086
0.0015361309051513672
0.001558542251586914
0.0015087127685546875
0.0015115737915039062
0.001550912857055664
0.0015592575073242188
0.0015566349029541016
0.001605987548828125
0.001589059829711914
0.0016658306121826172
0.0015926361083984375
0.0015673637390136719
0.0015821456909179688
0.0015544891357421875
0.0016088485717773438
0.0016160011291503906
0.0016026496887207031
0.0015819072723388672
0.0015137195587158203
0.0015256404876708984
0.0015103816986083984
0.001463174819946289
0.001634836196899414
0.001589059829711914
0.0015637874603271484
0.0015811920166015625
0.001589059829711914
0.0015730857849121094
0.0015730857849121094
0.001584768295288086
0.0016398429870605469
0.0014934539794921875
0.0015108585357666016
0.0015532970428466797
0.0015110969543457031
0.0014698505401611328
0.0014820098876953125
0.0016169548034667969
0.0015788078308105469
0.0015621185302734375
0.001463174819946289
0.0014803409576416016
0.0015881061553955078
0.0015027523040771484
0.0015649795532226562
0.0014960765838623047
0.0016026496887207031
0.0015571117401123047
0.0015799999237060547
0.0015544891357421875
0.0015349388122558594
0.001581430435180664
0.0015461444854736328
0.0016248226165771484
0.0015954971313476562
0.001565694808959961
0.0015692710876464844
0.0015532970428466797
0.0015418529510498047
0.0015828609466552734
0.0015943050384521484
0.0016665458679199219
0.0015597343444824219
0.0015938282012939453
0.0015804767608642578
0.001558065414428711
0.0015366077423095703
0.0015461444854736328
0.0015783309936523438
0.0016684532165527344
0.0016634464263916016
0.0014815330505371094
0.0014727115631103516
0.0015461444854736328
0.0015430450439453125
0.0015723705291748047
0.0015506744384765625
0.0015461444854736328
0.0015473365783691406
0.0015687942504882812
0.0015718936920166016
0.0015561580657958984
0.0015902519226074219
0.0015530586242675781
0.001714944839477539
0.0015497207641601562
0.0015664100646972656
0.001577138900756836
0.0015556812286376953
0.001622915267944336
0.0015473365783691406
0.0015673637390136719
0.001688241958618164
0.0015857219696044922
0.0015420913696289062
0.001546621322631836
0.0015680789947509766
0.0015327930450439453
0.001522064208984375
0.0016932487487792969
0.0015621185302734375
0.0015921592712402344
0.0015549659729003906
0.0015499591827392578
0.0015804767608642578
0.0015654563903808594
0.0015780925750732422
0.0015578269958496094
0.0015575885772705078
0.0015568733215332031
0.0015244483947753906
0.0015873908996582031
0.00159454345703125
0.0016291141510009766
0.0016951560974121094
0.0015578269958496094
0.0016264915466308594
0.0015604496002197266
0.00154876708984375
0.0015606880187988281
0.0014617443084716797
0.0015654563903808594
0.0016889572143554688
0.0016765594482421875
0.0015497207641601562
0.0015330314636230469
0.00154876708984375
0.0016179084777832031
0.0016481876373291016
0.0016036033630371094
0.0016405582427978516
0.0014934539794921875
0.0015246868133544922
0.0015535354614257812
0.001459360122680664
0.0015397071838378906
0.0014927387237548828
0.001539468765258789
0.0016372203826904297
0.001466989517211914
0.0015556812286376953
0.0014624595642089844
0.0014801025390625
0.0015211105346679688
0.0014643669128417969
0.0015320777893066406
0.0014829635620117188
0.0014688968658447266
0.0015609264373779297
0.001455545425415039
0.0015287399291992188
0.001458883285522461
0.0014591217041015625
0.0015299320220947266
0.0014867782592773438
0.0015149116516113281
0.0014650821685791016
0.001489400863647461
0.0015020370483398438
0.0014765262603759766
0.0015139579772949219
0.0015363693237304688
0.0015039443969726562
0.0014963150024414062
0.0014688968658447266
0.0014643669128417969
0.0014624595642089844
0.00147247314453125
0.0014739036560058594
0.001504659652709961
0.0015215873718261719
0.0014617443084716797
0.0014543533325195312
0.0014696121215820312
0.0014619827270507812
0.001482248306274414
0.0014750957489013672
0.0015246868133544922
0.0015499591827392578
0.0014927387237548828
0.001493215560913086
0.0014677047729492188
0.00148773193359375
0.001470804214477539
0.0014874935150146484
0.0015017986297607422
0.0015065670013427734
0.0014681816101074219
0.0014638900756835938
0.0014543533325195312
0.0014505386352539062
0.001455068588256836
0.0014901161193847656
0.0015709400177001953
0.0015535354614257812
0.0014405250549316406
0.0014536380767822266
0.001455545425415039
0.001466512680053711
0.001451253890991211
0.0014524459838867188
0.0015749931335449219
0.0016155242919921875
0.0015344619750976562
0.0015494823455810547
0.0015447139739990234
0.0015666484832763672
0.0015556812286376953
0.0015614032745361328
0.001584768295288086
0.0015850067138671875
0.0015463829040527344
0.0015621185302734375
0.001556396484375
0.0015652179718017578
0.001566171646118164
0.001577138900756836
0.001566171646118164
0.0015904903411865234
0.0015485286712646484
0.0015773773193359375
0.0015423297882080078
0.0015404224395751953
0.0015680789947509766
0.001523733139038086
0.0016176700592041016
0.0015518665313720703
0.001491546630859375
0.0014660358428955078
0.0014448165893554688
0.0014557838439941406
0.0014569759368896484
0.0014503002166748047
0.0016198158264160156
0.001569509506225586
0.0015664100646972656
0.0015399456024169922
0.0015654563903808594
0.0015795230865478516
0.001535177230834961
0.0015621185302734375
0.0015153884887695312
0.0014617443084716797
0.0015230178833007812
0.001554727554321289
0.0015702247619628906
0.0015404224395751953
0.0015308856964111328
0.001542806625366211
0.0015666484832763672
0.0015435218811035156
0.0015358924865722656
0.0014801025390625
0.001470804214477539
0.0015690326690673828
0.0015285015106201172
0.0015401840209960938
0.0015060901641845703
0.001470327377319336
0.001470327377319336
0.0014748573303222656
0.0014636516571044922
0.0014500617980957031
0.001600027084350586
0.0016028881072998047
0.0015106201171875
0.0014643669128417969
0.0014607906341552734
0.001453399658203125
0.0014536380767822266
0.0014553070068359375
0.0014710426330566406
0.0015246868133544922
0.0015363693237304688
0.0014622211456298828
0.0014612674713134766
0.001462697982788086
0.001455068588256836
0.0014698505401611328
0.0014600753784179688
0.0014922618865966797
0.0015225410461425781
0.0014569759368896484
0.0015363693237304688
0.0014579296112060547
0.00146484375
0.0014522075653076172
0.0014548301696777344
0.0015311241149902344
0.0016379356384277344
0.0015132427215576172
0.0014421939849853516
0.0014531612396240234
0.0015408992767333984
0.0014638900756835938
0.0014879703521728516
0.0015590190887451172
0.0015556812286376953
0.001489877700805664
0.0014722347259521484
0.0014624595642089844
0.001451253890991211
0.0015039443969726562
0.001535654067993164
0.0014531612396240234
0.0015413761138916016
0.0014638900756835938
0.00146484375
0.001474142074584961
0.0014662742614746094
0.0014691352844238281
0.0014655590057373047
0.001455545425415039
0.0015552043914794922
0.0014486312866210938
0.0014519691467285156
0.0014684200286865234
0.0014483928680419922
0.0015408992767333984
0.0014493465423583984
0.0014505386352539062
0.0015077590942382812
0.0015294551849365234
0.0014772415161132812
0.0014722347259521484
0.0014557838439941406
0.0014874935150146484
0.0015590190887451172
0.0014507770538330078
0.0015435218811035156
0.0014481544494628906
0.001483917236328125
0.0014693737030029297
0.0014841556549072266
0.0014536380767822266
0.0014736652374267578
0.0014774799346923828
0.0015444755554199219
0.0015211105346679688
0.0014960765838623047
0.0014607906341552734
0.0015087127685546875
0.0014529228210449219
0.0014531612396240234
0.0014681816101074219
0.0014650821685791016
0.0014796257019042969
0.0014674663543701172
0.0014650821685791016
0.0014801025390625
0.0014638900756835938
0.0014448165893554688
0.0014758110046386719
0.0015070438385009766
0.0015342235565185547
0.0014834403991699219
0.001466989517211914
0.0014729499816894531
0.0014624595642089844
0.0014753341674804688
0.001458883285522461
0.001497507095336914
0.0015521049499511719
0.0014605522155761719
0.0015039443969726562
0.0014548301696777344
0.0014719963073730469
0.0015461444854736328
0.0014560222625732422
0.0014808177947998047
0.0015380382537841797
0.0014791488647460938
0.0014677047729492188
0.001481771469116211
0.0014998912811279297
0.0014882087707519531
0.0014657974243164062
0.0015211105346679688
0.001463174819946289
0.0015091896057128906
0.0014667510986328125
0.001455545425415039
0.0015664100646972656
0.0014715194702148438
0.0014607906341552734
0.00146484375
0.001543283462524414
0.0014879703521728516
0.0014607906341552734
0.0014612674713134766
0.0014672279357910156
0.0015697479248046875
0.0015175342559814453
0.0015132427215576172
0.0015530586242675781
0.0014770030975341797
0.0014743804931640625
0.0014576911926269531
0.0014431476593017578
0.0014503002166748047
0.0014650821685791016
0.0014564990997314453
0.0015702247619628906
0.0014612674713134766
0.0014634132385253906
0.0014641284942626953
0.0014495849609375
0.0014584064483642578
0.0014758110046386719
0.0014557838439941406
0.0015375614166259766
0.0014681816101074219
0.001489400863647461
0.0014979839324951172
0.0015327930450439453
0.001508474349975586
0.001474618911743164
0.0014569759368896484
0.0015454292297363281
0.0015060901641845703
0.0015163421630859375
0.0015079975128173828
0.0014760494232177734
0.0014634132385253906
0.0014557838439941406
0.001489877700805664
0.0015392303466796875
0.0014960765838623047
0.00145721435546875
0.001453399658203125
0.0014500617980957031
0.0014643669128417969
0.0014543533325195312
0.0014562606811523438
0.0014982223510742188
0.0015251636505126953
0.001468658447265625
0.0014438629150390625
0.00145721435546875
0.001453399658203125
0.0014569759368896484
0.0014531612396240234
0.0014731884002685547
0.0015447139739990234
0.0014622211456298828
0.0014600753784179688
0.0015516281127929688
0.0014536380767822266
0.0014460086822509766
0.001497507095336914
0.0014739036560058594
0.0015368461608886719
0.0015637874603271484
0.0015709400177001953
0.0015735626220703125
0.001668691635131836
0.0016422271728515625
0.0015497207641601562
0.0016071796417236328
0.001531839370727539
0.0015578269958496094
0.0015401840209960938
0.0014495849609375
0.0015506744384765625
0.001560211181640625
0.0014576911926269531
0.0016484260559082031
0.0014634132385253906
0.0014815330505371094
0.0014634132385253906
0.0014698505401611328
0.0014908313751220703
0.0014662742614746094
0.001459360122680664
0.0015494823455810547
0.0014891624450683594
0.0014767646789550781
0.0014495849609375
0.0014643669128417969
0.0015349388122558594
0.001476287841796875
0.0014622211456298828
0.0015017986297607422
0.0015082359313964844
0.0015215873718261719
0.0014443397521972656
0.0015451908111572266
0.0014524459838867188
0.0014507770538330078
0.0014560222625732422
0.0014519691467285156
0.0015671253204345703
0.001451253890991211
0.0015156269073486328
0.0015413761138916016
0.0014410018920898438
0.0014615058898925781
0.0014522075653076172
0.0015244483947753906
0.0015416145324707031
0.0014691352844238281
0.0014672279357910156
0.001458883285522461
0.001451253890991211
0.001451730728149414
0.001458883285522461
0.001461029052734375
0.0015256404876708984
0.0014619827270507812
0.0016188621520996094
0.0014414787292480469
0.001461029052734375
0.0014526844024658203
0.0014548301696777344
0.0015079975128173828
0.001558542251586914
0.0014519691467285156
0.0014595985412597656
0.0015599727630615234
0.00145721435546875
0.0014607906341552734
0.0014548301696777344
0.0014605522155761719
0.0015299320220947266
0.001466989517211914
0.0014748573303222656
0.0014736652374267578
0.0014641284942626953
0.001459360122680664
0.0014612674713134766
0.0014576911926269531
0.001527547836303711
0.0014653205871582031
0.0014719963073730469
0.0014765262603759766
0.0014812946319580078
0.0014717578887939453
0.0014884471893310547
0.0014791488647460938
0.001520395278930664
0.0015015602111816406
0.0014607906341552734
0.0014734268188476562
0.0014553070068359375
0.0014369487762451172
0.0014624595642089844
0.0014452934265136719
0.0016529560089111328
0.0015442371368408203
0.0014643669128417969
0.0014655590057373047
0.0015871524810791016
0.0015397071838378906
0.0015587806701660156
0.0015614032745361328
0.001550912857055664
0.0015358924865722656
0.001531362533569336
0.0015339851379394531
0.0015170574188232422
0.0015575885772705078
0.001516103744506836
0.001588582992553711
0.0015747547149658203
0.0015726089477539062
0.0015459060668945312
0.0015637874603271484
0.0015423297882080078
0.0015425682067871094
0.0015611648559570312
0.0015025138854980469
0.0015406608581542969
0.0015492439270019531
0.0014488697052001953
0.0014679431915283203
0.0014514923095703125
0.0014362335205078125
0.0014657974243164062
0.0015537738800048828
0.0015494823455810547
0.0015137195587158203
0.0015330314636230469
0.0014429092407226562
0.0014514923095703125
0.00146484375
0.0014693737030029297
0.0014352798461914062
0.0015606880187988281
0.0014586448669433594
0.0014557838439941406
0.001455545425415039
0.001443624496459961
0.0014405250549316406
0.001434326171875
0.001439809799194336
0.0015873908996582031
0.0014450550079345703
0.0014495849609375
0.0014491081237792969
0.001451253890991211
0.001468658447265625
0.001451730728149414
0.0014462471008300781
0.0015206336975097656
0.0014750957489013672
0.0014433860778808594
0.0014405250549316406
0.0014493465423583984
0.0014638900756835938
0.0014519691467285156
0.001489400863647461
0.0014884471893310547
0.001535177230834961
0.0015077590942382812
0.0014445781707763672
0.00144195556640625
0.0014476776123046875
0.0014395713806152344
0.0014538764953613281
0.001485586166381836
0.0016531944274902344
0.001554727554321289
0.0014417171478271484
