5.300029777864831
5.300029777864831
5.300029777864831
5.300029777864831
5.300029777864831
5.300029777864831
5.300029777864831
5.300029777864831
5.300029777864831
5.300029777864831
5.300029777864831
5.300029777864831
5.300029777864831
4.992018903664805
4.992018903664805
4.869852047556488
4.738189812326434
4.738189812326434
4.738189812326434
4.738189812326434
4.530344609802752
4.530344609802752
4.530344609802752
4.530344609802752
4.530344609802752
4.530344609802752
4.161994709049344
4.161994709049344
4.161994709049344
4.161994709049344
4.0953508577631705
4.0953508577631705
4.059301567100816
4.059301567100816
4.00957944496589
4.00957944496589
4.00957944496589
4.00957944496589
3.9847650414839535
3.9847650414839535
3.6448230548414458
3.6448230548414458
3.617585138647332
3.446797010956633
3.446797010956633
3.446797010956633
3.446797010956633
3.2704184059719417
3.1784044726472196
2.953489591552284
2.953489591552284
2.953489591552284
2.953489591552284
2.953489591552284
2.953489591552284
2.953489591552284
2.953489591552284
2.691054406354798
2.5974526590072387
2.5974526590072387
2.5583535534308197
2.389954640045243
2.389954640045243
2.389954640045243
2.389954640045243
2.2610706318705027
2.2610706318705027
2.22168318403903
2.22168318403903
2.22168318403903
2.22168318403903
2.22168318403903
2.22168318403903
2.22168318403903
2.0365137196473633
2.0365137196473633
2.0365137196473633
2.0365137196473633
2.0365137196473633
2.0241908732964973
2.0241908732964973
2.0241908732964973
1.988583614429448
1.9766825508244175
1.6733559974521022
1.6733559974521022
1.6733559974521022
1.6733559974521022
1.6733559974521022
1.6733559974521022
1.6733559974521022
1.6733559974521022
1.6733559974521022
1.6733559974521022
1.6733559974521022
1.6733559974521022
1.6733559974521022
1.6733559974521022
1.6733559974521022
1.6733559974521022
1.6733559974521022
1.6733559974521022
1.6733559974521022
1.6733559974521022
1.6733559974521022
1.6733559974521022
1.6733559974521022
1.6733559974521022
1.6733559974521022
1.6733559974521022
1.6733559974521022
1.6733559974521022
1.6733559974521022
1.5661105420697154
1.5661105420697154
1.5661105420697154
1.478759958300678
1.478759958300678
1.1989407292131204
1.1989407292131204
1.1989407292131204
1.1989407292131204
1.1989407292131204
1.1989407292131204
1.1989407292131204
1.1989407292131204
1.1989407292131204
1.1989407292131204
1.1041328858022297
1.1041328858022297
1.1041328858022297
1.1041328858022297
1.1041328858022297
1.1041328858022297
1.1041328858022297
1.0646690614375132
1.0646690614375132
1.0646690614375132
1.0646690614375132
1.0646690614375132
1.0646690614375132
1.0646690614375132
1.0646690614375132
1.0646690614375132
1.0646690614375132
1.0646690614375132
0.9082471788109174
0.9082471788109174
0.9082471788109174
0.9082471788109174
0.9082471788109174
0.9082471788109174
0.9040339607006764
0.9040339607006764
0.8561830145588303
0.8561830145588303
0.8561830145588303
0.8561830145588303
0.8561830145588303
0.8561830145588303
0.8561830145588303
0.8561830145588303
0.8561830145588303
0.8561830145588303
0.8561830145588303
0.8561830145588303
0.8561830145588303
0.8561830145588303
0.8344222784954844
0.8344222784954844
0.749525661761929
0.749525661761929
0.749525661761929
0.7212326130764559
0.7212326130764559
0.7212326130764559
0.7212326130764559
0.7212326130764559
0.7212326130764559
0.7212326130764559
0.6531788806649352
0.6531788806649352
0.6531788806649352
0.6531788806649352
0.6531788806649352
0.6531788806649352
0.641305266927084
0.641305266927084
0.641305266927084
0.641305266927084
0.5084406483289534
0.5084406483289534
0.5084406483289534
0.5084406483289534
0.5084406483289534
0.5084406483289534
0.5084406483289534
0.5084406483289534
0.5084406483289534
0.5084406483289534
0.5084406483289534
0.5084406483289534
0.5084406483289534
0.44500730816295686
0.44500730816295686
0.44500730816295686
0.44500730816295686
0.44500730816295686
0.44500730816295686
0.44500730816295686
0.44500730816295686
0.44500730816295686
0.44500730816295686
0.44500730816295686
0.44500730816295686
0.44500730816295686
0.44500730816295686
0.44500730816295686
0.44500730816295686
0.44500730816295686
0.44500730816295686
0.44500730816295686
0.44500730816295686
0.44500730816295686
0.44500730816295686
0.44500730816295686
0.44500730816295686
0.431549359527331
0.431549359527331
0.431549359527331
0.431549359527331
0.431549359527331
0.42177904368029573
0.39719060404573625
0.39719060404573625
0.39719060404573625
0.39719060404573625
0.39719060404573625
0.39719060404573625
0.39719060404573625
0.3971839008229274
0.3971839008229274
0.3971839008229274
0.3971839008229274
0.3971839008229274
0.3971839008229274
0.3684796503311212
0.3684796503311212
0.3684796503311212
0.3684796503311212
0.3684796503311212
0.3684796503311212
0.3679365321950172
0.3679365321950172
0.3679365321950172
0.3679365321950172
0.32722179551492303
0.32722179551492303
0.32722179551492303
0.32722179551492303
0.32722179551492303
0.32722179551492303
0.32722179551492303
0.27658295344557615
0.2516726992384726
0.2516726992384726
0.2516726992384726
0.2516726992384726
0.2516726992384726
0.2516726992384726
0.2516726992384726
0.2516726992384726
0.2516726992384726
0.2516726992384726
0.2516726992384726
0.2516726992384726
0.2516726992384726
0.2516726992384726
0.2516726992384726
0.2516726992384726
0.2516726992384726
0.2516726992384726
0.2516726992384726
0.2516726992384726
0.2516726992384726
0.24828027770789873
0.24828027770789873
0.24100925291168096
0.23709327206605835
0.23583060120331822
0.23583060120331822
0.23526835221148445
0.2229322056120253
0.2229322056120253
0.2229322056120253
0.2229322056120253
0.2229322056120253
0.2229322056120253
0.2229322056120253
0.2122879802387878
0.16224793448146002
0.16224793448146002
0.16165770068755592
0.16165770068755592
0.16165770068755592
0.16165770068755592
0.15986229876379454
0.15986229876379454
0.15986229876379454
0.15986229876379454
0.15844658612565254
0.1574435080741594
0.1574435080741594
0.1574435080741594
0.1574435080741594
0.1574435080741594
0.1574435080741594
0.13792611777359554
0.13792611777359554
0.13792611777359554
0.13792611777359554
0.13792611777359554
0.13792611777359554
0.13792611777359554
0.13792611777359554
0.13792611777359554
0.13792611777359554
0.13792611777359554
0.13792611777359554
0.13792611777359554
0.11224211102729598
0.10460073133368297
0.10236429786508339
0.10236429786508339
0.10236429786508339
0.10236429786508339
0.10236429786508339
0.09928144705587272
0.09928144705587272
0.09928144705587272
0.09928144705587272
0.09928144705587272
0.09928144705587272
0.09928144705587272
0.09928144705587272
0.09928144705587272
0.09739538419838212
0.09739538419838212
0.09739538419838212
0.09739538419838212
0.0925832614223765
0.0925832614223765
0.0925832614223765
0.0925832614223765
0.0925832614223765
0.0925832614223765
0.0925832614223765
0.0925832614223765
0.0925832614223765
0.08986103275114843
0.08308935610301305
0.08308935610301305
0.08308935610301305
0.08308935610301305
0.08308935610301305
0.08308935610301305
0.0680463842301755
0.0680463842301755
0.0680463842301755
0.0680463842301755
0.0680463842301755
0.0680463842301755
0.05758091971974011
0.05758091971974011
0.05758091971974011
0.05758091971974011
0.05758091971974011
0.05758091971974011
0.05758091971974011
0.05758091971974011
0.05758091971974011
0.05758091971974011
0.05758091971974011
0.05758091971974011
0.05758091971974011
0.05758091971974011
0.05758091971974011
0.05758091971974011
0.05758091971974011
0.05758091971974011
0.05192528332704072
0.05192528332704072
0.04826251869571152
0.04826251869571152
0.04826251869571152
0.04826251869571152
0.04826251869571152
0.04826251869571152
0.04805000395014147
0.04805000395014147
0.04805000395014147
0.04465819087689127
0.043993954841269556
0.043993954841269556
0.043993954841269556
0.043993954841269556
0.043993954841269556
0.043993954841269556
0.043993954841269556
0.043993954841269556
0.03964269522260366
0.03964269522260366
0.03964269522260366
0.03964269522260366
0.03964269522260366
0.03964269522260366
0.03964269522260366
0.03964269522260366
0.03588275945902808
0.03588275945902808
0.03588275945902808
0.03588275945902808
0.03588275945902808
0.03588275945902808
0.03588275945902808
0.03588275945902808
0.03588275945902808
0.03588275945902808
0.03578908985078044
0.03578908985078044
0.035251653970767904
0.035251653970767904
0.03294329356708303
0.03294329356708303
0.03294329356708303
0.03294329356708303
0.03294329356708303
0.03294329356708303
0.03294329356708303
0.03171314130542768
0.03171314130542768
0.028042523025479937
0.028042523025479937
0.028042523025479937
0.028042523025479937
0.028042523025479937
0.028042523025479937
0.028042523025479937
0.025179653460945417
0.025179653460945417
0.025179653460945417
0.025179653460945417
0.025179653460945417
0.025179653460945417
0.025179653460945417
0.025179653460945417
0.025179653460945417
0.025179653460945417
0.022414585466641768
0.022414585466641768
0.022414585466641768
0.022414585466641768
0.022414585466641768
0.022414585466641768
0.022414585466641768
0.022414585466641768
0.022414585466641768
0.022414585466641768
0.022414585466641768
0.022414585466641768
0.022414585466641768
0.022414585466641768
0.022414585466641768
0.022414585466641768
0.022414585466641768
0.022414585466641768
0.022414585466641768
0.022414585466641768
0.022414585466641768
0.022414585466641768
0.022414585466641768
0.022414585466641768
0.022414585466641768
0.022414585466641768
0.021736726481673685
0.021736726481673685
0.021736726481673685
0.0203496707381845
0.0203496707381845
0.0203496707381845
0.0203496707381845
0.018353739761295174
0.018353739761295174
0.018353739761295174
0.018353739761295174
0.018353739761295174
0.018353739761295174
0.018353739761295174
0.018353739761295174
0.018056625518998004
0.018056625518998004
0.01799438584721713
0.01799438584721713
0.01799438584721713
0.015526538177592641
0.015526538177592641
0.015526538177592641
0.015526538177592641
0.015526538177592641
0.015526538177592641
0.015526538177592641
0.015526538177592641
0.015526538177592641
0.015526538177592641
0.015526538177592641
0.012651441605946445
0.012651441605946445
0.012651441605946445
0.012651441605946445
0.012651441605946445
0.012651441605946445
0.012651441605946445
0.012651441605946445
0.012651441605946445
0.012651441605946445
0.012651441605946445
0.012651441605946445
0.012651441605946445
0.012651441605946445
0.012651441605946445
0.012651441605946445
0.01253137903946211
0.01246771954699355
0.012222346270910123
0.012222346270910123
0.012222346270910123
0.011402718198741724
0.011339456288744998
0.010105947020011996
0.010105947020011996
0.010105947020011996
0.010105947020011996
0.010105947020011996
0.010040679702754574
0.009885964159856542
0.00978675635764148
0.00978675635764148
0.00978675635764148
0.00978675635764148
0.009600303492337758
0.009600303492337758
0.009520731847761255
0.00951079279813527
0.00951079279813527
0.00951079279813527
0.00951079279813527
0.008887716505682874
0.008887716505682874
0.008887716505682874
0.008052193289209697
0.008052193289209697
0.008052193289209697
0.007763819566463326
0.007369328092480032
0.007369328092480032
0.007369328092480032
0.007369328092480032
0.007369328092480032
0.007369328092480032
0.007369328092480032
0.007369328092480032
0.006232157664353366
0.006232157664353366
0.006232157664353366
0.006232157664353366
0.005499787357745589
0.005499787357745589
0.005499787357745589
0.005499787357745589
0.005499787357745589
0.005499787357745589
0.005499787357745589
0.0048411735650368826
0.0048411735650368826
0.0048411735650368826
0.0048411735650368826
0.0048411735650368826
0.0048411735650368826
0.0048411735650368826
0.0048411735650368826
0.0048411735650368826
0.0048411735650368826
0.0048411735650368826
0.0048411735650368826
0.0048411735650368826
0.0048411735650368826
0.0048411735650368826
0.004642671595814107
0.004642671595814107
0.00461337135310913
0.00461337135310913
0.003903846521616572
0.003903846521616572
0.003903846521616572
0.003903846521616572
0.003903846521616572
0.003903846521616572
0.003903846521616572
0.003903846521616572
0.003903846521616572
0.003903846521616572
0.003903846521616572
0.003903846521616572
0.003903846521616572
0.003903846521616572
0.003903846521616572
0.003903846521616572
0.0038877577403901853
0.003228945718859677
0.003228945718859677
0.003228945718859677
0.003228945718859677
0.003228945718859677
0.002737013274430211
0.002737013274430211
0.002737013274430211
0.0026258775643768217
0.0026258775643768217
0.0026258775643768217
0.0026258775643768217
0.0026258775643768217
0.0025732463739451816
0.0025732463739451816
0.0025732463739451816
0.0023124374876886122
0.0023124374876886122
0.0023124374876886122
0.002158046581744344
0.002158046581744344
0.002158046581744344
0.002158046581744344
0.002158046581744344
0.002158046581744344
0.002158046581744344
0.002158046581744344
0.002158046581744344
0.002158046581744344
0.002158046581744344
0.002158046581744344
0.002158046581744344
0.002158046581744344
0.002158046581744344
0.002158046581744344
0.002158046581744344
0.002158046581744344
0.002158046581744344
0.002158046581744344
0.002158046581744344
0.002158046581744344
0.0021564254001731342
0.0021564254001731342
0.0018269432595872104
0.0018269432595872104
0.0018269432595872104
0.0018269432595872104
0.0018269432595872104
0.0018269432595872104
0.0018269432595872104
0.0018269432595872104
0.0018229283053941003
0.0018229283053941003
0.001807371439532801
0.001807371439532801
0.001807371439532801
0.001807371439532801
0.001807371439532801
0.001807371439532801
0.001691721036305438
0.001691721036305438
0.001691721036305438
0.001691721036305438
0.001691721036305438
0.001691721036305438
0.001691721036305438
0.001691721036305438
0.001605316556901215
0.001605316556901215
0.001605316556901215
0.001605316556901215
0.0015069478543630055
0.0015069478543630055
0.0014050132801379789
0.0014050132801379789
0.0014050132801379789
0.0014050132801379789
0.0014050132801379789
0.0014050132801379789
0.0014050132801379789
0.0014050132801379789
0.0014050132801379789
0.001187089933118557
0.001187089933118557
0.001187089933118557
0.001187089933118557
0.001187089933118557
0.001187089933118557
0.001187089933118557
0.001187089933118557
0.001187089933118557
0.001187089933118557
0.001187089933118557
0.0011303364605836919
0.0011303364605836919
0.0011303364605836919
0.0011303364605836919
0.0011303364605836919
0.0011303364605836919
0.0011303364605836919
0.0011303364605836919
0.0011303364605836919
0.001129507808304453
0.0011014449918711477
0.0011014449918711477
0.0011014449918711477
0.0011014449918711477
0.0011014449918711477
0.0011014449918711477
0.0011006934554806946
0.0011006934554806946
0.0010695590832945356
0.0010695590832945356
0.0010695590832945356
0.0010695590832945356
0.0010695590832945356
0.0010695590832945356
0.0010695590832945356
0.0010695590832945356
0.0010695590832945356
0.0010695590832945356
0.0009776803456524874
0.0009776803456524874
0.0008826756601472141
0.0008826756601472141
0.0008826756601472141
0.0008826756601472141
0.0008826756601472141
0.0008826756601472141
0.0008826756601472141
0.0008826756601472141
0.0008826756601472141
0.0008712350206891983
0.0008471665889544511
0.0008471665889544511
0.0008471665889544511
0.0008471665889544511
0.0008217805110746212
0.0008217805110746212
0.0008217805110746212
0.0008181856076063809
0.000786049842840697
0.000786049842840697
0.000786049842840697
0.0007094498038462405
0.0007094498038462405
0.0007094498038462405
0.0007094498038462405
0.0007094498038462405
0.0007094498038462405
0.0007094498038462405
0.0007094498038462405
0.0007094498038462405
0.0007094498038462405
0.0007094498038462405
0.0007094498038462405
0.0007094498038462405
0.0006697004811577756
0.0006697004811577756
0.0006695783351027274
0.0006695783351027274
0.0006695783351027274
0.0006695783351027274
0.0006478454470020267
0.0006141036686813095
0.0006141036686813095
0.0006141036686813095
0.00059412319031793
0.00059412319031793
0.00059412319031793
0.00059412319031793
0.00059412319031793
0.0005552220240474526
0.0005552220240474526
0.0005552220240474526
0.0005552220240474526
0.0005552220240474526
0.0005503836517846139
0.0005503836517846139
0.0005503836517846139
0.000541040126638137
0.000541040126638137
0.0005041355753832022
0.0005041355753832022
0.0005041355753832022
0.0005041355753832022
0.0005041355753832022
0.0005041355753832022
0.0005041355753832022
0.0005041355753832022
0.0004967074703117191
0.0004967074703117191
0.0004967074703117191
0.0004576524559851691
0.0004576524559851691
0.0004576524559851691
0.0004576524559851691
0.0004576524559851691
0.000412155429966532
0.000412155429966532
0.000412155429966532
0.000412155429966532
0.00038245481032461726
0.00038245481032461726
0.00038245481032461726
0.00038245481032461726
0.00038245481032461726
0.00038245481032461726
0.00038245481032461726
0.00038245481032461726
0.00038245481032461726
0.00038245481032461726
0.00038245481032461726
0.00038245481032461726
0.00038245481032461726
0.00037997254728239227
0.00037850868590183495
0.00037850868590183495
0.0003516874937083969
0.0003516874937083969
0.0003516874937083969
0.00027606864213325366
0.00027606864213325366
0.00027606864213325366
0.00027606864213325366
0.00027606864213325366
0.00027606864213325366
0.00027606864213325366
0.00027606864213325366
0.00027606864213325366
0.00027606864213325366
0.00027606864213325366
0.00027274355909412407
0.00025935676496757765
0.00025935676496757765
0.0001524770372753892
0.0001524770372753892
0.0001524770372753892
0.0001524770372753892
0.0001524770372753892
0.0001524770372753892
0.0001524770372753892
0.0001524770372753892
0.0001524770372753892
0.0001524770372753892
0.0001524770372753892
0.0001524770372753892
0.0001524770372753892
0.0001524770372753892
0.0001524770372753892
0.0001524770372753892
0.0001524770372753892
0.0001524770372753892
0.0001524770372753892
0.0001524770372753892
0.0001524770372753892
0.0001524770372753892
0.0001524770372753892
0.0001524770372753892
0.0001524770372753892
0.0001524770372753892
0.0001524770372753892
0.0001524770372753892
0.0001524770372753892
0.0001524770372753892
0.0001475499268011049
0.0001475499268011049
0.0001475499268011049
0.00014562716854271684
0.00011554193705265448
0.00011554193705265448
0.00011554193705265448
0.00011554193705265448
0.00011554193705265448
0.00011554193705265448
0.00011554193705265448
0.00011554193705265448
0.00011554193705265448
0.00011554193705265448
0.00011554193705265448
0.00011554193705265448
0.00011510645772361272
0.00011510645772361272
0.00011510645772361272
0.00011413827482087413
0.00011413827482087413
0.00011413827482087413
0.00011413827482087413
0.00011413827482087413
0.00011035611984056004
0.00011035611984056004
0.00011035611984056004
9.802976443396005e-05
9.802976443396005e-05
9.802976443396005e-05
9.802976443396005e-05
9.802976443396005e-05
9.532208950346899e-05
9.532208950346899e-05
8.381076941432752e-05
8.381076941432752e-05
8.381076941432752e-05
8.381076941432752e-05
7.938010320174271e-05
7.938010320174271e-05
7.938010320174271e-05
7.938010320174271e-05
7.938010320174271e-05
7.075547127044501e-05
7.075547127044501e-05
7.075547127044501e-05
7.075547127044501e-05
7.075547127044501e-05
7.075547127044501e-05
7.075547127044501e-05
7.075547127044501e-05
7.075547127044501e-05
7.075547127044501e-05
6.867862062520658e-05
6.7751881271505e-05
6.7751881271505e-05
6.7751881271505e-05
6.7751881271505e-05
6.627656662416825e-05
6.627656662416825e-05
6.627656662416825e-05
6.627656662416825e-05
6.627656662416825e-05
6.627656662416825e-05
5.659946579328334e-05
5.5519038401286025e-05
4.78698496699792e-05
4.78698496699792e-05
4.78698496699792e-05
4.78698496699792e-05
4.704861930804327e-05
3.392621211872893e-05
3.392621211872893e-05
3.392621211872893e-05
3.392621211872893e-05
3.392621211872893e-05
3.392621211872893e-05
3.392621211872893e-05
3.392621211872893e-05
3.392621211872893e-05
3.392621211872893e-05
3.289078193446926e-05
3.289078193446926e-05
3.0890745271960895e-05
3.0890745271960895e-05
3.0890745271960895e-05
3.0890745271960895e-05
3.0890745271960895e-05
3.0890745271960895e-05
3.0890745271960895e-05
3.0890745271960895e-05
3.0890745271960895e-05
2.6760178126750134e-05
2.362448491055602e-05
2.362448491055602e-05
2.362448491055602e-05
2.362448491055602e-05
2.362448491055602e-05
2.362448491055602e-05
2.362448491055602e-05
2.362448491055602e-05
2.284058849610915e-05
2.284058849610915e-05
2.284058849610915e-05
2.284058849610915e-05
1.9583903252851087e-05
1.9583903252851087e-05
1.9583903252851087e-05
1.9583903252851087e-05
1.9583903252851087e-05
1.9583903252851087e-05
1.9583903252851087e-05
1.9583903252851087e-05
1.9583903252851087e-05
1.9583903252851087e-05
1.671035324690706e-05
1.671035324690706e-05
