0.018659591674804688
0.018352031707763672
0.0182492733001709
0.017351627349853516
0.018033504486083984
0.01771998405456543
0.017350435256958008
0.01694488525390625
0.016659975051879883
0.01659250259399414
0.017746925354003906
0.017481327056884766
0.017575979232788086
0.017743587493896484
0.017771005630493164
0.01741623878479004
0.01755523681640625
0.017409563064575195
0.01749110221862793
0.017415523529052734
0.017286300659179688
0.017010927200317383
0.016918659210205078
0.01685166358947754
0.016791582107543945
0.01697683334350586
0.016796350479125977
0.016989946365356445
0.017148733139038086
0.01703929901123047
0.017279863357543945
0.017269372940063477
0.01721978187561035
0.017500638961791992
0.018300294876098633
0.01729869842529297
0.017327308654785156
0.017480134963989258
0.017520666122436523
0.01718902587890625
0.017270565032958984
0.0172121524810791
0.017191648483276367
0.017102718353271484
0.01705026626586914
0.017281055450439453
0.016635656356811523
0.01688385009765625
0.01706385612487793
0.016994714736938477
0.0174558162689209
0.017796039581298828
0.017278671264648438
0.01735997200012207
0.017615556716918945
0.017137765884399414
0.017238855361938477
0.017255544662475586
0.01705145835876465
0.017105579376220703
0.017742395401000977
0.017227888107299805
0.01819443702697754
0.0180513858795166
0.01808309555053711
0.01771092414855957
0.017930984497070312
0.01751875877380371
0.018441200256347656
0.018232345581054688
0.017670869827270508
0.017304658889770508
0.017000436782836914
0.017073869705200195
0.017124414443969727
0.01708531379699707
0.01961660385131836
0.018893957138061523
0.017612457275390625
0.01784968376159668
0.017608642578125
0.01694178581237793
0.016979694366455078
0.01721954345703125
0.01714468002319336
0.017167329788208008
0.017302513122558594
0.017132282257080078
0.016660213470458984
0.016628742218017578
0.01672077178955078
0.017343997955322266
0.017390012741088867
0.017517566680908203
0.01774883270263672
0.017388582229614258
0.017047405242919922
0.01715230941772461
0.01745319366455078
0.017360210418701172
0.017264842987060547
0.017627239227294922
0.017526626586914062
0.017225980758666992
0.017360448837280273
0.017344236373901367
0.01743912696838379
0.017332792282104492
0.017163991928100586
0.016959667205810547
0.016947031021118164
0.017088651657104492
0.016953229904174805
0.017195463180541992
0.017383813858032227
0.017414093017578125
0.01761031150817871
0.01730799674987793
0.01787400245666504
0.018572330474853516
0.018276214599609375
0.01828932762145996
0.018769025802612305
0.01820683479309082
0.018224239349365234
0.0178835391998291
0.017647266387939453
0.018227577209472656
0.019047260284423828
0.01858210563659668
0.018807172775268555
0.018323183059692383
0.017979860305786133
0.01808023452758789
0.01815962791442871
0.01854252815246582
0.018436670303344727
0.017688512802124023
0.017283201217651367
0.017297983169555664
0.017398595809936523
0.017581462860107422
0.017029285430908203
0.01711559295654297
0.017143726348876953
0.01721787452697754
0.017162561416625977
0.01813364028930664
0.018021821975708008
0.018073081970214844
0.017989158630371094
0.018000364303588867
0.01809859275817871
0.017621755599975586
0.017748117446899414
0.017249584197998047
0.01736617088317871
0.017601490020751953
0.017505884170532227
0.018125057220458984
0.018102407455444336
0.018074989318847656
0.017935991287231445
0.018094301223754883
0.018267393112182617
0.018079280853271484
0.018163681030273438
0.018241167068481445
0.018256187438964844
0.018138408660888672
0.017865896224975586
0.017547130584716797
0.017513513565063477
0.017621994018554688
0.01726984977722168
0.017049551010131836
0.017055273056030273
0.01712203025817871
0.017145872116088867
0.016980886459350586
0.017922639846801758
0.018013954162597656
0.01798415184020996
0.0176849365234375
0.01783275604248047
0.017601490020751953
0.01733994483947754
0.017434358596801758
0.017225027084350586
0.018694639205932617
0.02019953727722168
0.018749237060546875
0.017863988876342773
0.017796993255615234
0.017858505249023438
0.018168210983276367
0.017619609832763672
0.018349170684814453
0.017473697662353516
0.017321109771728516
0.01742863655090332
0.017856121063232422
0.01798415184020996
0.017920732498168945
0.01725316047668457
0.01736736297607422
0.017444372177124023
0.01703190803527832
0.01807856559753418
0.017331361770629883
0.017483234405517578
0.017887353897094727
0.018076419830322266
0.017568588256835938
0.017526865005493164
0.01722240447998047
0.017426013946533203
0.017398834228515625
0.017195940017700195
0.01730036735534668
0.017406940460205078
0.01695871353149414
0.017490863800048828
0.017376184463500977
0.017540931701660156
0.018291950225830078
0.020146846771240234
0.0199282169342041
0.018578290939331055
0.018169641494750977
0.017576932907104492
0.018750905990600586
0.019452810287475586
0.019603967666625977
0.01887369155883789
0.018120288848876953
0.01776885986328125
0.01769280433654785
0.017808198928833008
0.017426252365112305
0.017813682556152344
0.017416000366210938
0.017297983169555664
0.01747298240661621
0.01739501953125
0.017453908920288086
0.017394542694091797
0.01731562614440918
0.017459869384765625
0.017361879348754883
0.017015933990478516
0.017131805419921875
0.017261743545532227
0.017354249954223633
0.017717838287353516
0.018343687057495117
0.018412113189697266
0.017919301986694336
0.017612457275390625
0.01854395866394043
0.01995706558227539
0.019923925399780273
0.019576549530029297
0.0184023380279541
0.017716646194458008
0.017952442169189453
0.017973661422729492
0.01816082000732422
0.018416166305541992
0.018237829208374023
0.01801323890686035
0.017484188079833984
0.017102956771850586
0.017296791076660156
0.01713085174560547
0.01709580421447754
0.016971826553344727
0.01701641082763672
0.01727890968322754
0.017241477966308594
0.0170748233795166
0.01703786849975586
0.017174482345581055
0.016931533813476562
0.017077922821044922
0.017063140869140625
0.016974687576293945
0.017021656036376953
0.01683521270751953
0.017110586166381836
0.017270326614379883
0.017281055450439453
0.017396211624145508
0.017580032348632812
0.01780080795288086
0.01734328269958496
0.01739048957824707
0.017443418502807617
0.01740717887878418
0.017574071884155273
0.019082069396972656
0.018091201782226562
0.018932104110717773
0.0175173282623291
0.01714181900024414
0.016876220703125
0.016844749450683594
0.0170285701751709
0.016927242279052734
0.017340421676635742
0.01714611053466797
0.016969680786132812
0.017165184020996094
0.0169064998626709
0.017072439193725586
0.01749897003173828
0.01774740219116211
0.01765155792236328
0.018211841583251953
0.0178987979888916
0.017487287521362305
0.018441200256347656
0.018204689025878906
0.018096446990966797
0.017723560333251953
0.017621278762817383
0.017795324325561523
0.01811695098876953
0.01821112632751465
0.0177764892578125
0.018101215362548828
0.017601490020751953
0.017628908157348633
0.017268896102905273
0.017637014389038086
0.01815032958984375
0.017485380172729492
0.017571449279785156
0.017322063446044922
0.01798534393310547
0.018050432205200195
0.0176546573638916
0.017392396926879883
0.017383337020874023
0.017302989959716797
0.017626285552978516
0.01739501953125
0.017212867736816406
0.017133235931396484
0.01708388328552246
0.017034530639648438
0.017162799835205078
0.0171811580657959
0.017590045928955078
0.0170896053314209
0.017126798629760742
0.017107486724853516
0.017271757125854492
0.017282962799072266
0.01721668243408203
0.017522573471069336
0.017479658126831055
0.01718449592590332
0.01731562614440918
0.01723313331604004
0.017772912979125977
0.017826080322265625
0.01749396324157715
0.01775503158569336
0.0168759822845459
0.016992807388305664
0.01673126220703125
0.017662525177001953
0.017562389373779297
0.01755356788635254
0.017481088638305664
0.017414093017578125
0.017615079879760742
0.01725172996520996
0.017536401748657227
0.01742839813232422
0.017581701278686523
0.017773866653442383
0.017512798309326172
0.017037630081176758
0.01727128028869629
0.017649412155151367
0.017214298248291016
0.017858266830444336
0.018225669860839844
0.01826643943786621
0.017719268798828125
0.0175936222076416
0.01784348487854004
0.018500566482543945
0.018919706344604492
0.01882481575012207
0.018494844436645508
0.01801156997680664
0.017138957977294922
0.018021821975708008
0.01793837547302246
0.01823568344116211
0.018263816833496094
0.017856836318969727
0.017505645751953125
0.017351388931274414
0.017533540725708008
0.017141103744506836
0.01712346076965332
0.01692056655883789
0.01752471923828125
0.01771378517150879
0.017679214477539062
0.017169713973999023
0.01852869987487793
0.018198251724243164
0.01783275604248047
0.0172579288482666
0.017060518264770508
0.016999244689941406
0.016876697540283203
0.016626358032226562
0.016884565353393555
0.016710758209228516
0.01687932014465332
0.01712775230407715
0.017929792404174805
0.017591476440429688
0.0171661376953125
0.017158031463623047
0.017500877380371094
0.018302202224731445
0.019824743270874023
0.021046876907348633
0.021048545837402344
0.01766824722290039
0.017603635787963867
0.01709270477294922
0.017055273056030273
0.016705036163330078
0.016910076141357422
0.01598954200744629
0.016317367553710938
0.01668524742126465
0.016419649124145508
0.01584029197692871
0.016176939010620117
0.01640605926513672
0.01660466194152832
0.01655721664428711
0.01671290397644043
0.016253232955932617
0.016251802444458008
0.01630854606628418
0.016390562057495117
0.017567873001098633
0.01720118522644043
0.01716327667236328
0.017005205154418945
0.016699552536010742
0.016707897186279297
0.017107248306274414
0.01729559898376465
0.01701498031616211
0.016875505447387695
0.016803503036499023
0.016451358795166016
0.01627826690673828
0.016315221786499023
0.0176849365234375
0.018074750900268555
0.017340660095214844
0.01753711700439453
0.017670869827270508
0.017405986785888672
0.017054319381713867
0.018011808395385742
0.017252445220947266
0.0164949893951416
0.016118764877319336
0.016409635543823242
0.016193151473999023
0.01607203483581543
0.01582956314086914
0.015968799591064453
0.016062021255493164
0.016354084014892578
0.016135692596435547
0.016159772872924805
0.016091346740722656
0.015715360641479492
0.0158236026763916
0.01625347137451172
0.016777515411376953
0.01736307144165039
0.0180819034576416
0.0182187557220459
0.01727581024169922
0.016912221908569336
0.0167083740234375
0.016708850860595703
0.016593456268310547
0.016687870025634766
0.017467498779296875
0.01751232147216797
0.017530441284179688
0.016880035400390625
0.0169069766998291
0.017274856567382812
0.01738119125366211
0.01730203628540039
0.01731085777282715
0.01817488670349121
0.01853466033935547
0.018089771270751953
0.01776909828186035
0.01740574836730957
0.017468929290771484
0.01692962646484375
0.017043113708496094
0.017249345779418945
0.017318248748779297
0.017177581787109375
0.017049789428710938
0.017209529876708984
0.017183303833007812
0.017206192016601562
0.017206907272338867
0.017238140106201172
0.017046213150024414
0.017159700393676758
0.01929640769958496
0.017653226852416992
0.01802992820739746
0.0178067684173584
0.017189741134643555
0.01734638214111328
0.017261981964111328
0.017957210540771484
0.017407655715942383
0.017108917236328125
0.0168612003326416
0.016590118408203125
0.01693129539489746
0.01689314842224121
0.016629457473754883
0.0166318416595459
0.01662588119506836
0.016543149948120117
0.016555309295654297
0.01664257049560547
0.016219615936279297
0.016115665435791016
0.016160964965820312
0.016093969345092773
0.016776561737060547
0.01592254638671875
0.01629352569580078
0.01586627960205078
0.01628398895263672
0.016522645950317383
0.01665639877319336
0.01671743392944336
0.01674365997314453
0.017261981964111328
0.017398357391357422
0.017597436904907227
0.017371416091918945
0.0178067684173584
0.017391443252563477
0.017207622528076172
0.01725149154663086
0.01746225357055664
0.01748800277709961
0.016887426376342773
0.0168302059173584
0.01695728302001953
0.016672372817993164
0.016800642013549805
0.016824722290039062
0.01680922508239746
0.01677870750427246
0.01670980453491211
0.016620159149169922
0.01676630973815918
0.016719341278076172
0.016613245010375977
0.016678333282470703
0.016754150390625
0.016701221466064453
0.016878366470336914
0.016921520233154297
0.01624155044555664
0.015642881393432617
0.016732454299926758
0.017173290252685547
0.01720714569091797
0.01755547523498535
0.017319202423095703
0.017499685287475586
0.018047094345092773
0.017540454864501953
0.01745009422302246
0.0174562931060791
0.01686239242553711
0.016348838806152344
0.016428232192993164
0.01630854606628418
0.01706218719482422
0.017462730407714844
0.01746225357055664
0.017163753509521484
0.016935348510742188
0.017047882080078125
0.016455888748168945
0.015892505645751953
0.015758991241455078
0.01574563980102539
0.015795230865478516
0.015772581100463867
0.01639723777770996
0.016079187393188477
0.01576089859008789
0.015685558319091797
0.01584029197692871
0.015917301177978516
0.015707015991210938
0.016333580017089844
0.01565861701965332
0.015873193740844727
0.015784740447998047
0.015614748001098633
0.015826702117919922
0.015860557556152344
0.01710033416748047
0.017204999923706055
0.01690530776977539
0.016788482666015625
0.01674652099609375
0.016761302947998047
0.016552209854125977
0.0165555477142334
0.01666426658630371
0.01707601547241211
0.0164487361907959
0.016487598419189453
0.015790462493896484
0.01627635955810547
0.015970230102539062
0.016059160232543945
0.017995357513427734
0.01674509048461914
0.01662898063659668
0.016531705856323242
0.01638507843017578
0.016027212142944336
0.01591348648071289
0.01628732681274414
0.016475677490234375
0.016500234603881836
0.01642751693725586
0.016515731811523438
0.01653122901916504
0.01814556121826172
0.01687002182006836
0.017767906188964844
0.01819133758544922
0.017709970474243164
0.016932964324951172
0.017015695571899414
0.01693892478942871
0.017661094665527344
0.017894983291625977
0.017772197723388672
0.01739025115966797
0.016440153121948242
0.0164334774017334
0.016739368438720703
0.016384363174438477
0.01701831817626953
0.017180442810058594
0.016771554946899414
0.016228199005126953
0.01611328125
0.016209125518798828
0.016566038131713867
0.01599717140197754
0.016486167907714844
0.01597285270690918
0.016048908233642578
0.01573491096496582
0.016233205795288086
0.01598501205444336
0.01614546775817871
0.017303943634033203
0.01703357696533203
0.016654491424560547
0.01653003692626953
0.01627945899963379
0.016366958618164062
0.0163419246673584
0.016498565673828125
0.016336679458618164
0.01683187484741211
0.016249656677246094
0.01665949821472168
0.016550302505493164
0.01660299301147461
0.01688981056213379
0.017225265502929688
0.01691913604736328
0.016765117645263672
0.016572952270507812
0.01638174057006836
0.016378164291381836
0.017014265060424805
0.016461849212646484
0.016316890716552734
0.01616215705871582
0.01601386070251465
0.015711307525634766
0.01586008071899414
0.015754222869873047
0.01621103286743164
0.016309261322021484
0.016077518463134766
0.01602768898010254
0.015964269638061523
0.015810728073120117
0.016097068786621094
0.016526460647583008
0.016887187957763672
0.016535043716430664
0.016629934310913086
0.016789674758911133
0.016651391983032227
0.017159700393676758
0.01744365692138672
0.01719975471496582
0.016735315322875977
0.0169525146484375
0.01651930809020996
0.017203807830810547
0.01732325553894043
0.0174405574798584
0.017322063446044922
0.017390966415405273
0.01711130142211914
0.016722440719604492
0.01681232452392578
0.017552614212036133
0.017453432083129883
0.017172813415527344
0.016765117645263672
0.016739606857299805
0.016257286071777344
0.01609516143798828
0.016254186630249023
0.01635146141052246
0.016346454620361328
0.016429901123046875
0.016457319259643555
0.016551494598388672
0.016663551330566406
0.01639413833618164
0.016452550888061523
0.016424179077148438
0.015881776809692383
0.016330718994140625
0.01628398895263672
0.018323898315429688
0.017334699630737305
0.016973018646240234
0.017131328582763672
0.01690220832824707
0.01719832420349121
0.018051862716674805
0.018166542053222656
0.0174863338470459
0.016950368881225586
0.017110347747802734
0.01690363883972168
0.017550230026245117
0.017304658889770508
0.017739057540893555
0.018278121948242188
0.01745915412902832
0.017323017120361328
0.01688981056213379
0.017055511474609375
0.016925811767578125
0.016866683959960938
0.016953468322753906
0.01684880256652832
0.016878366470336914
0.0168306827545166
0.01743459701538086
0.017180204391479492
0.01663064956665039
0.016698837280273438
0.0171966552734375
0.017025232315063477
0.016762971878051758
0.017256498336791992
0.01731276512145996
0.017690181732177734
0.01770949363708496
0.01733255386352539
0.0171661376953125
0.016797304153442383
0.016836166381835938
0.01704692840576172
0.01722431182861328
0.017611980438232422
0.0173795223236084
0.01709437370300293
0.016567707061767578
0.016481637954711914
0.01674962043762207
0.017272472381591797
0.017762422561645508
0.01723003387451172
0.017020702362060547
0.01677727699279785
0.016765832901000977
0.016036033630371094
0.016595125198364258
0.016463041305541992
0.01623702049255371
0.01601266860961914
0.015927791595458984
0.01586604118347168
0.015614032745361328
0.016388416290283203
0.01586151123046875
0.01657891273498535
0.01644444465637207
0.016473054885864258
0.015745162963867188
0.016475439071655273
0.01591634750366211
0.01637125015258789
0.016113996505737305
0.016022205352783203
0.016026020050048828
0.01661205291748047
0.017477750778198242
0.017197132110595703
0.017658233642578125
0.01715683937072754
0.01684880256652832
0.01677227020263672
0.01719045639038086
0.01746082305908203
0.0170896053314209
0.017343521118164062
0.017057418823242188
0.01675701141357422
0.01670098304748535
0.016413211822509766
0.016412973403930664
0.016634464263916016
0.01654791831970215
0.016664505004882812
0.016547203063964844
0.016664743423461914
0.01647043228149414
0.016669034957885742
0.016546010971069336
0.016617774963378906
0.016503334045410156
0.016640424728393555
0.016817808151245117
0.016835451126098633
0.01674795150756836
0.016554594039916992
0.01699066162109375
0.016995668411254883
0.01663684844970703
0.016481876373291016
0.016436338424682617
0.016576051712036133
0.01691126823425293
0.0169370174407959
0.017062664031982422
0.017195940017700195
0.017320632934570312
0.016891956329345703
0.018404722213745117
0.018175125122070312
0.017441987991333008
0.017838239669799805
0.017438650131225586
0.017084836959838867
0.01704883575439453
0.0165708065032959
0.016368865966796875
0.01657581329345703
0.016486167907714844
0.016562700271606445
0.016877174377441406
0.016642332077026367
0.016633033752441406
0.01657867431640625
0.01646900177001953
0.01664590835571289
0.016580820083618164
0.016552209854125977
0.01657557487487793
0.016753435134887695
0.017118453979492188
0.01725912094116211
0.016808271408081055
0.016588449478149414
0.016315698623657227
0.017015933990478516
0.016884326934814453
0.01751255989074707
0.01704573631286621
0.017026662826538086
0.017006874084472656
0.01682138442993164
0.016797780990600586
0.017113447189331055
0.017950057983398438
0.017678499221801758
0.01714348793029785
0.01674199104309082
0.016673564910888672
0.01654982566833496
0.016689538955688477
0.016873598098754883
0.01676011085510254
0.016673564910888672
0.016592741012573242
0.016155719757080078
0.016314029693603516
0.01645350456237793
0.01640486717224121
0.016438722610473633
0.01674342155456543
0.016318559646606445
0.016372203826904297
0.01643967628479004
0.016077756881713867
0.017027616500854492
0.01764059066772461
0.017563343048095703
0.016973018646240234
0.016826629638671875
0.01703929901123047
0.017174720764160156
0.017606258392333984
0.01788926124572754
0.017844438552856445
0.017271757125854492
0.017321109771728516
0.017030715942382812
0.017116546630859375
0.017470598220825195
0.01714038848876953
0.017185211181640625
0.016850948333740234
0.01613020896911621
0.016526222229003906
0.016579389572143555
0.016534090042114258
0.01666879653930664
0.01661515235900879
0.016580581665039062
0.01667046546936035
0.01641392707824707
0.016515016555786133
0.017251253128051758
0.01655292510986328
0.016516685485839844
0.01664447784423828
0.01660466194152832
0.016544818878173828
0.016587018966674805
0.016673803329467773
0.016604185104370117
0.016745805740356445
0.016651391983032227
0.0165555477142334
0.016945838928222656
0.017082691192626953
0.016989469528198242
0.016939640045166016
0.01686549186706543
0.01671004295349121
0.016907930374145508
0.016872406005859375
0.016941070556640625
0.017206430435180664
0.017173290252685547
0.01694488525390625
0.016721010208129883
0.01652216911315918
