17.80319987279833
17.80319987279833
17.80319987279833
17.401034262429018
16.30655373103058
15.490640920574489
15.490640920574489
15.490640920574489
15.490640920574489
15.490640920574489
15.490640920574489
14.852566067319156
14.852566067319156
14.852566067319156
14.852566067319156
14.852566067319156
14.593730592600712
14.593730592600712
14.593730592600712
13.608073223448617
13.608073223448617
13.608073223448617
13.55374523749058
13.55374523749058
13.17430744521151
11.535455256056748
11.535455256056748
11.535455256056748
11.535455256056748
11.535455256056748
11.535455256056748
11.197904336499054
11.197904336499054
11.197904336499054
11.197904336499054
11.197904336499054
11.197904336499054
11.197904336499054
11.197904336499054
11.062534375932405
11.062534375932405
11.062534375932405
11.062534375932405
11.062534375932405
10.621987091342582
10.621987091342582
10.621987091342582
10.621987091342582
9.844706151268483
9.844706151268483
9.844706151268483
9.17264981121826
9.17264981121826
9.058867042038514
8.699647046436262
8.699647046436262
8.699647046436262
8.699647046436262
8.699647046436262
8.699647046436262
8.699647046436262
7.8779229538899465
7.8779229538899465
7.8779229538899465
7.8779229538899465
7.8779229538899465
7.8779229538899465
7.613800295232959
7.613800295232959
7.613800295232959
7.613800295232959
7.613800295232959
6.757990501665725
4.696210739503595
4.696210739503595
4.696210739503595
4.696210739503595
4.696210739503595
4.696210739503595
4.696210739503595
4.696210739503595
4.696210739503595
4.696210739503595
4.452443402351214
4.452443402351214
4.452443402351214
4.452443402351214
4.452443402351214
4.253000828852006
4.253000828852006
4.253000828852006
4.253000828852006
4.253000828852006
4.253000828852006
4.253000828852006
3.9264032170118845
3.9264032170118845
3.9264032170118845
3.9264032170118845
3.9264032170118845
3.9264032170118845
3.9264032170118845
3.9264032170118845
3.9264032170118845
3.9264032170118845
3.9264032170118845
3.9264032170118845
3.9264032170118845
3.9264032170118845
3.9264032170118845
3.7923944027780507
3.7923944027780507
3.7923944027780507
3.7923944027780507
3.7923944027780507
3.7923944027780507
3.7923944027780507
3.7923944027780507
3.699718381437858
3.699718381437858
3.699718381437858
3.699718381437858
3.699718381437858
3.691531412722764
3.691531412722764
3.477148646864997
3.477148646864997
3.477148646864997
3.477148646864997
3.4207299326686176
3.4207299326686176
3.103981681317876
3.103981681317876
3.103981681317876
3.103981681317876
3.103981681317876
3.103981681317876
3.103981681317876
2.83959754774207
2.83959754774207
2.83959754774207
2.83959754774207
2.83959754774207
2.83959754774207
2.820260857679859
2.820260857679859
2.820260857679859
2.7300289920188945
2.6758747410992996
2.6758747410992996
2.6758747410992996
2.6758747410992996
2.6758747410992996
2.551426185877734
2.551426185877734
2.551426185877734
2.1554908733262437
2.1554908733262437
2.1554908733262437
2.1554908733262437
2.1554908733262437
2.1554908733262437
2.1554908733262437
2.1554908733262437
2.1554908733262437
2.1554908733262437
2.1554908733262437
2.1533106501261017
1.9200796299222276
1.9200796299222276
1.5617150098381778
1.5617150098381778
1.5617150098381778
1.5617150098381778
1.4686879592593414
1.4686879592593414
1.4686879592593414
1.4686879592593414
1.4686879592593414
1.4686879592593414
1.4686879592593414
1.4686879592593414
1.4686879592593414
1.4686879592593414
1.4507740757792753
1.4507740757792753
1.2710534164834932
1.2710534164834932
1.2710534164834932
0.638802722707112
0.638802722707112
0.638802722707112
0.638802722707112
0.638802722707112
0.638802722707112
0.638802722707112
0.638802722707112
0.638802722707112
0.638802722707112
0.638802722707112
0.638802722707112
0.638802722707112
0.638802722707112
0.638802722707112
0.638802722707112
0.5640804404652364
0.5640804404652364
0.5640804404652364
0.5640804404652364
0.5640804404652364
0.4442013766963946
0.4442013766963946
0.4442013766963946
0.4442013766963946
0.4442013766963946
0.4442013766963946
0.4442013766963946
0.4442013766963946
0.3557926425404254
0.3557926425404254
0.3557926425404254
0.3557926425404254
0.35257531826498933
0.32852978486243245
0.30147440854375773
0.30147440854375773
0.30147440854375773
0.30147440854375773
0.30147440854375773
0.30147440854375773
0.30147440854375773
0.30147440854375773
0.30147440854375773
0.30147440854375773
0.30147440854375773
0.30147440854375773
0.30147440854375773
0.30147440854375773
0.30147440854375773
0.30147440854375773
0.30147440854375773
0.30147440854375773
0.30147440854375773
0.2949973309918761
0.2864029127586427
0.27154079942442166
0.24867100550167365
0.24580237431908714
0.24580237431908714
0.24580237431908714
0.24580237431908714
0.23859361408963764
0.23859361408963764
0.23859361408963764
0.23859361408963764
0.23818193970864243
0.23818193970864243
0.23818193970864243
0.23818193970864243
0.20702149102097778
0.20702149102097778
0.18452912780024988
0.18452912780024988
0.18452912780024988
0.18452912780024988
0.18452912780024988
0.18452912780024988
0.18452912780024988
0.15726569747905472
0.15726569747905472
0.15726569747905472
0.15726569747905472
0.15726569747905472
0.14010349563088909
0.14010349563088909
0.14010349563088909
0.14010349563088909
0.14010349563088909
0.14010349563088909
0.14010349563088909
0.14010349563088909
0.14010349563088909
0.10403028711698425
0.10403028711698425
0.10403028711698425
0.10403028711698425
0.10392786223004435
0.10392786223004435
0.10392786223004435
0.10392786223004435
0.10392786223004435
0.10255449881622525
0.06954477948078619
0.06954477948078619
0.06954477948078619
0.06954477948078619
0.06954477948078619
0.06954477948078619
0.06954477948078619
0.06448662044682862
0.06448662044682862
0.06448662044682862
0.060743353409211664
0.060743353409211664
0.060743353409211664
0.060743353409211664
0.060412897535872645
0.060412897535872645
0.060412897535872645
0.060412897535872645
0.060412897535872645
0.060412897535872645
0.059576410274125635
0.05883157225603952
0.05113690711961283
0.05113690711961283
0.04820318159151782
0.04820318159151782
0.04820318159151782
0.04093229913830143
0.04093229913830143
0.04093229913830143
0.04093229913830143
0.03688460195789034
0.03384688707794581
0.03384688707794581
0.03384688707794581
0.03384688707794581
0.03384688707794581
0.03384688707794581
0.03225514825998843
0.03225514825998843
0.03225514825998843
0.03225514825998843
0.03225514825998843
0.03225514825998843
0.03056091192241439
0.03056091192241439
0.03056091192241439
0.03056091192241439
0.02935581489465733
0.02935581489465733
0.02935581489465733
0.02935581489465733
0.02935581489465733
0.02935581489465733
0.02935581489465733
0.02914426235465939
0.02914426235465939
0.02914426235465939
0.027183825037823794
0.025377876697749713
0.025377876697749713
0.025377876697749713
0.025377876697749713
0.025377876697749713
0.025377876697749713
0.025377876697749713
0.025377876697749713
0.025377876697749713
0.025377876697749713
0.02172216967350238
0.02172216967350238
0.02172216967350238
0.02043890301142781
0.02043890301142781
0.02043890301142781
0.019730780340179166
0.019730780340179166
0.019730780340179166
0.019730780340179166
0.019730780340179166
0.01751387487801992
0.01751387487801992
0.01751387487801992
0.016881747194229746
0.01642468311424139
0.015835372621033628
0.015835372621033628
0.015835372621033628
0.015835372621033628
0.014471418116951185
0.014471418116951185
0.014471418116951185
0.014471418116951185
0.014471418116951185
0.014240664849481277
0.012496089305795266
0.012496089305795266
0.012496089305795266
0.012496089305795266
0.012496089305795266
0.012496089305795266
0.012496089305795266
0.012192107354778159
0.012192107354778159
0.011224387600655916
0.011224387600655916
0.011224387600655916
0.010848799858198532
0.010848799858198532
0.010848799858198532
0.010848799858198532
0.010848799858198532
0.010760921832041248
0.009838577841872365
0.009838577841872365
0.009761857204534152
0.009744047911787845
0.009744047911787845
0.009686647895783551
0.007708570897175804
0.007708570897175804
0.007708570897175804
0.007708570897175804
0.007708570897175804
0.007708570897175804
0.007708570897175804
0.007708570897175804
0.007708570897175804
0.007708570897175804
0.007708570897175804
0.007708570897175804
0.007708570897175804
0.007708570897175804
0.007339325022286403
0.007339325022286403
0.007339325022286403
0.006683924941746966
0.006683924941746966
0.006339040106716709
0.006339040106716709
0.006339040106716709
0.006134055861902965
0.006134055861902965
0.005846863705627925
0.005846863705627925
0.005846863705627925
0.005846863705627925
0.005805767232057946
0.005805767232057946
0.005743963289489784
0.005670805045340899
0.0056073609043352235
0.0048816280037868864
0.0048816280037868864
0.0048816280037868864
0.004328639934445988
0.004328639934445988
0.004328639934445988
0.004328639934445988
0.004328639934445988
0.004328639934445988
0.004325756976626849
0.0038752482899866436
0.0038752482899866436
0.003674024720318414
0.003674024720318414
0.003674024720318414
0.003573452700774027
0.003402518589069814
0.003402518589069814
0.0033367880990446963
0.0033367880990446963
0.003335734724316808
0.003116747943764153
0.003116747943764153
0.003116747943764153
0.003116747943764153
0.003116747943764153
0.003116747943764153
0.003116747943764153
0.003116747943764153
0.003116747943764153
0.003116747943764153
0.0025593446748750637
0.0023585312108131973
0.002108442569955571
0.002108442569955571
0.002108442569955571
0.002108442569955571
0.00206533627955352
0.0020067542300417074
0.0020067542300417074
0.0020067542300417074
0.0019250621031190462
0.001304882028389187
0.001304882028389187
0.001304882028389187
0.001304882028389187
0.001304882028389187
0.001304882028389187
0.001304882028389187
0.001304882028389187
0.0012953654252356728
0.0010733556796012067
0.0010733556796012067
0.0010733556796012067
0.0010733556796012067
0.0010733556796012067
0.0009300630372486296
0.0008373555469525229
0.0008373555469525229
0.0008373555469525229
0.0006704203466973979
0.0006704203466973979
0.0006704203466973979
0.0006704203466973979
0.0006013290352377965
0.0006013290352377965
0.0006013290352377965
0.0005309677829998805
0.0005309677829998805
0.0005252071962580374
0.0005252071962580374
0.0005252071962580374
0.0005252071962580374
0.0005252071962580374
0.000474714375730656
0.000474714375730656
0.0003067964393466127
0.0003067964393466127
0.0003067964393466127
0.0003067964393466127
0.0003067964393466127
0.0003067964393466127
0.0003067964393466127
0.0003067964393466127
0.0003067964393466127
0.0003067964393466127
0.0003067964393466127
0.0003067964393466127
0.0003067964393466127
0.0003067964393466127
0.0003067964393466127
0.0003067964393466127
0.0003067964393466127
0.0003067964393466127
0.0003067964393466127
0.0003067964393466127
0.0003067964393466127
0.0003067964393466127
0.0003067964393466127
0.0003067964393466127
0.0003067964393466127
0.0003067964393466127
0.00028196400867486204
0.00028196400867486204
0.00028196400867486204
0.00028196400867486204
0.00028196400867486204
0.00028196400867486204
0.00028196400867486204
0.00028196400867486204
0.00028196400867486204
0.00028196400867486204
0.00028196400867486204
0.00028196400867486204
0.00028196400867486204
0.00028196400867486204
0.00025650864010984264
0.00025650864010984264
0.00025650864010984264
0.00023367309621846744
0.00023367309621846744
0.00023367309621846744
0.00023367309621846744
0.00023367309621846744
0.00023367309621846744
0.00022979481310514416
0.0002270365517986761
0.0002270365517986761
0.0002270365517986761
0.0002270365517986761
0.0002270365517986761
0.0002270365517986761
0.0002270365517986761
0.0002270365517986761
0.0002270365517986761
0.0002270365517986761
0.0002270365517986761
0.0002207056423024767
0.0002207056423024767
0.00016672927048944075
0.00016672927048944075
0.00016672927048944075
0.00016672927048944075
0.00016672927048944075
0.00016672927048944075
0.00016672927048944075
0.00015680742823676042
0.00015448449013177878
0.00015448449013177878
0.00015448449013177878
0.00015448449013177878
0.00015448449013177878
0.00013323404848719633
0.00012776615228204946
0.00012776615228204946
0.00012776615228204946
0.00012776615228204946
0.00012776615228204946
0.00012776615228204946
0.0001240254744097058
0.0001240254744097058
0.00012184720013763695
0.00011673817127544339
0.00011673817127544339
0.00011673817127544339
0.00011673817127544339
0.00011673817127544339
0.00011673817127544339
0.00011673817127544339
0.00011673817127544339
0.00011673817127544339
0.00011549931056364926
0.00011549931056364926
0.00011549931056364926
0.00011549931056364926
0.00011549931056364926
0.00010347132661436831
9.555899260860201e-05
9.555899260860201e-05
9.555899260860201e-05
9.555899260860201e-05
8.059069191546087e-05
8.059069191546087e-05
6.776177620082535e-05
6.776177620082535e-05
6.776177620082535e-05
6.644129750554839e-05
6.644129750554839e-05
6.644129750554839e-05
6.644129750554839e-05
6.644129750554839e-05
6.634427180784996e-05
6.313022169024407e-05
5.197273867807439e-05
5.197273867807439e-05
5.197273867807439e-05
5.197273867807439e-05
5.197273867807439e-05
5.197273867807439e-05
5.197273867807439e-05
5.197273867807439e-05
5.197273867807439e-05
5.197273867807439e-05
5.197273867807439e-05
3.94597097148619e-05
3.94597097148619e-05
3.94597097148619e-05
3.94597097148619e-05
3.94597097148619e-05
3.94597097148619e-05
3.94597097148619e-05
3.94597097148619e-05
3.94597097148619e-05
3.7791883748639066e-05
3.7791883748639066e-05
3.7791883748639066e-05
3.7791883748639066e-05
3.54543045482103e-05
3.54543045482103e-05
3.54543045482103e-05
3.4309403524446225e-05
3.4309403524446225e-05
3.4309403524446225e-05
3.4309403524446225e-05
3.4309403524446225e-05
3.253910452727382e-05
3.2251557275486675e-05
3.2251557275486675e-05
2.7900306335482128e-05
2.7900306335482128e-05
2.7900306335482128e-05
2.7047422097581375e-05
2.7047422097581375e-05
2.7047422097581375e-05
2.7047422097581375e-05
2.7047422097581375e-05
2.7047422097581375e-05
2.7047422097581375e-05
2.7047422097581375e-05
2.7047422097581375e-05
2.7047422097581375e-05
2.7047422097581375e-05
2.6986190714950453e-05
2.6986190714950453e-05
2.6986190714950453e-05
2.6613956208620948e-05
2.6613956208620948e-05
2.471608845766582e-05
1.8475097512293814e-05
1.8475097512293814e-05
1.5692837173730823e-05
1.5692837173730823e-05
1.5692837173730823e-05
1.5692837173730823e-05
1.5692837173730823e-05
1.5692837173730823e-05
1.5692837173730823e-05
1.5692837173730823e-05
1.5692837173730823e-05
1.5692837173730823e-05
1.5692837173730823e-05
1.5692837173730823e-05
1.5692837173730823e-05
1.5692837173730823e-05
1.5692837173730823e-05
1.4776256058723902e-05
1.4776256058723902e-05
1.4776256058723902e-05
1.4776256058723902e-05
1.4655609579250495e-05
1.4655609579250495e-05
1.4352575945508761e-05
1.4328793408679985e-05
1.4328793408679985e-05
1.2783336924115929e-05
1.2783336924115929e-05
1.2783336924115929e-05
1.2123860358315142e-05
1.2123860358315142e-05
1.1182632171369278e-05
1.1182632171369278e-05
1.1182632171369278e-05
1.1182632171369278e-05
1.1182632171369278e-05
1.1182632171369278e-05
1.1182632171369278e-05
1.1182632171369278e-05
1.1182632171369278e-05
1.1182632171369278e-05
1.0493446826131958e-05
1.0493446826131958e-05
1.0493446826131958e-05
8.607462753218442e-06
8.607462753218442e-06
8.607462753218442e-06
7.022509180387715e-06
7.022509180387715e-06
7.022509180387715e-06
7.022509180387715e-06
7.022509180387715e-06
7.022509180387715e-06
7.022509180387715e-06
7.022509180387715e-06
7.022509180387715e-06
7.022509180387715e-06
7.022509180387715e-06
7.022509180387715e-06
7.022509180387715e-06
7.022509180387715e-06
6.905146701541298e-06
6.905146701541298e-06
6.8496052527677875e-06
6.724867265717194e-06
6.724867265717194e-06
6.018775042804236e-06
5.626737650032965e-06
3.0789206348913467e-06
3.0789206348913467e-06
3.0789206348913467e-06
3.0789206348913467e-06
3.0789206348913467e-06
3.0789206348913467e-06
3.0789206348913467e-06
3.0789206348913467e-06
3.0789206348913467e-06
3.0789206348913467e-06
3.0789206348913467e-06
3.0789206348913467e-06
3.0789206348913467e-06
3.0789206348913467e-06
3.0789206348913467e-06
3.0789206348913467e-06
3.0789206348913467e-06
3.0789206348913467e-06
3.0789206348913467e-06
3.0789206348913467e-06
3.0789206348913467e-06
3.0789206348913467e-06
3.0789206348913467e-06
3.0789206348913467e-06
2.996527253884551e-06
2.996527253884551e-06
2.996527253884551e-06
2.996527253884551e-06
2.996527253884551e-06
2.996527253884551e-06
2.996527253884551e-06
2.996527253884551e-06
2.042635596666287e-06
2.042635596666287e-06
2.042635596666287e-06
2.042635596666287e-06
2.042635596666287e-06
2.042635596666287e-06
2.042635596666287e-06
2.042635596666287e-06
2.042635596666287e-06
2.042635596666287e-06
2.042635596666287e-06
2.042635596666287e-06
2.042635596666287e-06
2.042635596666287e-06
1.7788441830646207e-06
1.454302648085104e-06
1.454302648085104e-06
1.454302648085104e-06
1.454302648085104e-06
1.454302648085104e-06
1.454302648085104e-06
1.454302648085104e-06
1.454302648085104e-06
1.2616602020898426e-06
1.2616602020898426e-06
1.2616602020898426e-06
1.2616602020898426e-06
1.2616602020898426e-06
1.2616602020898426e-06
1.2616602020898426e-06
1.1832181066040448e-06
9.666464499957783e-07
9.666464499957783e-07
9.666464499957783e-07
9.666464499957783e-07
9.666464499957783e-07
9.666464499957783e-07
9.666464499957783e-07
9.666464499957783e-07
9.666464499957783e-07
9.516548047372453e-07
9.516548047372453e-07
9.442284429894698e-07
9.442284429894698e-07
9.442284429894698e-07
9.442284429894698e-07
9.442284429894698e-07
7.83871968224048e-07
7.83871968224048e-07
7.83871968224048e-07
7.83871968224048e-07
7.83871968224048e-07
7.83871968224048e-07
7.83871968224048e-07
7.83871968224048e-07
7.604729397314713e-07
7.604729397314713e-07
7.604729397314713e-07
7.604729397314713e-07
7.604729397314713e-07
7.604729397314713e-07
7.371425247981733e-07
7.371425247981733e-07
7.371425247981733e-07
6.495106887882685e-07
6.495106887882685e-07
6.495106887882685e-07
6.014533688869506e-07
5.126167437197182e-07
5.126167437197182e-07
5.126167437197182e-07
5.126167437197182e-07
5.126167437197182e-07
5.126167437197182e-07
5.126167437197182e-07
5.126167437197182e-07
5.126167437197182e-07
5.126167437197182e-07
5.126167437197182e-07
5.126167437197182e-07
5.126167437197182e-07
5.126167437197182e-07
5.10854853530418e-07
5.025755704934909e-07
4.959047714692133e-07
4.627589085259842e-07
4.2569802616299057e-07
4.2569802616299057e-07
4.2569802616299057e-07
3.537980575174515e-07
3.537980575174515e-07
3.537980575174515e-07
3.397674923633076e-07
3.397674923633076e-07
3.009685336508028e-07
2.502731604181463e-07
2.502731604181463e-07
2.502731604181463e-07
2.502731604181463e-07
2.502731604181463e-07
2.502731604181463e-07
2.502731604181463e-07
2.502731604181463e-07
2.502731604181463e-07
2.502731604181463e-07
2.502731604181463e-07
2.1753067258600822e-07
2.1753067258600822e-07
2.1753067258600822e-07
2.1753067258600822e-07
2.1753067258600822e-07
2.1480151346509047e-07
2.1480151346509047e-07
2.1371153380300711e-07
1.87989549260692e-07
1.87989549260692e-07
1.87989549260692e-07
1.87989549260692e-07
1.8231656540024233e-07
1.8231656540024233e-07
1.7474371105663522e-07
1.3514063468278437e-07
1.3514063468278437e-07
1.3514063468278437e-07
1.3514063468278437e-07
1.3514063468278437e-07
1.3514063468278437e-07
1.3514063468278437e-07
1.3514063468278437e-07
1.3514063468278437e-07
1.2454291109520454e-07
1.2454291109520454e-07
1.2454291109520454e-07
1.2454291109520454e-07
1.2454291109520454e-07
1.2454291109520454e-07
1.199984538402532e-07
1.1188623005864429e-07
1.1188623005864429e-07
9.745268059191403e-08
9.745268059191403e-08
9.745268059191403e-08
9.745268059191403e-08
9.745268059191403e-08
9.092797625953608e-08
9.092797625953608e-08
9.092797625953608e-08
9.092797625953608e-08
9.092797625953608e-08
9.092797625953608e-08
8.212894897496881e-08
8.212894897496881e-08
8.212894897496881e-08
8.212894897496881e-08
8.212894897496881e-08
8.212894897496881e-08
8.212894897496881e-08
8.212894897496881e-08
6.957140641361548e-08
6.957140641361548e-08
6.957140641361548e-08
6.957140641361548e-08
6.957140641361548e-08
6.74074307482897e-08
6.74074307482897e-08
6.74074307482897e-08
6.74074307482897e-08
5.51896448541811e-08
5.51896448541811e-08
5.51896448541811e-08
5.51896448541811e-08
5.51896448541811e-08
5.462614893758655e-08
5.462614893758655e-08
4.798174657594245e-08
4.798174657594245e-08
4.798174657594245e-08
4.798174657594245e-08
4.798174657594245e-08
4.798174657594245e-08
4.798174657594245e-08
4.669051278938241e-08
4.6637335771038124e-08
4.6619447857665364e-08
4.587479907058878e-08
4.587479907058878e-08
4.587479907058878e-08
4.587479907058878e-08
4.587479907058878e-08
2.7946708058834702e-08
2.7946708058834702e-08
2.7946708058834702e-08
2.7946708058834702e-08
2.7946708058834702e-08
2.7946708058834702e-08
2.7946708058834702e-08
2.7946708058834702e-08
2.7946708058834702e-08
2.7946708058834702e-08
2.7946708058834702e-08
2.7946708058834702e-08
2.7946708058834702e-08
2.7819080372637472e-08
2.7819080372637472e-08
2.7819080372637472e-08
2.7819080372637472e-08
2.494892825666284e-08
2.494892825666284e-08
