14.084477399271389
14.084477399271389
13.915526266526008
13.915526266526008
13.915526266526008
13.250556882696614
13.250556882696614
12.740249731390051
12.740249731390051
11.788079211142357
11.788079211142357
11.788079211142357
11.788079211142357
11.788079211142357
11.788079211142357
11.714627666533449
11.714627666533449
11.714627666533449
11.569974105518195
11.569974105518195
11.569974105518195
11.569974105518195
11.569974105518195
11.174865909262177
10.869456838117436
10.869456838117436
10.869456838117436
10.869456838117436
10.869456838117436
10.869456838117436
10.859380639611953
10.70252779001628
10.70252779001628
9.63808161046035
9.63808161046035
9.63808161046035
9.63808161046035
9.63808161046035
9.63808161046035
9.63808161046035
9.63808161046035
9.63808161046035
9.63808161046035
9.63808161046035
9.63808161046035
9.63808161046035
9.63808161046035
9.63808161046035
9.63808161046035
9.63808161046035
9.093231340571272
8.723973640260343
8.723973640260343
8.723973640260343
8.723973640260343
8.723973640260343
8.723973640260343
8.723973640260343
8.723973640260343
8.723973640260343
8.723973640260343
8.723973640260343
8.723973640260343
8.723973640260343
8.723973640260343
8.723973640260343
8.565231431813064
8.565231431813064
8.565231431813064
8.565231431813064
8.565231431813064
8.565231431813064
8.565231431813064
7.79310497890318
7.79310497890318
7.79310497890318
7.79310497890318
7.79310497890318
7.79310497890318
7.79310497890318
7.646324090541604
7.646324090541604
7.646324090541604
7.646324090541604
7.646324090541604
7.646324090541604
7.328148160886059
7.328148160886059
7.307228692211808
7.307228692211808
7.307228692211808
7.294633442045935
7.294633442045935
7.294633442045935
7.204443744392044
7.204443744392044
6.890417758958613
6.890417758958613
6.890417758958613
6.890417758958613
6.890417758958613
6.890417758958613
6.890417758958613
6.707412864718265
6.431817554974195
6.431817554974195
6.431817554974195
6.431817554974195
6.431817554974195
6.21931541971815
6.21931541971815
6.21931541971815
6.21931541971815
6.21931541971815
6.21931541971815
5.633609560569212
5.633609560569212
5.633609560569212
5.633609560569212
5.633609560569212
5.633609560569212
5.633609560569212
5.633609560569212
5.633609560569212
5.633609560569212
5.633609560569212
5.633609560569212
5.633609560569212
5.633609560569212
5.633609560569212
5.633609560569212
5.633609560569212
5.633609560569212
5.633609560569212
5.633609560569212
5.633609560569212
5.633609560569212
5.633609560569212
5.633609560569212
5.633609560569212
5.633609560569212
5.412262274524458
5.412262274524458
5.412262274524458
5.412262274524458
5.412262274524458
5.371731466150393
5.371731466150393
5.371731466150393
5.371731466150393
5.371731466150393
5.371731466150393
5.371731466150393
5.371731466150393
5.245392085046667
5.002214363681375
5.002214363681375
5.002214363681375
5.002214363681375
5.002214363681375
5.002214363681375
5.002214363681375
4.978623855888934
4.978623855888934
4.90864944709876
4.90864944709876
4.90864944709876
4.90864944709876
4.90864944709876
4.90864944709876
4.90864944709876
4.90864944709876
4.780862350389732
4.780862350389732
4.780862350389732
4.780862350389732
4.780862350389732
4.491005430816635
4.491005430816635
4.491005430816635
4.491005430816635
4.491005430816635
4.491005430816635
4.431705932496541
4.431705932496541
4.431705932496541
4.383053616647722
4.383053616647722
4.383053616647722
4.200316007935889
3.8374420621948104
3.8374420621948104
3.8374420621948104
3.8374420621948104
3.8374420621948104
3.8374420621948104
3.8374420621948104
3.8374420621948104
3.8374420621948104
3.8374420621948104
3.8374420621948104
3.8374420621948104
3.8374420621948104
3.8374420621948104
3.8374420621948104
3.8374420621948104
3.8374420621948104
3.8374420621948104
3.8374420621948104
3.8374420621948104
3.8374420621948104
3.8374420621948104
3.8374420621948104
3.8374420621948104
3.8374420621948104
3.7387322040326723
3.726390202363021
3.726390202363021
3.726390202363021
3.516293652182
3.516293652182
3.516293652182
3.516293652182
3.516293652182
3.516293652182
3.516293652182
3.516293652182
3.516293652182
3.516293652182
3.2294903576745213
3.2294903576745213
3.2294903576745213
3.2294903576745213
3.2294903576745213
3.2294903576745213
3.2294903576745213
3.2294903576745213
3.2294903576745213
3.2294903576745213
3.2294903576745213
3.2294903576745213
3.2294903576745213
3.2294903576745213
3.2294903576745213
3.2294903576745213
3.2294903576745213
3.2294903576745213
3.2294903576745213
3.2294903576745213
3.2294903576745213
3.162773281538257
3.162773281538257
3.162773281538257
3.162773281538257
3.1414726477419848
3.0659652251120377
3.0659652251120377
3.0659652251120377
3.0659652251120377
3.0659652251120377
3.0659652251120377
3.0659652251120377
3.0659652251120377
2.981738742170151
2.981738742170151
2.981738742170151
2.981738742170151
2.981738742170151
2.981738742170151
2.981738742170151
2.981738742170151
2.981738742170151
2.942040497173629
2.852426988825293
2.852426988825293
2.852426988825293
2.852426988825293
2.7234283568397117
2.4965590474001473
2.2278448855209874
2.2278448855209874
2.2278448855209874
2.2278448855209874
2.2278448855209874
2.2278448855209874
2.2278448855209874
2.2278448855209874
2.2278448855209874
2.2278448855209874
2.2278448855209874
2.2278448855209874
2.2278448855209874
2.2278448855209874
2.2278448855209874
2.2278448855209874
2.2278448855209874
2.2278448855209874
2.2278448855209874
2.2278448855209874
2.2278448855209874
2.2278448855209874
2.2278448855209874
2.2278448855209874
2.2278448855209874
2.2278448855209874
2.2278448855209874
2.2278448855209874
2.2278448855209874
2.2278448855209874
2.2278448855209874
2.2278448855209874
2.2278448855209874
2.2278448855209874
2.2278448855209874
2.2278448855209874
2.2278448855209874
2.1600677628309484
2.1600677628309484
2.1600677628309484
2.1600677628309484
2.128601620784117
2.121379233868751
2.108041475521077
2.0675445817269136
2.0675445817269136
2.0675445817269136
2.0675445817269136
1.9432946340801465
1.9432946340801465
1.9432946340801465
1.9432946340801465
1.9432946340801465
1.9432946340801465
1.9432946340801465
1.7641117118575806
1.7641117118575806
1.7641117118575806
1.7641117118575806
1.7641117118575806
1.7641117118575806
1.7641117118575806
1.7641117118575806
1.7641117118575806
1.7641117118575806
1.7641117118575806
1.7572209319111423
1.7572209319111423
1.7572209319111423
1.7302564234254092
1.487239651896438
1.487239651896438
1.487239651896438
1.487239651896438
1.487239651896438
1.487239651896438
1.487239651896438
1.487239651896438
1.487239651896438
1.487239651896438
1.487239651896438
1.487239651896438
1.487239651896438
1.4413769542518509
1.4413769542518509
1.4413769542518509
1.4413769542518509
1.4413769542518509
1.4413769542518509
1.4413769542518509
1.4413769542518509
1.4413769542518509
1.4413769542518509
1.4413769542518509
1.4413769542518509
1.4413769542518509
1.4388491561019094
1.4388491561019094
1.342052606092217
1.342052606092217
1.342052606092217
1.249915160865882
1.249915160865882
1.249915160865882
1.249915160865882
1.249915160865882
1.249915160865882
1.249915160865882
1.2324798938411519
1.2324798938411519
1.2324798938411519
1.2324798938411519
1.2324798938411519
1.2324798938411519
1.2287214272059188
1.2287214272059188
1.2287214272059188
1.1491741692796893
1.1491741692796893
1.1491741692796893
1.1491741692796893
1.1491741692796893
1.1491741692796893
1.1491741692796893
1.1491741692796893
1.1491741692796893
1.1491741692796893
1.1491741692796893
1.1491741692796893
1.1491741692796893
1.1491741692796893
1.1491741692796893
1.1467388973551422
1.1467388973551422
1.1467388973551422
1.1467388973551422
1.14276836566804
1.135319262995445
1.135319262995445
1.135319262995445
1.135319262995445
1.135319262995445
1.1089609496355095
1.1089609496355095
1.1089609496355095
1.1089609496355095
1.1089609496355095
1.1089609496355095
1.0324194808245721
0.9950270678680297
0.9950270678680297
0.9870283155476827
0.9870283155476827
0.9870283155476827
0.9790821008026498
0.9790821008026498
0.9775371604569472
0.9537822520207726
0.9482158350568426
0.9482158350568426
0.9482158350568426
0.9250979733186924
0.9250979733186924
0.9250979733186924
0.9250979733186924
0.9250979733186924
0.9250979733186924
0.9250979733186924
0.9250979733186924
0.9250979733186924
0.9250979733186924
0.9250979733186924
0.9250979733186924
0.9250979733186924
0.9250979733186924
0.8957019004414661
0.8957019004414661
0.8957019004414661
0.8957019004414661
0.8957019004414661
0.8909055497433087
0.8909055497433087
0.8909055497433087
0.7967888352865131
0.7967888352865131
0.7967888352865131
0.7967888352865131
0.7967888352865131
0.7457499324521635
0.7457499324521635
0.7151375203788248
0.7151375203788248
0.7151375203788248
0.7151375203788248
0.7151375203788248
0.7151375203788248
0.7151375203788248
0.7151375203788248
0.7151375203788248
0.7151375203788248
0.652537782965986
0.652537782965986
0.652537782965986
0.652537782965986
0.652537782965986
0.652537782965986
0.652537782965986
0.652537782965986
0.652537782965986
0.652537782965986
0.652537782965986
0.652537782965986
0.652537782965986
0.652537782965986
0.652537782965986
0.652537782965986
0.652537782965986
0.652537782965986
0.652537782965986
0.6524013585028356
0.6524013585028356
0.6524013585028356
0.6503295202216748
0.6503295202216748
0.6503295202216748
0.6503295202216748
0.6503295202216748
0.6503295202216748
0.6503295202216748
0.6503295202216748
0.6503295202216748
0.6339579250805443
0.6339579250805443
0.6339579250805443
0.6339579250805443
0.6339579250805443
0.6034344965334384
0.6034344965334384
0.6034344965334384
0.6034344965334384
0.6034344965334384
0.6034344965334384
0.5872684063971008
0.5872684063971008
0.5872684063971008
0.586038255362439
0.586038255362439
0.586038255362439
0.567489824333407
0.567489824333407
0.567489824333407
0.567489824333407
0.567489824333407
0.567489824333407
0.567489824333407
0.567489824333407
0.567489824333407
0.567489824333407
0.567489824333407
0.567489824333407
0.567489824333407
0.567489824333407
0.5093132192683498
0.5093132192683498
0.5093132192683498
0.5093132192683498
0.5093132192683498
0.5093132192683498
0.5093132192683498
0.5093132192683498
0.5093132192683498
0.5093132192683498
0.5036090334856738
0.5036090334856738
0.5009503264904822
0.5009503264904822
0.5009503264904822
0.5009503264904822
0.5009503264904822
0.46441702205474655
0.46441702205474655
0.46441702205474655
0.4558327200385719
0.4558327200385719
0.4558327200385719
0.4544444140584787
0.43523397898611904
0.43523397898611904
0.43523397898611904
0.43523397898611904
0.40653635228631657
0.40653635228631657
0.40653635228631657
0.40653635228631657
0.40653635228631657
0.40653635228631657
0.40653635228631657
0.40653635228631657
0.40653635228631657
0.40653635228631657
0.40653635228631657
0.40653635228631657
0.40653635228631657
0.40653635228631657
0.40653635228631657
0.3878919286690561
0.3878919286690561
0.3878919286690561
0.3878919286690561
0.3878919286690561
0.3878919286690561
0.3878919286690561
0.3878919286690561
0.3878919286690561
0.3878919286690561
0.3878919286690561
0.3878919286690561
0.3878919286690561
0.3773101762240927
0.3773101762240927
0.3773101762240927
0.3773101762240927
0.3773101762240927
0.3773101762240927
0.3773101762240927
0.3773101762240927
0.3773101762240927
0.3773101762240927
0.3773101762240927
0.3773101762240927
0.3773101762240927
0.3773101762240927
0.3773101762240927
0.3773101762240927
0.3773101762240927
0.3773101762240927
0.3773101762240927
0.3773101762240927
0.3773101762240927
0.3773101762240927
0.3773101762240927
0.3773101762240927
0.3773101762240927
0.3713710825046448
0.3713710825046448
0.3713710825046448
0.33098823659592824
0.33098823659592824
0.33098823659592824
0.33098823659592824
0.33098823659592824
0.33098823659592824
0.33079004176435234
0.3246833243846794
0.3246833243846794
0.3246833243846794
0.3246833243846794
0.3246833243846794
0.3246833243846794
0.3246833243846794
0.3246833243846794
0.3246833243846794
0.3244263267024792
0.3244263267024792
0.3176304991568699
0.3176304991568699
0.3176304991568699
0.3176304991568699
0.3176304991568699
0.3176304991568699
0.3035108988538866
0.3035108988538866
0.29870098740030215
0.29870098740030215
0.29870098740030215
0.29870098740030215
0.29870098740030215
0.29870098740030215
0.29870098740030215
0.27424164802202
0.27424164802202
0.27424164802202
0.27424164802202
0.27424164802202
0.27424164802202
0.2687472602420158
0.2687472602420158
0.2687472602420158
0.2687472602420158
0.2554206725134591
0.2554206725134591
0.2554206725134591
0.24456915814116087
0.24456915814116087
0.24456915814116087
0.24456915814116087
0.24456915814116087
0.24456915814116087
0.24456915814116087
0.24142515150551702
0.22212189626620926
0.22212189626620926
0.21556262976299223
0.21556262976299223
0.21556262976299223
0.20819396721036298
0.20819396721036298
0.20819396721036298
0.20819396721036298
0.20819396721036298
0.20819396721036298
0.20819396721036298
0.20819396721036298
0.20819396721036298
0.20819396721036298
0.20819396721036298
0.19800586386129027
0.19800586386129027
0.19800586386129027
0.19800586386129027
0.19800586386129027
0.19800586386129027
0.19800586386129027
0.19800586386129027
0.19800586386129027
0.19800586386129027
0.19800586386129027
0.19800586386129027
0.19800586386129027
0.18786446422479486
0.18786446422479486
0.18786446422479486
0.18786446422479486
0.18786446422479486
0.18786446422479486
0.18786446422479486
0.18786446422479486
0.18786446422479486
0.18786446422479486
0.18786446422479486
0.18786446422479486
0.18786446422479486
0.18786446422479486
0.18786446422479486
0.18786446422479486
0.18786446422479486
0.18786446422479486
0.18786446422479486
0.18786446422479486
0.18786446422479486
0.18786446422479486
0.18786446422479486
0.18786446422479486
0.18786446422479486
0.18297128521572148
0.18297128521572148
0.18297128521572148
0.18297128521572148
0.18297128521572148
0.18297128521572148
0.18297128521572148
0.18297128521572148
0.18297128521572148
0.18297128521572148
0.17920098044008625
0.17920098044008625
0.17920098044008625
0.17920098044008625
0.17920098044008625
0.17920098044008625
0.17920098044008625
0.17920098044008625
0.17920098044008625
0.17920098044008625
0.17523467454453368
0.16655862515109732
0.1649109059416034
0.15925348119166216
0.15925348119166216
0.15925348119166216
0.15925348119166216
0.15925348119166216
0.1589329341683765
0.1589329341683765
0.1589329341683765
0.1589329341683765
0.1589329341683765
0.1589329341683765
0.1589329341683765
0.1589329341683765
0.1589329341683765
0.1589329341683765
0.1589329341683765
0.15122938329054136
0.15122938329054136
0.15122938329054136
0.15122938329054136
0.15122938329054136
0.15122938329054136
0.15122938329054136
0.15122938329054136
0.15122938329054136
0.15122938329054136
0.15122938329054136
0.15122938329054136
0.15122938329054136
0.15122938329054136
0.14644929257902817
0.14644929257902817
0.14644929257902817
0.14644929257902817
0.14644929257902817
0.1433780104890019
0.1433780104890019
0.1433780104890019
0.1433780104890019
0.1433780104890019
0.1433780104890019
0.1433780104890019
0.13980174103162568
0.13953439149810976
0.13953439149810976
0.13953439149810976
0.13886822447752678
0.13886822447752678
0.13886822447752678
0.13456766698846678
0.13456766698846678
0.13456766698846678
0.13456766698846678
0.13456766698846678
0.13145786611669052
0.13145786611669052
0.12766996296907251
0.12766996296907251
0.12766996296907251
0.12766996296907251
0.12766996296907251
0.12753942452505385
0.12642218035494324
0.12148882045357823
0.1146122519514563
0.1146122519514563
0.1146122519514563
0.1146122519514563
0.1146122519514563
0.1146122519514563
0.1146122519514563
0.1146122519514563
0.1146122519514563
0.1146122519514563
0.10924147610067791
0.10924147610067791
0.10924147610067791
0.10924147610067791
0.10924147610067791
0.10924147610067791
0.10924147610067791
0.10924147610067791
0.10845527300334368
0.10423850351586594
0.10423850351586594
0.10423850351586594
0.10423850351586594
0.10423850351586594
0.10423850351586594
0.09968280109729477
0.09968280109729477
0.09968280109729477
0.09968280109729477
0.09908894533747059
0.09647207460359652
0.09647207460359652
0.09647207460359652
0.09402917924136744
0.09402917924136744
0.08986479800972091
0.08986479800972091
0.08986479800972091
0.08986479800972091
0.08810250278538234
0.08127377739984354
0.08127377739984354
0.08127377739984354
0.08127377739984354
0.08127377739984354
0.08127377739984354
0.08127377739984354
0.08127377739984354
0.08127377739984354
0.08127377739984354
0.08127377739984354
0.08127377739984354
0.08127377739984354
0.08127377739984354
0.08127377739984354
0.08127377739984354
0.07991427712337185
0.07991427712337185
0.0780055500785437
0.0780055500785437
0.0780055500785437
0.07797764519710171
0.07797764519710171
0.07797764519710171
0.07797764519710171
0.07797764519710171
0.07797764519710171
0.07797764519710171
0.07797764519710171
0.07797764519710171
0.07797764519710171
0.07797764519710171
0.07797764519710171
0.07797764519710171
0.07797764519710171
0.07797764519710171
0.07797764519710171
0.07797764519710171
0.07797764519710171
0.07797764519710171
0.07797764519710171
0.07612435213744106
0.07612435213744106
0.0672169507175937
0.0672169507175937
0.0672169507175937
0.0672169507175937
0.0672169507175937
0.0672169507175937
0.0672169507175937
0.0672169507175937
0.0672169507175937
0.0672169507175937
0.0672169507175937
0.0672169507175937
0.0672169507175937
0.0672169507175937
0.0672169507175937
0.0672169507175937
0.0672169507175937
0.0672169507175937
0.0672169507175937
0.0672169507175937
0.0672169507175937
0.0672169507175937
0.0672169507175937
0.0672169507175937
0.06696120916340931
0.06696120916340931
0.06500926050365052
0.0649867246036564
0.06356314208563418
0.06356314208563418
0.06356314208563418
0.06356314208563418
0.0621708325791559
0.0621708325791559
0.061293419356921675
0.061293419356921675
0.05905170575745444
0.05905170575745444
0.05716270828002479
0.05716270828002479
0.05716270828002479
0.05716270828002479
0.04971370707166045
0.04971370707166045
0.04971370707166045
0.04971370707166045
0.04971370707166045
0.04971370707166045
0.04971370707166045
0.04971370707166045
0.04971370707166045
0.04971370707166045
0.043104100766719
0.043104100766719
0.043104100766719
0.043104100766719
0.043104100766719
0.043104100766719
0.043104100766719
0.043104100766719
0.043104100766719
0.043104100766719
0.043104100766719
0.043104100766719
0.043104100766719
0.043104100766719
0.043104100766719
0.04192873636330319
0.04192873636330319
0.04192873636330319
0.04192873636330319
0.04192873636330319
0.04192873636330319
0.04192873636330319
0.04192873636330319
0.04192873636330319
0.04192873636330319
0.04192873636330319
0.036995113558113246
0.036995113558113246
0.036995113558113246
0.036995113558113246
0.036995113558113246
0.036995113558113246
0.036995113558113246
0.036995113558113246
0.033926137490823294
0.033926137490823294
0.033926137490823294
0.033926137490823294
0.033926137490823294
0.033926137490823294
0.033926137490823294
0.033926137490823294
0.031928909220034996
0.031928909220034996
0.031928909220034996
