16.675369639890768
16.46502102500886
16.28356092628764
16.28356092628764
14.95714187401222
14.95714187401222
14.95714187401222
14.95714187401222
14.95714187401222
14.95714187401222
14.95714187401222
14.934932294664886
14.934932294664886
14.934932294664886
14.764600064436648
14.764600064436648
14.764600064436648
14.764600064436648
14.722737935953411
14.722737935953411
14.722737935953411
14.722737935953411
14.49350659115268
14.49350659115268
14.260562657756335
13.885414731717063
13.885414731717063
13.885414731717063
13.606454304578161
13.606454304578161
13.606454304578161
13.567278651778057
13.567278651778057
13.567278651778057
13.567278651778057
13.567278651778057
13.45728893083115
13.45728893083115
13.095321671961907
13.095321671961907
13.095321671961907
13.015607190240015
13.015607190240015
12.650225262157228
12.650225262157228
12.650225262157228
12.650225262157228
11.502984449748528
11.502984449748528
11.502984449748528
11.502984449748528
11.502984449748528
11.502984449748528
11.502984449748528
11.25513424742706
11.254183984965012
8.60364714864798
8.60364714864798
8.60364714864798
8.60364714864798
8.60364714864798
8.60364714864798
8.60364714864798
8.60364714864798
8.60364714864798
8.60364714864798
8.60364714864798
8.60364714864798
8.60364714864798
8.60364714864798
8.60364714864798
8.60364714864798
8.60364714864798
8.60364714864798
8.60364714864798
8.60364714864798
8.60364714864798
8.60364714864798
8.60364714864798
8.60364714864798
8.60364714864798
8.60364714864798
8.60364714864798
8.60364714864798
8.513813393413727
8.513813393413727
8.4880074466418
7.455067375202919
7.455067375202919
7.455067375202919
7.455067375202919
7.455067375202919
7.455067375202919
7.455067375202919
7.067553708529346
7.067553708529346
7.067553708529346
7.067553708529346
7.067553708529346
7.067553708529346
7.067553708529346
7.067553708529346
7.067553708529346
7.067553708529346
7.067553708529346
7.067553708529346
7.067553708529346
7.067553708529346
7.067553708529346
7.067553708529346
7.067553708529346
6.196121834663492
6.196121834663492
6.196121834663492
6.196121834663492
6.196121834663492
6.196121834663492
6.196121834663492
6.0183442321960126
6.0183442321960126
6.0183442321960126
6.0183442321960126
6.0183442321960126
6.0183442321960126
6.0183442321960126
6.0183442321960126
6.0183442321960126
6.0183442321960126
6.0183442321960126
5.246073446903171
5.246073446903171
5.246073446903171
5.246073446903171
5.246073446903171
5.246073446903171
5.246073446903171
5.246073446903171
5.246073446903171
5.246073446903171
5.246073446903171
5.246073446903171
5.17950816723503
5.17950816723503
5.17950816723503
5.17950816723503
5.17950816723503
5.17950816723503
5.17950816723503
5.17950816723503
5.17950816723503
5.17950816723503
5.17950816723503
5.17950816723503
5.032067378263655
5.032067378263655
4.995526209155107
4.995526209155107
4.995526209155107
4.861658720111038
4.861658720111038
4.861658720111038
4.861658720111038
4.861658720111038
4.861658720111038
4.835387893043444
4.835387893043444
4.835387893043444
4.835387893043444
4.835387893043444
4.835387893043444
4.742805771835862
4.742805771835862
4.742805771835862
4.742805771835862
4.742805771835862
4.742805771835862
4.742805771835862
4.742805771835862
4.742805771835862
4.742805771835862
4.742805771835862
4.742805771835862
4.742805771835862
4.742805771835862
4.712847065871241
4.712847065871241
4.712847065871241
4.5303218044162
4.365222100568147
4.364536531796475
4.3302601444600235
4.315186634688612
4.047503020979665
4.047503020979665
4.047503020979665
4.047503020979665
3.7147130422964665
3.7147130422964665
3.7147130422964665
3.7147130422964665
3.7147130422964665
3.7147130422964665
3.7147130422964665
3.7147130422964665
3.7147130422964665
3.7147130422964665
3.641318708258588
3.4795241080313453
3.4795241080313453
3.4795241080313453
3.4795241080313453
3.058626953258919
3.058626953258919
3.058626953258919
3.058626953258919
3.0229058776184665
3.0229058776184665
3.0229058776184665
3.0229058776184665
2.822632882655469
2.822632882655469
2.822632882655469
2.822632882655469
2.822632882655469
2.822632882655469
2.822632882655469
2.822632882655469
2.822632882655469
2.822632882655469
2.822632882655469
2.822632882655469
2.822632882655469
2.822632882655469
2.822632882655469
2.822632882655469
2.822632882655469
2.822632882655469
2.822632882655469
2.822632882655469
2.822632882655469
2.822632882655469
2.822632882655469
2.822632882655469
2.822632882655469
2.822632882655469
2.822632882655469
2.6601870778952375
2.655252369993846
2.655252369993846
2.655252369993846
2.655252369993846
2.655252369993846
2.634455598260324
2.61781607086359
2.61781607086359
2.6106910873844633
2.6106910873844633
2.5002900941667043
2.5002900941667043
2.5002900941667043
2.5002900941667043
2.5002900941667043
2.5002900941667043
2.5002900941667043
2.5002900941667043
2.3563696747933065
2.3563696747933065
2.3563696747933065
2.3563696747933065
2.3563696747933065
2.3563696747933065
2.3563696747933065
2.3563696747933065
2.3563696747933065
2.3563696747933065
2.1441708621390454
2.1441708621390454
2.1441708621390454
2.1441708621390454
2.1441708621390454
2.1441708621390454
2.1441708621390454
2.1441708621390454
2.1441708621390454
2.1441708621390454
2.1441708621390454
2.1441708621390454
2.1441708621390454
2.1441708621390454
2.1441708621390454
2.1441708621390454
2.1441708621390454
2.1114019018710266
2.1114019018710266
2.1114019018710266
2.1114019018710266
2.1114019018710266
2.1114019018710266
2.1114019018710266
2.1114019018710266
2.1114019018710266
2.1114019018710266
2.1114019018710266
2.111270337480736
2.111270337480736
2.111270337480736
2.111270337480736
2.111270337480736
1.7536921975833195
1.7536921975833195
1.7536921975833195
1.7536921975833195
1.7536921975833195
1.7536921975833195
1.7536921975833195
1.7536921975833195
1.7536921975833195
1.7536921975833195
1.7536921975833195
1.7536921975833195
1.7536921975833195
1.7536921975833195
1.7536921975833195
1.7536921975833195
1.7536921975833195
1.7536921975833195
1.7536921975833195
1.7536921975833195
1.7536921975833195
1.7536921975833195
1.7536921975833195
1.7536921975833195
1.7536921975833195
1.7536921975833195
1.7536921975833195
1.7536921975833195
1.6885158571340035
1.6885158571340035
1.6885158571340035
1.6885158571340035
1.6885158571340035
1.6631019432055574
1.6631019432055574
1.6631019432055574
1.6631019432055574
1.6631019432055574
1.6631019432055574
1.6631019432055574
1.4794735712070697
1.4794735712070697
1.4794735712070697
1.4794735712070697
1.4794735712070697
1.4794735712070697
1.4794735712070697
1.4794735712070697
1.4794735712070697
1.4794735712070697
1.4794735712070697
1.4794735712070697
1.4794735712070697
1.4794735712070697
1.3950328943808152
1.3950328943808152
1.3950328943808152
1.3950328943808152
1.3950328943808152
1.3950328943808152
1.3950328943808152
1.3950328943808152
1.3141940325120984
1.3141940325120984
1.3141940325120984
1.3141940325120984
1.3141940325120984
1.3055229504781032
1.3055229504781032
1.3055229504781032
1.3055229504781032
1.3055229504781032
1.1784613552106187
1.1253886988363249
1.1253886988363249
1.1253886988363249
1.1253886988363249
1.1062472772460268
1.1062472772460268
0.9161345827103311
0.9161345827103311
0.9161345827103311
0.9161345827103311
0.9161345827103311
0.9161345827103311
0.8579491010424398
0.8579491010424398
0.8579491010424398
0.8530356397044194
0.8530356397044194
0.8530356397044194
0.8514851228908462
0.8514851228908462
0.8003104909971483
0.8003104909971483
0.8003104909971483
0.8003104909971483
0.8003104909971483
0.8003104909971483
0.8003104909971483
0.7493117271343621
0.7493117271343621
0.7493117271343621
0.7493117271343621
0.7493117271343621
0.7493117271343621
0.7493117271343621
0.7493117271343621
0.417691846637112
0.417691846637112
0.417691846637112
0.417691846637112
0.417691846637112
0.417691846637112
0.417691846637112
0.417691846637112
0.417691846637112
0.417691846637112
0.417691846637112
0.417691846637112
0.417691846637112
0.417691846637112
0.417691846637112
0.417691846637112
0.417691846637112
0.417691846637112
0.417691846637112
0.417691846637112
0.41252867077934496
0.41252867077934496
0.3817036815956847
0.3817036815956847
0.3817036815956847
0.3817036815956847
0.3817036815956847
0.3817036815956847
0.3817036815956847
0.3817036815956847
0.3817036815956847
0.3817036815956847
0.3817036815956847
0.3817036815956847
0.3817036815956847
0.3817036815956847
0.3817036815956847
0.3817036815956847
0.3817036815956847
0.3817036815956847
0.3817036815956847
0.37695040357020204
0.37695040357020204
0.32838361961381324
0.32838361961381324
0.32838361961381324
0.32838361961381324
0.32838361961381324
0.32838361961381324
0.32838361961381324
0.32838361961381324
0.32838361961381324
0.32838361961381324
0.28961405155463993
0.28961405155463993
0.28961405155463993
0.28961405155463993
0.28961405155463993
0.28961405155463993
0.28961405155463993
0.28961405155463993
0.2784845433844474
0.2784845433844474
0.2784845433844474
0.2784845433844474
0.2784845433844474
0.2784845433844474
0.2784845433844474
0.2761901766400072
0.2761901766400072
0.26128776365351314
0.2371904760825494
0.2371904760825494
0.2371904760825494
0.2371904760825494
0.2371904760825494
0.208247346002576
0.208247346002576
0.208247346002576
0.208247346002576
0.208247346002576
0.208247346002576
0.20485062896429085
0.20485062896429085
0.20485062896429085
0.20485062896429085
0.20485062896429085
0.1646813393060249
0.1646813393060249
0.1646813393060249
0.1646813393060249
0.1646813393060249
0.1646813393060249
0.1646813393060249
0.1481866358357209
0.1481866358357209
0.1481866358357209
0.1481866358357209
0.1481866358357209
0.1481866358357209
0.12577909752700123
0.12577909752700123
0.12577909752700123
0.10968474398217865
0.10968474398217865
0.10968474398217865
0.10968474398217865
0.10968474398217865
0.10968474398217865
0.10968474398217865
0.10968474398217865
0.10968474398217865
0.10968474398217865
0.10968474398217865
0.10968474398217865
0.10968474398217865
0.09980231073261336
0.09595332539545609
0.09595332539545609
0.09595332539545609
0.09595332539545609
0.09595332539545609
0.09274672196837486
0.09274672196837486
0.09274672196837486
0.09177780490112397
0.09177780490112397
0.09177780490112397
0.08857765915526628
0.08857765915526628
0.08857765915526628
0.0746980326994624
0.0746980326994624
0.0746980326994624
0.0746980326994624
0.0746980326994624
0.0746980326994624
0.0746980326994624
0.0746980326994624
0.0746980326994624
0.0746980326994624
0.0746980326994624
0.0746980326994624
0.0746980326994624
0.0746980326994624
0.0742827023135284
0.06698413071304543
0.06698413071304543
0.06698413071304543
0.06698413071304543
0.06698413071304543
0.06698413071304543
0.06698413071304543
0.06698413071304543
0.06353644402739178
0.06353644402739178
0.06353644402739178
0.06353644402739178
0.06353644402739178
0.06353644402739178
0.05396395171239732
0.05396395171239732
0.05396395171239732
0.05396395171239732
0.05396395171239732
0.05396395171239732
0.05396395171239732
0.05396395171239732
0.05396395171239732
0.05396395171239732
0.05396395171239732
0.05396395171239732
0.05396395171239732
0.05396395171239732
0.05396395171239732
0.05396395171239732
0.05396395171239732
0.05389088635022432
0.05389088635022432
0.05389088635022432
0.05389088635022432
0.04552743313459473
0.04552743313459473
0.04552743313459473
0.04552743313459473
0.04552743313459473
0.04552743313459473
0.04552743313459473
0.04552743313459473
0.04552743313459473
0.044609456095273003
0.03741880943401554
0.03741880943401554
0.03741880943401554
0.03741880943401554
0.03741880943401554
0.03741880943401554
0.03741880943401554
0.03741880943401554
0.036180348638605864
0.036180348638605864
0.03534132503698828
0.03534132503698828
0.03534132503698828
0.03534132503698828
0.03534132503698828
0.03534132503698828
0.03534132503698828
0.03534132503698828
0.03534132503698828
0.03503875119237421
0.03503875119237421
0.03503875119237421
0.03471699498767933
0.03471699498767933
0.03471699498767933
0.030775698290081976
0.030775698290081976
0.030775698290081976
0.030775698290081976
0.030775698290081976
0.030775698290081976
0.030775698290081976
0.030775698290081976
0.030775698290081976
0.030775698290081976
0.030775698290081976
0.030775698290081976
0.030775698290081976
0.030613223597676154
0.030484942500180523
0.030484942500180523
0.030484942500180523
0.030484942500180523
0.030484942500180523
0.030239683173359566
0.030239683173359566
0.02984873530770571
0.02984873530770571
0.02984873530770571
0.02984873530770571
0.02984873530770571
0.02978183787769595
0.029317138146804922
0.028681189675829444
0.02769997662150203
0.02769997662150203
0.02769997662150203
0.026559542985392426
0.026559542985392426
0.026559542985392426
0.025027348267084193
0.025027348267084193
0.025027348267084193
0.025027348267084193
0.025027348267084193
0.025027348267084193
0.025027348267084193
0.019681922857142098
0.019681922857142098
0.019681922857142098
0.019681922857142098
0.019681922857142098
0.019681922857142098
0.019681922857142098
0.019681922857142098
0.019681922857142098
0.019681922857142098
0.019681922857142098
0.019681922857142098
0.019681922857142098
0.019029913720025604
0.019029913720025604
0.018464738334628805
0.018464738334628805
0.018464738334628805
0.018464738334628805
0.018464738334628805
0.01657741067711882
0.01657741067711882
0.015081264911930958
0.015081264911930958
0.015081264911930958
0.015081264911930958
0.015081264911930958
0.015081264911930958
0.015081264911930958
0.015081264911930958
0.015081264911930958
0.015081264911930958
0.015081264911930958
0.014642705963634484
0.014642705963634484
0.014642705963634484
0.014642705963634484
0.014642705963634484
0.014237037979377476
0.014237037979377476
0.01323026052237708
0.01323026052237708
0.01323026052237708
0.01323026052237708
0.01323026052237708
0.01323026052237708
0.01323026052237708
0.01323026052237708
0.01323026052237708
0.01323026052237708
0.01323026052237708
0.01323026052237708
0.01323026052237708
0.011229224296375406
0.011229224296375406
0.011229224296375406
0.011229224296375406
0.011229224296375406
0.011229224296375406
0.011229224296375406
0.011229224296375406
0.011229224296375406
0.011229224296375406
0.011229224296375406
0.011229224296375406
0.011229224296375406
0.011229224296375406
0.011229224296375406
0.011229224296375406
0.011229224296375406
0.011229224296375406
0.011229224296375406
0.011229224296375406
0.011229224296375406
0.011229224296375406
0.011229224296375406
0.011229224296375406
0.011229224296375406
0.011229224296375406
0.011229224296375406
0.011229224296375406
0.011229224296375406
0.010550420814581685
0.010550420814581685
0.010550420814581685
0.010550420814581685
0.010550420814581685
0.010550420814581685
0.010550420814581685
0.010550420814581685
0.010550420814581685
0.010550420814581685
0.010550420814581685
0.009991179204462242
0.009991179204462242
0.009991179204462242
0.009991179204462242
0.009750657035692
0.009750657035692
0.008755636278223733
0.008755636278223733
0.008755636278223733
0.008118655157872467
0.008118655157872467
0.008118655157872467
0.008118655157872467
0.008118655157872467
0.008118655157872467
0.008118655157872467
0.008118655157872467
0.008118655157872467
0.008118655157872467
0.008118655157872467
0.008118655157872467
0.008118655157872467
0.008118655157872467
0.008115969967459336
0.008115969967459336
0.008115969967459336
0.008115969967459336
0.008115969967459336
0.008098830026202819
0.008098830026202819
0.008098830026202819
0.008098830026202819
0.007894299029370444
0.007894299029370444
0.007522685533679407
0.007522685533679407
0.007385784617721214
0.007385784617721214
0.007118611704726163
0.007118611704726163
0.007118611704726163
0.007118611704726163
0.007118611704726163
0.007118611704726163
0.006888597847840572
0.006888597847840572
0.00591133318263104
0.00591133318263104
0.00591133318263104
0.00591133318263104
0.00591133318263104
0.005302477995318355
0.005302477995318355
0.005302477995318355
0.005302477995318355
0.005302477995318355
0.005302477995318355
0.005302477995318355
0.005302477995318355
0.005253341840528947
0.005075299931935007
0.005075299931935007
0.004373546649741655
0.004285249073312514
0.004285249073312514
0.004285249073312514
0.0036424934075256488
0.0036424934075256488
0.0036424934075256488
0.0036424934075256488
0.0036424934075256488
0.0036424934075256488
0.0036424934075256488
0.0036424934075256488
0.0036424934075256488
0.0036424934075256488
0.0036424934075256488
0.0036424934075256488
0.0036424934075256488
0.0036424934075256488
0.0036424934075256488
0.0036424934075256488
0.0036424934075256488
0.0035609144870818454
0.0035609144870818454
0.0035609144870818454
0.0035609144870818454
0.0035609144870818454
0.0035609144870818454
0.0032912123415123062
0.0032912123415123062
0.0032912123415123062
0.0032912123415123062
0.0032912123415123062
0.0026984749894900517
0.0026984749894900517
0.0026984749894900517
0.0026984749894900517
0.0026321880470661085
0.0026321880470661085
0.0026321880470661085
0.0026321880470661085
0.0026321880470661085
0.002591087199828479
0.002591087199828479
0.002591087199828479
0.002591087199828479
0.002539580075517023
0.002539580075517023
0.002539580075517023
0.002539580075517023
0.002539580075517023
0.002539580075517023
0.002539580075517023
0.0023154264654081658
0.0023154264654081658
0.0023154264654081658
0.0023154264654081658
0.0023154264654081658
0.0023154264654081658
0.0023154264654081658
0.0022756591757158162
0.0020771692793246643
0.0020771692793246643
0.0020771692793246643
0.0020771692793246643
0.002006645290652642
0.002006645290652642
0.002006645290652642
0.002006645290652642
0.002000493018908145
0.001853115561040397
0.001853115561040397
0.0018366276113113145
0.0018366276113113145
0.001214119225810606
0.001214119225810606
0.001214119225810606
0.001214119225810606
0.001214119225810606
0.001214119225810606
0.001214119225810606
0.001214119225810606
0.001214119225810606
0.001214119225810606
0.001214119225810606
0.001214119225810606
0.001214119225810606
0.001214119225810606
0.001214119225810606
0.001214119225810606
0.001214119225810606
0.001214119225810606
0.001214119225810606
0.001214119225810606
0.001214119225810606
0.001214119225810606
0.001214119225810606
0.001214119225810606
0.001214119225810606
0.001214119225810606
0.001214119225810606
0.001214119225810606
0.001214119225810606
0.001214119225810606
0.001214119225810606
0.001214119225810606
0.001214119225810606
0.001214119225810606
0.00121056063613878
0.00121056063613878
0.00121056063613878
0.0011594089939386265
0.0011594089939386265
0.0011594089939386265
0.0011594089939386265
0.0011594089939386265
0.0011594089939386265
0.0011594089939386265
0.0011594089939386265
0.0011504619450057874
0.0011504619450057874
0.0010931949869572577
0.0010931949869572577
0.0010931949869572577
0.0010931949869572577
0.0010931949869572577
0.0010931949869572577
0.0010931949869572577
0.0010931949869572577
0.0010931949869572577
0.0010931949869572577
0.0010931949869572577
0.0010602766081007076
0.0010560050853669622
0.0010560050853669622
0.0010560050853669622
0.0010560050853669622
0.0010560050853669622
0.0010378769427532575
0.0010378769427532575
0.0009605362994449251
0.000918769562442634
0.000918769562442634
0.000918769562442634
0.000918769562442634
0.000918769562442634
0.000918769562442634
0.000918769562442634
0.000918769562442634
0.000918769562442634
0.000918769562442634
0.000918769562442634
0.0005245139242866514
0.0005245139242866514
0.0005245139242866514
0.0005245139242866514
0.0005245139242866514
0.0005245139242866514
0.0005245139242866514
0.0005245139242866514
0.0005245139242866514
0.0005245139242866514
0.0005245139242866514
0.0005245139242866514
0.0005245139242866514
0.0005245139242866514
0.0005245139242866514
0.0005245139242866514
0.0005245139242866514
0.0005245139242866514
0.0005245139242866514
0.0005245139242866514
