0.002460002899169922
0.0024623870849609375
0.0024442672729492188
0.0025434494018554688
0.0024261474609375
0.0024023056030273438
0.002399921417236328
0.0023887157440185547
0.0024178028106689453
0.0024178028106689453
0.0024356842041015625
0.002429485321044922
0.002464771270751953
0.002398252487182617
0.0024881362915039062
0.002432107925415039
0.0025932788848876953
0.0025191307067871094
0.0024340152740478516
0.002430438995361328
0.0024347305297851562
0.0024421215057373047
0.0024106502532958984
0.0024454593658447266
0.0024080276489257812
0.0023963451385498047
0.002420186996459961
0.0024995803833007812
0.0024580955505371094
0.0024225711822509766
0.002403736114501953
0.0024251937866210938
0.0024569034576416016
0.0024259090423583984
0.002489805221557617
0.0024373531341552734
0.002418041229248047
0.002460479736328125
0.00260162353515625
0.002596616744995117
0.0024421215057373047
0.002475738525390625
0.0024127960205078125
0.002606630325317383
0.0024802684783935547
0.00246429443359375
0.0024487972259521484
0.0024552345275878906
0.0026116371154785156
0.0024063587188720703
0.002517223358154297
0.0024766921997070312
0.0024871826171875
0.0024688243865966797
0.0024366378784179688
0.0024118423461914062
0.0024938583374023438
0.0024576187133789062
0.002461671829223633
0.002652883529663086
0.002463817596435547
0.0025060176849365234
0.002545595169067383
0.0024726390838623047
0.0024459362030029297
0.0024576187133789062
0.002424001693725586
0.00238800048828125
0.002446413040161133
0.002502918243408203
0.002624034881591797
0.002451181411743164
0.002447843551635742
0.0024330615997314453
0.0024080276489257812
0.00244140625
0.002384185791015625
0.002415895462036133
0.002427339553833008
0.002418994903564453
0.0024764537811279297
0.002458333969116211
0.002420663833618164
0.0024683475494384766
0.0024209022521972656
0.0024118423461914062
0.0024487972259521484
0.0024330615997314453
0.002447843551635742
0.002413034439086914
0.0023925304412841797
0.002447366714477539
0.002411365509033203
0.0023894309997558594
0.002402782440185547
0.002445697784423828
0.0024411678314208984
0.0024716854095458984
0.002435922622680664
0.0024373531341552734
0.0024411678314208984
0.0024034976959228516
0.002420663833618164
0.0024557113647460938
0.002545595169067383
0.0024521350860595703
0.0025510787963867188
0.002460956573486328
0.0024309158325195312
0.0024983882904052734
0.002694845199584961
0.0024671554565429688
0.0024373531341552734
0.0024781227111816406
0.0024261474609375
0.0026907920837402344
0.002577543258666992
0.0024566650390625
0.0024263858795166016
0.0024557113647460938
0.0024454593658447266
0.0024421215057373047
0.0024585723876953125
0.0024716854095458984
0.002460956573486328
0.0025796890258789062
0.0024793148040771484
0.0025599002838134766
0.002475261688232422
0.00250244140625
0.0024247169494628906
0.002530813217163086
0.0024671554565429688
0.002445697784423828
0.0024580955505371094
0.0024895668029785156
0.002535104751586914
0.0025191307067871094
0.0024688243865966797
0.002492666244506836
0.0024175643920898438
0.002451658248901367
0.002484560012817383
0.0024623870849609375
0.0024971961975097656
0.0025675296783447266
0.002581357955932617
0.0024750232696533203
0.0025610923767089844
0.0024628639221191406
0.0025534629821777344
0.0024566650390625
0.00249481201171875
0.002443552017211914
0.0024530887603759766
0.002426624298095703
0.0024344921112060547
0.002650022506713867
0.00244903564453125
0.002417325973510742
0.00243377685546875
0.002408742904663086
0.0024106502532958984
0.002408266067504883
0.0024042129516601562
0.0024445056915283203
0.002427339553833008
0.002428770065307617
0.0024747848510742188
0.0024251937866210938
0.00244140625
0.0024361610412597656
0.002459287643432617
0.002489328384399414
0.002505779266357422
0.002454996109008789
0.0024344921112060547
0.0025959014892578125
0.002689361572265625
0.0024497509002685547
0.0024979114532470703
0.0024747848510742188
0.0025413036346435547
0.0024673938751220703
0.0024738311767578125
0.0024251937866210938
0.002474069595336914
0.002417325973510742
0.0024597644805908203
0.0026056766510009766
0.0024962425231933594
0.002574443817138672
0.0024335384368896484
0.0025396347045898438
0.0024623870849609375
0.0024809837341308594
0.0024352073669433594
0.002541780471801758
0.002499818801879883
0.003297567367553711
0.002837657928466797
0.002798795700073242
0.0028116703033447266
0.002790212631225586
0.0026121139526367188
0.0025997161865234375
0.0026535987854003906
0.0026535987854003906
0.00262451171875
0.00272369384765625
0.003003835678100586
0.0026056766510009766
0.002669811248779297
0.0026502609252929688
0.0027556419372558594
0.002677440643310547
0.002560853958129883
0.0025169849395751953
0.002510547637939453
0.0025289058685302734
0.002513408660888672
0.002568483352661133
0.0026187896728515625
0.002592802047729492
0.0025191307067871094
0.0026521682739257812
0.0025784969329833984
0.0025064945220947266
0.0024127960205078125
0.0024945735931396484
0.0024449825286865234
0.002468585968017578
0.002935171127319336
0.002489805221557617
0.0025343894958496094
0.0024852752685546875
0.0025060176849365234
0.002504110336303711
0.0025191307067871094
0.0025441646575927734
0.002494335174560547
0.0024590492248535156
0.003233671188354492
0.0025327205657958984
0.0024633407592773438
0.0024137496948242188
0.0025005340576171875
0.002453327178955078
0.00247955322265625
0.002657175064086914
0.0025446414947509766
0.002546072006225586
0.0026597976684570312
0.0026509761810302734
0.0024678707122802734
0.0024514198303222656
0.002453327178955078
0.0023920536041259766
0.0024089813232421875
0.0024232864379882812
0.0024368762969970703
0.002438783645629883
0.00244140625
0.0024261474609375
0.002444744110107422
0.002660989761352539
0.002758502960205078
0.0024976730346679688
0.0024678707122802734
0.002575397491455078
0.002509593963623047
0.0025222301483154297
0.0024776458740234375
0.0024995803833007812
0.0025064945220947266
0.0026373863220214844
0.0025403499603271484
0.0024971961975097656
0.0025107860565185547
0.002501249313354492
0.0025212764739990234
0.0024955272674560547
0.002558469772338867
0.002896547317504883
0.002513408660888672
0.0025250911712646484
0.0026938915252685547
0.0026094913482666016
0.0026123523712158203
0.002707958221435547
0.0025196075439453125
0.0024530887603759766
0.0025191307067871094
0.0029332637786865234
0.002577066421508789
0.002500772476196289
0.0030608177185058594
0.002482891082763672
0.002511739730834961
0.0024602413177490234
0.0025229454040527344
0.002471446990966797
0.00252532958984375
0.0028481483459472656
0.0025310516357421875
0.00246429443359375
0.0025119781494140625
0.002428770065307617
0.002547740936279297
0.002550840377807617
0.002516508102416992
0.0024619102478027344
0.0025787353515625
0.0024881362915039062
0.0025734901428222656
0.003045320510864258
0.0025060176849365234
0.002488374710083008
0.0026564598083496094
0.0026311874389648438
0.0027022361755371094
0.0024590492248535156
0.0025177001953125
0.0024840831756591797
0.0025033950805664062
0.002561807632446289
0.0024902820587158203
0.002460956573486328
0.002756834030151367
0.002774477005004883
0.002842426300048828
0.002772808074951172
0.002777576446533203
0.0028009414672851562
0.0028176307678222656
0.002788066864013672
0.0027577877044677734
0.003038644790649414
0.002840757369995117
0.002767324447631836
0.002762317657470703
0.002809286117553711
0.002785205841064453
0.0028295516967773438
0.00278472900390625
0.002809762954711914
0.002801656723022461
0.0031244754791259766
0.0027856826782226562
0.002755403518676758
0.002788066864013672
0.0028142929077148438
0.002775907516479492
0.0027930736541748047
0.002843618392944336
0.0028002262115478516
0.002796649932861328
0.0031290054321289062
0.002840280532836914
0.0027968883514404297
0.002780914306640625
0.0027849674224853516
0.00281524658203125
0.002775430679321289
0.002774477005004883
0.002769947052001953
0.0027892589569091797
0.0032782554626464844
0.002779722213745117
0.0028111934661865234
0.0028030872344970703
0.002785205841064453
0.002779722213745117
0.002805471420288086
0.0027773380279541016
0.002780437469482422
0.0033049583435058594
0.002924680709838867
0.0027561187744140625
0.002777576446533203
0.002701282501220703
0.002726316452026367
0.0027437210083007812
0.002774477005004883
0.002712726593017578
0.0027618408203125
0.0027379989624023438
0.003030538558959961
0.0027282238006591797
0.002753734588623047
0.00267791748046875
0.0025959014892578125
0.0026988983154296875
0.0027589797973632812
0.002765178680419922
0.0026535987854003906
0.002450227737426758
0.002465486526489258
0.002420663833618164
0.002811908721923828
0.002797365188598633
0.0027506351470947266
0.0027222633361816406
0.002732515335083008
0.0026941299438476562
0.0025398731231689453
0.002572298049926758
0.0024614334106445312
0.0024085044860839844
0.0024123191833496094
0.002432584762573242
0.0024271011352539062
0.0024743080139160156
0.002421855926513672
0.002523660659790039
0.002507448196411133
0.0024480819702148438
0.0024776458740234375
0.002520322799682617
0.002483844757080078
0.0024118423461914062
0.002393007278442383
0.002518177032470703
0.002431154251098633
0.0025026798248291016
0.0024886131286621094
0.0025086402893066406
0.0024347305297851562
0.0025234222412109375
0.0024514198303222656
0.002501249313354492
0.002462625503540039
0.0024411678314208984
0.002420186996459961
0.002512216567993164
0.0024721622467041016
0.002434253692626953
0.002456188201904297
0.002426624298095703
0.002545595169067383
0.0024623870849609375
0.002569437026977539
0.0024628639221191406
0.0024552345275878906
0.0024232864379882812
0.0024976730346679688
0.0024521350860595703
0.002610445022583008
0.002434968948364258
0.0024001598358154297
0.0024480819702148438
0.0023992061614990234
0.002485513687133789
0.002443075180053711
0.002432584762573242
0.0024106502532958984
0.0024161338806152344
0.002391815185546875
0.002389669418334961
0.002409219741821289
0.0024209022521972656
0.002427339553833008
0.002436399459838867
0.0023946762084960938
0.002436399459838867
0.002372264862060547
0.0023887157440185547
0.0024271011352539062
0.0023751258850097656
0.0023958683013916016
0.0024645328521728516
0.0024194717407226562
0.0024437904357910156
0.002416849136352539
0.002389669418334961
0.002426624298095703
0.0024280548095703125
0.0024330615997314453
0.0024192333221435547
0.002396821975708008
0.0024216175079345703
0.0024504661560058594
0.0024194717407226562
0.0024476051330566406
0.0024199485778808594
0.002421855926513672
0.0024216175079345703
0.0024406909942626953
0.0024132728576660156
0.002418041229248047
0.002413034439086914
0.002427339553833008
0.0024254322052001953
0.0023851394653320312
0.0024271011352539062
0.0024726390838623047
0.002454519271850586
0.0024633407592773438
0.002429485321044922
0.002399921417236328
0.002434968948364258
0.0024290084838867188
0.0022308826446533203
0.0020165443420410156
0.002445220947265625
0.002440214157104492
0.0024602413177490234
0.0024194717407226562
0.002430438995361328
0.002451181411743164
0.0024154186248779297
0.0024666786193847656
0.002467632293701172
0.0024204254150390625
0.0024421215057373047
0.002447843551635742
0.0024480819702148438
0.002417325973510742
0.002466440200805664
0.002454519271850586
0.002427339553833008
0.0024166107177734375
0.0024933815002441406
0.002418994903564453
0.002422332763671875
0.0024232864379882812
0.002451181411743164
0.0024154186248779297
0.002416849136352539
0.002443075180053711
0.002573251724243164
0.0025141239166259766
0.0024843215942382812
0.002359628677368164
0.0024132728576660156
0.002439737319946289
0.002408742904663086
0.0024077892303466797
0.00240325927734375
0.002402067184448242
0.0024302005767822266
0.002398252487182617
0.002424478530883789
0.0024175643920898438
0.0024290084838867188
0.0024650096893310547
0.002386808395385742
0.002417325973510742
0.0024657249450683594
0.0024170875549316406
0.002459287643432617
0.0024404525756835938
0.0024187564849853516
0.0024449825286865234
0.0024220943450927734
0.002446889877319336
0.0025348663330078125
0.0024633407592773438
0.0025289058685302734
0.0024611949920654297
0.0025174617767333984
0.002943277359008789
0.002967357635498047
0.0024480819702148438
0.0025207996368408203
0.0024645328521728516
0.0025000572204589844
0.0024750232696533203
0.002507448196411133
0.002486705780029297
0.0024955272674560547
0.0024755001068115234
0.0025243759155273438
0.0024881362915039062
0.002494335174560547
0.0027751922607421875
0.003572702407836914
0.0024785995483398438
0.002513885498046875
0.002479076385498047
0.0025129318237304688
0.002471446990966797
0.0025386810302734375
0.002485990524291992
0.002525806427001953
0.0024776458740234375
0.0025348663330078125
0.002485036849975586
0.002493143081665039
0.0026140213012695312
0.0025060176849365234
0.0032453536987304688
0.002844095230102539
0.0028493404388427734
0.002836942672729492
0.002766847610473633
0.002808094024658203
0.0028259754180908203
0.002786874771118164
0.002759218215942383
0.0027959346771240234
0.002792835235595703
0.0030205249786376953
0.002834796905517578
0.00281524658203125
0.002734661102294922
0.0025403499603271484
0.0026140213012695312
0.0026352405548095703
0.002574443817138672
0.0025987625122070312
0.0026459693908691406
0.002570629119873047
0.002482175827026367
0.0026547908782958984
0.002664327621459961
0.0025467872619628906
0.0026764869689941406
0.0025434494018554688
0.0027093887329101562
0.00246429443359375
0.0025320053100585938
0.002479076385498047
0.0028076171875
0.0027971267700195312
0.0027947425842285156
0.002841949462890625
0.002841472625732422
0.002844095230102539
0.0027413368225097656
0.0027718544006347656
0.0027594566345214844
0.0026350021362304688
0.002578258514404297
0.0024542808532714844
0.0025174617767333984
0.0024611949920654297
0.002496004104614258
0.0024673938751220703
0.0025429725646972656
0.002509593963623047
0.0029931068420410156
0.0024576187133789062
0.0030989646911621094
0.0024683475494384766
0.0025153160095214844
0.0024466514587402344
0.002521991729736328
0.0024628639221191406
0.002524852752685547
0.002889871597290039
0.0025298595428466797
0.0025458335876464844
0.002507925033569336
0.0026128292083740234
0.002468585968017578
0.0024025440216064453
0.002435922622680664
0.0024271011352539062
0.002514362335205078
0.0024139881134033203
0.0024881362915039062
0.0024242401123046875
0.002399444580078125
0.0024361610412597656
0.0024213790893554688
0.0024995803833007812
0.0027763843536376953
0.002773284912109375
0.0027456283569335938
0.0027570724487304688
0.003336191177368164
0.0027582645416259766
0.0025877952575683594
0.0024139881134033203
0.0024251937866210938
0.002435445785522461
0.0024132728576660156
0.0025696754455566406
0.0024123191833496094
0.0024156570434570312
0.002443552017211914
0.002416849136352539
0.002402782440185547
0.0024263858795166016
0.0024652481079101562
0.002518892288208008
0.0024690628051757812
0.0025086402893066406
0.002471923828125
0.002508401870727539
0.0028810501098632812
0.002537250518798828
0.002567291259765625
0.002528667449951172
0.002468585968017578
0.002498149871826172
0.0024564266204833984
0.0024831295013427734
0.002457857131958008
0.0029947757720947266
0.0024750232696533203
0.002655506134033203
0.0025544166564941406
0.0026018619537353516
0.002713918685913086
0.0026924610137939453
0.0026912689208984375
0.00244903564453125
0.0027511119842529297
0.003645181655883789
0.0028076171875
0.002724170684814453
0.002696990966796875
0.002688169479370117
0.0026841163635253906
0.002759695053100586
0.002702474594116211
0.0026917457580566406
0.0026891231536865234
0.0029425621032714844
0.0027418136596679688
0.002644062042236328
0.002466440200805664
0.0024764537811279297
0.002497434616088867
0.002681255340576172
0.002602815628051758
0.002596616744995117
0.002558469772338867
0.0025670528411865234
0.002580881118774414
0.0025146007537841797
0.002419710159301758
0.0024175643920898438
0.002416372299194336
0.002424001693725586
0.0024063587188720703
0.0024149417877197266
0.002429962158203125
0.0024220943450927734
0.0024247169494628906
0.002410888671875
0.002404451370239258
0.002413511276245117
0.0024042129516601562
0.002407073974609375
0.0024313926696777344
0.0024194717407226562
0.0024106502532958984
0.0024013519287109375
0.002384185791015625
0.0023729801177978516
0.0024344921112060547
0.002507925033569336
0.0030908584594726562
0.0028061866760253906
0.0027458667755126953
0.002746105194091797
0.002765178680419922
0.002756834030151367
0.0027256011962890625
0.0027103424072265625
0.002732515335083008
0.0027289390563964844
0.003048419952392578
0.002736806869506836
0.002821207046508789
0.002775430679321289
0.0027806758880615234
0.0027451515197753906
0.0027642250061035156
0.0028123855590820312
0.002496004104614258
0.0024437904357910156
0.002408742904663086
0.0024008750915527344
0.002418994903564453
0.0024199485778808594
0.0023970603942871094
0.002470254898071289
0.002452373504638672
0.002414226531982422
0.002424955368041992
0.002415895462036133
0.002486705780029297
0.0025806427001953125
0.002443552017211914
0.0025162696838378906
0.002452373504638672
0.0025014877319335938
0.002402782440185547
0.0024280548095703125
0.002433300018310547
0.0023984909057617188
0.0024073123931884766
0.0024204254150390625
0.0023932456970214844
0.0024940967559814453
0.002422809600830078
0.002450704574584961
0.0024445056915283203
0.0024323463439941406
0.002428293228149414
0.0024077892303466797
0.002439260482788086
0.0024492740631103516
0.002424955368041992
0.0024261474609375
0.0024271011352539062
0.0024003982543945312
0.002408742904663086
0.0023946762084960938
0.002416849136352539
0.0024225711822509766
0.002440214157104492
0.0024137496948242188
0.0024178028106689453
0.0025284290313720703
0.002492189407348633
0.0026929378509521484
0.002472400665283203
0.0025022029876708984
0.002503633499145508
0.0024437904357910156
0.002416849136352539
0.0024242401123046875
0.002424478530883789
0.0024275779724121094
0.002435445785522461
0.002434253692626953
0.0024242401123046875
0.002428770065307617
0.002384185791015625
0.0024394989013671875
0.0024271011352539062
0.0024204254150390625
0.0024261474609375
0.002421140670776367
0.002382516860961914
0.0024404525756835938
0.002423524856567383
0.002391815185546875
0.002437114715576172
0.002401590347290039
0.0024051666259765625
0.002388477325439453
0.002422332763671875
0.0024569034576416016
0.002464771270751953
0.002474069595336914
0.002454042434692383
0.0024564266204833984
0.002529144287109375
0.0024538040161132812
0.0025663375854492188
0.002465963363647461
0.0025000572204589844
0.002531766891479492
0.002502918243408203
0.002461671829223633
0.002482891082763672
0.0024445056915283203
0.002479076385498047
0.0025861263275146484
0.002510547637939453
0.0025191307067871094
0.002543210983276367
0.0024611949920654297
0.002460002899169922
0.0024542808532714844
0.0024924278259277344
0.0024793148040771484
0.0024971961975097656
0.002554178237915039
0.0024671554565429688
0.0024132728576660156
0.002442598342895508
0.002431631088256836
0.002420663833618164
0.0024394989013671875
0.0024225711822509766
0.002435445785522461
0.00241851806640625
0.0024330615997314453
0.0024673938751220703
0.00244140625
0.0024056434631347656
0.002415180206298828
0.0024271011352539062
0.0024344921112060547
0.002458333969116211
0.0024368762969970703
0.002462148666381836
0.002445697784423828
0.0024509429931640625
0.0024220943450927734
0.002443075180053711
0.0024869441986083984
0.002526998519897461
0.002566814422607422
0.0025131702423095703
0.0024063587188720703
0.002430438995361328
0.0023679733276367188
0.0023810863494873047
0.0023801326751708984
0.0024161338806152344
0.002407550811767578
0.0024275779724121094
0.0024213790893554688
0.002422332763671875
0.002406597137451172
0.0024001598358154297
0.002392292022705078
0.0023865699768066406
0.0024268627166748047
0.0024178028106689453
0.002406597137451172
0.0024302005767822266
0.0024251937866210938
0.002428293228149414
0.0024237632751464844
0.002404451370239258
0.0024154186248779297
0.002409696578979492
0.0024285316467285156
0.002423524856567383
0.002432107925415039
0.0024175643920898438
0.0024063587188720703
0.002410411834716797
0.002362966537475586
0.002420186996459961
0.002415180206298828
0.0023927688598632812
0.002442598342895508
0.002418041229248047
0.002396821975708008
0.0024099349975585938
0.002408742904663086
0.002384185791015625
0.0024323463439941406
0.0024204254150390625
0.002409696578979492
0.002383708953857422
0.002444028854370117
0.0024292469024658203
0.002370119094848633
0.0023736953735351562
0.0024356842041015625
0.002418994903564453
0.0024499893188476562
0.002421855926513672
0.0024251937866210938
0.0024394989013671875
0.0024111270904541016
0.0023527145385742188
0.0025072097778320312
0.002468585968017578
0.002460479736328125
0.0024428367614746094
0.002384662628173828
0.0024192333221435547
0.002445697784423828
0.002436399459838867
0.002437114715576172
0.0024127960205078125
0.002412080764770508
0.002439737319946289
0.0024137496948242188
0.002392292022705078
0.002393960952758789
0.0024030208587646484
0.0024230480194091797
0.002451181411743164
0.002438068389892578
0.0023818016052246094
0.00241851806640625
0.0024271011352539062
0.0024204254150390625
0.0024232864379882812
0.0024318695068359375
0.0024261474609375
0.002429485321044922
0.0024213790893554688
0.0024230480194091797
0.002420663833618164
0.002489805221557617
0.0024154186248779297
0.002438068389892578
0.002382516860961914
0.0024225711822509766
0.002427816390991211
0.002429962158203125
0.0024013519287109375
0.0024399757385253906
0.0024251937866210938
0.0024003982543945312
0.0024127960205078125
