0.002591371536254883
0.0026404857635498047
0.002646923065185547
0.0026454925537109375
0.002665996551513672
0.0026466846466064453
0.002735137939453125
0.002763986587524414
0.002809762954711914
0.0027036666870117188
0.0026450157165527344
0.0027565956115722656
0.0028285980224609375
0.0029180049896240234
0.0027348995208740234
0.0028312206268310547
0.002794027328491211
0.0027513504028320312
0.0027923583984375
0.0027523040771484375
0.002758502960205078
0.0027267932891845703
0.002798318862915039
0.0026428699493408203
0.0027735233306884766
0.0027132034301757812
0.0026273727416992188
0.00267791748046875
0.002645730972290039
0.0026977062225341797
0.002682209014892578
0.0026760101318359375
0.0025925636291503906
0.002596616744995117
0.002677440643310547
0.0026628971099853516
0.002688884735107422
0.002619028091430664
0.0026171207427978516
0.0026140213012695312
0.0025920867919921875
0.0026221275329589844
0.002578258514404297
0.002655506134033203
0.0026502609252929688
0.0026807785034179688
0.002588510513305664
0.002715587615966797
0.0026001930236816406
0.0027620792388916016
0.0026292800903320312
0.0026025772094726562
0.0026803016662597656
0.0026013851165771484
0.0025911331176757812
0.002587556838989258
0.0026328563690185547
0.002642393112182617
0.0026464462280273438
0.0026700496673583984
0.002584695816040039
0.002593517303466797
0.002629995346069336
0.0026617050170898438
0.002579927444458008
0.002661466598510742
0.0025725364685058594
0.002725362777709961
0.002562999725341797
0.002588987350463867
0.0025763511657714844
0.0027112960815429688
0.002723217010498047
0.002615690231323242
0.0025854110717773438
0.002652406692504883
0.002644062042236328
0.0026636123657226562
0.0025870800018310547
0.0026166439056396484
0.0026922225952148438
0.0026137828826904297
0.002686738967895508
0.0026662349700927734
0.002578258514404297
0.002702951431274414
0.002799510955810547
0.002580881118774414
0.0026035308837890625
0.002606630325317383
0.002629518508911133
0.0026464462280273438
0.002674102783203125
0.0026590824127197266
0.002593994140625
0.002725362777709961
0.002582073211669922
0.002660036087036133
0.0026013851165771484
0.002599477767944336
0.0026826858520507812
0.002594470977783203
0.00261688232421875
0.002590656280517578
0.0025937557220458984
0.0026814937591552734
0.0026814937591552734
0.0026247501373291016
0.002616405487060547
0.0026006698608398438
0.002651691436767578
0.002609729766845703
0.002595186233520508
0.002667665481567383
0.0027272701263427734
0.0026030540466308594
0.002606630325317383
0.0026895999908447266
0.0026111602783203125
0.0026619434356689453
0.0026769638061523438
0.002669811248779297
0.0027124881744384766
0.002741098403930664
0.0026187896728515625
0.00255584716796875
0.0026111602783203125
0.0026547908782958984
0.0026702880859375
0.002634286880493164
0.0026199817657470703
0.0026214122772216797
0.002689838409423828
0.002738475799560547
0.002664327621459961
0.0027000904083251953
0.0026557445526123047
0.002686023712158203
0.002637147903442383
0.0026607513427734375
0.0026175975799560547
0.0026092529296875
0.0027310848236083984
0.002721548080444336
0.0026221275329589844
0.0026946067810058594
0.002719402313232422
0.002676725387573242
0.002672910690307617
0.002646207809448242
0.002624034881591797
0.0028493404388427734
0.0027327537536621094
0.002774953842163086
0.002692699432373047
0.0030083656311035156
0.00274658203125
0.0026497840881347656
0.0026464462280273438
0.002824068069458008
0.0027191638946533203
0.002635955810546875
0.0026013851165771484
0.0026082992553710938
0.002650737762451172
0.002688884735107422
0.002608776092529297
0.0025832653045654297
0.0027086734771728516
0.0027561187744140625
0.0025980472564697266
0.0026564598083496094
0.0026950836181640625
0.0026450157165527344
0.0027146339416503906
0.002744436264038086
0.0025832653045654297
0.002590179443359375
0.0027647018432617188
0.002719879150390625
0.002670764923095703
0.0026786327362060547
0.0027599334716796875
0.002673625946044922
0.002681732177734375
0.0027022361755371094
0.0027170181274414062
0.0027620792388916016
0.0029006004333496094
0.0028314590454101562
0.002737760543823242
0.0026781558990478516
0.0027658939361572266
0.0027000904083251953
0.002667665481567383
0.002715587615966797
0.002709627151489258
0.0026504993438720703
0.0026950836181640625
0.002679586410522461
0.002765655517578125
0.002794027328491211
0.0026950836181640625
0.002657651901245117
0.0028226375579833984
0.0027790069580078125
0.0026662349700927734
0.0026569366455078125
0.0026640892028808594
0.002714395523071289
0.002838611602783203
0.0026946067810058594
0.0026912689208984375
0.0027115345001220703
0.0027077198028564453
0.002678394317626953
0.0026862621307373047
0.002743959426879883
0.002660989761352539
0.0027899742126464844
0.002572774887084961
0.002591848373413086
0.0026743412017822266
0.002699613571166992
0.0026144981384277344
0.002671480178833008
0.00263214111328125
0.0026581287384033203
0.002834320068359375
0.002688884735107422
0.002751588821411133
0.002659320831298828
0.002756834030151367
0.0027718544006347656
0.002688884735107422
0.0026900768280029297
0.0027055740356445312
0.0027375221252441406
0.0027780532836914062
0.002771139144897461
0.0026617050170898438
0.002779245376586914
0.0026543140411376953
0.002725362777709961
0.002637624740600586
0.0026204586029052734
0.002849102020263672
0.0025713443756103516
0.0027327537536621094
0.0026078224182128906
0.002825021743774414
0.0028061866760253906
0.0028510093688964844
0.0027971267700195312
0.002760171890258789
0.0027344226837158203
0.0027556419372558594
0.002743959426879883
0.0026662349700927734
0.0028710365295410156
0.002820253372192383
0.002701282501220703
0.0027396678924560547
0.0029642581939697266
0.0027921199798583984
0.0027823448181152344
0.002797365188598633
0.002701282501220703
0.002765178680419922
0.002834796905517578
0.0028467178344726562
0.0028295516967773438
0.0027129650115966797
0.002866029739379883
0.002880096435546875
0.0027937889099121094
0.002862691879272461
0.0029535293579101562
0.0028848648071289062
0.002830982208251953
0.002801656723022461
0.002931356430053711
0.002902507781982422
0.002729177474975586
0.0027434825897216797
0.0029621124267578125
0.002899169921875
0.0027191638946533203
0.002871990203857422
0.002866506576538086
0.003000020980834961
0.002710103988647461
0.002918720245361328
0.0029518604278564453
0.0030035972595214844
0.002723217010498047
0.0028655529022216797
0.0028820037841796875
0.0029420852661132812
0.0027828216552734375
0.0028786659240722656
0.0028743743896484375
0.0027399063110351562
0.0028421878814697266
0.0028498172760009766
0.0028700828552246094
0.0026845932006835938
0.0028951168060302734
0.002884387969970703
0.0028738975524902344
0.002729654312133789
0.0029723644256591797
0.002930164337158203
0.002836942672729492
0.0027341842651367188
0.0029015541076660156
0.0029516220092773438
0.0027604103088378906
0.0027213096618652344
0.0028967857360839844
0.0030279159545898438
0.002769947052001953
0.0028362274169921875
0.0028607845306396484
0.0029587745666503906
0.002813100814819336
0.0028083324432373047
0.0028967857360839844
0.003059864044189453
0.0027093887329101562
0.002819538116455078
0.002870321273803711
0.00281524658203125
0.002839803695678711
0.0029032230377197266
0.0029354095458984375
0.0029456615447998047
0.0027990341186523438
0.002879619598388672
0.0028798580169677734
0.002746105194091797
0.0026772022247314453
0.0029625892639160156
0.002734661102294922
0.002702951431274414
0.00274658203125
0.002811431884765625
0.0027399063110351562
0.0027060508728027344
0.002835988998413086
0.0027763843536376953
0.002799510955810547
0.002747774124145508
0.002826213836669922
0.0027511119842529297
0.002652406692504883
0.0027387142181396484
0.0027315616607666016
0.002569913864135742
0.00289154052734375
0.0026865005493164062
0.0026993751525878906
0.0026803016662597656
0.0028133392333984375
0.002726316452026367
0.0026559829711914062
0.002683877944946289
0.002675294876098633
0.0027663707733154297
0.0026564598083496094
0.0026667118072509766
0.002652883529663086
0.00269317626953125
0.0029675960540771484
0.003043651580810547
0.0029397010803222656
0.002734661102294922
0.0029740333557128906
0.003032207489013672
0.002900838851928711
0.0028023719787597656
0.0027892589569091797
0.0027599334716796875
0.002743244171142578
0.0026764869689941406
0.0026857852935791016
0.002988100051879883
0.0026819705963134766
0.002804994583129883
0.0027916431427001953
0.002811431884765625
0.0026831626892089844
0.0030176639556884766
0.0027391910552978516
0.0028197765350341797
0.00274658203125
0.002825498580932617
0.0028641223907470703
0.0028600692749023438
0.0028505325317382812
0.002778768539428711
0.002737760543823242
0.002779245376586914
0.002882242202758789
0.002691507339477539
0.0027382373809814453
0.0026895999908447266
0.0026865005493164062
0.0028090476989746094
0.0027053356170654297
0.0027675628662109375
0.0027523040771484375
0.0029184818267822266
0.002674579620361328
0.0027930736541748047
0.0026807785034179688
0.0026960372924804688
0.002749919891357422
0.0028450489044189453
0.0026547908782958984
0.0027010440826416016
0.0026845932006835938
0.0026824474334716797
0.0026710033416748047
0.002813100814819336
0.0026602745056152344
0.0027887821197509766
0.002652406692504883
0.002682209014892578
0.002650022506713867
0.0026934146881103516
0.002705097198486328
0.0026984214782714844
0.002715587615966797
0.002798795700073242
0.0027942657470703125
0.0026404857635498047
0.0028214454650878906
0.0028705596923828125
0.002858400344848633
0.002803802490234375
0.002718210220336914
0.002697467803955078
0.0026628971099853516
0.002722501754760742
0.002735614776611328
0.002694845199584961
0.0027344226837158203
0.0028541088104248047
0.002682209014892578
0.002765655517578125
0.0026454925537109375
0.002650022506713867
0.0028035640716552734
0.002796649932861328
0.002675771713256836
0.002656698226928711
0.0027120113372802734
0.0026917457580566406
0.0026612281799316406
0.0026483535766601562
0.002655029296875
0.002695322036743164
0.002650022506713867
0.002674579620361328
0.0026862621307373047
0.002716064453125
0.0027332305908203125
0.0028579235076904297
0.0027904510498046875
0.0026862621307373047
0.002955198287963867
0.002964019775390625
0.0029799938201904297
0.0028684139251708984
0.00290679931640625
0.002780437469482422
0.0027260780334472656
0.0028197765350341797
0.0026590824127197266
0.0027532577514648438
0.0026481151580810547
0.0026488304138183594
0.0026705265045166016
0.002752065658569336
0.0026378631591796875
0.002599954605102539
0.0026738643646240234
0.002608776092529297
0.0027031898498535156
0.0026865005493164062
0.002774477005004883
0.002805948257446289
0.0027625560760498047
0.002749919891357422
0.002707958221435547
0.0027189254760742188
0.0026617050170898438
0.0027031898498535156
0.0027513504028320312
0.0026547908782958984
0.002679109573364258
0.0027740001678466797
0.002852916717529297
0.0027587413787841797
0.0028562545776367188
0.0026977062225341797
0.002687215805053711
0.0026619434356689453
0.002717733383178711
0.0025849342346191406
0.0027222633361816406
0.0026366710662841797
0.0026330947875976562
0.002674579620361328
0.002680063247680664
0.0026884078979492188
0.0026679039001464844
0.00264739990234375
0.0028159618377685547
0.002670764923095703
0.002733945846557617
0.002618074417114258
0.002602815628051758
0.0026683807373046875
0.0028290748596191406
0.0026006698608398438
0.0025281906127929688
0.0025949478149414062
0.0026552677154541016
0.0026938915252685547
0.002555370330810547
0.002556324005126953
0.0025441646575927734
0.0026383399963378906
0.0026407241821289062
0.0025916099548339844
0.0025568008422851562
0.002583026885986328
0.002731800079345703
0.0027551651000976562
0.002666950225830078
0.002578258514404297
0.0026938915252685547
0.00269317626953125
0.0026848316192626953
0.0026679039001464844
0.0026695728302001953
0.002740144729614258
0.0026350021362304688
0.0026624202728271484
0.002591848373413086
0.0025768280029296875
0.002714395523071289
0.0025751590728759766
0.0026183128356933594
0.0026280879974365234
0.0026710033416748047
0.002684354782104492
0.0025877952575683594
0.0026760101318359375
0.0025815963745117188
0.002659320831298828
0.002602100372314453
0.0026454925537109375
0.0026292800903320312
0.002694368362426758
0.0028536319732666016
0.0026772022247314453
0.0027015209197998047
0.0027015209197998047
0.002662181854248047
0.002655506134033203
0.002668142318725586
0.0026445388793945312
0.002648591995239258
0.0028023719787597656
0.0026183128356933594
0.00266265869140625
0.0027112960815429688
0.002711057662963867
0.0026578903198242188
0.0026886463165283203
0.0026934146881103516
0.002668142318725586
0.002682209014892578
0.002650737762451172
0.0026471614837646484
0.0026688575744628906
0.0026941299438476562
0.0027451515197753906
0.0026836395263671875
0.0026900768280029297
0.002652406692504883
0.002706766128540039
0.0027430057525634766
0.002676725387573242
0.0027725696563720703
0.002689838409423828
0.0027077198028564453
0.0026693344116210938
0.002694368362426758
0.002686738967895508
0.002617359161376953
0.002700328826904297
0.002629518508911133
0.002645730972290039
0.002590656280517578
0.0027551651000976562
0.0026187896728515625
0.0026063919067382812
0.0026509761810302734
0.0026869773864746094
0.002825021743774414
0.0026662349700927734
0.0026395320892333984
0.0025780200958251953
0.0026161670684814453
0.0027539730072021484
0.0026006698608398438
0.0026683807373046875
0.00266265869140625
0.002660989761352539
0.002679109573364258
0.0025925636291503906
0.0026178359985351562
0.002672910690307617
0.002660036087036133
0.0026879310607910156
0.0026636123657226562
0.002596139907836914
0.0026426315307617188
0.002634286880493164
0.0025887489318847656
0.0026803016662597656
0.0026907920837402344
0.002711057662963867
0.002654552459716797
0.002593517303466797
0.0026252269744873047
0.002640962600708008
0.0026531219482421875
0.002594470977783203
0.002671480178833008
0.002736806869506836
0.002723217010498047
0.0027399063110351562
0.002667665481567383
0.002707242965698242
0.002801656723022461
0.0027947425842285156
0.002676725387573242
0.0026700496673583984
0.0026781558990478516
0.002712726593017578
0.0027091503143310547
0.0026655197143554688
0.0026807785034179688
0.002655029296875
0.002693653106689453
0.0026547908782958984
0.002665281295776367
0.002698659896850586
0.0026700496673583984
0.002762317657470703
0.0026674270629882812
0.0026650428771972656
0.0025937557220458984
0.0028290748596191406
0.002588033676147461
0.0026776790618896484
0.0026540756225585938
0.0026733875274658203
0.002679586410522461
0.002687215805053711
0.002695798873901367
0.002699136734008789
0.0027430057525634766
0.0027053356170654297
0.002666950225830078
0.0026161670684814453
0.002557992935180664
0.0026979446411132812
0.002702951431274414
0.0026106834411621094
0.0028100013732910156
0.0026636123657226562
0.002747058868408203
0.0026144981384277344
0.0026612281799316406
0.0027136802673339844
0.002727985382080078
0.0028467178344726562
0.0027527809143066406
0.0027265548706054688
0.002681732177734375
0.0027077198028564453
0.002710580825805664
0.0026628971099853516
0.0027353763580322266
0.0027227401733398438
0.0027544498443603516
0.002795696258544922
0.0026748180389404297
0.0028035640716552734
0.002694845199584961
0.0028252601623535156
0.0026938915252685547
0.0026662349700927734
0.002781391143798828
0.0026624202728271484
0.0027365684509277344
0.002679109573364258
0.0028328895568847656
0.0027434825897216797
0.002660989761352539
0.002778768539428711
0.0027484893798828125
0.0027799606323242188
0.0028297901153564453
0.0028100013732910156
0.0028378963470458984
0.002717733383178711
0.002713441848754883
0.002759218215942383
0.0027022361755371094
0.0026857852935791016
0.0027153491973876953
0.0026252269744873047
0.0026886463165283203
0.00278472900390625
0.0028104782104492188
0.002655029296875
0.0027604103088378906
0.002737283706665039
0.0026667118072509766
0.0027332305908203125
0.002727985382080078
0.0026633739471435547
0.0026602745056152344
0.0026247501373291016
0.0026400089263916016
0.002635955810546875
0.002638578414916992
0.002660989761352539
0.0026619434356689453
0.002713918685913086
0.002732515335083008
0.0026946067810058594
0.0026302337646484375
0.002695798873901367
0.0026023387908935547
0.002610921859741211
0.002642393112182617
0.0027005672454833984
0.002656221389770508
0.0026624202728271484
0.0027039051055908203
0.0027587413787841797
0.002716064453125
0.002626180648803711
0.002636432647705078
0.002672433853149414
0.0027077198028564453
0.0026712417602539062
0.0025823116302490234
0.002624988555908203
0.0025980472564697266
0.002730131149291992
0.002657651901245117
0.0026624202728271484
0.0026683807373046875
0.0026962757110595703
0.00261688232421875
0.002571582794189453
0.0025446414947509766
0.0026788711547851562
0.002651691436767578
0.002791881561279297
0.002613067626953125
0.0025992393493652344
0.0026085376739501953
0.0026662349700927734
0.0026531219482421875
0.0026662349700927734
0.0025968551635742188
0.0026955604553222656
0.002660036087036133
0.0025780200958251953
0.002744913101196289
0.002816438674926758
0.002858400344848633
0.002665281295776367
0.0026903152465820312
0.00267791748046875
0.0026450157165527344
0.002613544464111328
0.0027141571044921875
0.0026960372924804688
0.0026934146881103516
0.0026428699493408203
0.0026755332946777344
0.0026047229766845703
0.002595186233520508
0.002628803253173828
0.0026731491088867188
0.0026137828826904297
0.002616405487060547
0.002653837203979492
0.0026273727416992188
0.002718687057495117
0.0026798248291015625
0.002594470977783203
0.002621889114379883
0.0027341842651367188
0.0025784969329833984
0.002601146697998047
0.002655506134033203
0.0026323795318603516
0.0026426315307617188
0.0025877952575683594
0.0026171207427978516
0.002656698226928711
0.0026879310607910156
0.0026099681854248047
0.0025920867919921875
0.002691507339477539
0.002608060836791992
0.0027589797973632812
0.0027968883514404297
0.002610921859741211
0.0026001930236816406
0.002826690673828125
0.0026416778564453125
0.0027549266815185547
0.0026328563690185547
0.0027070045471191406
0.002735614776611328
0.002583742141723633
0.0026140213012695312
0.0027360916137695312
0.0025949478149414062
0.002663850784301758
0.002623319625854492
0.002613544464111328
0.002688169479370117
0.002783060073852539
0.0026025772094726562
0.002649068832397461
0.0025920867919921875
0.0026407241821289062
0.002673625946044922
0.002590656280517578
0.002587556838989258
0.0026967525482177734
0.0027053356170654297
0.002696514129638672
0.002681732177734375
0.0026464462280273438
0.002604961395263672
0.00267791748046875
0.0026061534881591797
0.0026426315307617188
0.002659320831298828
0.0026171207427978516
0.0027027130126953125
0.0026540756225585938
0.0026056766510009766
0.002665281295776367
0.002655506134033203
0.002557992935180664
0.0026547908782958984
0.0026149749755859375
0.002585887908935547
0.002714395523071289
0.002645254135131836
0.0026175975799560547
0.002666950225830078
0.002634763717651367
0.002653360366821289
0.0025970935821533203
0.0026807785034179688
0.002599477767944336
0.0026559829711914062
0.0026192665100097656
0.0026061534881591797
0.0025894641876220703
0.0027625560760498047
0.002695322036743164
0.0026531219482421875
0.0025925636291503906
0.002572774887084961
0.0026540756225585938
0.002619504928588867
0.0025839805603027344
0.0025691986083984375
0.0025789737701416016
0.002634763717651367
0.002556324005126953
0.0025768280029296875
0.0025768280029296875
0.002722501754760742
0.0027909278869628906
0.0026514530181884766
0.0025861263275146484
0.0026235580444335938
0.002696990966796875
0.0026998519897460938
0.002576589584350586
0.0025866031646728516
0.0026679039001464844
0.002701282501220703
0.0025866031646728516
0.0026416778564453125
0.002599954605102539
0.0026388168334960938
0.002675771713256836
0.0026106834411621094
0.002715587615966797
0.0027196407318115234
0.0027332305908203125
0.002695798873901367
0.0026292800903320312
0.0026655197143554688
0.002637624740600586
0.0026865005493164062
0.002700328826904297
0.0026819705963134766
0.0026144981384277344
0.0027518272399902344
0.002657651901245117
0.002686738967895508
0.0026993751525878906
0.002586841583251953
0.0026357173919677734
0.002679586410522461
0.0026934146881103516
0.0026433467864990234
0.002711772918701172
0.0027916431427001953
0.0026001930236816406
0.0026254653930664062
0.002599000930786133
0.0026209354400634766
0.0026895999908447266
0.0026581287384033203
0.002625703811645508
0.002652406692504883
0.0026879310607910156
0.002588033676147461
0.002622842788696289
0.0026404857635498047
0.0026755332946777344
0.0026781558990478516
0.002650737762451172
0.0026407241821289062
0.0025818347930908203
0.0027039051055908203
0.002647876739501953
0.0027055740356445312
0.002644062042236328
0.0026628971099853516
0.0027065277099609375
0.0026044845581054688
0.002691507339477539
0.0026144981384277344
0.0026807785034179688
0.0026781558990478516
0.002633810043334961
0.0025856494903564453
0.0026335716247558594
0.0026924610137939453
0.0025632381439208984
0.0025687217712402344
0.0025527477264404297
0.0027174949645996094
0.002738475799560547
0.002615690231323242
0.0026443004608154297
0.002592802047729492
0.002712726593017578
0.0026481151580810547
0.002755880355834961
0.0026946067810058594
0.00272369384765625
0.0029783248901367188
0.002752542495727539
0.0027933120727539062
0.002803325653076172
0.0028274059295654297
0.002895355224609375
0.0026619434356689453
0.0027756690979003906
0.002850770950317383
0.0027506351470947266
0.0028171539306640625
0.002820730209350586
0.0028200149536132812
0.0028133392333984375
0.0027174949645996094
