-1.245575385784624700e+01 -6.420508089309734601e+00 -1.951298559843721492e+01 -1.705347491439253815e+01 -3.134956542124733403e+00 -1.279020432002774932e+01 -1.083086107583114099e+01 -8.407295790066466878e+00 1.173164231469516849e+01 -9.915491986951829873e+00
1.632430764756486496e+01 4.209566634175352817e+00 -2.123890129706261121e+00 -6.579035978969510978e+00 7.664792068283045268e+00 5.466993617211691969e+00 -1.027685316842626762e+01 5.768976252975370755e+00 1.943200705659384653e+01 -1.535398983843358600e+01
5.061703960779837530e-01 2.621892580253657457e+00 1.478168988036245679e+01 -5.081407872885037591e+00 6.013266116970882535e+00 -1.846260529007198414e+01 6.657357610708352524e+00 1.314007202573492350e+01 9.782371432097512809e+00 1.741399135464789794e+01
-1.190903828881934245e+01 6.735945770395726839e+00 -2.974333077982649343e+00 4.132149352112612917e+00 -5.746522180193425200e+00 -1.191167063411559646e+01 -2.548597887919662242e+00 -3.968591147190711155e+00 1.129379807642385458e+01 8.413715478232283829e+00
1.846157158528779973e+01 2.336461537595582172e-01 4.433632001439889336e+00 -1.959650547780701046e+01 -2.828065257088319129e+00 1.456683538811608969e+01 1.065233986719603365e+01 1.413692592685173111e+01 6.027959086449037329e+00 -1.014160986871951664e+01
-1.976075546708188568e+01 -4.514998298619925521e+00 1.210619746620741921e+01 -1.368858422317721235e+01 1.808947600121970822e+01 -7.239168323454556742e-01 9.312846790330851832e+00 7.762080445555227470e+00 -6.943844170168166130e+00 7.921390291605412415e-01
-1.348139124931208244e+00 1.446103265205432820e+01 -1.133823172138167834e+01 1.265533481972183694e+01 1.389968665374971835e+01 -1.389157696007882947e+01 1.088277186463552226e+01 -4.269280424223964587e-01 3.473718404919448943e+00 4.275343046280806192e+00
-4.762937264985893648e-01 -7.645440241382921442e+00 -1.390446078840858135e+01 -1.877571101807284393e+01 7.304626143053170040e-01 1.316658480472032977e+01 -1.094414405096358678e+01 1.587231362379512234e+01 1.954618401198172251e+01 2.479354797602731253e+00
1.212434963482886019e+01 -6.646330027101452487e+00 -1.681171706528766663e+01 8.390861891878493850e+00 -9.764028086385900806e+00 -1.842253336171062017e+00 -1.391250062892073558e+01 1.280879304304204425e+01 -1.992127107089823568e+01 1.893307832703313665e+01
1.145557454305349054e+01 1.084887695627820392e+00 -3.861509515569530038e-01 -8.894595319582521142e-01 -3.360859221120158224e+00 1.037577282170714454e+01 2.337301884418906184e+00 1.512620163334597834e+01 9.484073094529446024e+00 -1.963767020696401744e+01
6.694596089705449060e-01 -1.331046931466547179e+01 1.529135839886704673e+01 -8.986185765191718744e+00 -1.044263082225468509e+01 -1.278335119674718712e+01 2.693535576591145286e+00 -1.644794988377086042e+00 1.500972303562119947e+01 1.281943863195562727e+01
4.150475798412649908e+00 -1.439453182218466054e+01 8.038355713981282236e-01 3.631450157808018275e+00 -6.043767667902173457e+00 5.152022596311162772e+00 3.131437848483447084e+00 1.213426201544254468e+01 7.449966361469897436e+00 1.507461511190724934e+01
-3.374990886572497573e+00 -7.900892213683054166e+00 -7.828586235350091016e+00 -4.844184627718405523e+00 -1.962101900944672295e+01 1.989099331171119189e+01 -1.127886695765010572e+01 4.063664141468265711e+00 1.606514014478416641e+01 -5.281766805726672231e+00
1.374646536695237131e+01 2.112566666863088471e+00 -6.499730380930532903e+00 -1.281369881051963588e+01 -1.724740459879310350e+00 -6.170629986037736714e+00 -3.258198916946966506e+00 6.489411046648449144e+00 -1.588002499685617153e+01 7.578538806087781410e+00
1.969323948308582573e+01 1.514165753086501098e+01 -1.338466584287285599e+01 -3.713075081884362305e+00 4.210416221321622743e+00 4.082656620622280741e+00 1.440784619410506195e+01 -1.875766658170887524e+01 -1.905514919555952957e+01 1.373485276933892862e+01
5.976866447459880050e+00 1.496057055087050003e+00 -1.714782741967466961e+01 5.228121180359963205e+00 -1.109567967742770023e+01 -5.595913808598869110e+00 7.072778492107197224e+00 -1.051369240830112872e+01 -1.947202540448609653e+01 1.636429661354678444e+01
-1.810056977167008085e+00 1.035237639015140232e+01 -8.715433008058166564e+00 -1.861812667261612120e+01 -6.252859164733038710e+00 1.411991834827873760e+01 -1.225754174457365764e+01 1.803650435181886280e+01 -8.260773276073919646e+00 7.250817194021298207e+00
-6.086142617106634845e+00 1.303339751030207339e+01 -1.293226487178755768e+01 -1.263801104456341307e+01 6.376492360933777803e+00 -1.146670794654628622e+00 -5.678361232951978366e-01 9.049884324684459358e+00 -1.998289392388807073e+01 -2.761228251675529322e+00
2.038477023953468859e-01 1.463433917499025227e+01 -9.929901746653865047e+00 9.388553118211106607e+00 -4.224949971740876720e-01 -2.225010605967852939e+00 -1.090424391776164015e+01 1.512146317388915406e+01 8.685576097364084092e+00 -1.747705689173505306e+01
-9.273789056286588561e+00 -9.894082429026230585e+00 1.066302216281744109e+01 5.641643431469756109e+00 -1.507313600982644530e+01 -5.549906456290605306e+00 -1.733461088777199066e+01 -4.892836389642752692e+00 -5.072990972564515033e+00 3.560272262140728117e+00
1.965216576061016696e+01 6.391706950918383257e+00 -6.504933998231994252e+00 3.706734141215584089e+00 1.681974198872124049e+01 -1.146470182603849253e-01 1.616277629302396690e+01 -5.392669351561618640e+00 1.109918629176779348e+01 -6.073021319413491881e+00
-1.695351716593732050e+01 3.697309141527451715e+00 -5.880401310296852202e+00 1.833840807441750087e+01 -4.324843482853788501e+00 1.337792383626555193e+01 -4.819718683790634728e+00 1.132164342318734640e+01 -1.417333571140886761e+00 -4.565071310663428861e+00
-8.259853312229680000e+00 -3.348963664735006063e+00 -5.983629185030178377e+00 -9.008738999577850848e+00 1.609800915551178946e+01 -1.904279788252010164e+01 2.872690789374367171e+00 -8.854447565934204789e+00 1.782578588481990067e+01 -1.843174732806816962e+01
1.305805937309693832e+01 1.223067709046929963e+01 -1.730870538580509788e+01 1.924851046981001446e+01 -5.490487872599047137e+00 -1.582391208906830826e+01 -8.274641398197012165e+00 -1.004537834019203402e+01 -1.752322240440015833e+01 -1.471131136909691328e+01
1.295457675633124950e+01 -6.707726484705123227e+00 -1.959775976860382229e+01 4.576836809533332939e+00 1.888261829212422072e+01 3.284443075743016749e+00 1.554177303967707502e+01 -1.613218088819868967e+01 1.448698921996601285e+01 1.712207969498886939e+01
1.881082142432958193e+01 1.970970743278581239e+01 8.605918851819840398e+00 -1.445891924084970270e+01 1.529615634565237769e+01 9.735583415594764034e+00 -1.709542078070965587e+01 -1.589020192499400963e+00 -1.129759626445029141e+01 9.745990989118670456e+00
-8.935723830151673042e+00 -1.147752098903577078e+01 7.009748089557486850e+00 9.718560894270407147e+00 1.808027104808020624e+01 -1.950359670383399902e+01 1.237325968089928097e+01 -1.933840995546623276e+01 8.672990338650738096e+00 -8.330472634728266712e+00
1.422504998304213331e+01 -1.390749324373746632e+01 -1.832059546093351798e+01 -1.062235857176215603e+00 5.621767626931074346e+00 6.148331166433802508e+00 -1.457978930383601934e+01 5.046633373734810135e+00 1.916370006767049716e+00 1.332548937554024349e+01
1.294441755224116974e+01 -4.837873866721306371e+00 1.585273595832688187e+01 9.058732496609987805e+00 5.019370586178105498e+00 -3.180675860904585761e+00 2.075466006042717027e+00 4.894519897517255913e+00 -1.995058269844429333e+01 1.477480529715296598e+01
8.380734120268009235e+00 -8.642604154995932930e+00 -8.830376808954515155e+00 -1.592491590670987556e+01 1.167633585640125204e+01 -1.646117758810159870e+01 1.197146904392319655e+01 1.505739039565134618e+01 -3.830465345661735910e+00 -1.036936267882138196e+01
9.909394512603668659e+00 1.362571489952360082e+01 -1.050149842026655378e+01 -1.729478036206094771e+01 1.042128150344619897e+01 1.553291700245608808e+00 -4.461493579332302062e+00 -1.393147169732749546e+01 -1.986744278871978509e+01 -1.312942384241566174e+00
-1.009448109733199317e+01 -9.803131389860425315e+00 8.622070299172520436e+00 -3.189080531701815602e+00 1.961397026242095620e+01 -2.396895556808111394e+00 8.673970074685506404e+00 6.537776252099732233e+00 -1.550414867455600643e+01 9.623331583930028188e+00
6.480000311721809680e+00 1.657708317231864470e+01 1.046601763362616566e+00 -1.262616399497407116e+01 1.705726107425289229e+01 -1.339811465001403690e+00 -1.901107698519584233e+01 1.342727765430559117e+01 7.220107873287048506e+00 1.589659655421409212e+01
-6.967714899216300495e+00 5.894373023014981783e+00 1.359015042003652241e+01 4.365379448965228448e+00 5.746759383680984712e+00 -5.711584013152553041e+00 -4.955294298089913951e+00 -4.564474682599755084e+00 -1.379681133384552894e+01 -1.006421615515993651e+01
7.936939888474579874e+00 -1.588200800930984258e+01 -1.065274716916674969e+01 -4.050752386958373918e+00 -1.273456295129016702e+01 -1.119645006277361432e+01 -1.665125669957566501e+01 -8.906171358498857771e+00 -6.313320411857326064e+00 1.735211352934570073e+00
-3.886075641732816166e+00 1.014099609184908957e+01 1.497207937164020564e+01 -1.075526590949947092e+01 7.998675708178026866e+00 -7.097505816995948180e-01 -5.316720588910230916e+00 8.194234738052017519e+00 -1.806873950939011308e+01 -5.893800286541752698e+00
2.760007519640307549e+00 -6.723650387000068562e+00 6.794730724971497438e+00 -1.406009089386375166e+01 8.621320789154701458e+00 -2.711307303174578465e+00 1.368402793408790785e+00 -4.349492193361740533e+00 -1.156447080870966460e+01 -2.932165713767687976e+00
-4.334417549036881923e+00 -9.695022486283546570e+00 -1.485609858235794078e+01 -9.837154883241495895e+00 1.990076482910937017e+01 -2.766782646044205762e-01 1.889924171916644724e+01 1.040174378372448416e+01 1.142292025171624203e+01 -1.645447032486917038e+01
-1.619933384651940500e+01 -1.886719776609383814e+01 -1.794868130202502954e+01 6.112513434029388293e+00 -1.045189606656726866e+01 7.825957518683274827e+00 -9.275108460995436843e+00 -9.616029644591318259e+00 -7.566424204077030424e+00 7.181556786662145697e+00
1.638856897733180062e+01 -2.810446295694333685e+00 8.050111362550552485e+00 4.349295851819157122e-01 -1.475631298202271680e+01 -1.464832627895238915e+01 1.707248455610312021e+01 1.674746929433647580e+01 -1.186575075038262206e+01 3.701166074129318417e-01
1.719387350051823660e+01 1.564667795419472895e+01 2.817691946562042915e+00 8.952631758611119039e+00 1.154383643517611446e+01 1.792561557819706763e+01 -1.642971927672366661e+01 1.643139678019976913e+01 -7.089558425906439254e-01 -1.974135529093378238e+01
-9.952419224555049126e+00 1.192735307481892804e+01 -1.178542583015216394e+01 1.839526597896035298e+01 -1.896788851595374581e-01 -1.234541849158987148e+01 -1.809254202275876722e+01 -1.820044849847937130e+01 -1.683755044190068162e+01 -5.706524783712216831e+00
-1.585292497419237634e+01 -1.749446230292294047e+01 1.979769156617877002e+01 -5.961830909976541193e+00 1.458989657714413823e+01 -9.891909101412718286e+00 6.566727836941200991e+00 -8.103662625087117988e+00 -1.217981713322910942e+01 -1.400750000068827461e+01
1.756253840007873634e+01 4.563810287586985481e+00 6.822879356680022767e+00 -1.506872188753926700e+01 -6.420302661959400581e+00 3.310011292434602126e+00 1.542603455036076099e+01 7.122360139962793824e+00 -3.748612866702170976e+00 -1.592194112879832346e+01
6.473853042784114109e+00 -1.305243975804695644e+01 3.615268352460137891e+00 1.633585240789400927e+01 6.786201994476321886e+00 -9.889125817462849355e+00 -7.113124040566511042e+00 1.371319542067138286e+01 -6.302345273785450175e+00 5.292614774279034151e+00
1.356265777553158358e+01 1.132019350987683737e+01 -2.523764438927784681e+00 3.198407373726652736e-01 1.758352663463617205e+01 -1.728226564621612482e+01 -1.280838481537893614e+01 -4.594121551258725233e+00 1.854055791717492241e+01 1.450607977089203615e+01
5.071441266308973184e+00 1.994648088599026892e+01 1.992197713837522599e+01 6.459105850894996337e+00 -2.756216763790678925e+00 -1.272061700060532097e+01 -1.062181896332969444e+01 1.996055315806325581e+01 -4.673390737312686838e+00 -7.540711605344231572e+00
1.408619387736769824e+01 -1.694808758917480418e+01 -5.769063964242310050e+00 1.817592816003207190e+01 -1.102691328329726161e+01 -1.324640143512844404e+01 -1.299043628405022943e+01 -1.893506724167974653e+01 -1.802777771734113799e+00 2.068650689230224771e+00
2.339222045621220047e+00 -1.934193434915316345e+01 1.667400248386785222e+01 -1.238028575739918757e+01 9.619754841358698627e+00 -7.774695767451010653e+00 -1.622785858661150371e+01 -1.586927668420733539e+01 -1.409911857745059649e+01 -1.994608458059408562e+01
1.747050671749822470e+01 1.734245188552511507e+01 1.615665068151017891e+01 -9.752618795245858507e+00 1.612229505909202487e+01 -1.874825579263980302e+00 1.809504095688691194e+01 -4.535369282995912243e+00 1.918051981627355929e+01 4.991588315764587946e-01
