17.589105103503286
17.589105103503286
17.588616899045757
17.588616899045757
17.57368357831673
17.57353769870514
17.573467602437766
17.573467602437766
17.573467602437766
17.573307273705684
17.573307273705684
17.56658471902891
17.56658471902891
17.56500853276908
17.342241690437678
17.342241690437678
17.34126370898198
17.038035513620088
17.038035513620088
17.038035513620088
17.038035513620088
16.838203488288343
16.828208787637493
16.828208787637493
16.819157852008377
16.477188734982224
16.477188734982224
15.735460249051524
15.69731475788166
15.65689575173313
15.65689575173313
15.645933467731236
15.247411656544585
15.247411656544585
15.246510209443086
15.246360778481318
15.246360778481318
15.239815769484304
15.233555025730695
15.191918839289404
15.19040172369569
15.047410840435099
15.032685430764808
15.031394496686254
15.031394496686254
15.031394496686254
15.031394496686254
14.795281030235824
14.795017459031854
14.795017459031854
14.792750739816444
14.21247433372889
14.21247433372889
14.20484359337985
14.204455792153091
14.197755274570412
14.197755274570412
14.19608886479615
14.19608886479615
14.19608886479615
14.195928521842163
14.162110185163346
13.521862750530206
13.520214337554345
13.520214337554345
13.441083901761267
13.44054851203159
13.44054851203159
13.44054851203159
13.43701991858719
13.43701991858719
13.324119406558669
13.306281789181515
13.30172746658775
13.30172746658775
13.30172746658775
13.30172746658775
13.30172746658775
13.293285694664535
12.959099315896896
12.81651768374129
12.81651768374129
12.81651768374129
12.81651768374129
12.81651768374129
12.81651768374129
12.81651768374129
12.81651768374129
12.81531119335264
12.81531119335264
12.81531119335264
12.812546200008295
12.812546200008295
12.805188570996016
12.805188570996016
12.805099725689347
12.803704895551284
12.803704895551284
12.79967644393836
12.79967644393836
12.798461720495059
12.798461720495059
12.798461720495059
12.798461720495059
12.76895743186358
12.510773059896591
12.51023413401393
11.942342174051378
11.93902779045837
11.895892662985926
11.221597653572266
11.221597653572266
11.221557590466661
11.220727944480734
11.220727944480734
11.220727944480734
11.220449658176053
11.220449658176053
11.214588570679698
11.214588570679698
11.211312709281117
11.2111897147842
11.211182990389252
11.20876604613836
9.331739157865055
9.318312304819585
9.318312304819585
9.318312304819585
9.312511694598099
9.304650256294812
9.30456907301324
9.30456907301324
9.30456907301324
9.3016703812048
9.3016703812048
9.3012185213092
9.301039908499838
9.301039908499838
9.301039908499838
9.292599186338887
9.287149893373195
9.287149893373195
9.287093064808538
9.287093064808538
9.287093064808538
9.287093064808538
9.284261240324806
9.010729031311067
8.86383129000656
8.823573491317367
8.658442299425714
8.641347815417848
8.64049268815285
8.6374593723117
8.636483573395958
8.39937610489066
8.398228188495194
8.398228188495194
8.33862074105563
8.33862074105563
8.310967652854043
8.31068512963354
8.31068512963354
8.304870975263444
8.034627995233484
8.03346793109988
8.03346793109988
8.032881968092914
8.032881968092914
8.032815379403747
8.026253393050002
7.661804307207676
7.454015771076373
7.453759646796119
7.453759646796119
7.4498571792511665
7.4498571792511665
7.439408549651208
7.439408549651208
7.439408549651208
7.415676326057294
7.407193847002446
7.150991454051013
7.150991454051013
7.137937001433812
7.137937001433812
7.134047370938115
7.107845316440205
7.106126561688889
6.88302271970066
6.880291693048868
6.871980537954936
6.871980537954936
6.857170358180543
6.856045322567269
6.848404590374191
6.6839926923215245
6.6839926923215245
6.673394712328129
6.633891816233957
6.359628183317984
6.359628183317984
6.359628183317984
6.3579849507829955
6.357830835334996
6.357830835334996
6.357830835334996
6.357830835334996
6.347675334904482
6.34434600390896
6.34434600390896
6.288344133711503
5.698548072603108
5.6982342713331455
5.686592419134449
5.6863062117407
5.68604599301697
5.681416765248677
5.6782031930209556
5.675969521792794
5.674058662664869
5.673429306484758
5.6732041093502374
5.6732041093502374
5.6732041093502374
5.6726427821800804
5.671405964128137
5.665279926643146
5.576578794971484
5.574765818486949
5.570861060895407
5.568970956162419
5.568970956162419
5.568970956162419
5.568970956162419
5.5551701941851395
5.5551701941851395
5.5551701941851395
5.493131807478639
5.394802464157122
5.394802464157122
5.394802464157122
5.392286579180791
5.390221443189471
5.390221443189471
5.390141317724689
5.3889302432192245
5.3889302432192245
5.388335912135055
5.388335912135055
5.388335912135055
5.388335912135055
5.383496675720867
5.175198918121811
5.168306425911407
5.168306425911407
5.166373177651334
5.164858143116252
4.921846139247446
4.916883648283857
4.916883648283857
4.913291651698028
4.913092023583239
4.909432310751111
4.9060360646171866
4.897263692302911
4.897263692302911
4.897263692302911
4.811791078594727
4.804238624227203
4.7993859483169174
4.7993859483169174
4.796005994881799
4.794847907656894
4.794847907656894
4.794847907656894
4.790945354223542
4.790945354223542
4.765104673891429
4.765104673891429
4.627333839554218
4.627333839554218
4.622046691169704
4.622046691169704
4.622046691169704
4.622046691169704
4.622046691169704
4.622046691169704
4.622046691169704
4.622046691169704
4.622046691169704
4.616733089860368
4.616733089860368
4.616733089860368
4.612471514520763
4.612471514520763
4.611327280682936
4.611327280682936
4.611327280682936
4.610749322803134
4.610749322803134
4.609396862285248
4.407134014323869
4.3854083203808045
4.38463624932578
4.382348929005239
4.328351350648017
4.243795795481422
4.21279034042464
4.065383281663269
4.065383281663269
4.044062468140073
4.041788044627122
4.041788044627122
4.039004290823037
4.039004290823037
4.039004290823037
4.039004290823037
4.0345809826281
3.9141092735219303
3.9141092735219303
3.9141092735219303
3.9141092735219303
3.9141092735219303
3.9110264465516273
3.900538811070021
3.891471448125916
3.891471448125916
3.8884330706129724
3.8884330706129724
3.881136186060438
3.87980675186488
3.87980675186488
3.87980675186488
3.87980675186488
3.867038829294845
3.8662456606180555
3.8662456606180555
3.855158381386623
3.851240395546032
3.851240395546032
3.851240395546032
3.8496779900720632
3.8496779900720632
3.8493247794337755
3.8414162769133497
3.8414162769133497
3.8414162769133497
3.806185158069578
3.806185158069578
3.806185158069578
3.806185158069578
3.8035971796017307
3.8035971796017307
3.798151692660948
3.7855717163538394
3.7855717163538394
3.7735801853520172
3.696676714706129
3.696676714706129
3.685598113140248
3.5938129227062703
3.592491584874967
3.592491584874967
3.592491584874967
3.592491584874967
3.592491584874967
3.5551122363700465
3.5230736014961295
3.5230736014961295
3.5230736014961295
3.517280141619409
3.517280141619409
3.5167106921154243
3.5139822107455494
3.469532157035683
3.280229949794716
3.280229949794716
3.280229949794716
3.279721409901839
3.279721409901839
3.279721409901839
3.2758530286753604
3.2618238970684246
3.232036998265748
3.2318024304531257
3.2318024304531257
3.2318023459042173
3.2310382711959633
3.228572323287299
3.2281616009671623
3.2281616009671623
3.2248121100822793
3.223171110419859
3.2181778219559405
3.2181778219559405
3.2181778219559405
3.217998217203558
3.20001454771198
3.1763143675907948
3.175061166470055
3.175061166470055
3.175061166470055
3.1333637893907706
3.1274034032957587
3.1274034032957587
3.1274034032957587
3.1274034032957587
3.1274034032957587
3.1216341140862944
3.1216341140862944
3.1206358827402454
3.1137185463274335
3.1137185463274335
3.1137185463274335
3.10444037596805
3.10444037596805
3.0567201892119975
3.0567201892119975
3.022621060879409
2.99930434763942
2.99930434763942
2.9990376762000217
2.995502075821669
2.972729392933818
2.9727127445037773
2.9707478127848397
2.9589295980581873
2.9589295980581873
2.935607426374194
2.934396786620354
2.934396786620354
2.934396786620354
2.9338247996443556
2.9037097370473077
2.9037097370473077
2.9037097370473077
2.8915890423564363
2.8915890423564363
2.7676864343806464
2.7560500323378996
2.7560500323378996
2.7560500323378996
2.7337507543919095
2.7309308096854714
2.7270467403725966
2.726634184315891
2.726634184315891
2.726634184315891
2.72244866863851
2.5688127046324887
2.5688127046324887
2.5589420993060052
2.5589420993060052
2.5589420993060052
2.5589420993060052
2.556574000602545
2.556574000602545
2.556574000602545
2.5542042413175885
2.5542042413175885
2.5538698828392015
2.5478713686059855
2.5473078527482684
2.5473078527482684
2.546280976032616
2.546280976032616
2.546280976032616
2.5090958444354605
2.500049820206865
2.4965904379846435
2.4958404914585373
2.4958404914585373
2.4958404914585373
2.4533332116387747
2.4533332116387747
2.4533332116387747
2.4463649177792988
2.4408058838653375
2.350872425003754
2.3038153004679174
2.2320095371168946
2.2320095371168946
2.2042427154796727
2.199961827332306
2.109523600950162
2.105298507226742
2.105298507226742
2.103799362970296
2.103799362970296
2.103799362970296
2.103799362970296
2.0976525054934747
2.0913252320706093
2.0913252320706093
2.0913252320706093
2.087940521424237
2.087940521424237
2.0701637706089357
2.0701637706089357
2.0701637706089357
2.0701637706089357
2.0701637706089357
2.0701637706089357
2.0550387476046446
2.0550387476046446
2.0550387476046446
2.04576422193605
2.0235679673778435
2.021758206660653
2.021758206660653
2.0167249942651466
2.0018939073788538
2.0018939073788538
1.9956595960212091
1.9956595960212091
1.9859575633701105
1.9804605004538551
1.976099826347511
1.976099826347511
1.968148180581565
1.9483290753725235
1.9483290753725235
1.9483290753725235
1.9218947986107224
1.8313480433487186
1.8313480433487186
1.8313480433487186
1.7380052856837835
1.6959284724387302
1.6927051227298833
1.690913483178342
1.6827189685437496
1.6825168536841275
1.6825168536841275
1.6825168536841275
1.6796302520815765
1.5653069185758959
1.5653069185758959
1.5653069185758959
1.5653069185758959
1.5200005947109965
1.5188774002970256
1.4695001607583507
1.4695001607583507
1.4286639855023822
1.3604719048676408
1.3604719048676408
1.3525715385502153
1.344337988091052
1.3254371509143823
1.3116447194987515
1.3116447194987515
1.3116447194987515
1.309646525691221
1.2046871680170774
1.2046871680170774
1.2046871680170774
1.203989690473339
1.172275222319076
1.172275222319076
1.172275222319076
1.1693495728789998
1.1689088887698134
1.166474531022189
1.0692690133313327
1.0381437862550058
1.0381437862550058
1.0123411181640662
1.0121780577814086
1.0113809255694868
1.0098900263926716
1.0088133679584814
1.0088133679584814
1.0088133679584814
1.0073143619500193
1.004091075123867
1.004091075123867
1.004091075123867
0.9989836637645766
0.994664766802277
0.994664766802277
0.8333643437051563
0.750677704315514
0.7504040069254998
0.7504040069254998
0.7394307776391358
0.7270145697524839
0.725920583090911
0.679814963473163
0.6795154168195872
0.6795154168195872
0.6700288865056407
0.6655079965892661
0.6655079965892661
0.6655079965892661
0.6648285528039537
0.6648285528039537
0.6648285528039537
0.6648285528039537
0.6466327598622961
0.6424761069612401
0.6263758761798677
0.6257718192939201
0.6240308997343647
0.613615959281784
0.6063339843240882
0.6063339843240882
0.5882790864247411
0.5882790864247411
0.5839532782106929
0.567202448238902
0.567202448238902
0.567202448238902
0.5588692355404064
0.5359826124456504
0.5359826124456504
0.5359826124456504
0.518376707598911
0.5183182442367773
0.5183182442367773
0.5172081574038678
0.5172081574038678
0.5154213581735156
0.49523552898067535
0.46472284359261096
0.44693349098960056
0.44693349098960056
0.44693349098960056
0.41433131647906407
0.38948628526920004
0.38948628526920004
0.38848320164658645
0.38848320164658645
0.38848320164658645
0.3880725021630127
0.3880669946297637
0.3880669946297637
0.3566123245980606
0.34696122884021463
0.34696122884021463
0.34647517748729584
0.34647517748729584
0.34647517748729584
0.34647517748729584
0.34647517748729584
0.3464367774985462
0.3464367774985462
0.3408116727878756
0.32363038193447835
0.3235910552252612
0.32245595985772724
0.32245595985772724
0.32245595985772724
0.32245595985772724
0.318602774247033
0.31367405624666844
0.3135227000789733
0.29639256999743324
0.29639256999743324
0.2947444027972814
0.2947444027972814
0.2935612167860846
0.28342817073087545
0.27877268034205116
0.27877268034205116
0.2645787732910989
0.2579062827089196
0.25061937477627083
0.2487952500429067
0.24574890882622924
0.24163497337113427
0.24163497337113427
0.24030791555879105
0.22838168928638325
0.21797146920516042
0.21797146920516042
0.21797146920516042
0.21797146920516042
0.21797146920516042
0.21715285436366472
0.21665808635426842
0.21665808635426842
0.21665808635426842
0.21566776021916922
0.20654591206179163
0.1822551582341312
0.1822551582341312
0.17917097413277716
0.17917097413277716
0.17415097101449106
0.17415097101449106
0.17415097101449106
0.17415097101449106
0.1695064768319554
0.16174014964042271
0.15860844366189397
0.15860844366189397
0.1579670602959986
0.14702248592730172
0.14702248592730172
0.14304416811408416
0.13249748821590046
0.13187967629713526
0.13187967629713526
0.13187967629713526
0.13140450355730593
0.12612823076291235
0.12513470529182769
0.12289230167129261
0.11892775552345114
0.1057143149874058
0.10331858130902205
0.10149661959596301
0.09911917764481615
0.09911917764481615
0.09609676295968228
0.09609676295968228
0.09609676295968228
0.09609676295968228
0.09609676295968228
0.09609676295968228
0.09609676295968228
0.09609676295968228
0.0937597389410989
0.0937597389410989
0.0937597389410989
0.0937597389410989
0.0937597389410989
0.08957607765754005
0.08905058719161474
0.08827710959511847
0.07735256512846078
0.07470478433337036
0.07411560021305874
0.07411560021305874
0.07411560021305874
0.07411560021305874
0.07379680791755305
0.07197336803564625
0.07197336803564625
0.07197336803564625
0.07197336803564625
0.07197336803564625
0.07188250841626243
0.0718132867304675
0.0718132867304675
0.06124240064430708
0.05855375708722477
0.05825616979072379
0.05825616979072379
0.05825616979072379
0.05825616979072379
0.05825616979072379
0.05825616979072379
0.05825616979072379
0.05601428375417683
0.05601428375417683
0.05601428375417683
0.05601428375417683
0.05294712390977807
0.05257308307745845
0.052395701603579425
0.052395701603579425
0.04915553950469942
0.04736462584175172
0.04701655877592259
0.04701655877592259
0.04586816518987291
0.040898444425561564
0.040898444425561564
0.03985122029649091
0.03985122029649091
0.038776321231758004
0.038776321231758004
0.038776321231758004
0.03854300823021006
0.03854300823021006
0.03854300823021006
0.03814650650673812
0.036688883579831355
0.036688883579831355
0.036635043485123475
0.03540552912730277
0.03420298348385131
0.03420298348385131
0.03420298348385131
0.03420298348385131
0.03356052159803724
0.03356052159803724
0.03356052159803724
0.03259082919863587
0.03219651838409732
0.031999491178979156
0.0316477251538565
0.02867852707799301
0.02867852707799301
0.02867852707799301
0.02867852707799301
0.02867852707799301
0.02867852707799301
0.02867852707799301
0.02867852707799301
0.024618462316087886
0.024618462316087886
0.024618462316087886
0.024618462316087886
0.024618462316087886
0.024618462316087886
0.024618462316087886
0.024618462316087886
0.024618462316087886
0.024618462316087886
0.024618462316087886
0.022242825298864233
0.02199824801173378
0.02199824801173378
0.02199824801173378
0.02199824801173378
0.02199824801173378
0.017225727826588155
0.017225727826588155
0.017225727826588155
0.017225727826588155
0.017225727826588155
0.017225727826588155
0.017225727826588155
0.017117079233450738
0.017117079233450738
0.01701373433085962
0.01701373433085962
0.01701373433085962
0.01701373433085962
0.01701373433085962
0.016857234614167993
0.016857234614167993
0.016857234614167993
0.016857234614167993
0.016857234614167993
0.015872407839403024
0.014809959781331372
0.014809959781331372
0.014809959781331372
0.014809959781331372
0.014809959781331372
0.014809959781331372
0.014809959781331372
0.014809959781331372
0.014809959781331372
0.014809959781331372
0.014809959781331372
0.014732347598535256
0.014732347598535256
0.014499552137728244
0.014499552137728244
0.014487599788800765
0.014334768889916916
0.014334768889916916
0.014334768889916916
0.014334768889916916
0.01410344950995679
0.013351618136908883
0.013351618136908883
0.013351618136908883
0.013351618136908883
0.013213547916809176
0.013107677769365722
0.013107677769365722
0.013107677769365722
0.013107677769365722
0.013107677769365722
0.013107677769365722
0.011733009562249208
0.011340538146072277
0.011340538146072277
0.011289097059982822
0.011289097059982822
0.01094157600611112
0.01094157600611112
0.01094157600611112
0.01094157600611112
0.01094157600611112
0.01094157600611112
0.010388108660496442
0.010100517755308402
0.009889204855202394
0.009889204855202394
0.009889204855202394
0.009889204855202394
0.00987306663129317
0.009712175546674473
0.009688262250207913
0.009688262250207913
0.009688262250207913
0.009377936099408402
0.009377936099408402
0.009377936099408402
0.009377936099408402
0.0092658864114874
0.008530834741947046
0.008356645394709261
0.007376580080880046
0.007376580080880046
0.007376580080880046
0.007376580080880046
0.007376580080880046
0.007376580080880046
0.007270430481156609
0.007270430481156609
0.007254877915233493
0.0071906930028937666
0.006667768507607974
0.006667768507607974
0.006663058310810044
0.006663058310810044
0.006129583848093034
0.006129583848093034
0.006129583848093034
0.006129583848093034
0.006129583848093034
0.006129583848093034
0.0058072892773992635
0.005720840116950399
0.005720840116950399
0.005720840116950399
0.005457908128082778
0.005418009200713669
0.005214602680204905
0.005214602680204905
0.005214602680204905
0.005214602680204905
0.005214602680204905
0.004890294441210585
0.004890294441210585
0.004890294441210585
0.004890294441210585
0.004890294441210585
0.004890294441210585
0.004746033725009369
0.004746033725009369
0.004716785836652804
0.004716785836652804
0.004618150481032757
0.004618150481032757
0.004618150481032757
0.004618150481032757
0.004618150481032757
0.004618150481032757
0.004610319450144118
0.004585880080824722
0.004585880080824722
0.004440579792234445
0.004277683704071222
0.004277683704071222
0.004277683704071222
0.004277683704071222
0.004277683704071222
0.004277683704071222
0.004277683704071222
0.004277683704071222
0.004277683704071222
0.004277683704071222
0.004277683704071222
0.004277683704071222
0.004277683704071222
0.00423310152441303
0.003995459556215053
0.003995459556215053
0.0034239893343084304
0.00338713001958979
0.00338713001958979
0.00338713001958979
0.00338713001958979
0.00338713001958979
0.00338713001958979
0.0033859654463945787
0.0033859654463945787
0.0033859654463945787
0.0033859654463945787
0.0033859654463945787
0.0033315387366350535
0.0033315387366350535
0.003318988158270031
0.0033042523322457384
0.003205921144179058
0.0031676003253657825
0.0031676003253657825
0.0031676003253657825
0.0031676003253657825
0.0031676003253657825
0.003161332426778074
0.0030249483082087636
0.0030249483082087636
0.0030249483082087636
0.0030249483082087636
0.0030249483082087636
0.002836800087290925
0.002516342227032453
0.002516342227032453
0.002516342227032453
