18.23160589977358
18.23160589977358
17.858271067675016
17.858271067675016
17.121097631320794
17.121097631320794
17.121097631320794
17.121097631320794
16.999025250529666
16.999025250529666
16.999025250529666
16.999025250529666
16.999025250529666
16.999025250529666
16.66072242620497
16.66072242620497
16.66072242620497
16.66072242620497
15.31417889609363
15.31417889609363
15.31417889609363
15.31417889609363
15.31417889609363
15.31417889609363
15.31417889609363
15.31417889609363
15.31417889609363
15.31417889609363
15.31417889609363
15.31417889609363
15.31417889609363
15.31417889609363
15.31417889609363
15.31417889609363
15.31417889609363
15.31417889609363
15.31417889609363
15.31417889609363
15.31417889609363
15.065383027878024
15.065383027878024
14.946928818849615
14.946928818849615
14.946928818849615
14.799375978075833
14.534475061464601
13.941223218421097
13.941223218421097
13.941223218421097
13.941223218421097
13.941223218421097
13.941223218421097
13.941223218421097
13.941223218421097
13.941223218421097
13.941223218421097
13.941223218421097
13.501654293925899
13.501654293925899
13.501654293925899
13.501654293925899
13.501654293925899
12.839069167517184
12.839069167517184
12.839069167517184
12.839069167517184
12.839069167517184
12.839069167517184
12.381127872534051
12.381127872534051
12.248314638471625
12.248314638471625
12.248314638471625
12.248314638471625
12.248314638471625
11.256218354239229
11.256218354239229
11.256218354239229
11.256218354239229
9.858919437916871
9.858919437916871
9.858919437916871
9.858919437916871
9.858919437916871
9.858919437916871
9.858919437916871
9.858919437916871
9.858919437916871
9.858919437916871
9.858919437916871
9.858919437916871
9.858919437916871
9.858919437916871
9.858919437916871
9.858919437916871
9.858919437916871
9.858919437916871
9.604918450015063
9.604918450015063
9.604918450015063
9.36150262095809
9.36150262095809
9.36150262095809
9.36150262095809
9.36150262095809
9.36150262095809
9.36150262095809
9.36150262095809
9.36150262095809
9.218266430037971
9.218266430037971
9.218266430037971
9.132441893311643
9.132441893311643
9.132441893311643
9.132441893311643
9.132441893311643
8.953027848516319
8.953027848516319
8.953027848516319
8.953027848516319
8.953027848516319
8.953027848516319
8.953027848516319
8.953027848516319
8.815147431932905
8.784192438789065
8.784192438789065
8.784192438789065
8.784192438789065
8.784192438789065
8.784192438789065
8.725295587295651
8.370459502240957
8.370459502240957
8.370459502240957
8.370459502240957
8.370459502240957
8.36829490314164
8.36829490314164
8.035085192932279
8.035085192932279
8.035085192932279
8.035085192932279
7.767451341508259
7.767451341508259
7.767451341508259
7.767451341508259
7.767451341508259
7.767451341508259
7.767451341508259
7.767451341508259
7.767451341508259
7.143685589328895
7.143685589328895
7.143685589328895
7.143685589328895
7.143685589328895
7.143685589328895
7.143685589328895
7.143685589328895
7.143685589328895
7.143685589328895
7.143685589328895
7.0443584948975655
7.0443584948975655
6.988643732695499
6.988643732695499
6.988643732695499
6.736552261889258
6.736552261889258
6.098681032264725
6.098681032264725
6.098681032264725
6.098681032264725
6.098681032264725
6.098681032264725
6.07068245379234
6.07068245379234
6.07068245379234
6.015955816756078
6.015955816756078
6.015955816756078
6.015955816756078
6.015955816756078
6.015955816756078
6.015955816756078
6.015955816756078
6.015955816756078
6.015955816756078
5.193048650327764
5.193048650327764
5.193048650327764
5.193048650327764
5.193048650327764
5.193048650327764
5.193048650327764
5.193048650327764
5.193048650327764
5.193048650327764
5.193048650327764
5.193048650327764
5.193048650327764
5.193048650327764
5.193048650327764
5.193048650327764
5.193048650327764
5.193048650327764
5.165300004063123
5.165300004063123
5.165300004063123
4.937790745323348
4.937790745323348
4.937790745323348
4.937790745323348
4.937790745323348
4.736533324400142
4.736533324400142
4.736533324400142
4.736533324400142
4.736533324400142
4.736533324400142
4.736533324400142
4.736533324400142
4.736533324400142
4.736533324400142
4.736533324400142
4.736533324400142
4.736533324400142
4.736533324400142
4.736533324400142
4.736533324400142
4.724997057657674
4.684197174548071
4.684197174548071
4.684197174548071
4.646082877983101
4.646082877983101
4.646082877983101
4.646082877983101
4.646082877983101
4.646082877983101
4.646082877983101
4.646082877983101
4.646082877983101
4.642271090975978
4.642271090975978
4.494041241403437
4.494041241403437
4.046907704480553
4.046907704480553
4.046907704480553
4.046907704480553
4.046907704480553
4.046907704480553
4.046907704480553
4.046907704480553
4.046907704480553
4.046907704480553
4.046907704480553
4.046907704480553
4.046907704480553
4.010054341982691
4.010054341982691
4.010054341982691
4.010054341982691
4.010054341982691
3.8673051255707094
3.8673051255707094
3.8673051255707094
3.8673051255707094
3.8673051255707094
3.8673051255707094
3.8673051255707094
3.8673051255707094
3.8673051255707094
3.8673051255707094
3.8673051255707094
3.78613777296248
3.78613777296248
3.740731091495988
3.740731091495988
3.740731091495988
3.740731091495988
3.5782674767905682
3.5782674767905682
3.5782674767905682
3.5782674767905682
3.5782674767905682
3.5782674767905682
3.5782674767905682
3.5782674767905682
3.5782674767905682
3.5782674767905682
3.5782674767905682
3.573624301725097
3.573624301725097
3.573624301725097
3.573624301725097
3.573624301725097
3.573624301725097
3.573624301725097
3.573624301725097
3.573624301725097
3.573624301725097
3.573624301725097
3.573624301725097
3.573624301725097
3.573624301725097
3.573624301725097
3.536856009921255
3.536856009921255
3.536856009921255
3.536856009921255
3.536856009921255
3.5272820272293437
3.5272820272293437
3.5272820272293437
3.5272820272293437
3.351942555985069
3.351942555985069
3.351942555985069
3.351942555985069
3.351942555985069
3.351942555985069
3.351942555985069
3.351942555985069
3.351942555985069
3.351942555985069
3.351942555985069
3.351942555985069
3.351942555985069
3.351942555985069
3.107645978797091
3.107645978797091
3.107645978797091
3.107645978797091
3.107645978797091
3.107645978797091
3.107645978797091
3.107645978797091
3.107645978797091
3.107645978797091
3.0937531061630494
3.0937531061630494
3.0937531061630494
3.0937531061630494
3.0937531061630494
3.085575998680362
3.085575998680362
3.085575998680362
3.085575998680362
3.085575998680362
3.085575998680362
3.085575998680362
3.085575998680362
3.085575998680362
3.085575998680362
3.085575998680362
3.085575998680362
3.085575998680362
3.085575998680362
3.085575998680362
3.0667309685817834
3.0667309685817834
3.0667309685817834
3.0667309685817834
3.0667309685817834
3.0667309685817834
3.0667309685817834
3.059394016708872
3.059394016708872
3.059394016708872
3.059394016708872
3.059394016708872
3.059394016708872
3.059394016708872
3.059394016708872
3.059394016708872
3.059394016708872
3.059394016708872
3.059394016708872
3.059394016708872
2.882804673874098
2.882804673874098
2.882804673874098
2.882804673874098
2.882804673874098
2.8805426118954216
2.851110539875876
2.851110539875876
2.851110539875876
2.851110539875876
2.851110539875876
2.7648786292720082
2.7648786292720082
2.7648786292720082
2.7648786292720082
2.7648786292720082
2.7648786292720082
2.7648786292720082
2.7648786292720082
2.7648786292720082
2.7648786292720082
2.7648786292720082
2.6100271122568195
2.6100271122568195
2.6100271122568195
2.6100271122568195
2.6100271122568195
2.6100271122568195
2.6100271122568195
2.6100271122568195
2.6100271122568195
2.4782589237751083
2.4782589237751083
2.4782589237751083
2.4782589237751083
2.4782589237751083
2.4782589237751083
2.4782589237751083
2.4782589237751083
2.4483530682643355
2.4483530682643355
2.4483530682643355
2.4483530682643355
2.4483530682643355
2.397622092969584
2.397622092969584
2.397622092969584
2.397622092969584
2.397622092969584
2.397622092969584
2.397622092969584
2.397622092969584
2.240456017747867
2.240456017747867
2.240456017747867
2.240456017747867
2.240456017747867
2.240456017747867
2.240456017747867
2.240456017747867
2.240456017747867
2.240456017747867
2.240456017747867
2.240456017747867
2.240456017747867
2.240456017747867
2.240456017747867
2.240456017747867
2.220915641669933
2.020501628889132
1.73230394044948
1.73230394044948
1.73230394044948
1.73230394044948
1.73230394044948
1.73230394044948
1.73230394044948
1.73230394044948
1.73230394044948
1.73230394044948
1.7146025835299952
1.6756215153797385
1.6617451048632859
1.5663264566040418
1.5663264566040418
1.5663264566040418
1.5663264566040418
1.5663264566040418
1.5663264566040418
1.5663264566040418
1.5663264566040418
1.5026313776907543
1.5026313776907543
1.5026313776907543
1.5026313776907543
1.5026313776907543
1.5026313776907543
1.383981425947379
1.383981425947379
1.383981425947379
1.383981425947379
1.383981425947379
1.383981425947379
1.383981425947379
1.383981425947379
1.383981425947379
1.383981425947379
1.270229505238607
1.270229505238607
1.270229505238607
1.270229505238607
1.1296686545842363
1.1296686545842363
1.1296686545842363
1.1296686545842363
1.1296686545842363
1.1296686545842363
1.1296686545842363
1.1296686545842363
1.1296686545842363
1.1296686545842363
1.1296686545842363
1.1042716081983386
1.1042716081983386
1.1042716081983386
0.9502908153245251
0.9502908153245251
0.9142990011128056
0.9142990011128056
0.9142990011128056
0.9142990011128056
0.9142990011128056
0.9142990011128056
0.9142990011128056
0.9142990011128056
0.9142990011128056
0.9142990011128056
0.9142990011128056
0.9142990011128056
0.9142990011128056
0.9142990011128056
0.9142990011128056
0.749115955425598
0.749115955425598
0.749115955425598
0.749115955425598
0.6118125109702994
0.6118125109702994
0.6118125109702994
0.6118125109702994
0.6118125109702994
0.6118125109702994
0.6118125109702994
0.6118125109702994
0.6118125109702994
0.6118125109702994
0.6118125109702994
0.6118125109702994
0.6118125109702994
0.5462624109225871
0.5462624109225871
0.5462624109225871
0.5462624109225871
0.5462624109225871
0.5462624109225871
0.5462624109225871
0.5462624109225871
0.5462624109225871
0.5462624109225871
0.5462624109225871
0.5462624109225871
0.5208977383212954
0.5208977383212954
0.5208977383212954
0.5208977383212954
0.5208977383212954
0.5208977383212954
0.5208977383212954
0.4743396219383662
0.4743396219383662
0.4743396219383662
0.4743396219383662
0.4743396219383662
0.4743396219383662
0.4542080201612677
0.4542080201612677
0.43939116616765617
0.43939116616765617
0.43939116616765617
0.43939116616765617
0.43939116616765617
0.4201740910918801
0.4201740910918801
0.4201740910918801
0.37680544008021855
0.37680544008021855
0.37680544008021855
0.37680544008021855
0.37680544008021855
0.37680544008021855
0.37680544008021855
0.37680544008021855
0.37680544008021855
0.37680544008021855
0.37680544008021855
0.3084383076132866
0.3084383076132866
0.3084383076132866
0.3084383076132866
0.3084383076132866
0.3084383076132866
0.3084383076132866
0.3084383076132866
0.3084383076132866
0.3084383076132866
0.3084383076132866
0.2877459505001738
0.2877459505001738
0.2877459505001738
0.2877459505001738
0.2877459505001738
0.2877459505001738
0.2877459505001738
0.2877459505001738
0.2877459505001738
0.2877459505001738
0.27382552515958736
0.27382552515958736
0.27275864752212087
0.26220597071777263
0.26220597071777263
0.26220597071777263
0.26220597071777263
0.2492544662232632
0.2492544662232632
0.23708925632247002
0.23708925632247002
0.23708925632247002
0.23708925632247002
0.23708925632247002
0.21954330264800603
0.21954330264800603
0.21954330264800603
0.21954330264800603
0.21954330264800603
0.21954330264800603
0.21954330264800603
0.21954330264800603
0.21954330264800603
0.21954330264800603
0.21819413779887498
0.21819413779887498
0.21819413779887498
0.21328904139965843
0.21328904139965843
0.21328904139965843
0.2008159864629171
0.2008159864629171
0.16784505300242003
0.16784505300242003
0.16784505300242003
0.16784505300242003
0.16784505300242003
0.16784505300242003
0.16784505300242003
0.16784505300242003
0.16784505300242003
0.16784505300242003
0.16784505300242003
0.16784505300242003
0.16784505300242003
0.16784505300242003
0.164669697804527
0.15709984600394833
0.15709984600394833
0.15709984600394833
0.15709984600394833
0.15709984600394833
0.15709984600394833
0.15709984600394833
0.15709984600394833
0.13261471667684077
0.13261471667684077
0.13261471667684077
0.13261471667684077
0.13261471667684077
0.13261471667684077
0.13261471667684077
0.13261471667684077
0.1250092800790341
0.1250092800790341
0.1250092800790341
0.1250092800790341
0.1250092800790341
0.1250092800790341
0.1250092800790341
0.12048235741443492
0.12048235741443492
0.10622000670933218
0.10622000670933218
0.10622000670933218
0.10622000670933218
0.10622000670933218
0.10622000670933218
0.10622000670933218
0.10622000670933218
0.10622000670933218
0.10622000670933218
0.10622000670933218
0.10622000670933218
0.10622000670933218
0.0802957649761531
0.0802957649761531
0.0802957649761531
0.0802957649761531
0.0802957649761531
0.0802957649761531
0.0802957649761531
0.0802957649761531
0.0802957649761531
0.0802957649761531
0.0795951831101469
0.0795951831101469
0.0795951831101469
0.0795951831101469
0.07953796969768234
0.07284131605894117
0.07284131605894117
0.06344741332867088
0.06344741332867088
0.06344741332867088
0.06344741332867088
0.06344741332867088
0.06344741332867088
0.06344741332867088
0.06344741332867088
0.059171810487054444
0.059171810487054444
0.05898319183322798
0.05898319183322798
0.05898319183322798
0.05898319183322798
0.05672134409310203
0.05672134409310203
0.05672134409310203
0.05672134409310203
0.0522196982547527
0.0522196982547527
0.0522196982547527
0.051811994256635074
0.051811994256635074
0.051811994256635074
0.04747097721720195
0.04747097721720195
0.04747097721720195
0.04747097721720195
0.04747097721720195
0.04747097721720195
0.047337358236141824
0.047337358236141824
0.047337358236141824
0.047337358236141824
0.047337358236141824
0.047337358236141824
0.047337358236141824
0.047337358236141824
0.047337358236141824
0.047337358236141824
0.04629368643043463
0.04629368643043463
0.04370668309194414
0.04370668309194414
0.04370668309194414
0.04370668309194414
0.04370668309194414
0.04370668309194414
0.04370668309194414
0.04370668309194414
0.04283365034785547
0.04283365034785547
0.04283365034785547
0.040867378412546174
0.040867378412546174
0.038684588458046676
0.038684588458046676
0.038684588458046676
0.038684588458046676
0.038684588458046676
0.038684588458046676
0.038684588458046676
0.038684588458046676
0.038684588458046676
0.038684588458046676
0.03827737775067419
0.03684940152162497
0.03684940152162497
0.03684940152162497
0.03627398212626076
0.03627398212626076
0.03627398212626076
0.035848560666146057
0.035732743462425276
0.035732743462425276
0.035732743462425276
0.035732743462425276
0.035732743462425276
0.03452338651025855
0.03452338651025855
0.03407420544231243
0.03349935802489412
0.03269618551027875
0.03269618551027875
0.03269618551027875
0.03269618551027875
0.031199768578499487
0.031199768578499487
0.031199768578499487
0.031199768578499487
0.031199768578499487
0.031199768578499487
0.030553731596565825
0.0254857799173962
0.0254857799173962
0.0254857799173962
0.0254857799173962
0.0254857799173962
0.0254857799173962
0.0254857799173962
0.0254857799173962
0.0254857799173962
0.025104721741172398
0.025104721741172398
0.025104721741172398
0.025104721741172398
0.025104721741172398
0.02437962412989947
0.021412747347618222
0.021412747347618222
0.021412747347618222
0.021412747347618222
0.021412747347618222
0.021412747347618222
0.021412747347618222
0.021412747347618222
0.021412747347618222
0.021412747347618222
0.021412747347618222
0.021412747347618222
0.021193480148173904
0.019844389357036363
0.019844389357036363
0.019844389357036363
0.019844389357036363
0.019844389357036363
0.019844389357036363
0.019215222640013963
0.019215222640013963
0.019215222640013963
0.019215222640013963
0.019215222640013963
0.019215222640013963
0.01886219424003599
0.01886219424003599
0.018548706318252783
0.016409020575842703
0.016409020575842703
0.016409020575842703
0.016409020575842703
0.016409020575842703
0.016409020575842703
0.016409020575842703
0.016409020575842703
0.016409020575842703
0.016087144800835063
0.016087144800835063
0.016087144800835063
0.016019029121061124
0.014131138693969092
0.014131138693969092
0.014131138693969092
0.014131138693969092
0.014131138693969092
0.014131138693969092
0.014131138693969092
0.014131138693969092
0.014131138693969092
0.014131138693969092
0.014131138693969092
0.013961947592964208
0.013637245455093705
0.01342516196088539
0.01342516196088539
0.013325175740838802
0.013325175740838802
0.013325175740838802
0.013325175740838802
0.013105466841764724
0.013105466841764724
0.0129340964203557
0.012792017970244984
0.012051180683194218
0.012051180683194218
0.012051180683194218
0.012051180683194218
0.012051180683194218
0.012051180683194218
0.012051180683194218
0.012051180683194218
0.012051180683194218
0.012051180683194218
0.012051180683194218
0.012051180683194218
0.012051180683194218
0.012051180683194218
0.012051180683194218
0.012051180683194218
0.012051180683194218
0.012030647405680384
0.012030647405680384
0.012030647405680384
0.011894517450986797
0.01176630050257188
0.01176630050257188
0.01176630050257188
0.011575754846759878
0.011575754846759878
0.011125052392458201
0.011125052392458201
0.011125052392458201
0.011125052392458201
0.011125052392458201
0.01077544642435413
0.01077544642435413
0.01053817042754801
0.01053817042754801
0.01053817042754801
0.01053817042754801
0.00960127299243041
0.00960127299243041
0.00960127299243041
0.00960127299243041
0.009023980699453205
0.008952828478282271
0.008780718158167389
0.008780718158167389
0.008780718158167389
0.008780718158167389
0.007830139436425299
0.007830139436425299
0.007830139436425299
0.007830139436425299
0.007830139436425299
0.007830139436425299
0.007830139436425299
0.007830139436425299
0.007830139436425299
0.007830139436425299
0.0061460838217364255
0.0061460838217364255
0.0061460838217364255
0.0061460838217364255
0.0061460838217364255
0.0061460838217364255
0.0061460838217364255
0.0061460838217364255
0.0061460838217364255
0.0061460838217364255
0.0061460838217364255
0.0061460838217364255
0.0061460838217364255
0.0061460838217364255
0.0061460838217364255
0.0061460838217364255
0.0061460838217364255
0.0061460838217364255
0.0061460838217364255
0.0061460838217364255
0.006001694744711017
0.006001694744711017
0.006001694744711017
0.00579127414487246
0.00579127414487246
0.00579127414487246
0.00579127414487246
0.00579127414487246
0.005659263672356474
0.005659263672356474
0.005659263672356474
0.005659263672356474
0.005537152399547551
0.005537152399547551
0.005537152399547551
0.005537152399547551
0.005463220442347705
0.005463220442347705
0.005437122208867606
0.005437122208867606
0.005437122208867606
0.005417102454618572
0.005417102454618572
0.0053505530628541464
0.005194648703501059
0.005194648703501059
0.004790721772888418
0.004790721772888418
0.0045910118371566
0.0045910118371566
0.0045910118371566
0.0045910118371566
0.004465569721524787
0.004465569721524787
0.004465569721524787
0.004465569721524787
0.004465569721524787
0.004465569721524787
0.003996275314410269
0.003996275314410269
