0.003041505813598633
0.0030524730682373047
0.0029478073120117188
0.003005504608154297
0.0029540061950683594
0.0029036998748779297
0.002832651138305664
0.0028836727142333984
0.002894163131713867
0.0028755664825439453
0.0029554367065429688
0.002874612808227539
0.0029325485229492188
0.0028693675994873047
0.0028448104858398438
0.0029337406158447266
0.0029036998748779297
0.0029060840606689453
0.0027828216552734375
0.0029489994049072266
0.002967357635498047
0.0028824806213378906
0.0029478073120117188
0.0028586387634277344
0.0028231143951416016
0.002824068069458008
0.002801179885864258
0.002828836441040039
0.0028450489044189453
0.0029516220092773438
0.0028617382049560547
0.0028192996978759766
0.002866983413696289
0.0028717517852783203
0.002918243408203125
0.0030431747436523438
0.002846240997314453
0.002977609634399414
0.0029141902923583984
0.0028810501098632812
0.0028352737426757812
0.002875089645385742
0.002893686294555664
0.0028815269470214844
0.002897977828979492
0.0028769969940185547
0.002886056900024414
0.003258228302001953
0.0031638145446777344
0.0031669139862060547
0.003122091293334961
0.003075122833251953
0.0031709671020507812
0.0030777454376220703
0.003077268600463867
0.003064870834350586
0.0029859542846679688
0.0030372142791748047
0.0029120445251464844
0.0029494762420654297
0.002951383590698242
0.002950429916381836
0.002923250198364258
0.0030155181884765625
0.0030961036682128906
0.003031492233276367
0.0029702186584472656
0.002946615219116211
0.003005504608154297
0.003019571304321289
0.0030739307403564453
0.003168344497680664
0.003109455108642578
0.003159046173095703
0.003165006637573242
0.0030579566955566406
0.003224611282348633
0.0030748844146728516
0.0031409263610839844
0.003165721893310547
0.003030061721801758
0.0030062198638916016
0.003016948699951172
0.0032622814178466797
0.0031387805938720703
0.0031480789184570312
0.0031249523162841797
0.0030536651611328125
0.0030524730682373047
0.0030260086059570312
0.0030956268310546875
0.003191709518432617
0.003164052963256836
0.0031151771545410156
0.0030548572540283203
0.003275632858276367
0.002974987030029297
0.0031664371490478516
0.0030677318572998047
0.0032067298889160156
0.003167867660522461
0.0032320022583007812
0.003001689910888672
0.0030488967895507812
0.0031120777130126953
0.0031585693359375
0.003007650375366211
0.003056049346923828
0.0030667781829833984
0.003117799758911133
0.0031931400299072266
0.0029611587524414062
0.003016233444213867
0.003118753433227539
0.0031728744506835938
0.003160238265991211
0.003018617630004883
0.003119945526123047
0.0030951499938964844
0.0031561851501464844
0.002994537353515625
0.0029642581939697266
0.0030591487884521484
0.0031354427337646484
0.0030477046966552734
0.0030384063720703125
0.0028896331787109375
0.003077983856201172
0.0030434131622314453
0.0030655860900878906
0.0030024051666259766
0.0031290054321289062
0.0032165050506591797
0.00316619873046875
0.0030243396759033203
0.003030538558959961
0.0029959678649902344
0.0030565261840820312
0.0029754638671875
0.002992868423461914
0.003003835678100586
0.002941608428955078
0.003072977066040039
0.003020048141479492
0.0029158592224121094
0.0030434131622314453
0.0030465126037597656
0.0030901432037353516
0.0031118392944335938
0.0030982494354248047
0.003190279006958008
0.0030624866485595703
0.0030400753021240234
0.002946615219116211
0.003033876419067383
0.003148317337036133
0.003069162368774414
0.003112316131591797
0.002958059310913086
0.0029380321502685547
0.002948284149169922
0.002908945083618164
0.0029838085174560547
0.0029196739196777344
0.0030171871185302734
0.0029311180114746094
0.002878427505493164
0.002894878387451172
0.002891063690185547
0.002898693084716797
0.0028374195098876953
0.0028438568115234375
0.002935647964477539
0.0028760433197021484
0.0028493404388427734
0.0028603076934814453
0.0028548240661621094
0.002855539321899414
0.0027670860290527344
0.002949237823486328
0.0028269290924072266
0.0028946399688720703
0.003003835678100586
0.002980470657348633
0.0027875900268554688
0.0027811527252197266
0.002889394760131836
0.0027816295623779297
0.002814054489135742
0.002900838851928711
0.0028765201568603516
0.002898693084716797
0.002821683883666992
0.0028357505798339844
0.002844095230102539
0.0028467178344726562
0.0028862953186035156
0.0028374195098876953
0.0030345916748046875
0.002913951873779297
0.002892732620239258
0.0028426647186279297
0.002875804901123047
0.002866983413696289
0.002839326858520508
0.0028858184814453125
0.0029141902923583984
0.002872943878173828
0.0028645992279052734
0.002872467041015625
0.002805471420288086
0.002911806106567383
0.002946138381958008
0.0029180049896240234
0.0029001235961914062
0.0029151439666748047
0.002920389175415039
0.002910614013671875
0.0028035640716552734
0.0029458999633789062
0.0028498172760009766
0.0029065608978271484
0.0028667449951171875
0.0028433799743652344
0.002839803695678711
0.002956867218017578
0.0029151439666748047
0.0029201507568359375
0.002797842025756836
0.0029828548431396484
0.003173351287841797
0.003138303756713867
0.002941608428955078
0.0029675960540771484
0.002928018569946289
0.002981901168823242
0.002882242202758789
0.00286102294921875
0.0029153823852539062
0.003013134002685547
0.002911806106567383
0.0029404163360595703
0.0030438899993896484
0.002906322479248047
0.0030219554901123047
0.002974987030029297
0.0029456615447998047
0.0029091835021972656
0.003181934356689453
0.0030164718627929688
0.0030252933502197266
0.002969026565551758
0.0030231475830078125
0.0029649734497070312
0.002889871597290039
0.002871990203857422
0.002935171127319336
0.002899646759033203
0.0029191970825195312
0.0030364990234375
0.003032207489013672
0.0029222965240478516
0.0029764175415039062
0.0029311180114746094
0.0030057430267333984
0.002912282943725586
0.0028281211853027344
0.0029249191284179688
0.0028481483459472656
0.0029637813568115234
0.002839326858520508
0.002947092056274414
0.002991914749145508
0.002885103225708008
0.0028662681579589844
0.0030069351196289062
0.0028238296508789062
0.0028769969940185547
0.0028324127197265625
0.002804279327392578
0.0028460025787353516
0.002841949462890625
0.0029664039611816406
0.0028297901153564453
0.002838611602783203
0.0029184818267822266
0.002861499786376953
0.0028371810913085938
0.002851724624633789
0.0029685497283935547
0.0028138160705566406
0.0028693675994873047
0.002872943878173828
0.002938508987426758
0.002850055694580078
0.002893209457397461
0.002920389175415039
0.0028858184814453125
0.003113269805908203
0.0029747486114501953
0.0029807090759277344
0.002856731414794922
0.002855062484741211
0.0029401779174804688
0.002850055694580078
0.0029401779174804688
0.002933502197265625
0.0029516220092773438
0.0029897689819335938
0.002946615219116211
0.0028688907623291016
0.003017902374267578
0.0028810501098632812
0.0029075145721435547
0.003025531768798828
0.003139019012451172
0.0029757022857666016
0.0029151439666748047
0.002939462661743164
0.003045320510864258
0.0029296875
0.0030677318572998047
0.002969980239868164
0.0028638839721679688
0.0030372142791748047
0.0028917789459228516
0.0030159950256347656
0.0028624534606933594
0.0030536651611328125
0.0031452178955078125
0.0030252933502197266
0.0029926300048828125
0.0029897689819335938
0.002950429916381836
0.0029201507568359375
0.003004789352416992
0.0028650760650634766
0.0030286312103271484
0.003168821334838867
0.0031921863555908203
0.0030851364135742188
0.0030744075775146484
0.003059864044189453
0.003053903579711914
0.0029141902923583984
0.0030519962310791016
0.003070831298828125
0.0029511451721191406
0.0030481815338134766
0.002948284149169922
0.0030100345611572266
0.002973318099975586
0.003153085708618164
0.0029163360595703125
0.0030443668365478516
0.0030221939086914062
0.0030145645141601562
0.0028891563415527344
0.002974987030029297
0.0029599666595458984
0.0030336380004882812
0.002973794937133789
0.0030012130737304688
0.0030782222747802734
0.0029611587524414062
0.0029985904693603516
0.0029344558715820312
0.002990245819091797
0.0029168128967285156
0.0029480457305908203
0.002991199493408203
0.0030927658081054688
0.0029020309448242188
0.0029649734497070312
0.002933025360107422
0.0029764175415039062
0.002928018569946289
0.002963542938232422
0.002898693084716797
0.0030202865600585938
0.0030167102813720703
0.003185749053955078
0.0030701160430908203
0.0032510757446289062
0.003168821334838867
0.003136873245239258
0.0029249191284179688
0.0030307769775390625
0.003049135208129883
0.0030770301818847656
0.0029909610748291016
0.0030214786529541016
0.0031337738037109375
0.003247499465942383
0.0031495094299316406
0.003083467483520508
0.002988100051879883
0.0030868053436279297
0.0029222965240478516
0.0028574466705322266
0.0029358863830566406
0.0029201507568359375
0.002895355224609375
0.002930164337158203
0.0029973983764648438
0.0028486251831054688
0.002904176712036133
0.002917766571044922
0.002899646759033203
0.002956867218017578
0.0028696060180664062
0.0028879642486572266
0.0029680728912353516
0.0028862953186035156
0.002852201461791992
0.002866506576538086
0.0028972625732421875
0.002889871597290039
0.002874612808227539
0.002875804901123047
0.0028913021087646484
0.002927064895629883
0.0028772354125976562
0.0028848648071289062
0.0029349327087402344
0.0030248165130615234
0.0031762123107910156
0.003059864044189453
0.0029249191284179688
0.003044605255126953
0.0030074119567871094
0.0029850006103515625
0.0029144287109375
0.0030641555786132812
0.0031948089599609375
0.0033473968505859375
0.0029828548431396484
0.0029315948486328125
0.0030515193939208984
0.0030274391174316406
0.0029802322387695312
0.002884387969970703
0.002927064895629883
0.003029346466064453
0.0028486251831054688
0.002900362014770508
0.002899646759033203
0.0029201507568359375
0.002842426300048828
0.0028367042541503906
0.0029096603393554688
0.002852916717529297
0.0028247833251953125
0.0028536319732666016
0.0029261112213134766
0.002878904342651367
0.002838611602783203
0.0028100013732910156
0.002918243408203125
0.002956867218017578
0.0028085708618164062
0.0029458999633789062
0.0029654502868652344
0.0029463768005371094
0.0028634071350097656
0.003081798553466797
0.003038167953491211
0.003038167953491211
0.0031387805938720703
0.003172159194946289
0.003016233444213867
0.0030319690704345703
0.0030722618103027344
0.0031995773315429688
0.003080606460571289
0.0031359195709228516
0.003047466278076172
0.0032639503479003906
0.0031375885009765625
0.0031290054321289062
0.0031561851501464844
0.0030145645141601562
0.0030028820037841797
0.0028705596923828125
0.003097057342529297
0.002986431121826172
0.00292205810546875
0.002890348434448242
0.002875804901123047
0.0028858184814453125
0.002885103225708008
0.0029244422912597656
0.0028307437896728516
0.0028641223907470703
0.0029261112213134766
0.0028581619262695312
0.0029010772705078125
0.002850770950317383
0.002875804901123047
0.002816438674926758
0.0028040409088134766
0.0029087066650390625
0.0029354095458984375
0.0028352737426757812
0.002822399139404297
0.002838134765625
0.003038167953491211
0.0028946399688720703
0.0028972625732421875
0.002838611602783203
0.0028533935546875
0.0029611587524414062
0.0032444000244140625
0.002880096435546875
0.003064393997192383
0.0029501914978027344
0.0029723644256591797
0.0029976367950439453
0.003021240234375
0.0030372142791748047
0.003044605255126953
0.003242969512939453
0.0031652450561523438
0.0030248165130615234
0.003068685531616211
0.0029752254486083984
0.003149271011352539
0.0029783248901367188
0.002977132797241211
0.002857685089111328
0.0029189586639404297
0.0029096603393554688
0.0029532909393310547
0.0028378963470458984
0.0029747486114501953
0.002857685089111328
0.002897024154663086
0.0028276443481445312
0.0028705596923828125
0.0029294490814208984
0.0029048919677734375
0.0028548240661621094
0.0028960704803466797
0.002841949462890625
0.003010272979736328
0.0030324459075927734
0.0030236244201660156
0.0029430389404296875
0.0029230117797851562
0.0028312206268310547
0.0028388500213623047
0.002862691879272461
0.0028390884399414062
0.0029976367950439453
0.002883434295654297
0.0028917789459228516
0.0029115676879882812
0.0028688907623291016
0.0028998851776123047
0.0028505325317382812
0.0029392242431640625
0.0029702186584472656
0.002935171127319336
0.002885580062866211
0.0029611587524414062
0.0029315948486328125
0.002894878387451172
0.002981424331665039
0.002998828887939453
0.002998828887939453
0.0029115676879882812
0.0028467178344726562
0.0028963088989257812
0.0028464794158935547
0.002899646759033203
0.0028383731842041016
0.002897977828979492
0.0030059814453125
0.002914905548095703
0.0028777122497558594
0.0028219223022460938
0.002824544906616211
0.002910137176513672
0.0028228759765625
0.002843618392944336
0.0028302669525146484
0.002950906753540039
0.002843618392944336
0.002986907958984375
0.0028219223022460938
0.0028672218322753906
0.002953052520751953
0.0028238296508789062
0.0029494762420654297
0.002859830856323242
0.0028989315032958984
0.0027952194213867188
0.0028769969940185547
0.002803325653076172
0.0028324127197265625
0.0028104782104492188
0.002898693084716797
0.0028069019317626953
0.002885103225708008
0.0028312206268310547
0.0028214454650878906
0.0028982162475585938
0.0027709007263183594
0.0027883052825927734
0.002875089645385742
0.0028924942016601562
0.002920866012573242
0.0028274059295654297
0.002830028533935547
0.0028574466705322266
0.0028352737426757812
0.002835988998413086
0.002868175506591797
0.002871990203857422
0.002901792526245117
0.002923250198364258
0.002844095230102539
0.0028591156005859375
0.0028269290924072266
0.0028743743896484375
0.002958059310913086
0.003022432327270508
0.003014802932739258
0.0030083656311035156
0.0030164718627929688
0.0029387474060058594
0.0028629302978515625
0.003069162368774414
0.0030868053436279297
0.0031516551971435547
0.0031762123107910156
0.003130674362182617
0.003055572509765625
0.002945423126220703
0.003106832504272461
0.0029289722442626953
0.002889871597290039
0.0029878616333007812
0.0031571388244628906
0.0030651092529296875
0.002851247787475586
0.0029914379119873047
0.002969503402709961
0.002936124801635742
0.0029222965240478516
0.0029053688049316406
0.002982616424560547
0.003012418746948242
0.002941131591796875
0.002940654754638672
0.003009319305419922
0.0029370784759521484
0.0030705928802490234
0.002846956253051758
0.0029637813568115234
0.002933502197265625
0.002835988998413086
0.002923727035522461
0.002859830856323242
0.0028302669525146484
0.0028564929962158203
0.002971649169921875
0.002940654754638672
0.003000497817993164
0.002838611602783203
0.002829313278198242
0.002920389175415039
0.0029685497283935547
0.002911090850830078
0.0028209686279296875
0.002856016159057617
0.002929210662841797
0.0029463768005371094
0.003046274185180664
0.0028650760650634766
0.002902984619140625
0.0028476715087890625
0.002749204635620117
0.002810239791870117
0.0028204917907714844
0.0029256343841552734
0.0028247833251953125
0.002814769744873047
0.002852201461791992
0.0028052330017089844
0.002855062484741211
0.0029544830322265625
0.002837657928466797
0.002847433090209961
0.002792835235595703
0.002874612808227539
0.0027878284454345703
0.0028405189514160156
0.002923250198364258
0.0028429031372070312
0.002739429473876953
0.002939462661743164
0.002804279327392578
0.0028162002563476562
0.002817869186401367
0.0028297901153564453
0.002928495407104492
0.0028197765350341797
0.0028569698333740234
0.0028285980224609375
0.0028715133666992188
0.0028858184814453125
0.002897977828979492
0.0028252601623535156
0.0028722286224365234
0.0027832984924316406
0.0029349327087402344
0.002842426300048828
0.0028388500213623047
0.0028886795043945312
0.002909421920776367
0.002905607223510742
0.002790689468383789
0.002810955047607422
0.0027844905853271484
0.0029141902923583984
0.0028028488159179688
0.002886533737182617
0.0027930736541748047
0.002832651138305664
0.002849102020263672
0.002836942672729492
0.0028052330017089844
0.0028333663940429688
0.0028274059295654297
0.0028524398803710938
0.0028579235076904297
0.0028624534606933594
0.0028069019317626953
0.0028352737426757812
0.0028922557830810547
0.002818584442138672
0.0028841495513916016
0.002810239791870117
0.0028531551361083984
0.002880096435546875
0.0029556751251220703
0.0028200149536132812
0.0028307437896728516
0.002821207046508789
0.002816438674926758
0.0028486251831054688
0.002780437469482422
0.0027697086334228516
0.002762317657470703
0.002860546112060547
0.002755403518676758
0.0027611255645751953
0.002794504165649414
0.0028679370880126953
0.002949953079223633
0.002937793731689453
0.002930879592895508
0.0029587745666503906
0.0028848648071289062
0.0028858184814453125
0.0028243064880371094
0.002825498580932617
0.002917051315307617
0.002846240997314453
0.0029096603393554688
0.0028328895568847656
0.002832651138305664
0.002830028533935547
0.003091573715209961
0.003164529800415039
0.0030972957611083984
0.003155946731567383
0.0031516551971435547
0.0030248165130615234
0.0030069351196289062
0.003023386001586914
0.0030126571655273438
0.003057241439819336
0.0030181407928466797
0.0030078887939453125
0.0029964447021484375
0.0031011104583740234
0.0030088424682617188
0.0028371810913085938
0.002883434295654297
0.0028963088989257812
0.0032312870025634766
0.002864837646484375
0.0030150413513183594
0.003066539764404297
0.0029218196868896484
0.002908945083618164
0.002894163131713867
0.0029358863830566406
0.002843618392944336
0.0028536319732666016
0.002952098846435547
0.0028014183044433594
0.002811908721923828
0.0029115676879882812
0.0028235912322998047
0.002981424331665039
0.0028116703033447266
0.002812623977661133
0.0028443336486816406
0.003021717071533203
0.0029158592224121094
0.002931833267211914
0.0028297901153564453
0.002859354019165039
0.0028960704803466797
0.0028417110443115234
0.002920389175415039
0.0031287670135498047
0.0032346248626708984
0.003207683563232422
0.00311279296875
0.003172636032104492
0.0030274391174316406
0.003099679946899414
0.003002643585205078
0.003069162368774414
0.002963542938232422
0.0030837059020996094
0.0029740333557128906
0.0029213428497314453
0.0028924942016601562
0.0029931068420410156
0.0028846263885498047
0.0029304027557373047
0.0029489994049072266
0.002988100051879883
0.002908468246459961
0.0030601024627685547
0.0029435157775878906
0.003061056137084961
0.0031485557556152344
0.003193378448486328
0.0030422210693359375
0.003087759017944336
0.003074169158935547
0.0030231475830078125
0.0029931068420410156
0.0028591156005859375
0.0030145645141601562
0.0032033920288085938
0.0032258033752441406
0.0029823780059814453
0.0029726028442382812
0.0030629634857177734
0.0030150413513183594
0.0030808448791503906
0.0029096603393554688
0.003160238265991211
0.0031540393829345703
0.0030388832092285156
0.0030503273010253906
0.0030472278594970703
0.0031347274780273438
0.0031321048736572266
0.0032601356506347656
0.003167867660522461
0.0030100345611572266
0.0030546188354492188
0.0033910274505615234
0.0031936168670654297
0.0031337738037109375
0.0030884742736816406
0.0030918121337890625
0.003091096878051758
0.0032167434692382812
0.0029723644256591797
0.002845287322998047
0.0030846595764160156
0.003149271011352539
0.0031890869140625
0.0032868385314941406
0.003218412399291992
0.0031766891479492188
0.003039121627807617
0.0032563209533691406
0.003386974334716797
0.003333568572998047
0.0030829906463623047
0.003215789794921875
0.0032765865325927734
0.003287792205810547
0.003210783004760742
0.002985715866088867
0.002885103225708008
0.003070354461669922
0.003126382827758789
0.003185749053955078
0.0029528141021728516
0.0029256343841552734
0.0029740333557128906
0.003118753433227539
0.003007173538208008
0.0029234886169433594
0.003018617630004883
0.0031800270080566406
0.003135204315185547
0.0032014846801757812
0.0029754638671875
0.0031142234802246094
0.003143787384033203
0.0032083988189697266
0.003163576126098633
0.002958536148071289
0.003068685531616211
0.0030231475830078125
0.0030639171600341797
0.003007173538208008
0.0030744075775146484
0.0031692981719970703
0.002992868423461914
0.0030336380004882812
0.002766847610473633
0.0030069351196289062
0.002954244613647461
0.0029540061950683594
0.002796649932861328
0.002837657928466797
0.0029048919677734375
0.002980470657348633
0.002834796905517578
0.002912759780883789
0.0028302669525146484
0.0029077529907226562
0.0028548240661621094
0.0028319358825683594
0.002895832061767578
0.002859830856323242
0.0028295516967773438
0.0028786659240722656
0.002834320068359375
0.0027618408203125
0.0027539730072021484
0.0027561187744140625
0.0027625560760498047
0.002820253372192383
0.0028553009033203125
0.002822399139404297
0.002833127975463867
0.002850770950317383
0.0028972625732421875
0.002810239791870117
0.0028314590454101562
0.0028295516967773438
0.002831697463989258
0.0029349327087402344
0.0028765201568603516
0.002965688705444336
0.0029261112213134766
0.002857208251953125
0.002893209457397461
0.0028166770935058594
0.0028645992279052734
0.0029735565185546875
0.0027396678924560547
0.002861499786376953
0.00274658203125
0.002760171890258789
0.002949237823486328
0.0027799606323242188
0.0029103755950927734
0.0028717517852783203
0.0029740333557128906
0.0029654502868652344
0.0028476715087890625
0.00284576416015625
0.002866029739379883
0.0028378963470458984
0.002827882766723633
0.002904653549194336
0.0028297901153564453
0.003046274185180664
0.0028693675994873047
0.0028734207153320312
0.002838134765625
0.0028350353240966797
0.0029256343841552734
0.0027933120727539062
0.002903461456298828
0.0029077529907226562
0.002844095230102539
0.0028314590454101562
0.002854585647583008
0.002837657928466797
0.0028111934661865234
0.0028412342071533203
0.002817392349243164
0.003111124038696289
0.0034406185150146484
