0.01820063591003418
0.01806187629699707
0.0174252986907959
0.017438411712646484
0.01773691177368164
0.01738429069519043
0.017602205276489258
0.016888141632080078
0.01700901985168457
0.016980648040771484
0.016694307327270508
0.016672849655151367
0.017427682876586914
0.017111778259277344
0.01855301856994629
0.017547130584716797
0.01736140251159668
0.016931772232055664
0.016609668731689453
0.016959667205810547
0.017257213592529297
0.018725156784057617
0.022582292556762695
0.01648116111755371
0.016505718231201172
0.016003847122192383
0.016499042510986328
0.016503334045410156
0.016607046127319336
0.016818523406982422
0.016381502151489258
0.018725872039794922
0.017352819442749023
0.017301559448242188
0.016982078552246094
0.01693868637084961
0.016550064086914062
0.016550540924072266
0.017084360122680664
0.016971588134765625
0.016710758209228516
0.016748428344726562
0.01656317710876465
0.016707420349121094
0.01703619956970215
0.01714158058166504
0.018604278564453125
0.01754474639892578
0.018080711364746094
0.018073320388793945
0.017518997192382812
0.017217159271240234
0.017380952835083008
0.0175936222076416
0.01681065559387207
0.017175912857055664
0.017689943313598633
0.017405986785888672
0.01749730110168457
0.017078876495361328
0.01699376106262207
0.01731705665588379
0.017128467559814453
0.017204999923706055
0.016969919204711914
0.016837358474731445
0.016727209091186523
0.016740798950195312
0.016870498657226562
0.017043113708496094
0.016845703125
0.016666650772094727
0.016552448272705078
0.016363859176635742
0.01632070541381836
0.016660213470458984
0.016396284103393555
0.016410112380981445
0.016654014587402344
0.016408920288085938
0.016791105270385742
0.016567468643188477
0.016387224197387695
0.01646900177001953
0.01667475700378418
0.016374826431274414
0.016568422317504883
0.01704859733581543
0.016431570053100586
0.016339540481567383
0.016326904296875
0.016131877899169922
0.016711711883544922
0.016777753829956055
0.016330242156982422
0.015906572341918945
0.016076087951660156
0.015895366668701172
0.01618480682373047
0.016355276107788086
0.016508102416992188
0.016066551208496094
0.016420364379882812
0.016573190689086914
0.01671004295349121
0.016684532165527344
0.01651310920715332
0.01635432243347168
0.01662278175354004
0.016681194305419922
0.016479969024658203
0.016481876373291016
0.016584396362304688
0.016406536102294922
0.01601576805114746
0.01658153533935547
0.016604900360107422
0.01650214195251465
0.016451120376586914
0.015935182571411133
0.016353130340576172
0.016435623168945312
0.01654195785522461
0.0164334774017334
0.016843557357788086
0.016865253448486328
0.016802310943603516
0.016842126846313477
0.01683783531188965
0.01698923110961914
0.017385005950927734
0.01702713966369629
0.017230749130249023
0.017914533615112305
0.018149852752685547
0.017165422439575195
0.01678156852722168
0.017191410064697266
0.017325162887573242
0.016876220703125
0.017022371292114258
0.01657843589782715
0.016532421112060547
0.01673412322998047
0.01678943634033203
0.016560077667236328
0.016860008239746094
0.016782045364379883
0.01668548583984375
0.017449617385864258
0.018583297729492188
0.01738882064819336
0.016955137252807617
0.01665520668029785
0.01643991470336914
0.016411781311035156
0.016930103302001953
0.016685009002685547
0.01670241355895996
0.017818450927734375
0.016829490661621094
0.0171205997467041
0.01707172393798828
0.016918182373046875
0.016863584518432617
0.016541719436645508
0.016509294509887695
0.016800403594970703
0.01679849624633789
0.0167391300201416
0.016791820526123047
0.016885757446289062
0.01668572425842285
0.016701936721801758
0.016434192657470703
0.01655125617980957
0.01674675941467285
0.016824007034301758
0.01662135124206543
0.01645636558532715
0.0174410343170166
0.016542434692382812
0.01686835289001465
0.01674628257751465
0.016553640365600586
0.016675710678100586
0.017310142517089844
0.017332077026367188
0.01755380630493164
0.01707601547241211
0.016672849655151367
0.01700305938720703
0.016984224319458008
0.017296552658081055
0.016995906829833984
0.01699090003967285
0.017498254776000977
0.01755499839782715
0.017340421676635742
0.01735401153564453
0.017228364944458008
0.01697254180908203
0.017033815383911133
0.016960620880126953
0.01703500747680664
0.017184972763061523
0.017352581024169922
0.017004728317260742
0.01735091209411621
0.017185688018798828
0.017126798629760742
0.01708698272705078
0.016732215881347656
0.016451358795166016
0.016415119171142578
0.016422033309936523
0.01662468910217285
0.016888141632080078
0.016904115676879883
0.01653742790222168
0.016774654388427734
0.016978740692138672
0.016893863677978516
0.01686549186706543
0.01674938201904297
0.01710343360900879
0.017084836959838867
0.017105817794799805
0.0171661376953125
0.016553163528442383
0.016467571258544922
0.016837596893310547
0.0168459415435791
0.0167086124420166
0.01697230339050293
0.016890525817871094
0.016407012939453125
0.01637101173400879
0.016398191452026367
0.016645193099975586
0.016434669494628906
0.016698122024536133
0.016428709030151367
0.016341447830200195
0.016617536544799805
0.016772985458374023
0.016968965530395508
0.017713308334350586
0.017098665237426758
0.017147302627563477
0.016880035400390625
0.01735854148864746
0.01770639419555664
0.017720460891723633
0.01746964454650879
0.0178680419921875
0.018410682678222656
0.01775050163269043
0.017342805862426758
0.01733708381652832
0.017156362533569336
0.01713705062866211
0.017144203186035156
0.017525196075439453
0.017551660537719727
0.017915964126586914
0.01759648323059082
0.019560813903808594
0.0182650089263916
0.01803755760192871
0.017474889755249023
0.01705002784729004
0.01737833023071289
0.017229795455932617
0.017227649688720703
0.01757645606994629
0.017150402069091797
0.01713395118713379
0.017263412475585938
0.01741623878479004
0.017446517944335938
0.017246007919311523
0.016904115676879883
0.01701188087463379
0.01695728302001953
0.01682138442993164
0.016961097717285156
0.01705336570739746
0.016570568084716797
0.016521930694580078
0.016602039337158203
0.016515016555786133
0.0169525146484375
0.01691746711730957
0.016681671142578125
0.01670050621032715
0.01661539077758789
0.016726016998291016
0.01665639877319336
0.016745328903198242
0.016305923461914062
0.016520977020263672
0.016611099243164062
0.016603708267211914
0.016828536987304688
0.017111539840698242
0.01683664321899414
0.016515016555786133
0.01708507537841797
0.016903162002563477
0.016982316970825195
0.017081260681152344
0.01687765121459961
0.017011642456054688
0.017072439193725586
0.017112255096435547
0.01659107208251953
0.016604185104370117
0.016462326049804688
0.016323089599609375
0.016777515411376953
0.01679706573486328
0.016570329666137695
0.016650915145874023
0.016766786575317383
0.017190933227539062
0.016885995864868164
0.017252445220947266
0.017038345336914062
0.017246246337890625
0.01678299903869629
0.01685166358947754
0.016859054565429688
0.016902446746826172
0.017137765884399414
0.0175626277923584
0.017246723175048828
0.017661333084106445
0.017582416534423828
0.018645763397216797
0.018032073974609375
0.017878055572509766
0.01721787452697754
0.017406940460205078
0.017215251922607422
0.0172271728515625
0.01764678955078125
0.017839431762695312
0.017127037048339844
0.017040729522705078
0.017633914947509766
0.017050743103027344
0.016769886016845703
0.01675724983215332
0.01650691032409668
0.016472339630126953
0.016609668731689453
0.016627073287963867
0.016434431076049805
0.016353607177734375
0.016480684280395508
0.016385555267333984
0.01660466194152832
0.01704096794128418
0.017102718353271484
0.016617536544799805
0.016862869262695312
0.016890525817871094
0.016919612884521484
0.01690053939819336
0.01662731170654297
0.01637864112854004
0.016663789749145508
0.016431093215942383
0.01684427261352539
0.01647186279296875
0.01621866226196289
0.016632080078125
0.01663374900817871
0.016272783279418945
0.01638650894165039
0.016637086868286133
0.0166778564453125
0.01627945899963379
0.016443967819213867
0.018511295318603516
0.017008066177368164
0.01692938804626465
0.01668548583984375
0.016629934310913086
0.016558408737182617
0.016329288482666016
0.016547441482543945
0.016379117965698242
0.01656937599182129
0.01687335968017578
0.018163681030273438
0.017671823501586914
0.017408370971679688
0.01743292808532715
0.016963481903076172
0.01768946647644043
0.01764512062072754
0.018217802047729492
0.01829385757446289
0.01820540428161621
0.01793193817138672
0.01792144775390625
0.017864704132080078
0.017795324325561523
0.017635345458984375
0.017571687698364258
0.017328500747680664
0.017124414443969727
0.017802953720092773
0.017429113388061523
0.017206192016601562
0.016707181930541992
0.01646137237548828
0.016878843307495117
0.01688218116760254
0.01708674430847168
0.017067670822143555
0.016730070114135742
0.016629695892333984
0.016983985900878906
0.016827106475830078
0.01668834686279297
0.016331911087036133
0.016262292861938477
0.016431570053100586
0.016515254974365234
0.016724348068237305
0.016364574432373047
0.0163116455078125
0.016253232955932617
0.01568746566772461
0.016485214233398438
0.016388654708862305
0.016486644744873047
0.016405582427978516
0.016584157943725586
0.016790390014648438
0.016609907150268555
0.016790151596069336
0.016474008560180664
0.01667046546936035
0.016478776931762695
0.016414165496826172
0.01638317108154297
0.01644158363342285
0.01651930809020996
0.01697373390197754
0.0171356201171875
0.017063617706298828
0.01707768440246582
0.01706242561340332
0.016740083694458008
0.01658463478088379
0.016702890396118164
0.016518831253051758
0.01681971549987793
0.016725540161132812
0.016773462295532227
0.016753196716308594
0.01656937599182129
0.016816377639770508
0.016933202743530273
0.01701521873474121
0.016852140426635742
0.016862869262695312
0.016841888427734375
0.016816377639770508
0.016693115234375
0.016977548599243164
0.01747298240661621
0.016881704330444336
0.017389535903930664
0.017584800720214844
0.017208576202392578
0.017662763595581055
0.01802372932434082
0.017644166946411133
0.017464399337768555
0.017551422119140625
0.017512798309326172
0.017226219177246094
0.017154455184936523
0.016434669494628906
0.01680779457092285
0.01670360565185547
0.016698598861694336
0.01652240753173828
0.016745805740356445
0.01658916473388672
0.016690969467163086
0.01677227020263672
0.01706075668334961
0.01719975471496582
0.01719188690185547
0.01737523078918457
0.017292022705078125
0.017206430435180664
0.01933145523071289
0.01834249496459961
0.01757502555847168
0.016942739486694336
0.016735553741455078
0.01660323143005371
0.016557931900024414
0.01690983772277832
0.01675701141357422
0.016428470611572266
0.016848087310791016
0.01692819595336914
0.016720294952392578
0.016832828521728516
0.016611337661743164
0.016830921173095703
0.01663804054260254
0.016582489013671875
0.016718149185180664
0.016886472702026367
0.016656875610351562
0.016646385192871094
0.016707658767700195
0.01664900779724121
0.016875743865966797
0.01681065559387207
0.01653456687927246
0.016374826431274414
0.016289949417114258
0.016389846801757812
0.016485929489135742
0.016394615173339844
0.016297340393066406
0.01648855209350586
0.01677703857421875
0.016669750213623047
0.017011165618896484
0.01741623878479004
0.01730203628540039
0.017822980880737305
0.01719379425048828
0.01711893081665039
0.017066001892089844
0.01702284812927246
0.016982316970825195
0.01725006103515625
0.016919851303100586
0.017139434814453125
0.017202138900756836
0.01722121238708496
0.016892433166503906
0.017130136489868164
0.017110824584960938
0.01706242561340332
0.01707005500793457
0.016943693161010742
0.017087697982788086
0.016974925994873047
0.016949892044067383
0.016652584075927734
0.01673412322998047
0.016800403594970703
0.01651477813720703
0.016719579696655273
0.01658320426940918
0.016681909561157227
0.017026424407958984
0.016881465911865234
0.016531944274902344
0.01661372184753418
0.016921043395996094
0.01681685447692871
0.016654491424560547
0.01669907569885254
0.016644954681396484
0.016788005828857422
0.016631364822387695
0.016906023025512695
0.016584396362304688
0.016777753829956055
0.016640901565551758
0.016750097274780273
0.016794204711914062
0.017156362533569336
0.01672077178955078
0.016817331314086914
0.016644954681396484
0.016730785369873047
0.01673746109008789
0.016932010650634766
0.016853809356689453
0.0168304443359375
0.017000198364257812
0.01680302619934082
0.01688838005065918
0.017146825790405273
0.017377853393554688
0.016661405563354492
0.01702284812927246
0.016876220703125
0.01706862449645996
0.01701831817626953
0.01708197593688965
0.017071962356567383
0.017119407653808594
0.016810178756713867
0.01711130142211914
0.016767501831054688
0.016758441925048828
0.016564130783081055
0.01708674430847168
0.017179012298583984
0.017246246337890625
0.017139196395874023
0.017222881317138672
0.01742863655090332
0.0173492431640625
0.01746058464050293
0.019093751907348633
0.017409086227416992
0.017277240753173828
0.017055988311767578
0.01682257652282715
0.01685810089111328
0.017080068588256836
0.017293453216552734
0.01688551902770996
0.0170896053314209
0.017017364501953125
0.01730203628540039
0.017301321029663086
0.01686263084411621
0.01687169075012207
0.016627073287963867
0.016454219818115234
0.01674818992614746
0.0169064998626709
0.016680240631103516
0.017007112503051758
0.017203330993652344
0.017548799514770508
0.019042253494262695
0.019138813018798828
0.01726078987121582
0.01682901382446289
0.016557931900024414
0.01663064956665039
0.016693592071533203
0.016937971115112305
0.017132997512817383
0.016725778579711914
0.01687002182006836
0.016803979873657227
0.016854524612426758
0.017336368560791016
0.017153263092041016
0.017070531845092773
0.016995906829833984
0.01725292205810547
0.01712799072265625
0.017118453979492188
0.017076969146728516
0.017164230346679688
0.016423940658569336
0.016791582107543945
0.016780614852905273
0.016421794891357422
0.016351699829101562
0.01645040512084961
0.01639580726623535
0.01697230339050293
0.01715874671936035
0.016938209533691406
0.016597747802734375
0.01676774024963379
0.016505956649780273
0.01674509048461914
0.016849040985107422
0.017078876495361328
0.017065048217773438
0.0168459415435791
0.017065763473510742
0.017180681228637695
0.018093109130859375
0.01893448829650879
0.017648935317993164
0.017749786376953125
0.017563819885253906
0.0171506404876709
0.016508817672729492
0.016461849212646484
0.016607046127319336
0.016894102096557617
0.016758203506469727
0.016965866088867188
0.016681194305419922
0.01659250259399414
0.016488075256347656
0.016585350036621094
0.016551494598388672
0.016578197479248047
0.016497135162353516
0.016272306442260742
0.016233205795288086
0.015650033950805664
0.015705108642578125
0.01625823974609375
0.016368389129638672
0.016355276107788086
0.0165407657623291
0.016400814056396484
0.016328096389770508
0.01659989356994629
0.017008066177368164
0.01655721664428711
0.01645517349243164
0.016991138458251953
0.017202138900756836
0.017000913619995117
0.01693868637084961
0.01671147346496582
0.017020463943481445
0.016873598098754883
0.01657581329345703
0.016466617584228516
0.016314029693603516
0.016347885131835938
0.01642298698425293
0.016430139541625977
0.016481876373291016
0.016648054122924805
0.0166013240814209
0.016545534133911133
0.01661396026611328
0.016559123992919922
0.016623735427856445
0.01777362823486328
0.017949342727661133
0.016949892044067383
0.016880273818969727
0.01681351661682129
0.017275571823120117
0.017652273178100586
0.017674922943115234
0.018622398376464844
0.018481016159057617
0.01859450340270996
0.018744945526123047
0.018519163131713867
0.018241405487060547
0.01860213279724121
0.017696380615234375
0.017713546752929688
0.017605304718017578
0.017265796661376953
0.01697230339050293
0.017144203186035156
0.018343448638916016
0.018944978713989258
0.017850399017333984
0.017246007919311523
0.017777681350708008
0.017460346221923828
0.018121957778930664
0.01715874671936035
0.017012357711791992
0.016721487045288086
0.016577959060668945
0.01674818992614746
0.016600608825683594
0.01714038848876953
0.017120361328125
0.016918659210205078
0.016731739044189453
0.016922712326049805
0.016901016235351562
0.0168914794921875
0.016798973083496094
0.016785383224487305
0.017248153686523438
0.01670360565185547
0.016842365264892578
0.016552448272705078
0.016583681106567383
0.01654219627380371
0.016730546951293945
0.01663827896118164
0.016663789749145508
0.016599178314208984
0.016579627990722656
0.01665472984313965
0.016664981842041016
0.016552209854125977
0.016860246658325195
0.01680445671081543
0.016659975051879883
0.01642775535583496
0.016693592071533203
0.016576766967773438
0.01650547981262207
0.016663551330566406
0.017052650451660156
0.01661968231201172
0.016828060150146484
0.017035245895385742
0.016925811767578125
0.016686439514160156
0.016725540161132812
0.016676902770996094
0.01711750030517578
0.017346620559692383
0.017836809158325195
0.017211198806762695
0.01728653907775879
0.017080068588256836
0.016988515853881836
0.016829729080200195
0.017971038818359375
0.01762533187866211
0.017194032669067383
0.01676654815673828
0.016345977783203125
0.01682448387145996
0.017230749130249023
0.01712489128112793
0.017164945602416992
0.016968965530395508
0.016887664794921875
0.016946077346801758
0.017284393310546875
0.017477750778198242
0.01734614372253418
0.017208099365234375
0.017435789108276367
0.017689228057861328
0.017610549926757812
0.017471790313720703
0.01725482940673828
0.016887426376342773
0.016605377197265625
0.016756057739257812
0.01642584800720215
0.016509056091308594
0.016100168228149414
0.016265392303466797
0.016383886337280273
0.016567468643188477
0.01667618751525879
0.016612529754638672
0.016528606414794922
0.016712188720703125
0.016636371612548828
0.016624927520751953
0.018366575241088867
0.017054080963134766
0.016648530960083008
0.01655745506286621
0.01675128936767578
0.016814470291137695
0.01643967628479004
0.016542434692382812
0.016497373580932617
0.01650404930114746
0.016625404357910156
0.01651310920715332
0.016121387481689453
0.016304969787597656
0.01633930206298828
0.016495227813720703
0.01652669906616211
0.016789674758911133
0.01648545265197754
0.016963720321655273
0.016680479049682617
0.016594886779785156
0.0168612003326416
0.01683664321899414
0.016348838806152344
0.016082763671875
0.016207456588745117
0.016401290893554688
0.01763010025024414
0.016800880432128906
0.016199111938476562
0.016556501388549805
0.016333818435668945
0.01614856719970703
0.01604628562927246
0.01678752899169922
0.01732039451599121
0.01708197593688965
0.016680240631103516
0.01640629768371582
0.0166473388671875
0.017081260681152344
0.016408443450927734
0.016753435134887695
0.017002344131469727
0.017202377319335938
0.016631603240966797
0.01673603057861328
0.01630711555480957
0.01642155647277832
0.016610145568847656
0.01692938804626465
0.016422510147094727
0.01650691032409668
0.016236066818237305
0.016357898712158203
0.016242504119873047
0.015543222427368164
0.015978097915649414
0.016403913497924805
0.01574540138244629
0.016167640686035156
0.016132116317749023
0.01654052734375
0.01644587516784668
0.016494274139404297
0.016570568084716797
0.01639270782470703
0.016347408294677734
0.01662468910217285
0.016643762588500977
0.01682424545288086
0.0173337459564209
0.017573118209838867
0.01671600341796875
0.01647019386291504
0.01611042022705078
0.01658034324645996
0.01639103889465332
0.016419172286987305
0.016371488571166992
0.016384124755859375
0.016730546951293945
0.016535043716430664
0.016649484634399414
0.01627326011657715
0.016069650650024414
0.016183853149414062
0.016098499298095703
0.01625204086303711
0.016193151473999023
0.016144514083862305
0.01657390594482422
0.016794443130493164
0.0167081356048584
0.016897201538085938
0.017325162887573242
0.01690053939819336
0.016675233840942383
0.01680898666381836
0.0168454647064209
0.016924142837524414
0.016468286514282227
0.01644301414489746
0.016643762588500977
0.01653122901916504
0.016918659210205078
0.0169370174407959
0.01661086082458496
0.01645946502685547
0.016741514205932617
0.0168609619140625
0.01672196388244629
0.017385005950927734
0.016865253448486328
0.01706838607788086
0.01729583740234375
0.017204761505126953
0.017365217208862305
0.01739215850830078
0.01847076416015625
0.017477035522460938
0.01712775230407715
0.016752958297729492
0.016772747039794922
0.017091751098632812
0.016611576080322266
0.016939163208007812
0.01704096794128418
0.01683783531188965
0.016995906829833984
0.016568422317504883
0.016829252243041992
0.016470670700073242
0.016633987426757812
0.016325712203979492
0.016216278076171875
0.016468524932861328
0.01660895347595215
0.016617298126220703
0.017215251922607422
0.017454862594604492
0.018004417419433594
0.017429828643798828
