17.862141314191692
17.862141314191692
17.862141314191692
17.862141314191692
17.862141314191692
17.862141314191692
17.862141314191692
17.773381043561827
17.773381043561827
17.66925182206264
17.66925182206264
17.64087617213755
17.580250765687957
17.580250765687957
17.4644943372031
16.906657916071584
16.574307041312682
16.574307041312682
16.574307041312682
16.574307041312682
16.502577941691758
16.09244092731775
16.09244092731775
15.867797975309369
15.867797975309369
15.867797975309369
15.867797975309369
15.867797975309369
15.867797975309369
15.867797975309369
15.631051902297354
15.459118196899887
15.459118196899887
15.459118196899887
15.459118196899887
15.17404407894086
14.794461960577339
14.794461960577339
14.794461960577339
14.712171647517527
13.751036569489916
13.751036569489916
13.751036569489916
13.751036569489916
13.751036569489916
13.384158877968556
13.384158877968556
13.384158877968556
13.384158877968556
13.253776334638609
12.866996083142146
12.866996083142146
12.866996083142146
12.866996083142146
12.866996083142146
12.866996083142146
12.866996083142146
12.866996083142146
12.866996083142146
12.866996083142146
12.651459672927764
12.651459672927764
12.651459672927764
12.651459672927764
12.651459672927764
12.40892544017417
12.40892544017417
12.327619516457617
12.327619516457617
12.308955268956097
12.308955268956097
12.308955268956097
12.035265547843906
12.035265547843906
12.035265547843906
11.977805453838505
11.640862516254572
11.640862516254572
11.534211458607617
11.534211458607617
11.534211458607617
11.534211458607617
11.534211458607617
11.258628418616631
11.237207955763926
10.929331846597698
10.929331846597698
10.929331846597698
10.929331846597698
10.929331846597698
10.851139293422442
9.810238765718623
9.810238765718623
9.810238765718623
9.810238765718623
9.545952922913251
9.545952922913251
9.545952922913251
9.545952922913251
9.545952922913251
9.545952922913251
9.545952922913251
9.545952922913251
9.545952922913251
9.545952922913251
9.446906512850193
9.446906512850193
9.446906512850193
9.305108290291063
9.305108290291063
9.305108290291063
9.237908589349962
9.237908589349962
9.021910943065993
8.575863145330999
8.575863145330999
8.575863145330999
8.575863145330999
8.575863145330999
8.575863145330999
8.575863145330999
8.575863145330999
8.575863145330999
8.393675263794705
8.393675263794705
8.393675263794705
8.393675263794705
8.139746488217074
7.848651942790699
7.848651942790699
7.646066556785419
7.646066556785419
7.646066556785419
7.646066556785419
7.646066556785419
7.646066556785419
7.646066556785419
7.453307481207139
7.3676563139618345
7.153989741559373
7.153989741559373
7.153989741559373
7.153989741559373
7.153989741559373
6.8663631618078576
6.8663631618078576
6.8663631618078576
6.7892009353056935
6.570251830255019
6.570251830255019
6.570251830255019
6.570251830255019
6.570251830255019
6.369473245515055
6.369473245515055
6.361166987019818
5.959983033303786
5.959983033303786
5.959983033303786
5.959983033303786
5.959983033303786
5.959983033303786
5.959983033303786
5.959983033303786
5.959983033303786
5.959983033303786
5.959983033303786
5.959983033303786
5.927659473227855
5.866373817112635
5.866373817112635
5.843783220522262
5.843783220522262
5.802001441567693
5.433038764055219
5.433038764055219
5.433038764055219
5.433038764055219
5.433038764055219
5.433038764055219
5.433038764055219
5.4104070207567965
5.4104070207567965
5.4104070207567965
5.4104070207567965
5.4104070207567965
5.366206738892107
5.366206738892107
5.366206738892107
5.098263302124
5.098263302124
5.098263302124
5.098263302124
5.009137033118101
5.009137033118101
5.009137033118101
5.009137033118101
5.009137033118101
5.009137033118101
4.9000527549493995
4.9000527549493995
4.9000527549493995
4.790407018738559
4.790407018738559
4.790407018738559
4.657561237483758
4.657561237483758
4.657561237483758
4.657561237483758
4.509712202392237
4.509712202392237
4.509712202392237
4.509712202392237
4.166803937727526
4.166803937727526
4.166803937727526
4.166803937727526
4.166803937727526
4.166803937727526
4.166803937727526
4.166803937727526
4.166803937727526
4.166803937727526
4.166803937727526
4.166803937727526
4.166803937727526
4.1218316601526865
4.1218316601526865
4.1218316601526865
4.1218316601526865
4.1218316601526865
4.1218316601526865
4.1218316601526865
4.1218316601526865
4.1218316601526865
4.0964310170548615
4.0964310170548615
4.0964310170548615
4.0964310170548615
4.0964310170548615
4.0964310170548615
4.0964310170548615
4.0964310170548615
4.0964310170548615
4.0964310170548615
4.006438144600381
4.006438144600381
4.006438144600381
4.006438144600381
4.006438144600381
3.8744410319298446
3.7593032468378986
3.7593032468378986
3.7593032468378986
3.7593032468378986
3.7363979943437577
3.7363979943437577
3.603449520666839
3.603449520666839
3.603449520666839
3.603449520666839
3.603449520666839
3.603449520666839
3.5649252876321
3.2450486952913025
3.2450486952913025
3.2450486952913025
3.2450486952913025
3.2450486952913025
3.2450486952913025
3.2450486952913025
3.2450486952913025
3.2450486952913025
3.168817165799158
3.168817165799158
3.168817165799158
3.168817165799158
3.168817165799158
3.168817165799158
3.168817165799158
3.168817165799158
3.168817165799158
3.1502338495565603
3.1502338495565603
3.1502338495565603
3.1502338495565603
2.948401503455436
2.948401503455436
2.8309139335278886
2.8309139335278886
2.8309139335278886
2.8309139335278886
2.8309139335278886
2.8309139335278886
2.8309139335278886
2.8309139335278886
2.819877765999305
2.819877765999305
2.7577653509115443
2.7577653509115443
2.7577653509115443
2.7577653509115443
2.7554113054753806
2.7554113054753806
2.7196234810535564
2.66868333862433
2.66868333862433
2.66868333862433
2.4694247889711676
2.4694247889711676
2.4694247889711676
2.4694247889711676
2.4694247889711676
2.4694247889711676
2.4694247889711676
2.4694247889711676
2.4694247889711676
2.4694247889711676
2.4694247889711676
2.4694247889711676
2.459544485762592
2.440386052121969
2.4279606636875
2.4279606636875
2.357236615972546
2.357236615972546
2.2999344445421137
2.234055157557325
2.2182794570459805
2.2017899147874296
2.2017899147874296
2.0611697202349752
1.9941168843782329
1.9941168843782329
1.9941168843782329
1.9363194063139808
1.9363194063139808
1.9363194063139808
1.9363194063139808
1.9363194063139808
1.9363194063139808
1.9363194063139808
1.9363194063139808
1.9363194063139808
1.6217245191234397
1.6217245191234397
1.6217245191234397
1.6217245191234397
1.6217245191234397
1.6217245191234397
1.6217245191234397
1.5401184317936405
1.5401184317936405
1.4151802013041426
1.4151802013041426
1.4151802013041426
1.4151802013041426
1.4151802013041426
1.4151802013041426
1.4151802013041426
1.4151802013041426
1.4151802013041426
1.3540627060571957
1.3540627060571957
1.3540627060571957
1.2713926951351944
1.2713926951351944
1.2713926951351944
1.2713926951351944
1.2713926951351944
1.2713926951351944
1.2713926951351944
1.2713926951351944
1.2713926951351944
1.2049470623698149
1.2049470623698149
1.2049470623698149
1.2049470623698149
1.2049470623698149
1.2049470623698149
1.2049470623698149
1.2049470623698149
1.2049470623698149
1.2049470623698149
0.9179426870492478
0.9179426870492478
0.9179426870492478
0.9170087120189585
0.9170087120189585
0.7707414902004501
0.7707414902004501
0.7707414902004501
0.7302201348732922
0.7302201348732922
0.7302201348732922
0.7302201348732922
0.7302201348732922
0.7302201348732922
0.7302201348732922
0.7302201348732922
0.7302201348732922
0.7302201348732922
0.6700168709738392
0.6700168709738392
0.6700168709738392
0.6700168709738392
0.6700168709738392
0.6700168709738392
0.6343881045473516
0.6343881045473516
0.6343881045473516
0.6343881045473516
0.6343881045473516
0.6343881045473516
0.6093468473340842
0.5395159211513239
0.5395159211513239
0.5395159211513239
0.5395159211513239
0.5395159211513239
0.5395159211513239
0.5395159211513239
0.5395159211513239
0.5395159211513239
0.5395159211513239
0.5395159211513239
0.5395159211513239
0.5395159211513239
0.5395159211513239
0.49721047551782505
0.49721047551782505
0.49721047551782505
0.49721047551782505
0.49721047551782505
0.49721047551782505
0.47809122161072537
0.47809122161072537
0.47809122161072537
0.4728493683910848
0.4728493683910848
0.4197706861878494
0.4087917795994649
0.4087917795994649
0.4087917795994649
0.4087917795994649
0.4087917795994649
0.38812613746697266
0.38812613746697266
0.38812613746697266
0.38812613746697266
0.37426634806686465
0.37426634806686465
0.37426634806686465
0.37426634806686465
0.37426634806686465
0.3500183049778123
0.3500183049778123
0.3500183049778123
0.3500183049778123
0.3233548662482377
0.3233548662482377
0.3233548662482377
0.3233548662482377
0.3233548662482377
0.278547194372436
0.278547194372436
0.278547194372436
0.278547194372436
0.278547194372436
0.278547194372436
0.278547194372436
0.278547194372436
0.274107326037651
0.274107326037651
0.24126828430643243
0.24126828430643243
0.24126828430643243
0.24126828430643243
0.24126828430643243
0.24126828430643243
0.24126828430643243
0.24126828430643243
0.24126828430643243
0.24126828430643243
0.24126828430643243
0.24126828430643243
0.24126828430643243
0.19162634028619152
0.19162634028619152
0.19162634028619152
0.19162634028619152
0.19162634028619152
0.19162634028619152
0.18587281234801623
0.18587281234801623
0.18587281234801623
0.18587281234801623
0.18587281234801623
0.1738069166074112
0.1738069166074112
0.1738069166074112
0.1738069166074112
0.1738069166074112
0.1738069166074112
0.1738069166074112
0.1738069166074112
0.16913368977526844
0.16913368977526844
0.16913368977526844
0.15872131278542412
0.13185180037033817
0.13185180037033817
0.13185180037033817
0.13185180037033817
0.13185180037033817
0.13185180037033817
0.13185180037033817
0.12222946342114938
0.12222946342114938
0.12222946342114938
0.12222946342114938
0.12222946342114938
0.12106750565867941
0.12106750565867941
0.12102607680617794
0.12102607680617794
0.1178668829756866
0.1178668829756866
0.1178668829756866
0.11737217532627398
0.11737217532627398
0.11737217532627398
0.11737217532627398
0.11564884764255012
0.1150057588700939
0.10922540396127545
0.1040174381472525
0.1040174381472525
0.1040174381472525
0.1040174381472525
0.1040174381472525
0.10066332482055174
0.10066332482055174
0.10066332482055174
0.08877021880194036
0.08877021880194036
0.08877021880194036
0.0864319513272811
0.0864319513272811
0.08511603779431454
0.08511603779431454
0.08511603779431454
0.08511603779431454
0.08511603779431454
0.0809833211205202
0.0809833211205202
0.0727220361566232
0.0727220361566232
0.0727220361566232
0.0727220361566232
0.0727220361566232
0.06459249130057998
0.06459249130057998
0.06459249130057998
0.06459249130057998
0.06459249130057998
0.06459249130057998
0.06459249130057998
0.06459249130057998
0.06459249130057998
0.06459249130057998
0.06459249130057998
0.06459249130057998
0.06459249130057998
0.06459249130057998
0.06459249130057998
0.06459249130057998
0.06354754995115286
0.06265121071544044
0.06265121071544044
0.059456515275133626
0.059456515275133626
0.055767634836008995
0.055767634836008995
0.044704508898263384
0.044704508898263384
0.044704508898263384
0.044704508898263384
0.044704508898263384
0.044704508898263384
0.044704508898263384
0.044704508898263384
0.044704508898263384
0.041221297883353714
0.041221297883353714
0.04004394999023475
0.04004394999023475
0.04004394999023475
0.04004394999023475
0.04004394999023475
0.04004394999023475
0.03752063550413354
0.03752063550413354
0.03752063550413354
0.03601808266418871
0.03601808266418871
0.03601808266418871
0.03593766696173262
0.03593766696173262
0.03593766696173262
0.03593766696173262
0.034942220405692836
0.034942220405692836
0.033372382790023636
0.033372382790023636
0.033372382790023636
0.03203048217176274
0.03203048217176274
0.03203048217176274
0.030375886754548276
0.030375886754548276
0.028492290288134825
0.028492290288134825
0.028492290288134825
0.028492290288134825
0.028492290288134825
0.028492290288134825
0.027862206930844735
0.027862206930844735
0.024448124454679032
0.024448124454679032
0.020096658323197403
0.020096658323197403
0.020096658323197403
0.020096658323197403
0.020096658323197403
0.020096658323197403
0.020096658323197403
0.020096658323197403
0.020096658323197403
0.020096658323197403
0.020096658323197403
0.020096658323197403
0.020096658323197403
0.020096658323197403
0.020096658323197403
0.020096658323197403
0.020096658323197403
0.01865108322384046
0.01865108322384046
0.018358230448924928
0.018358230448924928
0.018358230448924928
0.01835059521217275
0.017640633860004584
0.017640633860004584
0.017640633860004584
0.017289541427516042
0.016963015242357216
0.016963015242357216
0.01340183727238653
0.01340183727238653
0.01340183727238653
0.01340183727238653
0.01340183727238653
0.01340183727238653
0.01340183727238653
0.01340183727238653
0.01340183727238653
0.01340183727238653
0.01340183727238653
0.01340183727238653
0.01340183727238653
0.012531472280468137
0.012531472280468137
0.012531472280468137
0.012531472280468137
0.01185294677448212
0.01185294677448212
0.01185294677448212
0.011171248495109865
0.009050635432942045
0.009050635432942045
0.009050635432942045
0.009050635432942045
0.009050635432942045
0.009050635432942045
0.009050635432942045
0.009050635432942045
0.009050635432942045
0.009050635432942045
0.009050635432942045
0.009050635432942045
0.009050635432942045
0.009050635432942045
0.009050635432942045
0.009050635432942045
0.00898654350497452
0.00898654350497452
0.008662221116647828
0.008662221116647828
0.008662221116647828
0.008662221116647828
0.008662221116647828
0.008662221116647828
0.008467449473940292
0.008467449473940292
0.008467449473940292
0.008467449473940292
0.008227935241379214
0.00793863570115505
0.00793863570115505
0.00793863570115505
0.00793863570115505
0.007925416011904218
0.007925416011904218
0.007925416011904218
0.007925416011904218
0.007812172428973696
0.007788835954979589
0.007653526691569823
0.007653526691569823
0.007653526691569823
0.007653526691569823
0.007506058018734052
0.007506058018734052
0.007506058018734052
0.007431571874594312
0.007431571874594312
0.007013659263407135
0.007013659263407135
0.007013659263407135
0.0068569613602633694
0.0068569613602633694
0.0068569613602633694
0.0068569613602633694
0.0066654840234079415
0.0066654840234079415
0.0066654840234079415
0.0066654840234079415
0.0066654840234079415
0.006337257090319071
0.006173224227715934
0.006139711149302229
0.006139711149302229
0.005893545177748649
0.005888372216009685
0.005888372216009685
0.005888372216009685
0.005875960191829677
0.005875960191829677
0.0057872342712208535
0.0057872342712208535
0.005630591900104065
0.005630591900104065
0.005630591900104065
0.005326955655576171
0.005326955655576171
0.004852238754335048
0.004847849904166424
0.0048475435596984084
0.0048475435596984084
0.004837817058408689
0.004557846938833876
0.004557846938833876
0.004316100916213372
0.004316100916213372
0.004316100916213372
0.004316100916213372
0.004308283419224068
0.004308283419224068
0.004308283419224068
0.004308283419224068
0.004308283419224068
0.004180654116527904
0.004180654116527904
0.004126584796516397
0.004126362228486613
0.004126362228486613
0.004126362228486613
0.003976162719158793
0.003976162719158793
0.003976162719158793
0.003976162719158793
0.0037285487849558763
0.0037285487849558763
0.0037285487849558763
0.0036818419454789364
0.0036818419454789364
0.0034546943848177136
0.0034546943848177136
0.0034546943848177136
0.0034546943848177136
0.0034546943848177136
0.003281205553154365
0.003006754417238966
0.003006754417238966
0.003006754417238966
0.003006754417238966
0.003006754417238966
0.003006754417238966
0.003004157281342401
0.003004157281342401
0.003004157281342401
0.0026066449456330076
0.0026066449456330076
0.0026066449456330076
0.0026066449456330076
0.0026066449456330076
0.0026066449456330076
0.0026066449456330076
0.0026066449456330076
0.0026066449456330076
0.0025349741188129826
0.0023116091212820322
0.0023116091212820322
0.0023116091212820322
0.0023116091212820322
0.0023116091212820322
0.0023116091212820322
0.0023116091212820322
0.0022762494957788704
0.0022762494957788704
0.0022762494957788704
0.0022762494957788704
0.0022390083950547535
0.0022390083950547535
0.0022390083950547535
0.0021668110824180076
0.0021431899366106677
0.002104947179088157
0.001946507622740512
0.001946507622740512
0.001946507622740512
0.0019453506804083531
0.0017791008735201785
0.0017436983361989178
0.0017436983361989178
0.0017436983361989178
0.0017436983361989178
0.0017436983361989178
0.0017436983361989178
0.0017436983361989178
0.0017436983361989178
0.0017436983361989178
0.0017436983361989178
0.0017436983361989178
0.0017436983361989178
0.00163786783202724
0.00163786783202724
0.0014706617780113618
0.0014706617780113618
0.0014706617780113618
0.0013703561346396498
0.0013643891782493256
0.0013643891782493256
0.0013643891782493256
0.0013144659783250745
0.0013144659783250745
0.0013144659783250745
0.0013115375627741344
0.0013115375627741344
0.0013115375627741344
0.0013115375627741344
0.0011929695163672704
0.0011929695163672704
0.0011929695163672704
0.0011929695163672704
0.0011929695163672704
0.0011929695163672704
0.0011929695163672704
0.0011929695163672704
0.0011430507779230936
0.0011430507779230936
0.0011128087744758375
0.0011128087744758375
0.0011128087744758375
0.0011128087744758375
0.0011128087744758375
0.0011128087744758375
0.0010449768472611254
0.0009864377842312422
0.0009864377842312422
0.0009864377842312422
0.0009482101732380954
0.0009482101732380954
0.0008705296159909892
0.0008705296159909892
0.0007773034916560562
0.0007773034916560562
0.0007773034916560562
0.0007773034916560562
0.0007773034916560562
0.0007773034916560562
0.0007773034916560562
0.0007773034916560562
0.0007773034916560562
0.000772085421886004
0.0007601154992435966
0.0007601154992435966
0.0007521573089590561
0.0007521573089590561
0.0007521573089590561
0.0007052309913966326
0.0007052309913966326
0.0007052309913966326
0.0007052309913966326
0.0006663886086073489
0.0006663886086073489
0.0006663886086073489
0.0006389013546339584
0.0006386295399352093
0.0006386295399352093
0.0006386295399352093
0.0006386295399352093
0.0006386295399352093
0.0006386295399352093
0.0006095520399505006
0.0006095520399505006
0.0006095520399505006
0.0006095520399505006
0.0006095520399505006
0.0005408056235260972
0.0005408056235260972
0.0005408056235260972
0.0005408056235260972
0.0005408056235260972
0.0005408056235260972
0.0005408056235260972
0.0005408056235260972
0.0005408056235260972
0.0005408056235260972
0.0005408056235260972
0.0005408056235260972
0.0005408056235260972
0.0005408056235260972
0.0005408056235260972
0.0005145683978540205
0.0005145683978540205
0.0004699306690447713
0.0004699306690447713
0.0004699306690447713
0.0004699306690447713
0.0004699306690447713
0.0004699306690447713
0.0004699306690447713
0.0004699306690447713
0.0004478329165706896
0.0004478329165706896
0.0004478329165706896
0.00043680928527933816
0.00043680928527933816
0.0004286123544119391
0.0004003214900336616
0.0004003214900336616
0.0004003214900336616
0.0004003214900336616
0.0004003214900336616
0.0003712689848036632
0.0003712689848036632
0.0003712689848036632
0.0003712689848036632
0.0003712689848036632
0.0003712689848036632
0.0003641556156033232
0.0003641556156033232
0.0003385917207836542
0.0003385917207836542
0.0003157218525693395
0.0003157218525693395
0.0003157218525693395
0.0003157218525693395
0.0003157218525693395
0.0003157218525693395
0.00030219968524747287
0.00030219968524747287
0.00030219968524747287
0.00030219968524747287
0.0002958525236600451
0.0002958525236600451
0.0002813247143187425
0.0002813247143187425
0.00027994032906164534
0.00025072334718956313
0.00025072334718956313
0.00025072334718956313
0.00025072334718956313
0.00025072334718956313
0.00025072334718956313
0.00025072334718956313
0.00025072334718956313
0.00025072334718956313
0.00024185374887153444
0.00024185374887153444
0.00023420600783197187
0.00023420600783197187
0.00023420600783197187
0.00021791552300953754
0.00021791552300953754
0.00021791552300953754
