0.002674102783203125
0.002585887908935547
0.0026209354400634766
0.0026373863220214844
0.002621173858642578
0.0026514530181884766
0.0026290416717529297
0.002621173858642578
0.0025930404663085938
0.0026161670684814453
0.0025663375854492188
0.002627134323120117
0.0026509761810302734
0.0025670528411865234
0.002614736557006836
0.002686023712158203
0.004541158676147461
0.0028514862060546875
0.003028392791748047
0.0028839111328125
0.002960205078125
0.002927541732788086
0.0028429031372070312
0.0028879642486572266
0.002930164337158203
0.003005504608154297
0.002871274948120117
0.002809762954711914
0.002816438674926758
0.002824068069458008
0.0027413368225097656
0.00287628173828125
0.002811431884765625
0.0027282238006591797
0.002824068069458008
0.0027570724487304688
0.0027217864990234375
0.002784252166748047
0.002705097198486328
0.0027778148651123047
0.0026772022247314453
0.002665996551513672
0.002809286117553711
0.002735137939453125
0.002712249755859375
0.002689838409423828
0.0027551651000976562
0.0026912689208984375
0.0025877952575683594
0.002627849578857422
0.002641439437866211
0.002778768539428711
0.0028688907623291016
0.002743959426879883
0.002806425094604492
0.0027594566345214844
0.002899169921875
0.002847909927368164
0.002790689468383789
0.0028073787689208984
0.0031087398529052734
0.0028710365295410156
0.0028624534606933594
0.0028243064880371094
0.0027968883514404297
0.0028274059295654297
0.0029048919677734375
0.002844572067260742
0.002762317657470703
0.002805471420288086
0.002883434295654297
0.002891063690185547
0.0027725696563720703
0.0028836727142333984
0.0027937889099121094
0.0028121471405029297
0.002698659896850586
0.0027642250061035156
0.0028536319732666016
0.0027828216552734375
0.0026721954345703125
0.002856016159057617
0.002907276153564453
0.0027408599853515625
0.0027980804443359375
0.002730131149291992
0.0028069019317626953
0.0027425289154052734
0.002997159957885742
0.0028815269470214844
0.0029420852661132812
0.0028884410858154297
0.002911090850830078
0.002902507781982422
0.0029671192169189453
0.002823352813720703
0.002883434295654297
0.002932310104370117
0.0028417110443115234
0.0029838085174560547
0.0029468536376953125
0.0029480457305908203
0.0029675960540771484
0.0030059814453125
0.002706289291381836
0.002761363983154297
0.002984762191772461
0.002961397171020508
0.002882719039916992
0.002885103225708008
0.002802610397338867
0.0026464462280273438
0.0028676986694335938
0.002733945846557617
0.0026166439056396484
0.002765655517578125
0.0028946399688720703
0.002727985382080078
0.00261688232421875
0.0027174949645996094
0.002911806106567383
0.002821683883666992
0.0028183460235595703
0.0028755664825439453
0.0028371810913085938
0.0028057098388671875
0.0027985572814941406
0.0028090476989746094
0.002708911895751953
0.002814054489135742
0.002814769744873047
0.002828836441040039
0.0025887489318847656
0.00286865234375
0.0028874874114990234
0.002856016159057617
0.002661466598510742
0.0028214454650878906
0.0028121471405029297
0.002664804458618164
0.0026433467864990234
0.0027942657470703125
0.002920389175415039
0.0027251243591308594
0.002847909927368164
0.0027418136596679688
0.0026521682739257812
0.0027816295623779297
0.0028803348541259766
0.0030367374420166016
0.003047466278076172
0.002926349639892578
0.002956390380859375
0.0030298233032226562
0.0030133724212646484
0.002797365188598633
0.002833127975463867
0.0028984546661376953
0.0027456283569335938
0.002775430679321289
0.0027959346771240234
0.0026836395263671875
0.002681732177734375
0.002756834030151367
0.002797365188598633
0.002622842788696289
0.002810239791870117
0.0029039382934570312
0.0027251243591308594
0.002689361572265625
0.0027923583984375
0.0027496814727783203
0.002704143524169922
0.0027620792388916016
0.002817869186401367
0.0026693344116210938
0.002610445022583008
0.002821683883666992
0.002737283706665039
0.0025827884674072266
0.002702951431274414
0.002950429916381836
0.0027916431427001953
0.002822399139404297
0.002863168716430664
0.0027604103088378906
0.0029211044311523438
0.0028085708618164062
0.0027196407318115234
0.002834796905517578
0.002784252166748047
0.0028603076934814453
0.0027484893798828125
0.002820730209350586
0.0027909278869628906
0.002910614013671875
0.0026769638061523438
0.0027132034301757812
0.00264739990234375
0.0027818679809570312
0.0027256011962890625
0.0026221275329589844
0.0026941299438476562
0.002651214599609375
0.0026667118072509766
0.0026993751525878906
0.0026466846466064453
0.002592325210571289
0.0026955604553222656
0.0027697086334228516
0.0026090145111083984
0.0026924610137939453
0.0026352405548095703
0.002749919891357422
0.0026667118072509766
0.002596139907836914
0.0026047229766845703
0.002619028091430664
0.0028047561645507812
0.002623319625854492
0.002760171890258789
0.0025861263275146484
0.0026569366455078125
0.0025565624237060547
0.0025506019592285156
0.0025904178619384766
0.0025739669799804688
0.0026018619537353516
0.002633810043334961
0.002553224563598633
0.002641439437866211
0.002593994140625
0.0026662349700927734
0.002599477767944336
0.0026807785034179688
0.002671480178833008
0.002649545669555664
0.002763509750366211
0.002613544464111328
0.0025582313537597656
0.0026264190673828125
0.0026407241821289062
0.0025975704193115234
0.002712726593017578
0.0025954246520996094
0.0025634765625
0.0026924610137939453
0.0026178359985351562
0.002555370330810547
0.0026619434356689453
0.0027093887329101562
0.0027103424072265625
0.0026314258575439453
0.0026438236236572266
0.002608060836791992
0.0026955604553222656
0.002602100372314453
0.0026404857635498047
0.00275421142578125
0.0027763843536376953
0.0028274059295654297
0.0027742385864257812
0.0026519298553466797
0.002700328826904297
0.0026841163635253906
0.0025932788848876953
0.0027010440826416016
0.002733945846557617
0.0026578903198242188
0.002651214599609375
0.0026509761810302734
0.002551555633544922
0.002625703811645508
0.0026655197143554688
0.002604246139526367
0.002633810043334961
0.002638101577758789
0.0025420188903808594
0.0027344226837158203
0.0026900768280029297
0.0025026798248291016
0.0026891231536865234
0.0027115345001220703
0.0026679039001464844
0.002611875534057617
0.0027163028717041016
0.002667665481567383
0.002790212631225586
0.0026950836181640625
0.0026917457580566406
0.0024878978729248047
0.00275421142578125
0.002728700637817383
0.00255584716796875
0.002671957015991211
0.0027322769165039062
0.002570629119873047
0.002709627151489258
0.002640247344970703
0.002623319625854492
0.002635478973388672
0.00272369384765625
0.002637147903442383
0.0026063919067382812
0.002617359161376953
0.0026051998138427734
0.0027599334716796875
0.0027053356170654297
0.002652883529663086
0.0026280879974365234
0.0027191638946533203
0.0026824474334716797
0.002683401107788086
0.002758026123046875
0.002622365951538086
0.002679586410522461
0.0025904178619384766
0.002608060836791992
0.002605438232421875
0.0025725364685058594
0.002644062042236328
0.0025827884674072266
0.002643108367919922
0.0027899742126464844
0.0029866695404052734
0.0028536319732666016
0.0026743412017822266
0.0030660629272460938
0.0029506683349609375
0.0029006004333496094
0.0028362274169921875
0.003000497817993164
0.002959012985229492
0.002695798873901367
0.002766132354736328
0.002749919891357422
0.0028142929077148438
0.002730846405029297
0.0028672218322753906
0.0027587413787841797
0.0026493072509765625
0.002789735794067383
0.002943277359008789
0.0028700828552246094
0.0026061534881591797
0.0027937889099121094
0.0029006004333496094
0.0026917457580566406
0.0026204586029052734
0.002720355987548828
0.002700328826904297
0.002669095993041992
0.002753019332885742
0.0026612281799316406
0.0025544166564941406
0.002827882766723633
0.0027532577514648438
0.0024869441986083984
0.002490520477294922
0.002652883529663086
0.0027039051055908203
0.0026063919067382812
0.002576112747192383
0.002593994140625
0.0025899410247802734
0.002591848373413086
0.002623319625854492
0.002485036849975586
0.0026273727416992188
0.0026769638061523438
0.0024814605712890625
0.0026242733001708984
0.002633333206176758
0.0024805068969726562
0.0026764869689941406
0.0026345252990722656
0.0025789737701416016
0.0025854110717773438
0.0026001930236816406
0.0028090476989746094
0.0026226043701171875
0.0025959014892578125
0.002675294876098633
0.0027344226837158203
0.0026633739471435547
0.0026459693908691406
0.002518892288208008
0.0025794506072998047
0.002524852752685547
0.0025358200073242188
0.0025908946990966797
0.0024590492248535156
0.002646207809448242
0.002704143524169922
0.0024950504302978516
0.0025861263275146484
0.0026280879974365234
0.002620697021484375
0.002678394317626953
0.002583026885986328
0.0024983882904052734
0.002677440643310547
0.0026688575744628906
0.002644777297973633
0.0025107860565185547
0.002612590789794922
0.002449512481689453
0.002537250518798828
0.002458333969116211
0.0024695396423339844
0.002546072006225586
0.002563953399658203
0.0026078224182128906
0.002567291259765625
0.002529621124267578
0.0024445056915283203
0.0026056766510009766
0.002544403076171875
0.002503633499145508
0.0025069713592529297
0.0025675296783447266
0.0026144981384277344
0.0025374889373779297
0.002483367919921875
0.0025472640991210938
0.0024955272674560547
0.0025920867919921875
0.0024938583374023438
0.002513885498046875
0.0027196407318115234
0.0029211044311523438
0.0030324459075927734
0.0026535987854003906
0.0025849342346191406
0.002627134323120117
0.002779722213745117
0.002723217010498047
0.0027437210083007812
0.002723217010498047
0.0027365684509277344
0.0028638839721679688
0.0027458667755126953
0.00272369384765625
0.002744436264038086
0.0027205944061279297
0.0026977062225341797
0.0027544498443603516
0.002603292465209961
0.0027146339416503906
0.0027284622192382812
0.0026540756225585938
0.0026416778564453125
0.0025587081909179688
0.0025670528411865234
0.0026352405548095703
0.0026454925537109375
0.0026161670684814453
0.0026063919067382812
0.0026755332946777344
0.0026721954345703125
0.0025482177734375
0.002592802047729492
0.0025827884674072266
0.002674102783203125
0.0026025772094726562
0.0026085376739501953
0.002543210983276367
0.0026025772094726562
0.0026273727416992188
0.002556324005126953
0.002567291259765625
0.002597808837890625
0.0025701522827148438
0.0025544166564941406
0.0026187896728515625
0.0025582313537597656
0.0026710033416748047
0.002696990966796875
0.0025644302368164062
0.0025751590728759766
0.002573728561401367
0.0025632381439208984
0.002682924270629883
0.002659320831298828
0.0025801658630371094
0.0025920867919921875
0.0026428699493408203
0.0026111602783203125
0.0026144981384277344
0.002743959426879883
0.0027196407318115234
0.0028519630432128906
0.0027265548706054688
0.0026292800903320312
0.0025873184204101562
0.002814769744873047
0.0028738975524902344
0.0027151107788085938
0.0027055740356445312
0.0027234554290771484
0.002759218215942383
0.0026044845581054688
0.0027015209197998047
0.0026357173919677734
0.002582550048828125
0.002747774124145508
0.002748727798461914
0.0025305747985839844
0.0026133060455322266
0.0027709007263183594
0.0025243759155273438
0.0026581287384033203
0.0027418136596679688
0.0027322769165039062
0.0028066635131835938
0.002719402313232422
0.002724170684814453
0.002733469009399414
0.0027756690979003906
0.002725362777709961
0.0027244091033935547
0.0027170181274414062
0.0028791427612304688
0.0028133392333984375
0.0026628971099853516
0.002798318862915039
0.0027627944946289062
0.002880573272705078
0.0026149749755859375
0.0026826858520507812
0.002622365951538086
0.002779245376586914
0.0028257369995117188
0.002811908721923828
0.00266265869140625
0.0027265548706054688
0.0028235912322998047
0.002619028091430664
0.0025975704193115234
0.0026721954345703125
0.0026259422302246094
0.0025739669799804688
0.0026412010192871094
0.002574443817138672
0.0026204586029052734
0.0026397705078125
0.002571582794189453
0.0025696754455566406
0.0026662349700927734
0.002606630325317383
0.002610445022583008
0.0026328563690185547
0.002622842788696289
0.0025336742401123047
0.002573251724243164
0.0026366710662841797
0.0025529861450195312
0.0025777816772460938
0.002570629119873047
0.002568960189819336
0.0026221275329589844
0.002762317657470703
0.002563953399658203
0.0026738643646240234
0.0027081966400146484
0.002593994140625
0.0026390552520751953
0.0026755332946777344
0.0027604103088378906
0.002743244171142578
0.0026941299438476562
0.002658843994140625
0.002617359161376953
0.0026559829711914062
0.0026018619537353516
0.0025348663330078125
0.002553701400756836
0.002575397491455078
0.0025615692138671875
0.002506732940673828
0.002492189407348633
0.0024454593658447266
0.002521514892578125
0.002602100372314453
0.0025017261505126953
0.002516508102416992
0.0026216506958007812
0.0025081634521484375
0.0025873184204101562
0.002504110336303711
0.0024704933166503906
0.002537250518798828
0.0025289058685302734
0.0025892257690429688
0.002537965774536133
0.002440929412841797
0.00251007080078125
0.0025572776794433594
0.0024878978729248047
0.0024976730346679688
0.002523183822631836
0.0024499893188476562
0.002612590789794922
0.0025339126586914062
0.0024912357330322266
0.0024576187133789062
0.0024633407592773438
0.002592802047729492
0.002590179443359375
0.0024518966674804688
0.0024580955505371094
0.002460956573486328
0.002562284469604492
0.0024759769439697266
0.002474069595336914
0.0024950504302978516
0.0024559497833251953
0.002611398696899414
0.0024459362030029297
0.002590179443359375
0.002605438232421875
0.0024499893188476562
0.0026214122772216797
0.0025396347045898438
0.002454996109008789
0.002526998519897461
0.0024881362915039062
0.0025212764739990234
0.002475738525390625
0.0024497509002685547
0.002463102340698242
0.0025250911712646484
0.0025467872619628906
0.0024831295013427734
0.0024423599243164062
0.0024640560150146484
0.0025260448455810547
0.0025463104248046875
0.0024721622467041016
0.0024487972259521484
0.002462625503540039
0.0026128292083740234
0.002567768096923828
0.00246429443359375
0.002482891082763672
0.0026798248291015625
0.002572298049926758
0.002490520477294922
0.002549409866333008
0.0025103092193603516
0.0024747848510742188
0.002542257308959961
0.002483844757080078
0.0024862289428710938
0.002465963363647461
0.002440929412841797
0.0026085376739501953
0.0024597644805908203
0.002466440200805664
0.0024640560150146484
0.002483367919921875
0.002580881118774414
0.002462148666381836
0.0025076866149902344
0.0025742053985595703
0.002521038055419922
0.00258636474609375
0.0024747848510742188
0.0025331974029541016
0.002511739730834961
0.002524852752685547
0.002563953399658203
0.002454042434692383
0.002450704574584961
0.002461671829223633
0.002637147903442383
0.0025207996368408203
0.002584695816040039
0.0025920867919921875
0.0025463104248046875
0.0026102066040039062
0.0025670528411865234
0.0025649070739746094
0.002567291259765625
0.002607107162475586
0.002637624740600586
0.002592802047729492
0.0025534629821777344
0.0025634765625
0.0025916099548339844
0.0025489330291748047
0.0025916099548339844
0.0025713443756103516
0.00254058837890625
0.0025360584259033203
0.0025827884674072266
0.0025463104248046875
0.0025568008422851562
0.0025424957275390625
0.002552032470703125
0.002550363540649414
0.002568483352661133
0.0025734901428222656
0.002548694610595703
0.0026040077209472656
0.0025186538696289062
0.002543926239013672
0.0025322437286376953
0.002562999725341797
0.002626180648803711
0.0025615692138671875
0.0025348663330078125
0.002534627914428711
0.002593994140625
0.0025773048400878906
0.0025370121002197266
0.002520322799682617
0.0025300979614257812
0.0025773048400878906
0.002591371536254883
0.002541780471801758
0.0025238990783691406
0.0025358200073242188
0.002565145492553711
0.002559661865234375
0.0025446414947509766
0.002528667449951172
0.0025246143341064453
0.002566099166870117
0.002519369125366211
0.0025272369384765625
0.002527952194213867
0.0025305747985839844
0.002543210983276367
0.002532482147216797
0.002530813217163086
0.0025339126586914062
0.002526998519897461
0.0025904178619384766
0.0025787353515625
0.0025773048400878906
0.0025491714477539062
0.0025382041931152344
0.0026171207427978516
0.002556324005126953
0.0025408267974853516
0.002523183822631836
0.002518892288208008
0.0025768280029296875
0.00251007080078125
0.002531290054321289
0.0025315284729003906
0.0025784969329833984
0.0025327205657958984
0.0025360584259033203
0.002535104751586914
0.0025353431701660156
0.0026340484619140625
0.0025773048400878906
0.002543210983276367
0.0025701522827148438
0.0025615692138671875
0.0025801658630371094
0.002540111541748047
0.002568960189819336
0.002521514892578125
0.002569437026977539
0.0025832653045654297
0.002567291259765625
0.002555370330810547
0.0025382041931152344
0.002583742141723633
0.0026140213012695312
0.0025632381439208984
0.002571582794189453
0.002521514892578125
0.002620697021484375
0.0026175975799560547
0.002555370330810547
0.0025446414947509766
0.002582550048828125
0.0026078224182128906
0.0025482177734375
0.002595186233520508
0.0025854110717773438
0.0025255680084228516
0.002565145492553711
0.0025603771209716797
0.00255584716796875
0.002599477767944336
0.002592325210571289
0.002547740936279297
0.002560138702392578
0.0025458335876464844
0.002558469772338867
0.0025854110717773438
0.002536773681640625
0.0025522708892822266
0.002588510513305664
0.0025327205657958984
0.0025730133056640625
0.0025374889373779297
0.0025398731231689453
0.0026242733001708984
0.0025572776794433594
0.002566814422607422
0.002549886703491211
0.0025663375854492188
0.00254058837890625
0.002560138702392578
0.0025985240936279297
0.0025556087493896484
0.002558469772338867
0.002549886703491211
0.0025382041931152344
0.0025725364685058594
0.0025339126586914062
0.0025441646575927734
0.0025501251220703125
0.002613544464111328
0.002505779266357422
0.0026276111602783203
0.002565622329711914
0.0025415420532226562
0.0026068687438964844
0.002541780471801758
0.0025522708892822266
0.0025534629821777344
0.00255584716796875
0.0025827884674072266
0.0025734901428222656
0.0025708675384521484
0.002567291259765625
0.0025453567504882812
0.0025911331176757812
0.002577066421508789
0.0025568008422851562
0.002582550048828125
0.00260162353515625
0.0026171207427978516
0.0025577545166015625
0.0025565624237060547
0.0025713443756103516
0.0025763511657714844
0.0025358200073242188
0.0025773048400878906
0.0025632381439208984
0.002541065216064453
0.0025627613067626953
0.0025305747985839844
0.002560853958129883
0.002546072006225586
0.0025510787963867188
0.0025606155395507812
0.002541065216064453
0.0025336742401123047
0.002547740936279297
0.0025322437286376953
0.002605438232421875
0.002549886703491211
0.0025548934936523438
0.0025234222412109375
0.002546548843383789
0.002547025680541992
0.0025420188903808594
0.002534627914428711
0.002541780471801758
0.0025806427001953125
0.002536773681640625
0.0025603771209716797
0.0025742053985595703
0.0025081634521484375
0.002570629119873047
0.0025691986083984375
0.00270843505859375
0.0027322769165039062
0.002777576446533203
0.0027666091918945312
0.0027570724487304688
0.0028018951416015625
0.0025932788848876953
0.002730846405029297
0.0027496814727783203
0.0026128292083740234
0.0026922225952148438
0.002765178680419922
0.002774953842163086
0.002588033676147461
0.002741098403930664
0.002757549285888672
0.002521991729736328
0.002762317657470703
0.002637147903442383
0.0025832653045654297
0.002621173858642578
0.002694368362426758
0.0026323795318603516
0.0025758743286132812
0.002675294876098633
0.0026154518127441406
0.0026292800903320312
0.0026607513427734375
0.0026082992553710938
0.0025832653045654297
0.002715587615966797
0.002620220184326172
0.002585172653198242
0.0026311874389648438
0.002577543258666992
0.0026178359985351562
0.0026488304138183594
0.002554178237915039
0.0025377273559570312
0.0026421546936035156
0.002624034881591797
0.0025506019592285156
0.002575397491455078
0.002574920654296875
0.0025327205657958984
0.002639293670654297
0.0025548934936523438
0.002536296844482422
0.0026214122772216797
0.0025446414947509766
0.0026383399963378906
0.0026941299438476562
0.002579927444458008
0.002619028091430664
0.0026514530181884766
0.002556324005126953
0.0025649070739746094
0.002557992935180664
0.0025434494018554688
0.0026471614837646484
0.0025482177734375
0.0025777816772460938
0.0025548934936523438
0.002591371536254883
0.002607107162475586
0.0026421546936035156
0.0027227401733398438
0.002732515335083008
0.0026865005493164062
0.002622842788696289
0.0026662349700927734
0.0027108192443847656
0.002644777297973633
0.002734661102294922
0.0026345252990722656
0.0025663375854492188
0.0026950836181640625
0.0026695728302001953
0.0025844573974609375
0.0027213096618652344
0.002700328826904297
0.002724885940551758
0.0028362274169921875
0.002719402313232422
0.0027191638946533203
0.002691507339477539
0.0028252601623535156
0.0027124881744384766
0.002753734588623047
0.002713441848754883
0.0027091503143310547
0.0028650760650634766
0.0026960372924804688
0.002718210220336914
0.0027179718017578125
0.002944469451904297
0.0027108192443847656
0.002811431884765625
0.0026421546936035156
0.0026426315307617188
0.0028650760650634766
0.0027544498443603516
0.0027174949645996094
0.0026845932006835938
0.0028007030487060547
0.002595663070678711
0.003374338150024414
0.0039942264556884766
0.0026187896728515625
0.002671957015991211
0.0025899410247802734
0.0025675296783447266
0.00266265869140625
0.0026085376739501953
0.002552509307861328
0.0026357173919677734
0.002584218978881836
0.0025992393493652344
0.002643108367919922
0.0026001930236816406
0.0025670528411865234
0.0026416778564453125
0.0026559829711914062
0.0025641918182373047
0.0026702880859375
0.002588510513305664
