0.0026466846466064453
0.0026328563690185547
0.0026836395263671875
0.0026111602783203125
0.002602100372314453
0.002607583999633789
0.0026519298553466797
0.0026290416717529297
0.0026459693908691406
0.002553701400756836
0.002589702606201172
0.0025653839111328125
0.002532482147216797
0.0025644302368164062
0.0025734901428222656
0.0025289058685302734
0.002556324005126953
0.0025627613067626953
0.002623319625854492
0.0025734901428222656
0.002578258514404297
0.002617359161376953
0.00260162353515625
0.0025730133056640625
0.0025734901428222656
0.0025587081909179688
0.0026323795318603516
0.002578258514404297
0.002577066421508789
0.0025682449340820312
0.002622365951538086
0.0025701522827148438
0.0025796890258789062
0.002591371536254883
0.0025627613067626953
0.002596616744995117
0.002588033676147461
0.002553701400756836
0.002583742141723633
0.0025758743286132812
0.0026254653930664062
0.0025832653045654297
0.0026111602783203125
0.0025599002838134766
0.002567768096923828
0.0025987625122070312
0.002556324005126953
0.002585172653198242
0.002538919448852539
0.002601146697998047
0.002595663070678711
0.002588033676147461
0.0025513172149658203
0.002548694610595703
0.0026023387908935547
0.0025835037231445312
0.0025391578674316406
0.002615690231323242
0.002544403076171875
0.002558469772338867
0.002544879913330078
0.002552032470703125
0.002563953399658203
0.0025625228881835938
0.0025522708892822266
0.0025577545166015625
0.002537965774536133
0.002563953399658203
0.002583026885986328
0.002538919448852539
0.002568960189819336
0.0025551319122314453
0.002544879913330078
0.0025882720947265625
0.0025734901428222656
0.002567768096923828
0.002550363540649414
0.002553701400756836
0.002599000930786133
0.00254058837890625
0.002530813217163086
0.002552509307861328
0.0025446414947509766
0.0026025772094726562
0.0025663375854492188
0.0025696754455566406
0.0025603771209716797
0.0025513172149658203
0.0025560855865478516
0.0025358200073242188
0.0025691986083984375
0.002618551254272461
0.0025823116302490234
0.002562284469604492
0.0025517940521240234
0.0025763511657714844
0.002536296844482422
0.002608060836791992
0.002581357955932617
0.0025458335876464844
0.0025336742401123047
0.0025446414947509766
0.002577543258666992
0.0025551319122314453
0.002547740936279297
0.0025191307067871094
0.002557516098022461
0.0025746822357177734
0.0025396347045898438
0.002558469772338867
0.002556324005126953
0.0025730133056640625
0.0025551319122314453
0.002560138702392578
0.0025482177734375
0.002630949020385742
0.0025458335876464844
0.002465486526489258
0.002492189407348633
0.002512216567993164
0.0024747848510742188
0.002629518508911133
0.002454519271850586
0.0024640560150146484
0.002513408660888672
0.002475738525390625
0.002547740936279297
0.00258636474609375
0.002550363540649414
0.002544879913330078
0.002559185028076172
0.0025835037231445312
0.0026645660400390625
0.0027418136596679688
0.0027375221252441406
0.0027256011962890625
0.0027332305908203125
0.002722024917602539
0.002656221389770508
0.002694368362426758
0.002760171890258789
0.0027322769165039062
0.0026879310607910156
0.0027174949645996094
0.002758502960205078
0.0026772022247314453
0.002725362777709961
0.0027725696563720703
0.002730846405029297
0.002749204635620117
0.0027480125427246094
0.0026459693908691406
0.0026597976684570312
0.0027337074279785156
0.0026895999908447266
0.0026116371154785156
0.002665996551513672
0.0026581287384033203
0.002669095993041992
0.002761363983154297
0.0026776790618896484
0.0026869773864746094
0.002646923065185547
0.002748250961303711
0.002717733383178711
0.0027251243591308594
0.0027310848236083984
0.002748727798461914
0.002731800079345703
0.002660989761352539
0.00273895263671875
0.002744913101196289
0.0026941299438476562
0.002705812454223633
0.002718210220336914
0.0026788711547851562
0.002747774124145508
0.002691507339477539
0.0027017593383789062
0.0027093887329101562
0.0027091503143310547
0.0027494430541992188
0.0027060508728027344
0.0026938915252685547
0.002710103988647461
0.002755403518676758
0.0027887821197509766
0.002763509750366211
0.002696990966796875
0.002672433853149414
0.002753019332885742
0.002615690231323242
0.0026018619537353516
0.002716064453125
0.002816915512084961
0.0027675628662109375
0.002710580825805664
0.0026717185974121094
0.002604961395263672
0.0028209686279296875
0.0026853084564208984
0.0026540756225585938
0.0027005672454833984
0.002821683883666992
0.002853870391845703
0.002666950225830078
0.002760171890258789
0.0027272701263427734
0.002707242965698242
0.0026884078979492188
0.002752065658569336
0.0028383731842041016
0.003209352493286133
0.0031147003173828125
0.003126859664916992
0.0029828548431396484
0.003065824508666992
0.0028400421142578125
0.002959012985229492
0.0029637813568115234
0.002901315689086914
0.0027828216552734375
0.0029230117797851562
0.0029380321502685547
0.0028808116912841797
0.002736806869506836
0.002861499786376953
0.0029273033142089844
0.002753734588623047
0.0028007030487060547
0.002818584442138672
0.0029075145721435547
0.002686738967895508
0.0028138160705566406
0.0028243064880371094
0.002700328826904297
0.0026607513427734375
0.002781391143798828
0.002882242202758789
0.002730131149291992
0.002716541290283203
0.002749204635620117
0.002741098403930664
0.002633810043334961
0.0027341842651367188
0.0027589797973632812
0.002521991729736328
0.0027883052825927734
0.002757549285888672
0.0025682449340820312
0.0027146339416503906
0.0028162002563476562
0.0028133392333984375
0.0025963783264160156
0.0027778148651123047
0.0028276443481445312
0.002747058868408203
0.002702474594116211
0.002765178680419922
0.0027489662170410156
0.002748250961303711
0.002765655517578125
0.002783536911010742
0.0025916099548339844
0.002760648727416992
0.002826213836669922
0.0026350021362304688
0.002685546875
0.002881288528442383
0.002846956253051758
0.002669095993041992
0.0028667449951171875
0.0027990341186523438
0.002775907516479492
0.002801656723022461
0.002864360809326172
0.002834320068359375
0.00267791748046875
0.002873659133911133
0.002801179885864258
0.002648591995239258
0.002742767333984375
0.0028312206268310547
0.002804279327392578
0.002610921859741211
0.002655506134033203
0.0027840137481689453
0.002699613571166992
0.0026090145111083984
0.002831697463989258
0.002844572067260742
0.0025758743286132812
0.002716064453125
0.002712726593017578
0.0026645660400390625
0.002606630325317383
0.0028228759765625
0.0026292800903320312
0.002554178237915039
0.0026702880859375
0.0025908946990966797
0.002607107162475586
0.0026018619537353516
0.0026092529296875
0.002610445022583008
0.0027441978454589844
0.0027065277099609375
0.0025277137756347656
0.0026476383209228516
0.0026891231536865234
0.002609729766845703
0.0026612281799316406
0.0026388168334960938
0.0025177001953125
0.0025374889373779297
0.0026595592498779297
0.0025115013122558594
0.002591371536254883
0.002604246139526367
0.0025815963745117188
0.0026633739471435547
0.0026094913482666016
0.0025594234466552734
0.0026092529296875
0.0027053356170654297
0.0026350021362304688
0.0026671886444091797
0.002626180648803711
0.002691984176635742
0.002627849578857422
0.00262451171875
0.0026006698608398438
0.0025920867919921875
0.002676248550415039
0.002683401107788086
0.0026514530181884766
0.002672910690307617
0.0026383399963378906
0.0026493072509765625
0.002553224563598633
0.0026082992553710938
0.002636432647705078
0.0025539398193359375
0.002680540084838867
0.002591371536254883
0.0024995803833007812
0.0026488304138183594
0.002519369125366211
0.0025985240936279297
0.0026297569274902344
0.002550840377807617
0.0025207996368408203
0.002608776092529297
0.0026082992553710938
0.002501249313354492
0.002627849578857422
0.002603292465209961
0.0026998519897460938
0.0026412010192871094
0.002672910690307617
0.002582550048828125
0.002681732177734375
0.002676248550415039
0.002634763717651367
0.0026140213012695312
0.002584218978881836
0.002676248550415039
0.0026476383209228516
0.0026025772094726562
0.0025446414947509766
0.002707958221435547
0.002666950225830078
0.0025649070739746094
0.002604246139526367
0.0026857852935791016
0.0025458335876464844
0.0026848316192626953
0.002663135528564453
0.002702951431274414
0.0025472640991210938
0.0027413368225097656
0.002529621124267578
0.0025568008422851562
0.002638101577758789
0.0027332305908203125
0.0026521682739257812
0.0025653839111328125
0.0025773048400878906
0.0025081634521484375
0.002613067626953125
0.002628326416015625
0.002582073211669922
0.0026450157165527344
0.0025434494018554688
0.0025594234466552734
0.0025701522827148438
0.002565622329711914
0.0024840831756591797
0.002538442611694336
0.0025794506072998047
0.002562284469604492
0.002536773681640625
0.002512693405151367
0.0025970935821533203
0.0025811195373535156
0.002513408660888672
0.002489328384399414
0.0024962425231933594
0.002506732940673828
0.0025997161865234375
0.002536773681640625
0.0024840831756591797
0.0025131702423095703
0.002567768096923828
0.0025501251220703125
0.0025339126586914062
0.0025463104248046875
0.002550840377807617
0.0025587081909179688
0.002566099166870117
0.002523183822631836
0.002541065216064453
0.002568483352661133
0.00257110595703125
0.002540111541748047
0.0025353431701660156
0.0025408267974853516
0.002559661865234375
0.0025501251220703125
0.0025174617767333984
0.0025429725646972656
0.002535104751586914
0.0025370121002197266
0.0025877952575683594
0.0025289058685302734
0.002526998519897461
0.002557516098022461
0.0025408267974853516
0.002595186233520508
0.0025620460510253906
0.0025413036346435547
0.0025262832641601562
0.002555370330810547
0.0025479793548583984
0.0024979114532470703
0.0025129318237304688
0.0024919509887695312
0.0025093555450439453
0.0025277137756347656
0.002498149871826172
0.002500772476196289
0.0025169849395751953
0.0025391578674316406
0.00247955322265625
0.002512693405151367
0.002545595169067383
0.0025246143341064453
0.002588987350463867
0.0026102066040039062
0.002552032470703125
0.0025391578674316406
0.0025451183319091797
0.002581357955932617
0.0025284290313720703
0.0025348663330078125
0.0025391578674316406
0.002527952194213867
0.002568960189819336
0.0025539398193359375
0.0025539398193359375
0.002545595169067383
0.0025446414947509766
0.002616405487060547
0.002540111541748047
0.0025377273559570312
0.0025246143341064453
0.002532958984375
0.002613067626953125
0.0025229454040527344
0.002529621124267578
0.0025556087493896484
0.002539396286010742
0.002559661865234375
0.002537965774536133
0.002521991729736328
0.0025076866149902344
0.002596139907836914
0.002478361129760742
0.0025348663330078125
0.0024819374084472656
0.0024919509887695312
0.002567768096923828
0.002507925033569336
0.0025615692138671875
0.002553701400756836
0.0025420188903808594
0.002585887908935547
0.0025272369384765625
0.0025212764739990234
0.0024864673614501953
0.0025093555450439453
0.0025703907012939453
0.0024826526641845703
0.0025124549865722656
0.0025103092193603516
0.002523183822631836
0.0025947093963623047
0.0025281906127929688
0.002538442611694336
0.0025229454040527344
0.0025360584259033203
0.0025725364685058594
0.0025703907012939453
0.002534151077270508
0.0025281906127929688
0.002553701400756836
0.0025415420532226562
0.0025169849395751953
0.002529144287109375
0.002508878707885742
0.002569913864135742
0.002521038055419922
0.0025129318237304688
0.0025322437286376953
0.0025556087493896484
0.0025627613067626953
0.002505064010620117
0.002516508102416992
0.002536773681640625
0.002542257308959961
0.0025560855865478516
0.002523183822631836
0.002524852752685547
0.0025603771209716797
0.0025115013122558594
0.0026023387908935547
0.0025377273559570312
0.002526521682739258
0.0025424957275390625
0.002520322799682617
0.0026133060455322266
0.002560853958129883
0.0025005340576171875
0.002570629119873047
0.002603292465209961
0.002590179443359375
0.0025177001953125
0.0025768280029296875
0.0025730133056640625
0.0026564598083496094
0.0025970935821533203
0.0025391578674316406
0.002616405487060547
0.002578258514404297
0.002557992935180664
0.002630472183227539
0.002554655075073242
0.0025517940521240234
0.0025320053100585938
0.002665281295776367
0.002553701400756836
0.002604246139526367
0.0025582313537597656
0.002531290054321289
0.0026009082794189453
0.002546072006225586
0.0025391578674316406
0.002534627914428711
0.0025594234466552734
0.0026035308837890625
0.0026547908782958984
0.002650737762451172
0.0026526451110839844
0.002601146697998047
0.0025472640991210938
0.0025298595428466797
0.0025267601013183594
0.0025663375854492188
0.0026314258575439453
0.002604961395263672
0.002590656280517578
0.0026328563690185547
0.002613067626953125
0.0026443004608154297
0.0026700496673583984
0.002636432647705078
0.0026082992553710938
0.0026683807373046875
0.0026428699493408203
0.0026602745056152344
0.0025789737701416016
0.002639293670654297
0.0026557445526123047
0.0026092529296875
0.002553701400756836
0.0026726722717285156
0.0026798248291015625
0.002648591995239258
0.0026488304138183594
0.0027017593383789062
0.0026445388793945312
0.002656698226928711
0.0025882720947265625
0.002549886703491211
0.002606630325317383
0.0026319026947021484
0.002588033676147461
0.0026187896728515625
0.0025887489318847656
0.0025751590728759766
0.0026183128356933594
0.0026557445526123047
0.002537250518798828
0.0025572776794433594
0.002611398696899414
0.002589702606201172
0.0025398731231689453
0.0026352405548095703
0.002539396286010742
0.0025599002838134766
0.002645254135131836
0.002593517303466797
0.0025827884674072266
0.002620697021484375
0.0025572776794433594
0.0026459693908691406
0.002605915069580078
0.002581357955932617
0.0025637149810791016
0.0026221275329589844
0.002669095993041992
0.0026366710662841797
0.0027532577514648438
0.0027234554290771484
0.0027260780334472656
0.002621173858642578
0.002659320831298828
0.0025806427001953125
0.002623319625854492
0.0026941299438476562
0.0025892257690429688
0.0025310516357421875
0.002647876739501953
0.0025954246520996094
0.0026009082794189453
0.0026481151580810547
0.002567291259765625
0.0025861263275146484
0.0026404857635498047
0.002556324005126953
0.0025129318237304688
0.002644062042236328
0.002614736557006836
0.002657651901245117
0.0026726722717285156
0.0026650428771972656
0.002649068832397461
0.0027818679809570312
0.00270843505859375
0.002605438232421875
0.0027141571044921875
0.0027251243591308594
0.0027115345001220703
0.0026276111602783203
0.0027174949645996094
0.0026497840881347656
0.0026280879974365234
0.002720355987548828
0.0026578903198242188
0.0026578903198242188
0.002594470977783203
0.002637624740600586
0.0025696754455566406
0.002766847610473633
0.0027191638946533203
0.0026683807373046875
0.0026328563690185547
0.0026259422302246094
0.002542257308959961
0.0025882720947265625
0.0027112960815429688
0.0026650428771972656
0.0025789737701416016
0.0026504993438720703
0.0026123523712158203
0.002625703811645508
0.002599477767944336
0.002602100372314453
0.0024869441986083984
0.0026597976684570312
0.00260162353515625
0.002527952194213867
0.0025811195373535156
0.0024788379669189453
0.0024764537811279297
0.0026657581329345703
0.0025734901428222656
0.0025162696838378906
0.002607583999633789
0.0025742053985595703
0.0025866031646728516
0.0026013851165771484
0.0026314258575439453
0.002670764923095703
0.002830982208251953
0.0029120445251464844
0.0027608871459960938
0.002820730209350586
0.0029144287109375
0.002788066864013672
0.0027456283569335938
0.0028502941131591797
0.002816438674926758
0.002835512161254883
0.0027205944061279297
0.0027806758880615234
0.0026116371154785156
0.0026848316192626953
0.002658367156982422
0.0026464462280273438
0.0026543140411376953
0.0027306079864501953
0.0027070045471191406
0.0025899410247802734
0.0025768280029296875
0.0027494430541992188
0.0025756359100341797
0.002579212188720703
0.0026564598083496094
0.0025534629821777344
0.0025517940521240234
0.002648591995239258
0.002628326416015625
0.0025854110717773438
0.0026099681854248047
0.0025513172149658203
0.002568960189819336
0.002536296844482422
0.002540111541748047
0.002515077590942383
0.002546548843383789
0.0025641918182373047
0.0025243759155273438
0.0025937557220458984
0.0025420188903808594
0.002573251724243164
0.0025794506072998047
0.002530813217163086
0.0025539398193359375
0.0025038719177246094
0.0025501251220703125
0.0025129318237304688
0.0025527477264404297
0.0025131702423095703
0.002517223358154297
0.0025756359100341797
0.0025136470794677734
0.00250244140625
0.002635955810546875
0.0024864673614501953
0.0026161670684814453
0.0025033950805664062
0.002486705780029297
0.002515554428100586
0.0024895668029785156
0.002583026885986328
0.0025374889373779297
0.0025413036346435547
0.0025391578674316406
0.0025246143341064453
0.0025572776794433594
0.0025556087493896484
0.0025482177734375
0.0025687217712402344
0.0025458335876464844
0.0025260448455810547
0.0024902820587158203
0.002540111541748047
0.002508878707885742
0.002499818801879883
0.0025472640991210938
0.002546072006225586
0.0024759769439697266
0.0025382041931152344
0.0025911331176757812
0.0025167465209960938
0.0025281906127929688
0.0025665760040283203
0.002529621124267578
0.002566099166870117
0.0025839805603027344
0.002524137496948242
0.002580404281616211
0.0025434494018554688
0.0025649070739746094
0.0024878978729248047
0.0026149749755859375
0.00251007080078125
0.0025506019592285156
0.002547025680541992
0.002530336380004883
0.002552509307861328
0.002485036849975586
0.002546072006225586
0.002507448196411133
0.002524137496948242
0.0025141239166259766
0.002519369125366211
0.002529144287109375
0.002593517303466797
0.0026166439056396484
0.0025784969329833984
0.0025560855865478516
0.002628803253173828
0.0025730133056640625
0.0025739669799804688
0.0027170181274414062
0.0025954246520996094
0.002759218215942383
0.0027430057525634766
0.002602815628051758
0.0026388168334960938
0.0026798248291015625
0.002701997756958008
0.0025217533111572266
0.00263214111328125
0.0025632381439208984
0.002590656280517578
0.002634763717651367
0.0026404857635498047
0.002628803253173828
0.002712249755859375
0.0026934146881103516
0.0026361942291259766
0.0026311874389648438
0.0026335716247558594
0.0026001930236816406
0.0026519298553466797
0.0026438236236572266
0.0025482177734375
0.002546548843383789
0.0026092529296875
0.0026357173919677734
0.0026056766510009766
0.002602815628051758
0.002526998519897461
0.002525806427001953
0.002610445022583008
0.0025510787963867188
0.0025970935821533203
0.002567768096923828
0.002579212188720703
0.00261688232421875
0.002612590789794922
0.002618551254272461
0.0026464462280273438
0.0026412010192871094
0.0025916099548339844
0.002710580825805664
0.002735137939453125
0.0027284622192382812
0.0027408599853515625
0.0026674270629882812
0.0027213096618652344
0.0026826858520507812
0.0027298927307128906
0.0026569366455078125
0.0025510787963867188
0.0025997161865234375
0.0028028488159179688
0.0027251243591308594
0.002748250961303711
0.002655506134033203
0.0026247501373291016
0.002573728561401367
0.0026323795318603516
0.0026323795318603516
0.0025365352630615234
0.0026094913482666016
0.002645730972290039
0.002580881118774414
0.0025212764739990234
0.0025854110717773438
0.0025069713592529297
0.002519369125366211
0.0026090145111083984
0.002518892288208008
0.002596616744995117
0.0026292800903320312
0.002516508102416992
0.0025963783264160156
0.002580404281616211
0.002495288848876953
0.0025959014892578125
0.0025959014892578125
0.002498626708984375
0.0025463104248046875
0.0025081634521484375
0.0025255680084228516
0.0024785995483398438
0.002507448196411133
0.0024843215942382812
0.0025506019592285156
0.0025017261505126953
0.0024890899658203125
0.0025360584259033203
0.0025207996368408203
0.0024878978729248047
0.0026443004608154297
0.002582550048828125
0.0025527477264404297
0.002534627914428711
0.002568960189819336
0.002566099166870117
0.0025169849395751953
0.0025300979614257812
0.0025076866149902344
0.0025484561920166016
0.0025391578674316406
0.002534151077270508
0.0025157928466796875
0.0025162696838378906
0.002528667449951172
0.0025434494018554688
0.002550840377807617
0.002518177032470703
0.0025136470794677734
0.002549409866333008
0.002532482147216797
0.002545595169067383
0.0025238990783691406
0.0025010108947753906
0.0025246143341064453
0.0024993419647216797
0.002505779266357422
0.002505779266357422
0.002502918243408203
0.0025310516357421875
0.0025081634521484375
0.002546072006225586
0.002496480941772461
0.00249481201171875
0.002518177032470703
0.0025260448455810547
0.0025386810302734375
0.002521514892578125
0.002647876739501953
0.0025725364685058594
0.002513885498046875
0.002524852752685547
0.002531290054321289
0.0026137828826904297
0.0024628639221191406
0.002562284469604492
0.0025026798248291016
0.0025069713592529297
0.002713918685913086
0.0026280879974365234
0.002531766891479492
0.0025360584259033203
0.0025491714477539062
0.0025479793548583984
0.002529621124267578
0.0026056766510009766
0.0025429725646972656
0.0025396347045898438
0.002657175064086914
0.002572298049926758
0.0025017261505126953
0.002487659454345703
0.0025916099548339844
0.002588987350463867
0.002545595169067383
0.0025529861450195312
0.002513408660888672
0.002543210983276367
0.0025489330291748047
0.002524852752685547
0.0025305747985839844
0.002527952194213867
0.002607583999633789
0.0025539398193359375
0.0025255680084228516
0.002489805221557617
0.0025281906127929688
0.0025391578674316406
0.0025336742401123047
0.002527475357055664
0.0025184154510498047
0.002529144287109375
0.002529144287109375
0.0025336742401123047
0.002651691436767578
0.0025482177734375
0.002558469772338867
0.00255584716796875
0.0025839805603027344
0.0025479793548583984
0.0025217533111572266
0.0025632381439208984
