0.002580881118774414
0.002525806427001953
0.002520322799682617
0.0024805068969726562
0.002488851547241211
0.0025031566619873047
0.0024614334106445312
0.0025093555450439453
0.0025331974029541016
0.0024890899658203125
0.0026068687438964844
0.0025060176849365234
0.0024826526641845703
0.002515554428100586
0.002567291259765625
0.002530336380004883
0.0025336742401123047
0.002477407455444336
0.0024771690368652344
0.0025594234466552734
0.0025081634521484375
0.0025026798248291016
0.0025153160095214844
0.0025751590728759766
0.0024149417877197266
0.002553701400756836
0.002495288848876953
0.0025107860565185547
0.0024747848510742188
0.002473592758178711
0.0025153160095214844
0.0025072097778320312
0.0024764537811279297
0.0024671554565429688
0.0024156570434570312
0.002440214157104492
0.0024847984313964844
0.0025038719177246094
0.002448558807373047
0.002480745315551758
0.0024526119232177734
0.0025475025177001953
0.0024650096893310547
0.0025911331176757812
0.002541780471801758
0.0025069713592529297
0.0024530887603759766
0.002511739730834961
0.002535104751586914
0.0025157928466796875
0.0024864673614501953
0.0025377273559570312
0.0025882720947265625
0.002510547637939453
0.002499818801879883
0.0025014877319335938
0.002536773681640625
0.0026869773864746094
0.0033211708068847656
0.002605915069580078
0.002523183822631836
0.002599000930786133
0.0025911331176757812
0.002530813217163086
0.002509593963623047
0.002608776092529297
0.002493143081665039
0.0025396347045898438
0.002566099166870117
0.0025212764739990234
0.0024871826171875
0.002534151077270508
0.002582073211669922
0.0025653839111328125
0.0025234222412109375
0.0024917125701904297
0.002575397491455078
0.002591848373413086
0.0025565624237060547
0.002574920654296875
0.0025708675384521484
0.0024874210357666016
0.002482175827026367
0.002514362335205078
0.0025658607482910156
0.0025730133056640625
0.0026159286499023438
0.0024945735931396484
0.0025548934936523438
0.002551555633544922
0.002687692642211914
0.0025949478149414062
0.0025932788848876953
0.002571582794189453
0.002503633499145508
0.0026388168334960938
0.0025255680084228516
0.0025548934936523438
0.002611875534057617
0.002642393112182617
0.0025458335876464844
0.002609729766845703
0.002587556838989258
0.002541065216064453
0.0025336742401123047
0.0025730133056640625
0.0025718212127685547
0.0026025772094726562
0.002516031265258789
0.0026068687438964844
0.0024976730346679688
0.002574920654296875
0.002567291259765625
0.0025424957275390625
0.0025992393493652344
0.0025458335876464844
0.0025043487548828125
0.0025124549865722656
0.0026149749755859375
0.0025093555450439453
0.0024733543395996094
0.002641439437866211
0.002547025680541992
0.0024275779724121094
0.0025603771209716797
0.0025320053100585938
0.002579212188720703
0.002675294876098633
0.0025556087493896484
0.0025510787963867188
0.002540111541748047
0.0026171207427978516
0.002573251724243164
0.002610445022583008
0.002502918243408203
0.0025463104248046875
0.002524852752685547
0.002545595169067383
0.0025146007537841797
0.0025577545166015625
0.0024819374084472656
0.0025479793548583984
0.002552032470703125
0.0025217533111572266
0.0025415420532226562
0.002555370330810547
0.002515554428100586
0.002489805221557617
0.002522706985473633
0.0024843215942382812
0.002492666244506836
0.002521514892578125
0.0025398731231689453
0.0025336742401123047
0.002499103546142578
0.002515077590942383
0.0026569366455078125
0.002500295639038086
0.0025529861450195312
0.0024917125701904297
0.0025148391723632812
0.0025620460510253906
0.002516031265258789
0.0025429725646972656
0.002546548843383789
0.0024919509887695312
0.0025763511657714844
0.002538442611694336
0.0025315284729003906
0.002538442611694336
0.0025284290313720703
0.002611875534057617
0.002540111541748047
0.002488851547241211
0.0025975704193115234
0.0026230812072753906
0.002552509307861328
0.002524137496948242
0.002618074417114258
0.0027246475219726562
0.0026237964630126953
0.002595186233520508
0.002506732940673828
0.002538442611694336
0.0025501251220703125
0.002584218978881836
0.0025832653045654297
0.0025284290313720703
0.002598285675048828
0.002679109573364258
0.0026671886444091797
0.0025284290313720703
0.0026171207427978516
0.002533435821533203
0.0026056766510009766
0.002493143081665039
0.0024957656860351562
0.0025720596313476562
0.0025959014892578125
0.002546548843383789
0.002546072006225586
0.0025577545166015625
0.0025801658630371094
0.002564668655395508
0.002579212188720703
0.0025510787963867188
0.002614736557006836
0.002493143081665039
0.002516031265258789
0.002552509307861328
0.0025484561920166016
0.002579927444458008
0.0025463104248046875
0.002627849578857422
0.002567768096923828
0.002529144287109375
0.0026030540466308594
0.0025339126586914062
0.0026645660400390625
0.0024750232696533203
0.002620697021484375
0.002551555633544922
0.0025315284729003906
0.0025124549865722656
0.0025014877319335938
0.0025975704193115234
0.002615213394165039
0.0027048587799072266
0.0026369094848632812
0.0025970935821533203
0.0025954246520996094
0.002557992935180664
0.002521514892578125
0.002588987350463867
0.002545595169067383
0.0025522708892822266
0.002574920654296875
0.0026388168334960938
0.002583742141723633
0.002532958984375
0.0025930404663085938
0.0025839805603027344
0.002570629119873047
0.0025031566619873047
0.002508401870727539
0.0024814605712890625
0.002691030502319336
0.0025551319122314453
0.002563953399658203
0.0025916099548339844
0.0026166439056396484
0.0025980472564697266
0.0024976730346679688
0.0025255680084228516
0.002535104751586914
0.002511262893676758
0.0024831295013427734
0.0025556087493896484
0.0026102066040039062
0.0024929046630859375
0.002496004104614258
0.002505779266357422
0.002615690231323242
0.0025055408477783203
0.002584695816040039
0.0025436878204345703
0.0025899410247802734
0.0026085376739501953
0.0026047229766845703
0.0025408267974853516
0.002566814422607422
0.002635478973388672
0.002515077590942383
0.0025718212127685547
0.002564668655395508
0.0025725364685058594
0.0025510787963867188
0.0024862289428710938
0.002608776092529297
0.0026254653930664062
0.002539396286010742
0.002588987350463867
0.002586841583251953
0.0024993419647216797
0.002605915069580078
0.0024738311767578125
0.002542734146118164
0.0025870800018310547
0.002632617950439453
0.002607583999633789
0.0025091171264648438
0.0025930404663085938
0.002584218978881836
0.002636432647705078
0.0025205612182617188
0.0025751590728759766
0.0026845932006835938
0.002485990524291992
0.0025877952575683594
0.002673625946044922
0.002490520477294922
0.002575397491455078
0.002623319625854492
0.0025064945220947266
0.0026738643646240234
0.002614259719848633
0.002519845962524414
0.002583742141723633
0.002605438232421875
0.0024993419647216797
0.0025653839111328125
0.002599954605102539
0.0024614334106445312
0.002586841583251953
0.002571582794189453
0.002476930618286133
0.0026144981384277344
0.002639293670654297
0.0024912357330322266
0.0025780200958251953
0.002557992935180664
0.002524852752685547
0.0025930404663085938
0.0025658607482910156
0.0025315284729003906
0.002557039260864258
0.0026900768280029297
0.0024645328521728516
0.0026056766510009766
0.0025780200958251953
0.0024275779724121094
0.002643585205078125
0.0025217533111572266
0.002570629119873047
0.0027222633361816406
0.0026383399963378906
0.002554178237915039
0.002577543258666992
0.002681255340576172
0.0025908946990966797
0.002712249755859375
0.002750873565673828
0.00249481201171875
0.0025908946990966797
0.002719402313232422
0.0026426315307617188
0.002556324005126953
0.00261688232421875
0.0025756359100341797
0.0026426315307617188
0.002655029296875
0.0025489330291748047
0.0025556087493896484
0.002728700637817383
0.0027589797973632812
0.0025069713592529297
0.0026428699493408203
0.00257110595703125
0.002638101577758789
0.002588987350463867
0.0025603771209716797
0.002641916275024414
0.002516508102416992
0.0025408267974853516
0.0025489330291748047
0.002485513687133789
0.0025680065155029297
0.0024726390838623047
0.002505064010620117
0.002546072006225586
0.002476215362548828
0.002511739730834961
0.0024747848510742188
0.0024902820587158203
0.0026161670684814453
0.002481698989868164
0.0025022029876708984
0.002630949020385742
0.002547025680541992
0.002640962600708008
0.00247955322265625
0.002546548843383789
0.002561807632446289
0.0025391578674316406
0.0024683475494384766
0.0025250911712646484
0.0025091171264648438
0.0024988651275634766
0.0025157928466796875
0.0025053024291992188
0.0025026798248291016
0.002553701400756836
0.0025751590728759766
0.0025396347045898438
0.0025119781494140625
0.0025038719177246094
0.002550840377807617
0.002738475799560547
0.0025277137756347656
0.0025806427001953125
0.002564668655395508
0.002474546432495117
0.0025064945220947266
0.0025262832641601562
0.0025458335876464844
0.002483367919921875
0.002500295639038086
0.0024552345275878906
0.0025398731231689453
0.002497434616088867
0.0024912357330322266
0.0024776458740234375
0.002530813217163086
0.002483367919921875
0.0024929046630859375
0.0025479793548583984
0.0025625228881835938
0.0026683807373046875
0.0024781227111816406
0.0025832653045654297
0.002506256103515625
0.002567291259765625
0.0024406909942626953
0.002476215362548828
0.0024535655975341797
0.0024557113647460938
0.0024929046630859375
0.002475738525390625
0.002474069595336914
0.0025441646575927734
0.0025177001953125
0.002446889877319336
0.002456188201904297
0.0024442672729492188
0.002497434616088867
0.002674102783203125
0.002536296844482422
0.002476930618286133
0.002588510513305664
0.0025475025177001953
0.0027511119842529297
0.0026502609252929688
0.002706766128540039
0.0027854442596435547
0.002866506576538086
0.002597332000732422
0.0028123855590820312
0.002816438674926758
0.002744913101196289
0.0027277469635009766
0.002833127975463867
0.002814054489135742
0.0027632713317871094
0.0027532577514648438
0.002785921096801758
0.002808809280395508
0.0026273727416992188
0.002777099609375
0.002837657928466797
0.002492189407348633
0.002858877182006836
0.0027053356170654297
0.002563953399658203
0.002643585205078125
0.0028982162475585938
0.00266265869140625
0.0026433467864990234
0.0026865005493164062
0.002774953842163086
0.0025043487548828125
0.002666950225830078
0.0028717517852783203
0.002506732940673828
0.0026061534881591797
0.0026350021362304688
0.002550840377807617
0.0025815963745117188
0.0024864673614501953
0.0025348663330078125
0.0024979114532470703
0.002509593963623047
0.0025360584259033203
0.0025167465209960938
0.002533435821533203
0.0024831295013427734
0.0025229454040527344
0.0025055408477783203
0.0024666786193847656
0.0026235580444335938
0.0025017261505126953
0.0025703907012939453
0.0025343894958496094
0.0025169849395751953
0.0025572776794433594
0.0026133060455322266
0.0025017261505126953
0.002464771270751953
0.002471923828125
0.0025644302368164062
0.0024633407592773438
0.002506256103515625
0.002470731735229492
0.0025560855865478516
0.0025758743286132812
0.002602815628051758
0.002506732940673828
0.002646207809448242
0.0025796890258789062
0.0024857521057128906
0.002634763717651367
0.00252532958984375
0.0025293827056884766
0.0025620460510253906
0.002470254898071289
0.0025551319122314453
0.002526521682739258
0.002504110336303711
0.002599000930786133
0.0025534629821777344
0.002527475357055664
0.002602815628051758
0.0025014877319335938
0.0025017261505126953
0.002515554428100586
0.002476215362548828
0.002421140670776367
0.002483844757080078
0.002496480941772461
0.0025453567504882812
0.002608060836791992
0.0024814605712890625
0.002579927444458008
0.0025877952575683594
0.0024323463439941406
0.002460956573486328
0.0026311874389648438
0.0024788379669189453
0.002589702606201172
0.0025262832641601562
0.0024805068969726562
0.002604961395263672
0.0025336742401123047
0.0025637149810791016
0.002586841583251953
0.0025420188903808594
0.0025882720947265625
0.0027251243591308594
0.0026314258575439453
0.002474069595336914
0.002483367919921875
0.0026252269744873047
0.0025336742401123047
0.0025823116302490234
0.0025534629821777344
0.002535104751586914
0.0027272701263427734
0.002473115921020508
0.002487659454345703
0.002451658248901367
0.0025107860565185547
0.0025370121002197266
0.0025479793548583984
0.0025713443756103516
0.0025298595428466797
0.0024776458740234375
0.0024902820587158203
0.0026395320892333984
0.0025854110717773438
0.0025157928466796875
0.0025789737701416016
0.002505064010620117
0.0025644302368164062
0.0024874210357666016
0.002478361129760742
0.0024890899658203125
0.0025482177734375
0.0025017261505126953
0.002569437026977539
0.0025069713592529297
0.0027043819427490234
0.0026137828826904297
0.0025234222412109375
0.0025200843811035156
0.0024988651275634766
0.0025272369384765625
0.0026586055755615234
0.0025053024291992188
0.002562999725341797
0.002627849578857422
0.0024840831756591797
0.002616405487060547
0.002504587173461914
0.0025424957275390625
0.0026085376739501953
0.0024635791778564453
0.002485036849975586
0.002512216567993164
0.002579927444458008
0.002482175827026367
0.002483367919921875
0.0026047229766845703
0.0025606155395507812
0.0025386810302734375
0.0025026798248291016
0.0025370121002197266
0.0025603771209716797
0.002536773681640625
0.002543210983276367
0.0024878978729248047
0.002462625503540039
0.0024743080139160156
0.002473115921020508
0.002499103546142578
0.002623319625854492
0.0029458999633789062
0.003046274185180664
0.002991199493408203
0.002779245376586914
0.002774477005004883
0.0026183128356933594
0.0026314258575439453
0.0027666091918945312
0.0027327537536621094
0.0026352405548095703
0.002719402313232422
0.002686738967895508
0.0027387142181396484
0.002714395523071289
0.0026531219482421875
0.0025551319122314453
0.002626180648803711
0.002566814422607422
0.002497434616088867
0.0025358200073242188
0.0025186538696289062
0.002496004104614258
0.002508878707885742
0.0025568008422851562
0.002496957778930664
0.0025224685668945312
0.002656221389770508
0.0025992393493652344
0.0025794506072998047
0.002603769302368164
0.002536773681640625
0.0024793148040771484
0.0024900436401367188
0.002463817596435547
0.0024750232696533203
0.0024917125701904297
0.0024862289428710938
0.0025784969329833984
0.002611875534057617
0.002558469772338867
0.002640962600708008
0.0025839805603027344
0.0025157928466796875
0.002691984176635742
0.0025284290313720703
0.0025691986083984375
0.0025892257690429688
0.0024962425231933594
0.0025107860565185547
0.002463817596435547
0.002481222152709961
0.002544879913330078
0.0025031566619873047
0.002454996109008789
0.0024232864379882812
0.002505779266357422
0.0024428367614746094
0.002440929412841797
0.0025434494018554688
0.0024895668029785156
0.002482175827026367
0.0025060176849365234
0.002482891082763672
0.0024993419647216797
0.0024175643920898438
0.0024957656860351562
0.002542734146118164
0.0024967193603515625
0.0025937557220458984
0.0024917125701904297
0.002493143081665039
0.002464771270751953
0.0024785995483398438
0.002407550811767578
0.002519845962524414
0.002489328384399414
0.002507448196411133
0.0024771690368652344
0.002482891082763672
0.002456188201904297
0.0025529861450195312
0.0024864673614501953
0.002521991729736328
0.0024590492248535156
0.0024788379669189453
0.0025784969329833984
0.0025141239166259766
0.0025866031646728516
0.0024623870849609375
0.0025320053100585938
0.002574443817138672
0.002498626708984375
0.0025255680084228516
0.0024361610412597656
0.002508401870727539
0.0024836063385009766
0.0025131702423095703
0.0024585723876953125
0.002402782440185547
0.002497434616088867
0.0024857521057128906
0.002485513687133789
0.0024957656860351562
0.0024726390838623047
0.0025815963745117188
0.002520322799682617
0.002499818801879883
0.0025091171264648438
0.002622842788696289
0.0025472640991210938
0.0024302005767822266
0.0025196075439453125
0.002404928207397461
0.0025773048400878906
0.0024573802947998047
0.0025289058685302734
0.002460002899169922
0.0025327205657958984
0.0025882720947265625
0.0025391578674316406
0.0024912357330322266
0.002444028854370117
0.002499818801879883
0.0025751590728759766
0.002483844757080078
0.0025284290313720703
0.0025527477264404297
0.0024805068969726562
0.002518177032470703
0.0025141239166259766
0.0024678707122802734
0.002485513687133789
0.0025038719177246094
0.0025451183319091797
0.002492189407348633
0.0024156570434570312
0.0024344921112060547
0.0026121139526367188
0.0023717880249023438
0.002440929412841797
0.0025093555450439453
0.0024814605712890625
0.0026531219482421875
0.0024728775024414062
0.0026123523712158203
0.002614259719848633
0.0025072097778320312
0.0025093555450439453
0.002560138702392578
0.0024847984313964844
0.002563953399658203
0.0025298595428466797
0.0025489330291748047
0.0025606155395507812
0.0025527477264404297
0.0025000572204589844
0.0025787353515625
0.0027077198028564453
0.0025882720947265625
0.002564668655395508
0.0026612281799316406
0.002622842788696289
0.002693653106689453
0.002683401107788086
0.002867460250854492
0.002650022506713867
0.0027818679809570312
0.002685546875
0.002578258514404297
0.002712726593017578
0.0026836395263671875
0.002613067626953125
0.0028123855590820312
0.0026328563690185547
0.002695322036743164
0.002622842788696289
0.0026884078979492188
0.0026655197143554688
0.002755880355834961
0.0028257369995117188
0.002652883529663086
0.002782583236694336
0.0027511119842529297
0.002833843231201172
0.002772808074951172
0.002658843994140625
0.0028066635131835938
0.002806425094604492
0.0026712417602539062
0.0026793479919433594
0.0026748180389404297
0.0025811195373535156
0.002590656280517578
0.0027647018432617188
0.0026636123657226562
0.002510547637939453
0.0026900768280029297
0.0028200149536132812
0.002743244171142578
0.002775430679321289
0.0027959346771240234
0.0026521682739257812
0.0027914047241210938
0.002692699432373047
0.0027811527252197266
0.00255584716796875
0.0027353763580322266
0.0027506351470947266
0.002681255340576172
0.0027587413787841797
0.0028371810913085938
0.002635478973388672
0.0026192665100097656
0.002770662307739258
0.0028235912322998047
0.0026760101318359375
0.002780914306640625
0.0028448104858398438
0.0026328563690185547
0.0026161670684814453
0.002679109573364258
0.0025358200073242188
0.0025894641876220703
0.0025708675384521484
0.0025107860565185547
0.002511739730834961
0.0026335716247558594
0.002492189407348633
0.0025720596313476562
0.0026166439056396484
0.0024814605712890625
0.002557992935180664
0.0025250911712646484
0.00269317626953125
0.0026378631591796875
0.002524852752685547
0.002588510513305664
0.0027103424072265625
0.002624034881591797
0.0026063919067382812
0.0025179386138916016
0.0025675296783447266
0.0026204586029052734
0.002696514129638672
0.0026857852935791016
0.0026509761810302734
0.0025222301483154297
0.0025949478149414062
0.0025925636291503906
0.0025408267974853516
0.002631664276123047
0.002659320831298828
0.0026106834411621094
0.0026199817657470703
0.0025920867919921875
0.002541780471801758
0.0027527809143066406
0.0025267601013183594
0.002476215362548828
0.0024743080139160156
0.002486705780029297
0.0025141239166259766
0.002574920654296875
0.0025398731231689453
0.002531766891479492
0.002591848373413086
0.002605438232421875
0.002524852752685547
0.002525806427001953
0.002473115921020508
0.002508401870727539
0.0025436878204345703
0.0024814605712890625
0.002499818801879883
0.002485513687133789
0.0024785995483398438
0.0025434494018554688
0.002564668655395508
0.0024569034576416016
0.0025033950805664062
0.0025565624237060547
0.002455472946166992
0.002613544464111328
0.0025131702423095703
0.0024814605712890625
0.0024771690368652344
0.0024809837341308594
0.002463102340698242
0.002574443817138672
0.002559185028076172
0.0025718212127685547
0.00247955322265625
0.002484560012817383
0.002531766891479492
0.0026335716247558594
0.0024847984313964844
0.0024819374084472656
0.0024864673614501953
0.0024733543395996094
0.002518892288208008
0.0026302337646484375
0.0024824142456054688
0.002600431442260742
0.0026133060455322266
0.0026369094848632812
0.002557992935180664
0.0025742053985595703
0.002447843551635742
0.002547025680541992
0.0025856494903564453
0.0025060176849365234
0.0025446414947509766
0.002588510513305664
0.002481698989868164
0.002620220184326172
0.002612590789794922
0.0025310516357421875
0.002619504928588867
0.002494335174560547
0.0025033950805664062
0.0025107860565185547
0.0024650096893310547
0.002526998519897461
0.0025582313537597656
0.0025243759155273438
0.0024797916412353516
0.0025146007537841797
0.002488851547241211
0.0025734901428222656
0.002491474151611328
0.002583742141723633
0.0025343894958496094
0.0025131702423095703
0.0025250911712646484
0.002462148666381836
0.0025069713592529297
0.0025153160095214844
0.0024797916412353516
0.002500295639038086
0.0025560855865478516
0.002493619918823242
0.002599477767944336
0.002562284469604492
0.0025992393493652344
0.0024628639221191406
0.0025491714477539062
0.002468585968017578
0.002577543258666992
0.002478361129760742
0.002451181411743164
0.0025894641876220703
0.002479076385498047
0.0025031566619873047
0.0025110244750976562
0.00246429443359375
0.002472400665283203
0.002447366714477539
0.002454519271850586
0.0024514198303222656
0.002607107162475586
0.0024962425231933594
0.0024662017822265625
0.002495288848876953
0.0024871826171875
0.002489328384399414
0.0024988651275634766
0.002496480941772461
0.0025911331176757812
0.002476215362548828
0.0025076866149902344
0.0025260448455810547
0.002542734146118164
0.002530813217163086
0.002458810806274414
0.0025005340576171875
0.002475738525390625
0.002448558807373047
0.002460479736328125
0.0024912357330322266
0.002457141876220703
0.0023992061614990234
0.0024459362030029297
0.0025315284729003906
0.0024023056030273438
0.002428770065307617
0.002483844757080078
