16.588875349505905
16.588875349505905
16.588875349505905
16.588875349505905
16.588875349505905
16.588875349505905
16.588875349505905
16.588875349505905
16.588875349505905
16.588875349505905
16.588875349505905
16.588875349505905
16.588875349505905
16.588875349505905
16.588875349505905
16.588875349505905
15.720643058950007
15.720643058950007
15.720643058950007
14.552890856051453
14.552890856051453
14.552890856051453
14.552890856051453
14.552890856051453
14.552890856051453
14.267642061847312
14.267642061847312
14.267642061847312
12.8040893729883
12.8040893729883
12.451969523892245
12.451969523892245
12.451969523892245
12.451969523892245
12.451969523892245
12.451969523892245
12.451969523892245
12.451969523892245
12.451969523892245
12.451969523892245
12.451969523892245
12.451969523892245
12.451969523892245
12.451969523892245
12.451969523892245
11.839282178593127
11.839282178593127
11.839282178593127
11.839282178593127
11.839282178593127
11.839282178593127
11.839282178593127
11.754541034447946
11.754541034447946
11.749611388249889
11.749611388249889
11.590405401258886
11.549736253689494
11.549736253689494
11.549736253689494
11.549736253689494
11.549736253689494
11.549736253689494
11.549736253689494
11.549736253689494
11.549736253689494
11.549736253689494
11.549736253689494
11.549736253689494
11.549736253689494
10.646514135896085
10.646514135896085
10.646514135896085
10.646514135896085
10.646514135896085
10.513957002464352
10.513957002464352
9.745142461455142
9.745142461455142
9.745142461455142
9.745142461455142
9.745142461455142
9.745142461455142
9.745142461455142
9.745142461455142
9.745142461455142
9.745142461455142
9.745142461455142
9.745142461455142
9.745142461455142
9.745142461455142
9.745142461455142
9.745142461455142
9.703136199022158
8.765728424962163
8.765728424962163
8.765728424962163
8.765728424962163
8.765728424962163
8.765728424962163
8.765728424962163
8.765728424962163
8.765728424962163
8.765728424962163
8.765728424962163
8.765728424962163
8.765728424962163
8.352231530305017
8.352231530305017
8.352231530305017
7.73285798094893
7.73285798094893
7.73285798094893
7.73285798094893
7.73285798094893
7.73285798094893
7.73285798094893
7.73285798094893
7.73285798094893
7.73285798094893
7.73285798094893
7.73285798094893
7.73285798094893
7.73285798094893
7.73285798094893
7.73285798094893
7.73285798094893
7.73285798094893
7.73285798094893
7.73285798094893
7.73285798094893
7.20343666854172
7.20343666854172
6.739716352995535
6.739716352995535
6.739716352995535
6.739716352995535
6.739716352995535
6.739716352995535
6.264024878759443
6.264024878759443
6.264024878759443
5.819992461768894
5.819992461768894
5.819992461768894
5.819992461768894
5.819992461768894
5.819992461768894
5.819992461768894
5.819992461768894
5.819992461768894
5.819992461768894
5.819992461768894
5.819992461768894
5.819992461768894
5.819992461768894
5.819992461768894
5.819992461768894
5.819992461768894
5.819992461768894
5.819992461768894
5.819992461768894
5.49281939910059
5.49281939910059
5.49281939910059
5.49281939910059
5.49281939910059
5.49281939910059
5.49281939910059
5.49281939910059
5.49281939910059
5.49281939910059
5.1211031945819485
5.1211031945819485
5.1211031945819485
5.1211031945819485
5.1211031945819485
4.804233323540114
4.804233323540114
4.804233323540114
4.804233323540114
4.804233323540114
4.804233323540114
4.804233323540114
4.804233323540114
4.804233323540114
4.804233323540114
4.804233323540114
4.765610853422292
4.765610853422292
4.710114027005904
4.710114027005904
4.695147152956729
4.671473358791566
4.5592221013265934
4.5592221013265934
4.5592221013265934
4.414566612803856
4.414566612803856
4.414566612803856
4.414566612803856
4.414566612803856
4.414566612803856
4.414566612803856
4.414566612803856
4.414566612803856
4.365375463739767
4.365375463739767
4.365375463739767
4.230438277094361
4.044594092591911
4.020583669446765
4.020583669446765
4.020583669446765
4.020583669446765
3.758435201427538
3.758435201427538
3.758435201427538
3.758435201427538
3.722092696117926
3.722092696117926
3.722092696117926
3.722092696117926
3.722092696117926
3.722092696117926
3.6915507545242896
3.6915507545242896
3.6915507545242896
3.6915507545242896
3.5457991914944245
3.5457991914944245
3.5457991914944245
3.5457991914944245
3.5457991914944245
3.5457991914944245
3.5457991914944245
3.5457991914944245
3.5457991914944245
3.5457991914944245
3.5185738086045966
3.5185738086045966
3.5185738086045966
3.5185738086045966
3.5185738086045966
3.5185738086045966
3.5042886330828438
3.477872098557448
3.3425203126963936
3.3425203126963936
3.3425203126963936
3.3425203126963936
3.3425203126963936
3.3425203126963936
3.3425203126963936
3.320093494883057
3.320093494883057
3.320093494883057
3.320093494883057
3.320093494883057
3.320093494883057
3.320093494883057
3.320093494883057
3.320093494883057
3.320093494883057
3.320093494883057
3.320093494883057
3.320093494883057
3.320093494883057
3.320093494883057
3.294930773306344
3.294930773306344
3.294930773306344
3.294930773306344
3.294930773306344
3.294930773306344
3.123373500590837
3.123373500590837
3.123373500590837
3.123373500590837
3.1212455507123273
3.1212455507123273
3.1182494423944647
3.1182494423944647
3.049963252201824
3.049963252201824
3.049963252201824
2.967543787187072
2.967543787187072
2.967543787187072
2.967543787187072
2.967543787187072
2.9280045382996818
2.9280045382996818
2.9280045382996818
2.9280045382996818
2.9280045382996818
2.9280045382996818
2.9280045382996818
2.9280045382996818
2.9102985901981953
2.9102985901981953
2.850043315922555
2.840309174666938
2.840309174666938
2.840309174666938
2.840309174666938
2.837651919234645
2.837651919234645
2.837651919234645
2.837651919234645
2.837651919234645
2.809620091864879
2.809620091864879
2.809620091864879
2.809620091864879
2.809620091864879
2.809620091864879
2.6262786759689263
2.6262786759689263
2.6262786759689263
2.6262786759689263
2.4860609707560997
2.4860609707560997
2.4860609707560997
2.4860609707560997
2.4860609707560997
2.4860609707560997
2.4860609707560997
2.4860609707560997
2.4860609707560997
2.4860609707560997
2.4860609707560997
2.4860609707560997
2.4733608445057875
2.4553117123837787
2.4553117123837787
2.4553117123837787
2.4553117123837787
2.4553117123837787
2.4553117123837787
2.4553117123837787
2.434374910961772
2.434374910961772
2.3258164518682314
2.3258164518682314
2.3258164518682314
2.3258164518682314
2.3258164518682314
2.3258164518682314
2.3258164518682314
2.3258164518682314
2.310811426903978
2.310811426903978
2.310811426903978
2.310811426903978
2.310811426903978
2.1902918459829976
2.1902918459829976
2.1902918459829976
2.1902918459829976
2.1902918459829976
2.1902918459829976
2.1902918459829976
2.1902918459829976
2.1902918459829976
2.1902918459829976
2.1902918459829976
2.1902918459829976
2.1902918459829976
2.1902918459829976
2.1902918459829976
2.1902918459829976
2.1902918459829976
2.1902918459829976
2.1902918459829976
2.1902918459829976
2.1844984042356295
2.0898542677908445
2.0898542677908445
2.0898542677908445
2.0898542677908445
2.0898542677908445
2.0898542677908445
2.0898542677908445
2.043054508369881
2.043054508369881
2.043054508369881
1.9165974230393203
1.9165974230393203
1.8881113641949554
1.8469369473986355
1.8469369473986355
1.8469369473986355
1.8175073516166762
1.8175073516166762
1.7678266516587584
1.720141465312004
1.720141465312004
1.6775450275085575
1.6245210071834215
1.6245210071834215
1.6245210071834215
1.6245210071834215
1.600097800444594
1.5969337803714652
1.5969337803714652
1.5629477078813068
1.5629477078813068
1.559854657359299
1.559854657359299
1.5465104589962912
1.534751570864156
1.3156905074357397
1.3156905074357397
1.1567006292997064
1.1567006292997064
1.1567006292997064
1.1567006292997064
1.1567006292997064
1.1567006292997064
1.1567006292997064
1.1567006292997064
1.1567006292997064
1.1567006292997064
1.1567006292997064
1.1567006292997064
1.1567006292997064
1.1567006292997064
1.1567006292997064
1.1567006292997064
1.1567006292997064
1.1173462027255638
1.1173462027255638
1.1173462027255638
1.1173462027255638
1.1173462027255638
1.1173462027255638
1.1173462027255638
1.1173462027255638
1.1173462027255638
1.0345871263423803
1.0345871263423803
1.0345871263423803
1.0345871263423803
1.0345871263423803
1.0345871263423803
1.0345871263423803
1.0345871263423803
1.0345871263423803
1.0345871263423803
1.0345871263423803
1.0345871263423803
1.0345871263423803
0.9657876396802365
0.9657876396802365
0.9657876396802365
0.9657876396802365
0.9657876396802365
0.9657876396802365
0.9657876396802365
0.9657876396802365
0.9657876396802365
0.9657876396802365
0.9562435597238732
0.9151517282473662
0.9151517282473662
0.9151517282473662
0.9151517282473662
0.8511204962799823
0.8511204962799823
0.8511204962799823
0.8395198624194968
0.8187372867821026
0.8187372867821026
0.8187372867821026
0.8187372867821026
0.815273203719574
0.815273203719574
0.815273203719574
0.815273203719574
0.815273203719574
0.6989473109566511
0.6989473109566511
0.6989473109566511
0.6989473109566511
0.6989473109566511
0.6989473109566511
0.6989473109566511
0.6989473109566511
0.6989473109566511
0.6989473109566511
0.6989473109566511
0.6989473109566511
0.6989473109566511
0.6989473109566511
0.6869815729909696
0.6869815729909696
0.6869815729909696
0.6869815729909696
0.6638453169695033
0.6432825968411287
0.6432825968411287
0.6432825968411287
0.6432825968411287
0.6432825968411287
0.6432825968411287
0.6432825968411287
0.6432825968411287
0.63892971179801
0.63892971179801
0.63892971179801
0.63892971179801
0.6337020879646182
0.6337020879646182
0.6337020879646182
0.6240498734571531
0.6240498734571531
0.6240498734571531
0.6240498734571531
0.6240498734571531
0.6144403830178327
0.6144403830178327
0.5458798780983152
0.5458798780983152
0.540124595931406
0.540124595931406
0.540124595931406
0.540124595931406
0.4516108311784919
0.4516108311784919
0.4516108311784919
0.4516108311784919
0.4050071281278278
0.4050071281278278
0.4050071281278278
0.4050071281278278
0.4050071281278278
0.4050071281278278
0.4050071281278278
0.3997244870871981
0.3997244870871981
0.3997244870871981
0.3498221660107852
0.30372220751286605
0.30372220751286605
0.30372220751286605
0.30372220751286605
0.30372220751286605
0.30372220751286605
0.30372220751286605
0.30372220751286605
0.30372220751286605
0.30372220751286605
0.30372220751286605
0.22371349248558303
0.22371349248558303
0.22371349248558303
0.22371349248558303
0.22371349248558303
0.22371349248558303
0.22371349248558303
0.21700250656253317
0.21700250656253317
0.21700250656253317
0.21700250656253317
0.21700250656253317
0.21700250656253317
0.21700250656253317
0.21700250656253317
0.21700250656253317
0.21700250656253317
0.21700250656253317
0.21700250656253317
0.21700250656253317
0.21700250656253317
0.21700250656253317
0.20868498714299122
0.20868498714299122
0.20868498714299122
0.1997898155308313
0.1997898155308313
0.1997898155308313
0.1997898155308313
0.19851993598302897
0.19851993598302897
0.19851993598302897
0.19851993598302897
0.19851993598302897
0.19851993598302897
0.19851993598302897
0.19851993598302897
0.1752767329085927
0.1752767329085927
0.1752767329085927
0.1752767329085927
0.1752767329085927
0.1752767329085927
0.1752767329085927
0.1752767329085927
0.1752767329085927
0.1752767329085927
0.1669464458752401
0.1669464458752401
0.1669464458752401
0.1669464458752401
0.1669464458752401
0.1669464458752401
0.1669464458752401
0.16223369816618316
0.16223369816618316
0.16223369816618316
0.16223369816618316
0.1602168482576154
0.1602168482576154
0.1602168482576154
0.1398076339253116
0.1398076339253116
0.1398076339253116
0.1398076339253116
0.13960748948275636
0.13960748948275636
0.13960748948275636
0.12860787761426806
0.12860787761426806
0.11289067185199286
0.11289067185199286
0.11289067185199286
0.11289067185199286
0.11289067185199286
0.10046942634549438
0.10046942634549438
0.10046942634549438
0.10046942634549438
0.10046942634549438
0.10046942634549438
0.10046942634549438
0.10046942634549438
0.07185396162746116
0.07185396162746116
0.07185396162746116
0.07185396162746116
0.07185396162746116
0.07185396162746116
0.07185396162746116
0.07185396162746116
0.07185396162746116
0.07185396162746116
0.07185396162746116
0.07185396162746116
0.07185396162746116
0.07185396162746116
0.07185396162746116
0.07185396162746116
0.07185396162746116
0.07185396162746116
0.07185396162746116
0.07185396162746116
0.07185396162746116
0.06880363993484195
0.06880363993484195
0.06880363993484195
0.06880363993484195
0.06880363993484195
0.06880363993484195
0.06880363993484195
0.06880363993484195
0.06880363993484195
0.06880363993484195
0.06880363993484195
0.06587097822819743
0.06587097822819743
0.06587097822819743
0.06587097822819743
0.06459255941963349
0.05710865635859008
0.05710865635859008
0.05710865635859008
0.05710865635859008
0.05710865635859008
0.05710865635859008
0.05710865635859008
0.05710865635859008
0.05710865635859008
0.05710865635859008
0.05710865635859008
0.05053409380635898
0.05053409380635898
0.05053409380635898
0.05053409380635898
0.05053409380635898
0.05053409380635898
0.05053409380635898
0.05053409380635898
0.05053409380635898
0.05053409380635898
0.05053409380635898
0.05053409380635898
0.05053409380635898
0.05053409380635898
0.05053409380635898
0.04326033784807848
0.04326033784807848
0.04326033784807848
0.04326033784807848
0.04326033784807848
0.04326033784807848
0.04326033784807848
0.04326033784807848
0.04326033784807848
0.04326033784807848
0.04326033784807848
0.04326033784807848
0.04326033784807848
0.04326033784807848
0.04326033784807848
0.04326033784807848
0.04229635644112406
0.04229635644112406
0.04229635644112406
0.04229635644112406
0.04202606341227266
0.04202606341227266
0.04202606341227266
0.04202606341227266
0.04202606341227266
0.04202606341227266
0.04202606341227266
0.04202606341227266
0.04202606341227266
0.04202606341227266
0.04202606341227266
0.04118705203999795
0.04118705203999795
0.041019728001128186
0.041019728001128186
0.041019728001128186
0.040076617790642644
0.040076617790642644
0.040076617790642644
0.040076617790642644
0.03877682289964568
0.03877682289964568
0.03877682289964568
0.03877682289964568
0.03877682289964568
0.03843780304567801
0.03843780304567801
0.03843780304567801
0.03795646609621528
0.03795646609621528
0.0376474757258336
0.0376474757258336
0.03373382858787011
0.03373382858787011
0.033254267922743
0.033254267922743
0.03325398866933682
0.03325398866933682
0.03325398866933682
0.03325398866933682
0.03325398866933682
0.03325398866933682
0.03325398866933682
0.03325398866933682
0.03325398866933682
0.03325398866933682
0.03325398866933682
0.03221603164874054
0.03221603164874054
0.029238749753424997
0.029238749753424997
0.029238749753424997
0.029238749753424997
0.029238749753424997
0.029238749753424997
0.029238749753424997
0.029238749753424997
0.029238749753424997
0.029238749753424997
0.028974767088520537
0.028974767088520537
0.028974767088520537
0.028746180309280334
0.028746180309280334
0.028746180309280334
0.02708312264925894
0.02708312264925894
0.02708312264925894
0.02708312264925894
0.02708312264925894
0.025939597556568827
0.025939597556568827
0.025939597556568827
0.024424816898061863
0.024424816898061863
0.024424816898061863
0.024424816898061863
0.024424816898061863
0.024424816898061863
0.024424816898061863
0.021912944909182386
0.021912944909182386
0.021336065156873474
0.021336065156873474
0.021336065156873474
0.0212796667494608
0.0212796667494608
0.0209679647440133
0.0209679647440133
0.0209679647440133
0.0209679647440133
0.0209679647440133
0.019286978305231628
0.019286978305231628
0.019286978305231628
0.019286978305231628
0.019286978305231628
0.019286978305231628
0.019286978305231628
0.019286978305231628
0.019286978305231628
0.019286978305231628
0.019286978305231628
0.019286978305231628
0.019286978305231628
0.017979023433458252
0.017979023433458252
0.017979023433458252
0.012867713848066842
0.012867713848066842
0.012867713848066842
0.012867713848066842
0.012867713848066842
0.012867713848066842
0.012867713848066842
0.012867713848066842
0.012867713848066842
0.012867713848066842
0.012867713848066842
0.012867713848066842
0.012867713848066842
0.012867713848066842
0.012867713848066842
0.012867713848066842
0.012867713848066842
0.012867713848066842
0.012867713848066842
0.012867713848066842
0.012867713848066842
0.012867713848066842
0.012867713848066842
0.012867713848066842
0.012867713848066842
0.012867713848066842
0.012867713848066842
0.012867713848066842
0.012867713848066842
0.012867713848066842
0.012867713848066842
0.012867713848066842
0.012867713848066842
0.012803525667457905
0.011963183197476468
0.011963183197476468
0.011963183197476468
0.011963183197476468
0.011963183197476468
0.011963183197476468
0.011963183197476468
0.010782190495316257
0.010782190495316257
0.010782190495316257
0.01035556027629525
0.006411146800385126
0.006411146800385126
0.006411146800385126
0.006411146800385126
0.006411146800385126
0.006411146800385126
0.006411146800385126
0.006411146800385126
0.006411146800385126
0.006411146800385126
0.006411146800385126
0.006411146800385126
0.006411146800385126
0.006411146800385126
0.006411146800385126
0.006411146800385126
0.0060993370135058456
0.0060993370135058456
0.0060993370135058456
0.0060993370135058456
0.0060993370135058456
0.0060993370135058456
0.0060993370135058456
0.0060993370135058456
0.0060993370135058456
0.0060993370135058456
0.0060993370135058456
0.005868651905593936
0.005868651905593936
0.005868651905593936
0.005868651905593936
0.005868651905593936
0.005868651905593936
0.0057123194240347175
0.0057123194240347175
0.0057123194240347175
0.0057123194240347175
0.0057123194240347175
0.0057123194240347175
0.0057123194240347175
0.005318781845744525
0.005318781845744525
0.005318781845744525
0.005318781845744525
0.005318781845744525
0.005318781845744525
0.005318781845744525
0.005318781845744525
0.005318781845744525
0.005318781845744525
0.005260058906177534
0.005260058906177534
0.005260058906177534
0.005260058906177534
0.005260058906177534
0.005057180982408482
0.004832929075718084
0.004832929075718084
0.004832929075718084
0.004832929075718084
0.004832929075718084
0.004832929075718084
0.004832929075718084
0.0046998678736009936
0.003856875326917475
0.003856875326917475
0.003856875326917475
0.003856875326917475
0.003856875326917475
0.003856875326917475
0.003856875326917475
0.003856875326917475
0.003856875326917475
0.0038050923844856754
0.0038050923844856754
0.0038050923844856754
0.0038050923844856754
0.0038050923844856754
0.0038050923844856754
0.0038050923844856754
0.0038050923844856754
0.0038050923844856754
0.0038050923844856754
0.0038050923844856754
0.0038050923844856754
0.002525358580445669
0.002525358580445669
0.002525358580445669
0.002525358580445669
0.002525358580445669
0.002525358580445669
0.002525358580445669
0.002525358580445669
0.002525358580445669
0.002525358580445669
0.002525358580445669
0.002525358580445669
0.002525358580445669
0.002525358580445669
0.002525358580445669
0.002525358580445669
0.002525358580445669
0.002525358580445669
0.002525358580445669
0.002525358580445669
0.002525358580445669
0.002525358580445669
0.002525358580445669
0.002525358580445669
0.002525358580445669
0.002525358580445669
0.00246025046309839
0.00246025046309839
0.00246025046309839
0.00246025046309839
0.00246025046309839
0.002443482010011877
0.002443482010011877
0.002351024291844084
0.002351024291844084
0.002351024291844084
0.002351024291844084
0.002351024291844084
0.00222074540362982
0.00222074540362982
0.00222074540362982
0.002213191853375207
