9.662806440467199831e-01 4.827844159711600254e-03 9.677104383617363137e-01 9.664221428105436162e-01 -9.725343203424262617e-01 -1.025132408246279270e-02 -1.205689770408969672e-02 9.666419211489593044e-01 -4.377052883010011664e-03 1.932470961166016021e+00 1.791006930563751208e-03 -1.929441439949709514e+00 -1.798417146111393888e-03 9.665297020200915856e-01 -9.658778406325196908e-01 3.750226046436986801e-03 -9.662956082085347731e-01 9.689790895227248235e-01 9.740048255694229162e-01 9.664724362804332225e-01
9.653686687901300578e-01 -9.657514581546261523e-01 4.800776253245825874e-03 9.640566199027145178e-01 9.651863699122518181e-01 9.634321547878951231e-01 9.617884214557155254e-01 2.053369994288094767e-03 -9.630131677539710555e-01 9.679214258440645979e-01 -7.200907220658737257e-04 -9.704658469882323502e-01 -3.003805636480984687e-03 9.662106609320744166e-01 4.095242253753156314e-03 -1.927225668386613355e+00 -9.715729715466723260e-01 9.581506316223205033e-01 9.671747888074582189e-01 -9.669121217168529236e-01
1.342149489833327925e-03 9.545701775556014734e-01 -9.584875836316547604e-01 9.543867511897545786e-01 -3.286451989608140788e-03 -2.722284469382584612e-03 9.593599053129291399e-01 9.544535083037878342e-01 -9.581116254678786470e-01 9.566457309314488899e-01 5.142942718254409247e-03 3.361349767018356402e-03 7.914563864892726125e-04 -9.615425764083539439e-01 -9.520895842922962871e-01 -9.547121138799549156e-01 -7.578668381775056223e-03 9.558157721380686755e-01 9.588260155396810536e-01 7.256449589308374120e-04
-5.083266183497298432e-03 9.587860715335070338e-01 -4.789735362183329161e-03 9.509483255535772228e-01 -9.675319649191065352e-01 9.540156383256979122e-01 9.613913558978436358e-01 1.930324667609615963e+00 2.641004640201770250e-03 9.584677435262460854e-01 -9.628537275729680545e-01 7.075605497778611301e-03 5.976186460936507364e-03 1.046913962686656790e-02 -1.727257040500468355e-02 -9.666216893641582653e-01 -1.916087200894176640e-03 9.576837685976776759e-01 9.555629327404967510e-01 -1.301536285649357132e-02
1.994545809158221994e+00 2.903692234369210645e+00 -1.922216198030713308e+00 1.949884968802646057e+00 1.970336675511393798e+00 1.861575006215851202e-01 -9.781031327529176034e-01 9.453334459584018523e-01 -2.949023942150223565e+00 2.956901375529398870e-03 1.023928196307391375e-01 -1.947238708462959877e+00 2.236590317869684152e-02 -1.019244766524779466e+00 9.649801637203218041e-01 -2.027826630912131556e+00 1.971451202484495679e+00 1.022887134258783304e+00 9.413365709533567660e-01 -2.125406865921870489e-02
9.635446391993867099e-01 9.515606614258794727e-01 -9.665885198587994553e-01 -1.360693196014848508e-03 -8.785677828369748213e-03 9.557258401670072345e-01 9.590769956431797194e-01 9.559478668939160872e-01 -9.822373642682125094e-03 9.493020041093561678e-01 3.582929366587862818e-03 -2.417496533638184737e-03 5.369320513919019662e-04 9.613322822691997560e-01 3.710519738168066399e-03 -9.659139374990209914e-01 -6.442727241969332030e-04 9.606031995863929529e-01 9.589399597115114693e-01 -9.600541751067622753e-01
9.429945458579822581e-01 -9.516245353444794386e-01 2.125129491870790879e-02 4.905216211640608254e-03 7.547637886677819111e-03 9.502763951494489492e-01 9.466692708791443200e-01 1.692958338517577821e-02 9.516054368361399618e-01 -9.694642344982282722e-01 9.377973764685069158e-01 -1.935314008349269699e+00 2.392951102548223838e-02 -4.748257078441955707e-03 -4.046118034079441983e-03 -9.574086687082032920e-01 -1.108415345266952363e-04 -1.067819896337899623e-02 1.927271692906509459e+00 9.580003503566453249e-01
1.012151795715994895e+00 9.500094236028442385e-01 -1.800478825136364591e-01 -3.036501511738165515e-02 -9.814688438362964007e-01 9.536895308262697268e-01 9.180061749324744946e-01 -1.943815762408215506e-02 -5.888806987284718507e-04 1.929998415561320568e+00 -9.971865706140833341e-01 8.856329263203646107e-01 -9.397661475870099368e-01 8.947632784133121575e-01 -2.654147120447462871e-02 -9.770866740249788407e-01 9.393202138506716314e-03 2.905163612698178840e-02 9.972976274974394428e-01 -6.009165324864037400e-02
-9.855908156620925009e-01 1.971754342119080849e+00 -2.000067508024943486e+00 1.978396793344102012e+00 2.445954235426113683e-03 1.028538467222265496e+00 -9.769542301912425009e-01 4.147426136252552187e-02 -1.928037039515381190e+00 1.945236787663698230e+00 9.546680203517053931e-01 -9.834510519061774314e-01 -9.974999504996873156e-01 -1.408288603456213980e-03 -3.024915270277806281e-02 -2.937975698221112264e+00 -9.486664643892130933e-01 -1.973910547170376395e+00 1.981877553499984845e+00 1.673238174655684515e-02
-2.286984108028272678e-01 1.483566159379245297e+00 7.493856413004607031e-01 -2.325843262840432135e-01 9.587825630314051883e-01 7.338102820466472220e-01 1.030940182828029128e+00 -9.600685702190328019e-01 -1.762528271022883786e+00 -8.832390149689470782e-01 -9.596046323113156529e-01 -1.160913837495270995e+00 -1.046579587567472602e+00 -1.875751620937045061e+00 9.206919556937510629e-01 9.779544846832920468e-01 6.649000495279065726e-02 -8.784601126669078219e-01 -6.766812699438766732e-01 2.326920243199944061e+00
1.335207386315036965e-02 -9.835340611221486951e-01 -9.838307800513724777e-01 9.627688610296879501e-01 -9.755109502619112583e-01 8.595542895506218944e-03 9.573312198661660943e-01 9.738378721017081352e-01 -1.933417401494762045e+00 9.756514891722929406e-01 9.533725683735958523e-01 -7.743393881783099120e-03 -6.534834885894987792e-04 9.538447452012325245e-01 -1.241031252000848566e-02 -9.592139970360025192e-01 -9.723303765531273735e-01 9.652275961227865242e-01 9.703345116392468883e-01 -9.714386573175790573e-01
9.976453638433782078e-01 2.999558148124981116e+00 -4.966228860425471403e+00 1.985221491180827691e+00 3.982748737744904677e+00 -2.990581768055759149e+00 1.985766823579023788e+00 -2.980618698184903437e+00 -3.969624213558167636e+00 3.962031272963994155e+00 4.962617289231707751e+00 1.961921949190957637e+00 2.991801678395604291e+00 1.000351077377335640e+00 -9.832809162340890863e-01 2.990754448456312886e+00 5.003511641779884833e+00 2.982433693812472253e+00 4.984823989282383572e+00 2.995490850916755043e+00
-5.788843257413022435e-03 -9.253494692223222448e-04 -9.652692823949393652e-01 9.534234052955743444e-01 5.935236346638519088e-03 -2.588130374788921370e-03 9.625153872166205549e-01 9.550117523126664398e-01 3.099648767856656283e-03 9.617809539347538239e-01 -6.924981600272906226e-04 -9.512080621989884577e-01 -7.363071319895771009e-04 -3.909380208409325014e-03 -9.606237899403020641e-01 -9.586507067019356398e-01 -1.071116054624358851e-03 1.912285883626203997e+00 9.598194392497387817e-01 7.334057295753411074e-03
-2.978338821069951514e+00 -2.972890089738545516e+00 1.501219506009909138e-02 3.962473121920173647e+00 1.981690611170208838e+00 -2.958440239924440274e+00 5.970424561915099737e+00 -1.989767875946420572e+00 1.577204132531945593e-02 2.981052537003177072e+00 3.969503995189634704e+00 -2.968286886978141137e+00 1.267369409586399133e-02 9.948549057672758655e-01 -1.976695688366528758e+00 -9.867835209739061336e-03 1.975138963720776131e+00 -3.969601099290597901e+00 1.987619376847739261e+00 -1.000721863652665133e+00
9.425683964843313278e-01 9.543011462346465690e-01 -9.564446737479480598e-01 9.518544924107651406e-01 -2.370005073460518599e-02 -1.340948740937802572e-02 9.643840961735393735e-01 -9.401776588316900218e-01 -9.457196367066477150e-01 9.643860449641002974e-01 1.453324603548281600e-02 -6.703160940465606107e-03 1.169878458233965376e-03 -9.496447652895774194e-01 -9.610801576526435408e-01 -9.542910256628442944e-01 9.692381807322628662e-01 9.489987406465598685e-01 7.371723169548667805e-03 4.124393482764411416e-03
-9.690839368687280686e-01 -1.320740224911299589e-03 -1.932378426992767517e+00 7.034379261011722111e-04 -9.678479534223621839e-01 4.265314100713634565e-03 -9.638070327645693602e-01 9.675064693916428649e-01 9.769763742044653698e-01 9.708498778715524136e-01 -9.585093572100076287e-01 -9.683694220123790775e-01 9.077528687104791105e-03 9.659617194524863226e-01 -2.221876987103164197e-03 -9.699131522897134206e-01 -1.931077371599784209e+00 5.828603701776382574e-03 9.659820308869994099e-01 5.125454634969541347e-04
9.713799596611543130e-01 9.795815615497043272e-01 -9.771810177721622637e-01 9.811180253149377473e-01 -1.020148474129871016e-02 -1.934118017145688428e+00 -2.447897467291770823e-02 9.688967577170816137e-01 -9.672286481665384184e-01 1.928672247806939577e-02 -1.520798089914483916e-03 -1.926795150102190268e+00 9.781904443997260223e-01 -1.088320474255362498e-02 2.335158637193207251e-02 -1.939262188916710983e+00 9.836161218395487182e-01 1.273315078336883892e-02 9.660542751813183671e-01 -9.657793119126547587e-01
7.881753974915610503e-04 9.083374513830332342e-01 1.086498760369412203e-02 9.961508344117403491e-01 -1.358565144056299648e-02 9.612998800968050039e-01 1.558693261771521531e-02 9.791981238268310239e-01 -8.635282679148580387e-01 9.752357809913628772e-01 9.740310727748848763e-01 2.453412751070546335e-03 -9.352035861764728120e-01 3.143377060656606797e-02 3.561285954936525139e-02 -1.015534462301104890e+00 2.061664150225631445e-02 9.469690022497023740e-01 9.399833223357576539e-01 -9.219240387898587352e-01
-1.962927011583353032e+00 2.267473085390566030e-03 -9.905738067183036399e-01 2.651186379647334007e-04 1.959270959788174560e+00 9.883607586562401792e-01 1.948537727860182311e+00 -9.840166761623759806e-01 -9.788474595613647633e-01 1.950970491348240188e+00 1.962836193256496609e+00 -9.732008016281058493e-01 -1.958618097479504438e+00 -1.930694973823790213e-03 -1.973061320699004639e+00 -1.956583789354450875e+00 7.251093442933790462e-03 -9.843043296243100260e-01 1.966274568985705073e+00 -9.811679079546883342e-01
6.999970276934790014e+00 -4.995760871294672611e+00 -1.199608025165316150e+01 7.999508209552255167e+00 -9.996050396727177656e+00 -1.699517963950758315e+01 1.499719788119770492e+01 1.599400191271523930e+01 -9.995812161290784204e+00 -1.499433770302132629e+01 2.999999794008577858e+00 -1.299696687762666159e+01 -9.996571422843636867e+00 1.499482280424253844e+01 1.499492609768924112e+01 2.999609117388329693e+00 -1.099693092904737490e+01 -5.996996532769812482e+00 -9.997806256918966739e+00 -1.799370842270506188e+01
-9.802766373386219145e-01 6.512415798489656904e-03 -9.720078679344562600e-01 1.857186280135870917e-03 1.951967427311410264e+00 -1.256300475312584555e-03 1.952757197290897029e+00 1.957746587251501635e+00 -1.952982608764338046e+00 -9.807472909593273336e-01 9.713749612859954308e-01 -1.956011528794918908e+00 -1.956585228172168289e+00 1.608098545200593735e-03 -9.718996291040066238e-01 -6.286380955750469485e-04 9.771880631366515191e-01 -9.763833483827343285e-01 1.957742644382596264e+00 -9.855266637927669882e-01
-5.171233293357736880e-04 9.688005075144212608e-01 -9.627123437614047985e-01 9.693666822691971996e-01 -9.676939122916259350e-01 -9.683949313938997605e-01 9.610689423986991109e-01 9.679417519417692350e-01 -9.672587467046329657e-01 9.687024488705220371e-01 -1.630902302003672550e-03 -9.579732623096687272e-01 7.538631211580983267e-04 -9.636089557689229146e-01 5.509610557537725911e-03 -9.622175792725863319e-01 -2.592153463104816466e-03 1.928003158664545635e+00 9.604724725528412943e-01 5.057151370105124246e-04
-3.042228220604645261e-01 9.551189622674751689e-01 -9.776728438381307451e-02 9.549176583408487407e-01 9.610558982326311561e-01 -4.155107492327998753e-02 -1.763297212213876808e-02 2.836871168383689468e-01 -9.608599721673927174e-01 4.041028699141356248e-03 1.062882481873810882e-02 -9.252357476826198468e-01 -9.412595564053720665e-01 -9.971615275913431331e-02 -2.924228884817196839e-02 -9.766656801758119011e-01 -7.578648202836887893e-02 -8.725544829442635764e-02 1.031174955916700275e+00 8.020982710770724680e-03
9.621007334520904619e-01 1.933081550127571768e+00 1.587355781561436917e-04 -9.501159803493438583e-01 -3.287193548722732069e-03 -9.733389550954870545e-03 -5.188833911368654489e-03 -9.197469572153402564e-03 -9.560403804482152657e-01 9.672034208007326272e-01 9.695374565825047863e-01 -9.686084900323497227e-01 -9.570793523773194478e-01 -9.580486930294488390e-01 -1.467892148083889924e-03 -6.969282378734300253e-03 9.624462343185675728e-01 -3.568849231747566256e-03 9.694432170084008593e-01 -9.570081587958398917e-01
9.668881646889503356e-01 -4.713980019546419598e-03 -3.325869068466493720e-03 9.694144232442313269e-01 -9.640200445138332741e-01 -3.417053651129074460e-03 -1.905655207772123313e-04 9.759187747265857249e-01 -2.900457006456278020e+00 1.509133998889009877e-02 -2.149757695671709878e-03 -9.669103229740499961e-01 -9.741213045095796774e-01 -9.699827168331301985e-01 9.652016307123327810e-01 -9.597708694313320521e-01 -9.674060216752705665e-01 -1.013057017626228795e-02 -9.643047432292322085e-01 -2.409446741952898409e-03
-9.615399640764363612e-03 9.685134152529821794e-01 -9.708945514530985532e-01 -6.724517240196153066e-03 9.575949990245745669e-01 9.658625170455149567e-01 9.676756870710364611e-01 -4.207878947218887493e-03 -1.929473500813914555e+00 9.704044528474397024e-01 9.722925789495159288e-01 -9.766750457645014816e-01 9.713490910485039764e-01 -3.731639729809111718e-03 -2.052494507185461791e-03 9.716640918416097339e-01 -9.604488387894176693e-01 1.931731182142464753e+00 9.765816507937113977e-01 -9.913850799774348403e-04
9.727980825683821831e-01 7.360973550748725093e-03 -1.011113505502816371e-03 -9.632256310567548496e-01 -4.655752867338458414e-04 -2.489316749621527710e-03 9.672115910735842315e-01 -9.592808304587636670e-01 -9.639715695209177815e-01 -9.727065712725821989e-01 -9.734989383094437843e-01 -9.620423879456146965e-01 -9.644787558923291204e-01 -9.634516831404771331e-01 -1.934311930649398992e+00 -1.941991282390709506e+00 9.642646497060270994e-01 4.079075943426750499e-03 3.732166350204937401e-03 -8.610658397872818660e-04
4.667175665638712521e-03 9.750854220902923641e-01 -9.583473390802745850e-01 9.801304907986621018e-01 1.957548856705302542e+00 9.608828930997502793e-01 9.717204261519509778e-01 -9.887158870057703997e-01 1.094398132895202033e-02 5.103039887029868146e-03 9.626846886249073032e-01 -1.945021370845823050e+00 -1.953496375697063581e+00 -2.759363263737772860e-03 9.799105780697698886e-01 8.842791813027680789e-03 8.020327660358188976e-03 1.938052362455342514e+00 -4.443537242537609795e-03 -9.780165183209489355e-01
9.199306480268190644e-03 9.767542987854979097e-01 -9.755743957517067910e-01 1.943921957299133529e+00 -2.829225828827653094e-03 9.758595978578062935e-01 9.604279951548627681e-01 -9.696608573778869866e-01 -6.485807623085171683e-03 1.932087091880134055e+00 9.656844600167043824e-01 -9.564800637221640978e-01 -3.104466556987419464e-03 9.619429056173890435e-01 -9.517473026628778809e-01 -9.692247961773373666e-01 9.627974634199439885e-01 -8.563184080086229041e-03 -1.105612179599843418e-02 -9.641190786456166339e-01
9.366017347945702065e-01 4.520927906279793851e-02 2.672099983666863590e-02 9.380373822670700079e-01 -1.090313867458796507e-03 -3.350471683058434125e-02 9.457539296266564977e-01 5.437755478447557633e-02 -9.360227057288961205e-01 5.279249013769549137e-02 -1.584691178101054962e-02 -9.631808403403004926e-01 4.009136076427097933e-02 6.496130677851709445e-02 8.939442362172064227e-01 -2.601664923123781469e-03 3.896038337016368563e-02 1.457712646018397874e-02 9.411393244372182609e-01 -8.983551262897445655e-01
9.996530275259001286e+00 8.993868779700143534e+00 1.800231088635851506e+01 -1.199384017905546607e+01 -9.998053855998755068e+00 -2.996553547017806185e+00 2.004796976399197295e+00 -4.002219869170167144e+00 6.994900663015239495e+00 1.899336823791103868e+01 1.225641248140780463e-03 1.199895871361359845e+01 1.700013522982791869e+01 2.099073833348651519e+01 -1.099955158448655546e+01 -1.999361770477441880e+01 -1.799835972042258447e+01 6.996008736718430043e+00 9.992605073557779605e+00 -6.996408100400465457e+00
9.583925901152490212e-01 9.607706125851839252e-01 -9.531841563726469735e-01 9.593911708888127610e-01 -2.253878418294190042e-03 5.075553713277160435e-03 9.636081035166011999e-01 2.475179678036924444e-03 -9.568367296407196410e-01 9.546203500401895248e-01 -1.850175333659723025e-03 -9.618769402312241645e-01 -9.568719946399329990e-01 3.462900260800399598e-03 -9.542592329374749438e-01 -9.514132227323226498e-01 -3.614455492488548457e-04 -1.155924093683626192e-03 9.632899907899769021e-01 -4.255014571081940956e-03
-3.208751904104902020e-02 1.049454852957746986e+00 -1.015268119990913043e+00 8.866295507371259044e-01 2.870487553231108185e-03 4.285883967797255584e-02 9.124766763810249204e-01 4.655651983146004425e-02 -9.708681440486043313e-01 9.252362785581368376e-01 -9.130044468976001859e-01 -9.368199620185246879e-01 -8.998132588281279043e-01 1.079105482092220375e-01 -3.736025217015609412e-02 -6.122020925329728358e-02 9.632468224234275178e-01 2.246248917953254376e-03 1.024583118602254039e+00 -1.382387158828302098e-02
-1.399215599779111763e+01 -1.002431161560496387e+00 -1.000037498177430351e+01 3.566303407067956868e-03 -1.399513911893766149e+01 1.299089119093363465e+01 1.598785466409833589e+01 -1.599649648405037361e+01 7.000554047138712654e+00 -1.499097367195776620e+01 8.995489877505125520e+00 5.003130551733737441e+00 -5.996562936382617615e+00 -1.299818243832973330e+01 1.400092574442063409e+01 -1.799568673088132797e+01 -2.993215275186613678e+00 8.999484071001782937e+00 -2.995138344842978473e+00 1.699401899011703065e+01
9.572855047185138133e-01 -2.272783428970086891e-03 7.000894350772275503e-03 9.599307208583884865e-01 9.374336109074662970e-03 -2.003427546116352560e-03 1.929044863808144550e+00 -9.582966399164143390e-01 -9.537352012491441267e-01 -2.510604419899567421e-03 9.575465930573200390e-01 2.373332586359640662e-03 9.601207376849764108e-01 -9.564331929416712841e-01 -3.010552086486833426e-04 9.600664789705211088e-01 -9.656246722725406739e-01 9.627508737454564258e-01 -1.148572431178367451e-02 3.970934558777420784e-03
-2.396486713639908381e-02 9.621256083813556348e-01 -9.445168138503832189e-01 9.422193721738213457e-01 9.235253206844767915e-01 4.877730680771588667e-03 -2.829308637999928058e-02 5.724397052681937798e-02 -9.753982548402067021e-01 -7.500963922873112380e-03 2.020422260182741167e-02 -9.642465624047329431e-01 -9.122500870821826924e-01 3.963779429819477840e-02 1.212109568186698835e-02 -9.691454519635935849e-01 -2.938711390631086606e-02 -2.920444205597181112e-03 2.263864771258605399e-02 -2.648350389927661697e-02
-9.709763768870631750e-01 1.892124100369250691e-03 -9.683243030452939326e-01 9.739946420657169535e-01 9.796132370509228471e-01 1.965933033815068898e+00 6.136954322908113463e-03 9.182321576135254321e-03 2.794743904872497818e-03 9.771687333912181250e-01 9.682074697414895237e-01 -9.828750741787558587e-01 9.857085198073419763e-01 -1.948099213837506394e+00 -9.767256483608837137e-01 -5.084709267267692109e-03 -1.942471485526261699e+00 -1.946583014374736020e+00 1.967937366410568600e+00 -1.954674716418378200e+00
-9.858270954558250310e-01 -9.680880989746954990e-01 -9.766915256412724844e-01 9.821155764290340207e-01 -9.736574288814500155e-01 1.959450937214636701e+00 9.731138434119348535e-01 9.802613919475718918e-01 -9.792354838627952418e-01 9.368541171746097573e-03 9.785120136467547747e-01 -2.934465541269472677e+00 -9.824211385029727461e-01 -9.790830729111268393e-01 -1.515605693566825013e-03 -2.939382785219487815e+00 -1.959072010936061758e+00 7.019496580615032684e-03 -1.079284894930920618e-03 7.345477800255842925e-03
-2.960762247364063349e+00 9.896137372223752227e-01 -9.882366668688776778e-01 -2.956532210787012893e+00 -1.969898276323641673e+00 2.951054540803218273e+00 4.137903262623887982e-03 1.986308590312852562e+00 -1.969869433403686365e+00 -7.340151004338987123e-03 9.912866592758781126e-01 9.862852269288688856e-01 -9.959213095518737457e-01 3.940739575123988203e+00 1.974377656375755574e+00 -1.974951610273887770e+00 -1.980734244137509537e+00 -1.127050048270692665e-03 -9.901735484781806207e-01 -1.968343308649120438e+00
9.662227242566815422e-01 -4.579161110775167680e-03 -9.722491367044339139e-01 9.586307055710330260e-01 -2.840916504925497868e-03 9.614702876919819508e-01 7.884397437773731782e-03 9.676945325252974683e-01 -9.632614853390780718e-01 4.711974716296770012e-03 9.609974303019893638e-01 -9.581792388883533240e-01 -9.777209161777742491e-03 -9.667860911936251300e-01 -9.689685106301251238e-01 -9.730756014097232676e-01 9.695576564088963512e-01 9.663580065341562664e-01 1.923728316727303822e+00 -9.731859476296357281e-01
-9.481512193115817499e-01 9.437209988613147749e-01 -9.662508610533475650e-01 -9.607042565475119034e-01 -1.331361741799336456e-03 9.607202900614560948e-01 9.500200034324480791e-01 -5.320734615299455190e-03 8.334796471287871794e-03 9.487663864661994850e-01 -2.986478332285400460e-03 3.874035674662923033e-04 -9.358429900775505628e-01 -9.620753795556601373e-01 1.583163002589402235e-02 -9.648036535377593204e-01 9.645180882763744190e-01 9.399791945932084447e-01 9.571135540063014924e-01 -8.826867169731463653e-04
9.606222374444283174e-01 9.025752435569145415e-01 -1.978851528613541966e+00 1.600282259337613283e-02 -6.411870758366336812e-03 9.527864506630531194e-01 1.009460725086965605e+00 9.776042837177524314e-01 -9.753128554757870550e-01 1.953674555300008553e+00 4.902910205587497454e-03 -9.702123644360104437e-01 -9.660908888090469215e-01 -1.409804425404723345e-02 -1.058135428703585630e-02 -1.684307007002030732e+00 -9.677490326506121843e-01 9.686464835649348792e-01 1.945642596914078037e+00 6.603432846726697662e-03
8.780709051768014195e-01 -9.979844533883188706e-01 -1.166709042601341839e-01 -1.884427202590707381e-02 9.789170442603843947e-01 6.950398830282455975e-01 8.868693490637289401e-01 -2.028857015929275587e+00 -1.794697179381904650e+00 5.143619292634815654e-01 1.931776341802415198e+00 -1.115877498923948830e+00 -2.029468805545834795e-02 9.897319436047546937e-03 1.054023925044591387e-02 -1.979640415669415177e+00 -9.263917464016793168e-01 -2.191688092117868025e-01 8.496332451413040054e-01 2.812065737942820443e-02
1.194662706487934975e-02 8.392849394894787846e-03 -2.925562365649301722e+00 -1.947143577004828652e+00 -9.953231250603914448e-01 9.935014400869870421e-01 -9.733005059288132310e-01 1.028944940379448614e+00 9.959407196894743963e-01 1.961110418869991268e+00 2.941118367168632248e-04 1.211399245800458442e-02 -1.010832492184551512e+00 1.004758132448925867e+00 1.019885134228624590e+00 -2.913297284322169833e+00 -1.942540743347771937e+00 -1.932702357938714588e+00 -9.965728534313417208e-01 1.947729964660605884e+00
3.533875348892679628e-03 9.601265840890925718e-01 -9.506295374045113933e-01 9.550769458179556581e-01 5.030031015071136959e-03 9.543670288147789726e-01 2.714346676122647746e-03 -2.272849066281860606e-03 -9.527816799991606356e-01 9.484589327955470495e-01 9.524659978324707676e-01 -9.549968812016453867e-01 -1.170071685378176697e-03 5.915541177648716772e-03 2.900162520579260220e-03 -9.516275388293370385e-01 -2.169338956318943778e-04 6.552109309441646757e-04 9.588687068496712929e-01 -9.598958434867671530e-01
-9.700866107404891858e-01 1.074056016052470086e-01 9.359540453952582828e-01 9.059219093512596022e-01 -1.106508128290866269e-02 4.021234351952378272e-02 1.435781282572226418e-02 5.639297005026642218e-01 -1.019344276052842613e+00 -4.233955251574712114e-02 1.760378576411166796e-01 -1.976349444128136179e+00 -9.820858084339015859e-01 9.054427554133525069e-01 -7.642620327846286199e-02 -1.842657940010810069e+00 3.097538355147954128e-02 4.586951877113490394e-02 3.247456116855132469e-02 -1.951421178225061448e+00
-9.602368068800214429e-01 9.449563693309460666e-01 9.932452410911000139e-04 -9.583495709727696266e-01 -6.205709407943083185e-03 9.582513345537920779e-01 9.676431649143546476e-01 -1.211776719518336924e-02 -9.652887100962773692e-01 -2.796048532127757419e-03 9.585494635899082239e-01 -9.626023408919867075e-01 8.710018616851691181e-05 -9.604096938270869632e-01 9.536500777288857700e-01 -9.671967428951280255e-01 -9.529328415265789776e-01 -9.553510176595430003e-01 9.705527866468200981e-01 -1.072484014761023764e-02
4.968430991395867302e+00 3.970920440664138962e+00 -2.981907827376975906e+00 -9.940291065837106865e-01 -9.956692869515092470e-01 4.968183073088082047e+00 2.984764551637131724e+00 -1.984912858111262279e+00 -3.976037760585480196e+00 3.976354066787651576e+00 1.987825137959443600e+00 -3.975245774349637884e+00 -9.918304928237785534e-01 3.972048738157460512e+00 -9.967993215730471812e-01 -3.977649061134724828e+00 -1.983628090018827228e+00 -1.987592219052921383e+00 2.975897584998409950e+00 -5.871800916687844058e-04
1.299543368556364697e+01 8.997212362300976096e+00 -1.199906247341334620e+01 -2.995609420183229954e+00 -1.199567196780508382e+01 -1.799208443360647180e+01 1.799290628122571434e+01 -5.996471846604253919e+00 -1.899458264479674341e+01 1.499697045831044839e+01 4.001169267568350563e+00 1.599503779129386238e+01 5.001730737856449061e+00 -1.699750988065958168e+01 -4.003001524800379407e+00 8.997496929924997389e+00 -7.000514598298493318e+00 -9.984668047765190568e-01 3.997034762810562025e+00 1.499565599443816488e+01
9.787042552918407967e-01 9.799264532208329381e-01 -1.948989615188467805e+00 9.775380329319206529e-01 -4.191913853258003551e-03 9.699641914176372337e-01 3.730768540844871684e-03 1.590951737118138400e-03 -9.755257544710597140e-01 -9.798637688232324505e-01 -9.741454599346016652e-01 -9.746419212400044829e-01 -9.810567253751304451e-01 1.951402571437198530e+00 -1.954409073368546856e+00 -1.954932593765192683e+00 1.954031391310516508e+00 -1.924021050666146343e-03 -1.951208495193900161e+00 -9.770594561299388303e-01
