0.0166471004486084
0.016762495040893555
0.016747236251831055
0.016513586044311523
0.01648879051208496
0.016394615173339844
0.016344785690307617
0.016251325607299805
0.016083717346191406
0.016518115997314453
0.015716075897216797
0.015987873077392578
0.015610694885253906
0.015510797500610352
0.015411853790283203
0.01595306396484375
0.015310525894165039
0.015600204467773438
0.016248703002929688
0.0158536434173584
0.01557016372680664
0.01585102081298828
0.015480279922485352
0.016194581985473633
0.016292095184326172
0.016214847564697266
0.016185283660888672
0.015552043914794922
0.01760125160217285
0.01728510856628418
0.016756534576416016
0.016416549682617188
0.01584005355834961
0.01571035385131836
0.01639270782470703
0.01659870147705078
0.0163266658782959
0.016154050827026367
0.01619887351989746
0.016266822814941406
0.015633583068847656
0.01564764976501465
0.01612234115600586
0.01583385467529297
0.016881465911865234
0.01785588264465332
0.017592191696166992
0.016904830932617188
0.016989469528198242
0.016043663024902344
0.0161135196685791
0.0159151554107666
0.016408681869506836
0.016463279724121094
0.016724109649658203
0.016663312911987305
0.016695737838745117
0.016701698303222656
0.017043113708496094
0.016707658767700195
0.01687908172607422
0.01678752899169922
0.017010927200317383
0.016677379608154297
0.016569852828979492
0.016508817672729492
0.01653003692626953
0.0165560245513916
0.016773223876953125
0.019237995147705078
0.0191957950592041
0.017285823822021484
0.017151355743408203
0.017342090606689453
0.017457246780395508
0.01696014404296875
0.017540931701660156
0.016956806182861328
0.016835689544677734
0.016901016235351562
0.0167081356048584
0.016721725463867188
0.01674675941467285
0.016956329345703125
0.01688241958618164
0.01667046546936035
0.016585588455200195
0.016564130783081055
0.016385555267333984
0.015915632247924805
0.015720129013061523
0.015689611434936523
0.015513181686401367
0.015943050384521484
0.016153573989868164
0.015830278396606445
0.015467643737792969
0.015625476837158203
0.0160372257232666
0.016274452209472656
0.01621723175048828
0.016361236572265625
0.015674352645874023
0.015646934509277344
0.015773773193359375
0.015616178512573242
0.016072750091552734
0.016329288482666016
0.016163349151611328
0.015684127807617188
0.0157167911529541
0.015611410140991211
0.015978574752807617
0.01549386978149414
0.015597820281982422
0.01542973518371582
0.01571965217590332
0.015985488891601562
0.01616358757019043
0.01585245132446289
0.015556812286376953
0.015585899353027344
0.015540599822998047
0.015804529190063477
0.01576709747314453
0.016178131103515625
0.016620397567749023
0.016362667083740234
0.016294479370117188
0.01637864112854004
0.01617598533630371
0.016768455505371094
0.01704263687133789
0.0170438289642334
0.02016735076904297
0.020409107208251953
0.01812148094177246
0.017337322235107422
0.017568588256835938
0.017634153366088867
0.01720261573791504
0.016452550888061523
0.01668715476989746
0.017700910568237305
0.017375946044921875
0.01701831817626953
0.01710677146911621
0.017247438430786133
0.017340898513793945
0.018213510513305664
0.017090320587158203
0.016560077667236328
0.016436100006103516
0.016478538513183594
0.01658797264099121
0.017091989517211914
0.016963958740234375
0.016741514205932617
0.016749143600463867
0.01651477813720703
0.016939640045166016
0.017195940017700195
0.01768803596496582
0.01763319969177246
0.01803278923034668
0.01780986785888672
0.017017364501953125
0.017022371292114258
0.016939401626586914
0.016719818115234375
0.016571760177612305
0.016981840133666992
0.016501426696777344
0.016488075256347656
0.016511201858520508
0.016460657119750977
0.016955852508544922
0.017028331756591797
0.017563343048095703
0.017049789428710938
0.017026901245117188
0.0164949893951416
0.016319990158081055
0.01655864715576172
0.01661229133605957
0.016495227813720703
0.016347408294677734
0.01653003692626953
0.01654505729675293
0.01651144027709961
0.01659560203552246
0.016391515731811523
0.016429424285888672
0.016161441802978516
0.01637101173400879
0.016442298889160156
0.016265869140625
0.016632795333862305
0.016482830047607422
0.016718626022338867
0.016443490982055664
0.01683783531188965
0.020743846893310547
0.01743173599243164
0.017353296279907227
0.016932964324951172
0.01709890365600586
0.01652979850769043
0.016533851623535156
0.016694307327270508
0.016562461853027344
0.016476869583129883
0.016391277313232422
0.016379356384277344
0.016323328018188477
0.016339778900146484
0.016144990921020508
0.016110897064208984
0.0161898136138916
0.016372203826904297
0.016298770904541016
0.016444921493530273
0.016216754913330078
0.016161680221557617
0.016321420669555664
0.017070531845092773
0.018092870712280273
0.017501115798950195
0.01653456687927246
0.016412734985351562
0.016343355178833008
0.0162961483001709
0.01623845100402832
0.016329288482666016
0.01612567901611328
0.01614069938659668
0.016183137893676758
0.01610398292541504
0.01617288589477539
0.01565694808959961
0.015685558319091797
0.015482187271118164
0.015429496765136719
0.01598358154296875
0.015472888946533203
0.015511035919189453
0.01567554473876953
0.015490055084228516
0.015445709228515625
0.015576601028442383
0.015845060348510742
0.015422821044921875
0.015468358993530273
0.01529836654663086
0.015566349029541016
0.015374898910522461
0.01578044891357422
0.01547384262084961
0.015852928161621094
0.015648603439331055
0.015647411346435547
0.015354633331298828
0.015594005584716797
0.015784025192260742
0.01669931411743164
0.016676664352416992
0.016550779342651367
0.01669144630432129
0.01712775230407715
0.017251968383789062
0.018164634704589844
0.017415761947631836
0.01680898666381836
0.016902685165405273
0.017365455627441406
0.017140626907348633
0.017001867294311523
0.016860485076904297
0.01639389991760254
0.016508102416992188
0.016991138458251953
0.016836166381835938
0.017217636108398438
0.01688241958618164
0.016358375549316406
0.01653003692626953
0.016751766204833984
0.016672372817993164
0.01674365997314453
0.0164949893951416
0.015962600708007812
0.0159609317779541
0.015924930572509766
0.015494823455810547
0.015504837036132812
0.015515804290771484
0.015603780746459961
0.015667438507080078
0.015851259231567383
0.015615224838256836
0.01572394371032715
0.015621185302734375
0.015541553497314453
0.015630483627319336
0.01581549644470215
0.015927553176879883
0.01579761505126953
0.015542745590209961
0.015473127365112305
0.01569843292236328
0.015531301498413086
0.016879796981811523
0.016019105911254883
0.015932321548461914
0.01602029800415039
0.015590190887451172
0.015441417694091797
0.016295671463012695
0.016203880310058594
0.016026020050048828
0.01609039306640625
0.01564931869506836
0.015578031539916992
0.015846967697143555
0.01610088348388672
0.01650404930114746
0.016669034957885742
0.016425371170043945
0.01649165153503418
0.016510725021362305
0.016484737396240234
0.016295433044433594
0.016237258911132812
0.016204833984375
0.01608872413635254
0.016123294830322266
0.0165712833404541
0.016345977783203125
0.016225337982177734
0.016167402267456055
0.0161895751953125
0.01609015464782715
0.016534805297851562
0.016500234603881836
0.01670527458190918
0.016328811645507812
0.016637563705444336
0.016621828079223633
0.016776561737060547
0.016748428344726562
0.016740798950195312
0.016685962677001953
0.016591787338256836
0.016663789749145508
0.016959190368652344
0.016684293746948242
0.01670384407043457
0.016400814056396484
0.016322612762451172
0.016396045684814453
0.017084836959838867
0.016776561737060547
0.01662588119506836
0.01650857925415039
0.016373157501220703
0.0163424015045166
0.016335010528564453
0.01620173454284668
0.016112804412841797
0.016112804412841797
0.016247034072875977
0.01608753204345703
0.016419172286987305
0.016170501708984375
0.016266584396362305
0.016188621520996094
0.01618218421936035
0.01611185073852539
0.016216754913330078
0.016152143478393555
0.016275882720947266
0.015921354293823242
0.015684127807617188
0.015432357788085938
0.015752315521240234
0.016051769256591797
0.016614675521850586
0.016573429107666016
0.01622152328491211
0.016111135482788086
0.016114234924316406
0.016309499740600586
0.016795873641967773
0.017203807830810547
0.0165560245513916
0.01648879051208496
0.01649951934814453
0.01681041717529297
0.01656198501586914
0.016532182693481445
0.016223430633544922
0.016326427459716797
0.016340017318725586
0.01622915267944336
0.016499996185302734
0.016511201858520508
0.016318082809448242
0.016360998153686523
0.016384601593017578
0.016738414764404297
0.01652359962463379
0.016775131225585938
0.017476797103881836
0.017575979232788086
0.017009258270263672
0.017494916915893555
0.017122507095336914
0.017154455184936523
0.017860889434814453
0.017826318740844727
0.018388986587524414
0.01799607276916504
0.017226696014404297
0.01693248748779297
0.016875028610229492
0.016984939575195312
0.01729106903076172
0.016917705535888672
0.0169069766998291
0.016625404357910156
0.01653885841369629
0.01662158966064453
0.016907691955566406
0.01654338836669922
0.016536235809326172
0.01723337173461914
0.016959428787231445
0.01714491844177246
0.017224788665771484
0.01682901382446289
0.016744613647460938
0.016626358032226562
0.016594409942626953
0.01678776741027832
0.016762733459472656
0.019280672073364258
0.01753067970275879
0.01739048957824707
0.01726841926574707
0.017375469207763672
0.016852617263793945
0.01723480224609375
0.01723027229309082
0.017368793487548828
0.018824338912963867
0.01862335205078125
0.017287492752075195
0.017209291458129883
0.016440153121948242
0.016509532928466797
0.016579627990722656
0.016974925994873047
0.01687932014465332
0.016528844833374023
0.016511917114257812
0.016488075256347656
0.016619443893432617
0.01716136932373047
0.01661968231201172
0.0167996883392334
0.016818523406982422
0.01656961441040039
0.01667928695678711
0.017002582550048828
0.01662755012512207
0.01668262481689453
0.016959428787231445
0.016765832901000977
0.01708698272705078
0.017104148864746094
0.016730308532714844
0.01671624183654785
0.01678466796875
0.016788005828857422
0.016810178756713867
0.01708674430847168
0.016914844512939453
0.017077207565307617
0.017504453659057617
0.017168521881103516
0.01719212532043457
0.017213821411132812
0.017339468002319336
0.016918182373046875
0.016855716705322266
0.016811132431030273
0.016886472702026367
0.016539335250854492
0.016638755798339844
0.01671767234802246
0.01635003089904785
0.016363143920898438
0.016587018966674805
0.016431331634521484
0.01672673225402832
0.016749143600463867
0.016536712646484375
0.016473770141601562
0.016848325729370117
0.016955137252807617
0.0176541805267334
0.01692366600036621
0.016466856002807617
0.0163726806640625
0.016480445861816406
0.01645660400390625
0.016430139541625977
0.01642322540283203
0.01610732078552246
0.016141891479492188
0.016164541244506836
0.016399860382080078
0.01624321937561035
0.016286373138427734
0.016232728958129883
0.01611161231994629
0.01631903648376465
0.016407012939453125
0.016153573989868164
0.015621423721313477
0.015506267547607422
0.01580643653869629
0.015644550323486328
0.015783071517944336
0.015555143356323242
0.015373706817626953
0.015234708786010742
0.015196800231933594
0.015539884567260742
0.015779495239257812
0.015394210815429688
0.015282154083251953
0.015436172485351562
0.015256404876708984
0.015518665313720703
0.015616416931152344
0.015936613082885742
0.01578044891357422
0.015761852264404297
0.015534639358520508
0.01555323600769043
0.015573978424072266
0.01599907875061035
0.015607118606567383
0.016482114791870117
0.016538619995117188
0.01667618751525879
0.016110658645629883
0.015972137451171875
0.015668392181396484
0.015427350997924805
0.01582956314086914
0.01622605323791504
0.01636528968811035
0.016575098037719727
0.018375158309936523
0.016557931900024414
0.016619205474853516
0.016543865203857422
0.0166165828704834
0.016614198684692383
0.016292810440063477
0.016272783279418945
0.01619434356689453
0.016268491744995117
0.016076087951660156
0.01634812355041504
0.016039133071899414
0.015850305557250977
0.015496969223022461
0.015429496765136719
0.015509843826293945
0.015522956848144531
0.01584625244140625
0.015624046325683594
0.015499591827392578
0.01536703109741211
0.015400409698486328
0.01546621322631836
0.01593184471130371
0.01585865020751953
0.01617431640625
0.01617574691772461
0.016277074813842773
0.01648092269897461
0.01716923713684082
0.017148494720458984
0.01655125617980957
0.01620006561279297
0.01619243621826172
0.0161285400390625
0.01632094383239746
0.016191959381103516
0.016382932662963867
0.016155004501342773
0.016155242919921875
0.016112089157104492
0.016571044921875
0.01636195182800293
0.01587510108947754
0.015965938568115234
0.016100168228149414
0.015871763229370117
0.01688241958618164
0.01608419418334961
0.016123294830322266
0.015594244003295898
0.015231609344482422
0.015312433242797852
0.016310691833496094
0.01571822166442871
0.015826702117919922
0.015803098678588867
0.01570892333984375
0.015448808670043945
0.015252828598022461
0.01613783836364746
0.017486095428466797
0.017539262771606445
0.016681432723999023
0.016436338424682617
0.01652383804321289
0.016832590103149414
0.016811370849609375
0.018039464950561523
0.018601655960083008
0.017324209213256836
0.016725778579711914
0.016976594924926758
0.017453432083129883
0.017185449600219727
0.016980409622192383
0.016447067260742188
0.016340017318725586
0.016542673110961914
0.016364097595214844
0.016184568405151367
0.016257762908935547
0.016466617584228516
0.016306161880493164
0.016575336456298828
0.01655864715576172
0.016643047332763672
0.016500473022460938
0.01658034324645996
0.016571044921875
0.01662921905517578
0.016212940216064453
0.01610255241394043
0.016232728958129883
0.01569652557373047
0.016076087951660156
0.0162808895111084
0.015972137451171875
0.01606583595275879
0.01581597328186035
0.015729188919067383
0.01591801643371582
0.01673293113708496
0.016720294952392578
0.016513824462890625
0.01743340492248535
0.016719341278076172
0.017124176025390625
0.01840829849243164
0.0163266658782959
0.015909433364868164
0.015722274780273438
0.015494823455810547
0.015486478805541992
0.016529321670532227
0.01656055450439453
0.016370296478271484
0.016289949417114258
0.016196727752685547
0.016176700592041016
0.016173601150512695
0.016393184661865234
0.016547203063964844
0.016591310501098633
0.016504764556884766
0.01648998260498047
0.016735076904296875
0.016688108444213867
0.01648879051208496
0.016548871994018555
0.016550779342651367
0.01668858528137207
0.01657390594482422
0.01640772819519043
0.016141176223754883
0.01621222496032715
0.01614522933959961
0.01618218421936035
0.01624298095703125
0.01637411117553711
0.01649761199951172
0.016386032104492188
0.016356229782104492
0.01621556282043457
0.01613306999206543
0.01625370979309082
0.0163271427154541
0.01628899574279785
0.01636505126953125
0.016597747802734375
0.01640009880065918
0.016745567321777344
0.016527175903320312
0.01658320426940918
0.01657414436340332
0.0165557861328125
0.01665949821472168
0.016478776931762695
0.016416311264038086
0.01631021499633789
0.016125202178955078
0.016193389892578125
0.0162661075592041
0.016492366790771484
0.016112565994262695
0.01624298095703125
0.016188383102416992
0.01624131202697754
0.016254901885986328
0.016077280044555664
0.015644550323486328
0.015771150588989258
0.015399694442749023
0.01563739776611328
0.015215396881103516
0.01587533950805664
0.01557779312133789
0.015413284301757812
0.01555776596069336
0.0154266357421875
0.015275955200195312
0.015655517578125
0.016225337982177734
0.016257286071777344
0.01623845100402832
0.016104698181152344
0.016304969787597656
0.01618790626525879
0.016240835189819336
0.0162508487701416
0.01708197593688965
0.017180919647216797
0.016767501831054688
0.017081499099731445
0.01708698272705078
0.0164945125579834
0.016739845275878906
0.016481637954711914
0.016474485397338867
0.01653909683227539
0.016429662704467773
0.016108274459838867
0.016086578369140625
0.016151905059814453
0.01625967025756836
0.016309738159179688
0.016534805297851562
0.016335487365722656
0.016468524932861328
0.016227006912231445
0.016246557235717773
0.016130685806274414
0.016661643981933594
0.01683187484741211
0.01789569854736328
0.017778396606445312
0.017206430435180664
0.017821550369262695
0.017706871032714844
0.01823115348815918
0.017904996871948242
0.01704692840576172
0.01674485206604004
0.01668381690979004
0.016756057739257812
0.01689767837524414
0.017282485961914062
0.01685333251953125
0.01638007164001465
0.0164945125579834
0.01620030403137207
0.016048669815063477
0.01613473892211914
0.016083955764770508
0.016089439392089844
0.016297340393066406
0.016293048858642578
0.016123294830322266
0.0162808895111084
0.016161203384399414
0.01603841781616211
0.016483068466186523
0.01744985580444336
0.01754927635192871
0.02509784698486328
0.018965482711791992
0.0166318416595459
0.01687908172607422
0.01668548583984375
0.016741275787353516
0.016542434692382812
0.01648092269897461
0.016565561294555664
0.016852378845214844
0.016858816146850586
0.01703166961669922
0.016650676727294922
0.016559600830078125
0.016671419143676758
0.016588926315307617
0.016549348831176758
0.016525745391845703
0.016468286514282227
0.0174105167388916
0.017102718353271484
0.018776416778564453
0.01696467399597168
0.016364336013793945
0.016548871994018555
0.01672077178955078
0.01653122901916504
0.016542434692382812
0.01614093780517578
0.01622939109802246
0.016229629516601562
0.01629948616027832
0.016080617904663086
0.016246557235717773
0.016139745712280273
0.016169309616088867
0.016113758087158203
0.016106367111206055
0.016150474548339844
0.016516923904418945
0.016243696212768555
0.016081571578979492
0.016164541244506836
0.016463279724121094
0.016352176666259766
0.016955852508544922
0.016697406768798828
0.016735315322875977
0.016184329986572266
0.01575613021850586
0.015837430953979492
0.016131877899169922
0.01610708236694336
0.015870332717895508
0.01575493812561035
0.015711069107055664
0.01566910743713379
0.01596236228942871
0.01665019989013672
0.016498804092407227
0.01624464988708496
0.01648736000061035
0.016429424285888672
0.016648530960083008
0.016487836837768555
0.016961336135864258
0.018233060836791992
0.01710796356201172
0.016846656799316406
0.016827106475830078
0.016237735748291016
0.016122817993164062
0.016171693801879883
0.01614689826965332
0.016238927841186523
0.016384363174438477
0.016204118728637695
0.0161130428314209
0.016211509704589844
0.016076326370239258
0.016048908233642578
0.01641678810119629
0.016458988189697266
0.016061782836914062
0.015645742416381836
0.015789270401000977
0.015581607818603516
0.015601158142089844
0.015955686569213867
0.015544652938842773
0.016072511672973633
0.015703916549682617
0.016152620315551758
0.015811443328857422
0.015908241271972656
0.015555381774902344
0.01579904556274414
0.01597738265991211
0.015692949295043945
0.015655994415283203
0.015906810760498047
0.01582193374633789
0.015714406967163086
0.015918970108032227
0.015812158584594727
0.016404151916503906
0.017083168029785156
0.016817808151245117
0.01642441749572754
0.01644134521484375
0.01641082763671875
0.016925334930419922
0.01714468002319336
0.017802953720092773
0.017093181610107422
0.017235755920410156
0.017080068588256836
0.016820669174194336
0.01697397232055664
0.017163991928100586
0.016988754272460938
0.016844987869262695
0.016719818115234375
0.016705989837646484
0.01694011688232422
0.01684737205505371
0.01749420166015625
0.017264842987060547
0.016745567321777344
0.016852855682373047
0.017180442810058594
0.016460180282592773
0.01675701141357422
0.01652359962463379
0.016533851623535156
0.016572952270507812
0.016666173934936523
0.016245603561401367
0.016283273696899414
0.01624917984008789
0.01639866828918457
0.0163118839263916
0.017009735107421875
0.016459226608276367
0.016338586807250977
0.01658463478088379
0.016536474227905273
0.016513824462890625
0.016517162322998047
0.016133785247802734
0.01624608039855957
0.016170501708984375
0.017190933227539062
0.017719268798828125
0.01711750030517578
0.016351699829101562
0.015946626663208008
0.016031742095947266
0.01583099365234375
0.016082763671875
0.016308307647705078
0.015740156173706055
0.016043663024902344
0.015624523162841797
0.0162503719329834
0.01608729362487793
0.01614546775817871
0.01606893539428711
0.015956401824951172
0.01573920249938965
0.015318155288696289
0.015452861785888672
0.015518903732299805
0.015813350677490234
0.015372753143310547
0.01646900177001953
0.01663517951965332
0.016695022583007812
0.016595840454101562
0.016783475875854492
0.016326904296875
0.017403602600097656
0.0177762508392334
0.0172727108001709
0.01703166961669922
0.017562150955200195
0.016682147979736328
0.018288135528564453
0.018298625946044922
0.018274307250976562
