6.147759622749536
6.126362556303656
5.792746276406239
5.792746276406239
5.792746276406239
5.792615495531885
5.792615495531885
5.792615495531885
5.792615495531885
5.775815440459537
5.762928909662085
5.762928909662085
5.270372372849277
5.260522234401922
5.259724557772243
5.259724557772243
5.259724557772243
5.259724557772243
5.259724557772243
5.200042321498582
5.200042321498582
5.200042321498582
5.200042321498582
5.166167888419846
5.166167888419846
4.818650437945964
4.817143978862882
4.817143978862882
4.809277446163366
4.808888928839149
4.6938719672503435
4.6938719672503435
4.6906558507298275
4.677950888446876
4.53620718681454
4.474141488529188
4.474141488529188
4.474141488529188
4.474141488529188
4.474141488529188
4.463368032262794
4.4560918826845874
4.351151824311996
4.351151824311996
4.312508843879218
4.312508843879218
4.0756027969134685
4.0756027969134685
4.0756027969134685
4.0756027969134685
4.071014907951511
4.067449280344221
4.0641309899838625
4.0641309899838625
4.062665547185864
4.06068663498854
4.057998815265044
4.05452230462409
4.05452230462409
4.020172641462979
4.01201483359039
4.01201483359039
4.01201483359039
3.926945512487542
3.9241531780593633
3.9241531780593633
3.9241531780593633
3.9241531780593633
3.9241531780593633
3.923897240992968
3.923897240992968
3.923897240992968
3.923897240992968
3.923897240992968
3.6490140267438456
3.6475546310424676
3.6349317458201043
3.6343921408661757
3.6343921408661757
3.6343921408661757
3.6343921408661757
3.6167608780868044
3.6167608780868044
3.6167608780868044
3.604198807926057
3.604198807926057
3.604198807926057
3.604198807926057
3.604198807926057
3.5959024657690293
3.5959024657690293
3.5959024657690293
3.5959024657690293
3.5959024657690293
3.454523514902668
3.454523514902668
3.4066560580256073
3.404797497095146
3.399553654760716
3.395020474029021
3.394511319206618
3.394511319206618
3.2831612496204023
3.2831612496204023
3.2831612496204023
3.275753604688447
3.275753604688447
3.275753604688447
3.2622795946483834
3.2622795946483834
3.2622795946483834
3.2622795946483834
3.2622795946483834
3.2622795946483834
3.1992034470363926
3.195641703020499
3.195641703020499
3.19491279398504
3.184617514854498
2.974227509255808
2.9734925676530217
2.973468310497008
2.9694531891263125
2.9694531891263125
2.9694531891263125
2.9694531891263125
2.9694531891263125
2.9694531891263125
2.9694531891263125
2.9497581365666647
2.9497581365666647
2.9483855995696047
2.9483855995696047
2.9483855995696047
2.9483855995696047
2.941429355441045
2.941429355441045
2.941429355441045
2.938719631900149
2.9073815276757102
2.9002323493320077
2.9002323493320077
2.9002323493320077
2.9002323493320077
2.9002323493320077
2.9002323493320077
2.9002323493320077
2.9002323493320077
2.898090515046732
2.898090515046732
2.8372186648877395
2.7515754096867546
2.7497797555859655
2.7497797555859655
2.7455482870555805
2.7455482870555805
2.7220924058331804
2.7215232160212572
2.7200420866886432
2.705196547265807
2.657997018174399
2.6487062934228547
2.6466715933393843
2.6466715933393843
2.6466715933393843
2.6466715933393843
2.6466715933393843
2.6466715933393843
2.6466715933393843
2.6466715933393843
2.6466715933393843
2.6466715933393843
2.6452599343541934
2.6452599343541934
2.6452599343541934
2.6452599343541934
2.6452599343541934
2.6452599343541934
2.6452599343541934
2.6452599343541934
2.6452599343541934
2.6452599343541934
2.6420931390015348
2.6420931390015348
2.6420931390015348
2.6420931390015348
2.6092730556713484
2.5875796883953477
2.57600748612656
2.5732982737837844
2.571833776810408
2.432057841702399
2.432057841702399
2.4317378389376216
2.4317378389376216
2.4317378389376216
2.4317378389376216
2.4317378389376216
2.4317378389376216
2.429013445892455
2.429013445892455
2.429013445892455
2.429013445892455
2.429013445892455
2.429013445892455
2.429013445892455
2.429013445892455
2.421800963818942
2.2971337368843017
2.2971337368843017
2.2971337368843017
2.2925192868652715
2.2925192868652715
2.28893674290034
2.28893674290034
2.280317652773487
2.280317652773487
2.280317652773487
2.227688264304362
2.227688264304362
2.2272380728506
2.219107517478104
2.219107517478104
2.219107517478104
2.2064931943099495
2.2027447079345706
2.2027447079345706
2.2027447079345706
2.1967136394187534
2.1967136394187534
2.1967136394187534
2.1967136394187534
2.1967136394187534
2.1967136394187534
2.1967136394187534
2.193160525847663
2.193160525847663
2.193160525847663
2.193160525847663
2.193160525847663
2.193160525847663
2.192403566679129
2.192403566679129
2.192403566679129
2.191776960850433
2.1849321225352476
2.184463621271206
2.184463621271206
2.184463621271206
2.172635330468303
2.172635330468303
2.1691348052881843
2.1691348052881843
2.1691348052881843
2.1691348052881843
2.166649299773951
2.166649299773951
2.1655819864759174
2.1655819864759174
2.1640639439367106
2.1576441568463522
2.0795640005038045
2.077143385085659
2.077143385085659
2.077143385085659
2.077143385085659
2.077143385085659
2.077143385085659
2.077143385085659
2.077143385085659
2.077143385085659
2.05891733227951
2.05891733227951
2.05891733227951
2.05891733227951
2.0586089567315327
2.0586089567315327
2.0586089567315327
2.0586089567315327
2.0586089567315327
2.0586089567315327
2.0586089567315327
2.0586089567315327
2.051596891346705
2.051596891346705
2.051596891346705
2.051596891346705
2.051596891346705
2.051596891346705
2.051596891346705
2.051596891346705
2.051596891346705
2.051596891346705
2.051596891346705
2.0502431087944935
2.0502431087944935
2.0502431087944935
2.0502431087944935
2.0502431087944935
2.0502431087944935
1.3840302026913704
1.3840302026913704
1.356910205133346
1.3418190470988591
1.3368707368120027
1.326932398338844
1.326932398338844
1.326932398338844
1.326932398338844
1.326932398338844
1.326932398338844
1.326932398338844
1.326932398338844
1.326932398338844
1.326932398338844
1.326932398338844
1.326932398338844
1.326932398338844
1.326932398338844
1.3266807150299336
1.3266807150299336
1.3266807150299336
1.3266807150299336
1.3266807150299336
1.3266807150299336
1.3266807150299336
1.3261103225237747
1.3241667364155028
1.3241667364155028
1.3241667364155028
1.3241667364155028
1.3239165893910183
1.3239165893910183
1.3239165893910183
1.3239165893910183
1.3239165893910183
1.3239165893910183
1.3239165893910183
1.3239165893910183
1.3218162278679593
1.3218162278679593
1.3218162278679593
1.3218162278679593
1.3218162278679593
1.3218162278679593
1.3218162278679593
1.3218162278679593
1.3218162278679593
1.3164392336095894
1.3164392336095894
1.3164392336095894
1.3164392336095894
1.3164392336095894
1.3153011737621938
1.3153011737621938
1.3153011737621938
1.3147709362499782
1.3147709362499782
1.3147709362499782
1.3147709362499782
1.3147709362499782
1.3147709362499782
1.3147709362499782
1.3147709362499782
1.3147709362499782
1.3147709362499782
1.3147709362499782
1.3147709362499782
1.3147709362499782
1.3147709362499782
1.3147709362499782
1.3147709362499782
1.3147709362499782
1.2850823272236696
1.2850823272236696
1.2813783758208963
1.2813783758208963
1.2728624667114694
1.2728624667114694
1.2607767601473512
1.2607767601473512
1.2607767601473512
1.2607767601473512
1.2607767601473512
1.2607767601473512
1.2607767601473512
1.2507417820713265
1.2507417820713265
1.2507417820713265
1.2467953811522428
1.2467953811522428
1.2467953811522428
1.2467953811522428
1.2467953811522428
1.2437357537600846
1.2306920368594767
1.229206537495699
1.229206537495699
1.2102273364705063
1.2102273364705063
1.2102273364705063
1.2102273364705063
1.2102273364705063
1.2102273364705063
1.2102273364705063
1.2102273364705063
1.2102273364705063
1.2102273364705063
1.2102273364705063
1.2102273364705063
1.2102273364705063
1.2102273364705063
1.2102273364705063
1.2074917095931426
1.2074917095931426
1.2053586909861735
1.2053586909861735
1.2053586909861735
1.2053586909861735
1.2051037575732693
1.204566429986798
1.1895984266365538
1.1895984266365538
1.1869162921623762
1.1787795572637627
1.127784610841843
1.127784610841843
1.127784610841843
1.127784610841843
1.127784610841843
1.127784610841843
1.127784610841843
1.090951179660884
1.090951179660884
1.090951179660884
1.0757069232614356
1.0685915911455517
1.0685915911455517
1.0685915911455517
1.0685915911455517
1.0607754311851814
1.0579078278275311
1.0579078278275311
1.0579078278275311
1.0528014749091028
1.0475684072145128
1.0368587507366804
1.0368587507366804
1.0368587507366804
1.0368587507366804
1.0368587507366804
1.0368587507366804
1.0368587507366804
1.0368587507366804
1.0368587507366804
1.0368587507366804
1.0368587507366804
1.0368587507366804
1.0368587507366804
1.0368587507366804
1.0368587507366804
1.0368587507366804
1.0368587507366804
1.0368587507366804
1.0368587507366804
1.0368587507366804
1.0368587507366804
1.0368587507366804
1.0368587507366804
1.0368587507366804
1.0368587507366804
1.0368587507366804
1.0368587507366804
1.0368587507366804
1.0368587507366804
1.0368587507366804
1.0333297536567905
1.0333297536567905
1.0333297536567905
1.0333297536567905
1.0333297536567905
1.0333297536567905
1.0333297536567905
1.0333297536567905
1.0333297536567905
1.0333297536567905
1.0333297536567905
1.0333297536567905
1.0333297536567905
1.0333297536567905
1.0333297536567905
1.0333297536567905
1.0333297536567905
1.0307349690855787
1.0307349690855787
1.0307349690855787
1.0307349690855787
1.0307349690855787
1.0307349690855787
1.0307349690855787
1.0307349690855787
1.0307349690855787
1.0307349690855787
1.0307349690855787
1.0307349690855787
1.0307349690855787
1.0307349690855787
1.0307349690855787
1.0213810521625568
1.0213810521625568
1.0213810521625568
1.0213810521625568
1.0213810521625568
1.0205274340659507
1.0205274340659507
1.005945668331755
1.005945668331755
1.005945668331755
0.9928968731558818
0.9616362894157611
0.9616362894157611
0.9616362894157611
0.9456972241403108
0.9346141404322843
0.901405228545638
0.901405228545638
0.901405228545638
0.8998557041472779
0.8998557041472779
0.8980498548179092
0.8980498548179092
0.8914128191271935
0.8816751586978882
0.8816751586978882
0.8816751586978882
0.8816751586978882
0.8062577295160835
0.8062577295160835
0.8062577295160835
0.8062577295160835
0.8062577295160835
0.8055757277864544
0.8048618110687045
0.7981310254999912
0.7981310254999912
0.794892503931429
0.7534929891351538
0.7534929891351538
0.7534929891351538
0.7534929891351538
0.7392284114552652
0.7392284114552652
0.7392284114552652
0.7331940975361455
0.7331940975361455
0.7331940975361455
0.7309650106009506
0.7309650106009506
0.7309650106009506
0.7309650106009506
0.7309650106009506
0.7286988005715287
0.7286988005715287
0.7284015128242736
0.7284015128242736
0.7284015128242736
0.7275834044917602
0.7265715907671257
0.658078645963144
0.658078645963144
0.658078645963144
0.658078645963144
0.658078645963144
0.6572719452319404
0.6572719452319404
0.6572719452319404
0.6572719452319404
0.6572719452319404
0.6572719452319404
0.6553255564731195
0.6553255564731195
0.6553255564731195
0.6553255564731195
0.6553255564731195
0.6553255564731195
0.653671786489074
0.653671786489074
0.653671786489074
0.653671786489074
0.6531923306814242
0.6531923306814242
0.6531923306814242
0.6531923306814242
0.6531923306814242
0.6454213186422919
0.6454213186422919
0.6454213186422919
0.6454213186422919
0.6454213186422919
0.6454213186422919
0.6408666904236746
0.6366552203997529
0.6303142202910159
0.6262365311288107
0.6242188164969669
0.6131336628247546
0.6131336628247546
0.6131336628247546
0.6131336628247546
0.6131336628247546
0.6050839503939507
0.6050839503939507
0.6050839503939507
0.6050839503939507
0.6050839503939507
0.6050839503939507
0.6050839503939507
0.6050839503939507
0.6050839503939507
0.6050839503939507
0.6050839503939507
0.6050839503939507
0.6050839503939507
0.6050839503939507
0.6050839503939507
0.6050839503939507
0.6050839503939507
0.6050839503939507
0.6050839503939507
0.6050839503939507
0.6050839503939507
0.6002963915122308
0.6002963915122308
0.6002963915122308
0.6002963915122308
0.6002963915122308
0.6002963915122308
0.6002963915122308
0.6002963915122308
0.600192839878158
0.5910096938094895
0.5852714330913678
0.5802825665451401
0.5765917918960106
0.5765917918960106
0.574009735570872
0.5719719589760786
0.5719719589760786
0.5719719589760786
0.5719719589760786
0.5719719589760786
0.5719719589760786
0.5719719589760786
0.5719719589760786
0.5719719589760786
0.5719719589760786
0.5601520180483739
0.5576803675871354
0.5576803675871354
0.5576803675871354
0.5472725277928738
0.5464598606120141
0.5464598606120141
0.5423215427753476
0.5423215427753476
0.5393453436138884
0.5393453436138884
0.5393453436138884
0.5393453436138884
0.5393453436138884
0.5393453436138884
0.5333191559512223
0.5333191559512223
0.5333191559512223
0.5333191559512223
0.5333191559512223
0.5333191559512223
0.5333191559512223
0.5333191559512223
0.5333191559512223
0.5333191559512223
0.5333191559512223
0.5333191559512223
0.5333191559512223
0.5330884386857413
0.5330884386857413
0.5330884386857413
0.5330884386857413
0.5330884386857413
0.5330884386857413
0.5330884386857413
0.5318775236319837
0.5318775236319837
0.5318775236319837
0.5318775236319837
0.5318775236319837
0.5311521113985371
0.5311521113985371
0.5311521113985371
0.4282221844611982
0.4282221844611982
0.4236650138293321
0.4236650138293321
0.4236650138293321
0.4236650138293321
0.4236650138293321
0.4236650138293321
0.4236650138293321
0.4236650138293321
0.42021775281898854
0.42021775281898854
0.42021775281898854
0.42021775281898854
0.42021775281898854
0.42021775281898854
0.42021775281898854
0.42021775281898854
0.42021775281898854
0.42021775281898854
0.4201444759245234
0.4201444759245234
0.4201444759245234
0.4201444759245234
0.4201444759245234
0.4201444759245234
0.4201444759245234
0.4201444759245234
0.4201444759245234
0.4201444759245234
0.4201444759245234
0.4150182473219495
0.4150182473219495
0.4140207803950595
0.4140207803950595
0.4140207803950595
0.4140207803950595
0.4140207803950595
0.4140207803950595
0.4140207803950595
0.4140207803950595
0.4140207803950595
0.4140207803950595
0.4140207803950595
0.4140207803950595
0.4140207803950595
0.4140207803950595
0.4140207803950595
0.4140207803950595
0.4140207803950595
0.4140207803950595
0.4140207803950595
0.4140207803950595
0.4140207803950595
0.4140207803950595
0.3986294412539664
0.3986294412539664
0.3986294412539664
0.3986294412539664
0.3986294412539664
0.3986294412539664
0.3986294412539664
0.3986294412539664
0.3986294412539664
0.3986294412539664
0.3986294412539664
0.3979639396375134
0.3979639396375134
0.3979639396375134
0.3979639396375134
0.3979639396375134
0.3979639396375134
0.3979639396375134
0.3979639396375134
0.3979639396375134
0.3979639396375134
0.3979639396375134
0.3979639396375134
0.39700006882605976
0.39700006882605976
0.39700006882605976
0.39700006882605976
0.39700006882605976
0.39700006882605976
0.39700006882605976
0.39700006882605976
0.39700006882605976
0.39700006882605976
0.39700006882605976
0.39700006882605976
0.39700006882605976
0.39700006882605976
0.39700006882605976
0.39700006882605976
0.39700006882605976
0.39700006882605976
0.39700006882605976
0.39700006882605976
0.39700006882605976
0.39700006882605976
0.39700006882605976
0.39700006882605976
0.39700006882605976
0.39700006882605976
0.39700006882605976
0.39700006882605976
0.39700006882605976
0.39700006882605976
0.39700006882605976
0.39700006882605976
0.39700006882605976
0.39700006882605976
0.39700006882605976
0.39700006882605976
0.39700006882605976
0.39700006882605976
0.39700006882605976
0.39700006882605976
0.39700006882605976
0.39700006882605976
0.39700006882605976
0.39700006882605976
0.39700006882605976
0.39700006882605976
0.39700006882605976
0.39700006882605976
0.39700006882605976
0.39700006882605976
0.39700006882605976
0.39700006882605976
0.39700006882605976
0.39700006882605976
0.39700006882605976
0.3743284825700677
0.37312208717673556
0.360701838523255
0.360701838523255
0.360701838523255
0.3596349021423677
0.35919150886203965
0.35919150886203965
0.35919150886203965
0.35919150886203965
0.3589913307961581
0.35425570656096284
0.35425570656096284
0.35425570656096284
0.35425570656096284
0.35425570656096284
0.35425570656096284
0.35414271988217294
0.35414271988217294
0.35414271988217294
0.35414271988217294
0.35414271988217294
0.35196301022414644
0.35196301022414644
0.35196301022414644
0.35196301022414644
0.35196301022414644
0.35196301022414644
0.35196301022414644
0.35196301022414644
0.35196301022414644
0.35196301022414644
0.35196301022414644
0.35196301022414644
0.35196301022414644
0.35196301022414644
0.35196301022414644
0.35196301022414644
0.35196301022414644
0.35196301022414644
0.35196301022414644
0.35196301022414644
0.35196301022414644
0.35196301022414644
0.35196301022414644
0.35196301022414644
0.35196301022414644
0.35196301022414644
0.35196301022414644
0.35196301022414644
0.35196301022414644
0.35196301022414644
0.35196301022414644
0.35196301022414644
0.35196301022414644
0.35196301022414644
0.35196301022414644
0.3468872166335153
0.3468872166335153
0.3468872166335153
0.3468872166335153
0.3468872166335153
0.3468872166335153
0.3468872166335153
0.3468872166335153
0.3468872166335153
0.3468872166335153
0.3468872166335153
0.3468872166335153
0.3468872166335153
0.3468872166335153
0.3468872166335153
0.3468872166335153
0.3468872166335153
0.3468872166335153
0.3468872166335153
0.3468872166335153
0.3468872166335153
0.3457020845427117
0.3457020845427117
0.3428922641500165
0.3428922641500165
0.3428922641500165
0.33845519466754226
0.3316138601720553
0.33114069120333056
0.3309989104054587
0.3309989104054587
0.3309989104054587
0.3309989104054587
0.3181659644793484
0.3181659644793484
0.3181659644793484
0.3181659644793484
0.3181659644793484
0.3181659644793484
0.31179056064621946
0.31179056064621946
0.3104230252133533
0.3104230252133533
0.3104230252133533
0.3104230252133533
0.3104230252133533
0.3104230252133533
0.3104230252133533
0.3104230252133533
0.3104230252133533
0.3104230252133533
0.3104230252133533
0.3104230252133533
0.3104230252133533
0.3104230252133533
0.3104230252133533
0.3104230252133533
0.3104230252133533
0.3104230252133533
0.3104230252133533
0.3104230252133533
0.3104230252133533
0.3104230252133533
0.3058109406612246
0.3058109406612246
0.3058109406612246
0.3058109406612246
0.3058109406612246
0.3058109406612246
0.3058109406612246
0.3058109406612246
0.29894833871944115
0.29894833871944115
0.29894833871944115
0.29894833871944115
0.29894833871944115
0.29894833871944115
0.2981576572847793
0.2981576572847793
0.2981576572847793
0.2981576572847793
0.2981576572847793
0.2981576572847793
0.2981576572847793
0.2981576572847793
0.2955624045273808
0.2955624045273808
0.2955624045273808
0.2955624045273808
0.2955624045273808
0.2955624045273808
0.2955624045273808
0.2955624045273808
0.2955624045273808
0.2955624045273808
0.2955624045273808
0.2955624045273808
0.2955624045273808
0.2955624045273808
0.2900468421813045
0.2900468421813045
0.2900468421813045
0.2900468421813045
0.2900468421813045
0.2900468421813045
0.2900468421813045
0.2900468421813045
0.2900468421813045
0.2900468421813045
0.2900468421813045
0.2900468421813045
