0.0335538387298584
0.020707368850708008
0.025173187255859375
0.015329837799072266
0.015045166015625
0.015073776245117188
0.014990806579589844
0.015507221221923828
0.01514577865600586
0.015270233154296875
0.015280723571777344
0.01532125473022461
0.015141010284423828
0.015024423599243164
0.015051841735839844
0.015026330947875977
0.01504373550415039
0.014977693557739258
0.014983415603637695
0.015045404434204102
0.015063285827636719
0.015036344528198242
0.015030860900878906
0.015083551406860352
0.015140056610107422
0.01513671875
0.015055656433105469
0.015051603317260742
0.015118598937988281
0.01518106460571289
0.0150146484375
0.0150604248046875
0.014938831329345703
0.01514434814453125
0.015157699584960938
0.01513528823852539
0.014906883239746094
0.015116214752197266
0.015194892883300781
0.015087127685546875
0.015010595321655273
0.015252113342285156
0.015061616897583008
0.015222549438476562
0.01501917839050293
0.015186786651611328
0.015090227127075195
0.015137434005737305
0.015104055404663086
0.015169382095336914
0.015184640884399414
0.015278100967407227
0.015024423599243164
0.015027999877929688
0.015218496322631836
0.015087366104125977
0.015023469924926758
0.015100955963134766
0.015019416809082031
0.015062808990478516
0.015556573867797852
0.015227556228637695
0.015073537826538086
0.015060186386108398
0.015141963958740234
0.015169858932495117
0.015121698379516602
0.015047550201416016
0.015099048614501953
0.015062570571899414
0.014997720718383789
0.015057563781738281
0.015245676040649414
0.015110254287719727
0.015026569366455078
0.015071630477905273
0.015169143676757812
0.01517629623413086
0.015054702758789062
0.014988899230957031
0.015006542205810547
0.015093564987182617
0.015115737915039062
0.01507425308227539
0.015036821365356445
0.015001773834228516
0.01508474349975586
0.01504373550415039
0.015074491500854492
0.01522970199584961
0.015228509902954102
0.015137434005737305
0.01491403579711914
0.015159368515014648
0.015079736709594727
0.01518106460571289
0.015225887298583984
0.015083789825439453
0.015141010284423828
0.015073060989379883
0.015227317810058594
0.015071868896484375
0.015027761459350586
0.015197515487670898
0.015044212341308594
0.015065908432006836
0.01510310173034668
0.015105724334716797
0.015048742294311523
0.015083789825439453
0.015086174011230469
0.01504659652709961
0.01504373550415039
0.015174150466918945
0.015032529830932617
0.015036582946777344
0.014982938766479492
0.014942169189453125
0.015059947967529297
0.015001773834228516
0.014998674392700195
0.015007734298706055
0.014959573745727539
0.014919042587280273
0.014965057373046875
0.014960765838623047
0.015070915222167969
0.01490163803100586
0.015059947967529297
0.015114784240722656
0.014937639236450195
0.01504826545715332
0.014984846115112305
0.015058040618896484
0.014973163604736328
0.014931201934814453
0.015174150466918945
0.01481771469116211
0.014928579330444336
0.014971494674682617
0.015006780624389648
0.015172958374023438
0.014839649200439453
0.01499629020690918
0.01500844955444336
0.014985799789428711
0.014899253845214844
0.01495981216430664
0.014974594116210938
0.01510167121887207
0.01499176025390625
0.014945745468139648
0.015019416809082031
0.015012741088867188
0.015059471130371094
0.014946699142456055
0.015097618103027344
0.01511240005493164
0.015073060989379883
0.015126943588256836
0.015067338943481445
0.014997720718383789
0.015023231506347656
0.015016794204711914
0.01483297348022461
0.014955520629882812
0.015186548233032227
0.01509237289428711
0.014941692352294922
0.014996051788330078
0.015090703964233398
0.015043020248413086
0.015529394149780273
0.015064001083374023
0.015046119689941406
0.015170574188232422
0.015157938003540039
0.015192270278930664
0.015115976333618164
0.015181541442871094
0.014943361282348633
0.015193700790405273
0.015094518661499023
0.015186309814453125
0.015070915222167969
0.015108346939086914
0.015025615692138672
0.015056371688842773
0.015102148056030273
0.015093088150024414
0.014871835708618164
0.01487874984741211
0.014979839324951172
0.014876365661621094
0.014948844909667969
0.014992713928222656
0.015056133270263672
0.014977455139160156
0.015057802200317383
0.015018463134765625
0.014993906021118164
0.015073060989379883
0.014979362487792969
0.015126943588256836
0.015366315841674805
0.015197992324829102
0.01519918441772461
0.015081644058227539
0.015076398849487305
0.015810251235961914
0.015136480331420898
0.01521921157836914
0.015186786651611328
0.015047550201416016
0.01511693000793457
0.015259504318237305
0.01516103744506836
0.015301227569580078
0.015270709991455078
0.014921903610229492
0.01496124267578125
0.014904975891113281
0.015012025833129883
0.015039682388305664
0.01488351821899414
0.01491093635559082
0.014902114868164062
0.014937400817871094
0.014971494674682617
0.015026569366455078
0.015106916427612305
0.015070199966430664
0.015085220336914062
0.015221118927001953
0.015040874481201172
0.015041828155517578
0.014887809753417969
0.01489710807800293
0.014898538589477539
0.014912843704223633
0.014895915985107422
0.014799833297729492
0.01482248306274414
0.015002250671386719
0.014994621276855469
0.02256298065185547
0.030938148498535156
0.03091573715209961
0.03089761734008789
0.030904531478881836
0.030615568161010742
0.015006542205810547
0.014909982681274414
0.014856576919555664
0.015046834945678711
0.015041589736938477
0.015100955963134766
0.015058755874633789
0.015166759490966797
0.014983177185058594
0.015346527099609375
0.015219688415527344
0.01517176628112793
0.015203714370727539
0.015030145645141602
0.015026569366455078
0.015114545822143555
0.015012264251708984
0.015001296997070312
0.015668869018554688
0.015136003494262695
0.015180110931396484
0.015097618103027344
0.014995098114013672
0.01495051383972168
0.014883279800415039
0.014832735061645508
0.014860391616821289
0.014936447143554688
0.01504063606262207
0.014947891235351562
0.014820098876953125
0.015096426010131836
0.015039682388305664
0.014954566955566406
0.014959573745727539
0.015058279037475586
0.015008211135864258
0.015058517456054688
0.015466928482055664
0.015200614929199219
0.015007734298706055
0.014933347702026367
0.015054941177368164
0.015006065368652344
0.01505136489868164
0.015418529510498047
0.015017509460449219
0.01507878303527832
0.014995098114013672
0.015095233917236328
0.015000104904174805
0.015466690063476562
0.015131235122680664
0.015035390853881836
0.01513051986694336
0.015080451965332031
0.015035390853881836
0.01504659652709961
0.015039443969726562
0.01506352424621582
0.014980792999267578
0.015016555786132812
0.015083074569702148
0.015230655670166016
0.015121221542358398
0.015181779861450195
0.015059709548950195
0.01510000228881836
0.014888286590576172
0.015005826950073242
0.014992713928222656
0.015036344528198242
0.015032529830932617
0.015059471130371094
0.015047788619995117
0.015048980712890625
0.015100240707397461
0.015300750732421875
0.015968799591064453
0.015022516250610352
0.014930486679077148
0.015075922012329102
0.015169143676757812
0.015022516250610352
0.014986038208007812
0.014990091323852539
0.015053749084472656
0.015005826950073242
0.014940023422241211
0.015114068984985352
0.015066385269165039
0.01504206657409668
0.015009164810180664
0.015108346939086914
0.01507568359375
0.01500844955444336
0.014974594116210938
0.015036344528198242
0.014963865280151367
0.014986753463745117
0.014927387237548828
0.015001058578491211
0.015047550201416016
0.015192747116088867
0.015167713165283203
0.014951229095458984
0.015114307403564453
0.01530599594116211
0.015113115310668945
0.01495504379272461
0.015612602233886719
0.014867782592773438
0.014787912368774414
0.01504659652709961
0.015111446380615234
0.014970064163208008
0.01513528823852539
0.014979362487792969
0.015418052673339844
0.015035152435302734
0.015138387680053711
0.015186071395874023
0.014997243881225586
0.014995098114013672
0.014873504638671875
0.014785051345825195
0.014936685562133789
0.014791250228881836
0.014803171157836914
0.014792442321777344
0.014833927154541016
0.014920473098754883
0.014824867248535156
0.01481008529663086
0.014861583709716797
0.014900922775268555
0.014835596084594727
0.014943599700927734
0.015110015869140625
0.015076875686645508
0.014963865280151367
0.015062093734741211
0.01514744758605957
0.015120744705200195
0.014989137649536133
0.015012979507446289
0.014959096908569336
0.015069723129272461
0.014959335327148438
0.014999151229858398
0.015051126480102539
0.015012264251708984
0.015074491500854492
0.015155553817749023
0.015056133270263672
0.015109777450561523
0.01504373550415039
0.015164613723754883
0.015060186386108398
0.015233516693115234
0.015070915222167969
0.01511240005493164
0.01505732536315918
0.015020370483398438
0.015052080154418945
0.015113353729248047
0.015116691589355469
0.0150909423828125
0.01510477066040039
0.014987945556640625
0.015108585357666016
0.015073299407958984
0.015073060989379883
0.015135049819946289
0.01505422592163086
0.015184402465820312
0.014986515045166016
0.014921903610229492
0.014894247055053711
0.015130758285522461
0.015100717544555664
0.015030622482299805
0.01508188247680664
0.015161514282226562
0.015001773834228516
0.01502370834350586
0.015012264251708984
0.015112161636352539
0.015074014663696289
0.015070438385009766
0.015078544616699219
0.015184164047241211
0.015056133270263672
0.015136241912841797
0.015084981918334961
0.015105962753295898
0.015301227569580078
0.014896154403686523
0.014909982681274414
0.014876127243041992
0.014906644821166992
0.014896154403686523
0.014855623245239258
0.014793872833251953
0.015015125274658203
0.014965534210205078
0.015305280685424805
0.014933347702026367
0.014918088912963867
0.015091657638549805
0.014912843704223633
0.015240669250488281
0.014960289001464844
0.014811277389526367
0.014995574951171875
0.015020608901977539
0.01491689682006836
0.014829635620117188
0.014810800552368164
0.014863729476928711
0.014946222305297852
0.014889955520629883
0.014880657196044922
0.014866113662719727
0.014824390411376953
0.01500844955444336
0.014856576919555664
0.01481771469116211
0.014818429946899414
0.01489567756652832
0.014908790588378906
0.01487421989440918
0.014854192733764648
0.014896631240844727
0.014878273010253906
0.014886617660522461
0.014804601669311523
0.014905452728271484
0.014910697937011719
0.014852046966552734
0.014829874038696289
0.01488494873046875
0.014927864074707031
0.01483464241027832
0.014850139617919922
0.014838457107543945
0.014853477478027344
0.014779806137084961
0.01482701301574707
0.0148468017578125
0.014809608459472656
0.014816045761108398
0.014831781387329102
0.014933109283447266
0.014815092086791992
0.014854192733764648
0.014772176742553711
0.01517486572265625
0.014977455139160156
0.014997482299804688
0.014997005462646484
0.015007972717285156
0.015112876892089844
0.01591348648071289
0.01509857177734375
0.01505899429321289
0.015115737915039062
0.015109777450561523
0.01502680778503418
0.015069246292114258
0.015133142471313477
0.015021562576293945
0.015084028244018555
0.015072822570800781
0.015058040618896484
0.01493692398071289
0.015158653259277344
0.015003204345703125
0.014995336532592773
0.014978647232055664
0.015043973922729492
0.014988899230957031
0.015143156051635742
0.015152215957641602
0.014977216720581055
0.015088081359863281
0.014995336532592773
0.015091419219970703
0.01502680778503418
0.015042304992675781
0.015010833740234375
0.015062808990478516
0.014973640441894531
0.0150146484375
0.014987945556640625
0.015068531036376953
0.015095710754394531
0.015018939971923828
0.015115499496459961
0.015030622482299805
0.015193700790405273
0.015030860900878906
0.01500701904296875
0.015022993087768555
0.015002727508544922
0.015062808990478516
0.014847755432128906
0.014740228652954102
0.01505279541015625
0.015140533447265625
0.014942407608032227
0.015089988708496094
0.014847517013549805
0.014987707138061523
0.014886856079101562
0.014883041381835938
0.015027761459350586
0.015092611312866211
0.015685081481933594
0.014995813369750977
0.015108108520507812
0.015124320983886719
0.014976024627685547
0.015049934387207031
0.015036582946777344
0.01500391960144043
0.01493072509765625
0.014986276626586914
0.015045881271362305
0.015369176864624023
0.015365362167358398
0.015287399291992188
0.015321731567382812
0.015080928802490234
0.015139579772949219
0.014845848083496094
0.014830350875854492
0.01496267318725586
0.01500248908996582
0.014922380447387695
0.014796733856201172
0.014870882034301758
0.014786005020141602
0.014824151992797852
0.01479482650756836
0.01477360725402832
0.014804363250732422
0.014852046966552734
0.014795303344726562
0.014849424362182617
0.014842033386230469
0.014943122863769531
0.01478886604309082
0.014830589294433594
0.014847993850708008
0.014914274215698242
0.01478886604309082
0.01479339599609375
0.01478886604309082
0.014811992645263672
0.014853715896606445
0.014809370040893555
0.014896869659423828
0.014813899993896484
0.014783382415771484
0.014792680740356445
0.01478433609008789
0.01486515998840332
0.01477670669555664
0.01496744155883789
0.014916181564331055
0.014969348907470703
0.01495814323425293
0.015126228332519531
0.015218734741210938
0.015172243118286133
0.015200138092041016
0.015932798385620117
0.015102386474609375
0.014954566955566406
0.015093803405761719
0.015345335006713867
0.014960527420043945
0.015028238296508789
0.015086174011230469
0.014992475509643555
0.015147924423217773
0.015472173690795898
0.015432119369506836
0.015133142471313477
0.015031814575195312
0.01504969596862793
0.01496267318725586
0.014931917190551758
0.015413761138916016
0.015477418899536133
0.015366554260253906
0.015356063842773438
0.015420675277709961
0.015435218811035156
0.015383481979370117
0.015366792678833008
0.014849662780761719
0.014826059341430664
0.015028238296508789
0.015001296997070312
0.014964580535888672
0.014917373657226562
0.014901876449584961
0.014921188354492188
0.014922142028808594
0.014821290969848633
0.014816522598266602
0.014873504638671875
0.01482844352722168
0.014866352081298828
0.014833927154541016
0.014813661575317383
0.014843463897705078
0.014779329299926758
0.014716148376464844
0.014791488647460938
0.014798402786254883
0.014867067337036133
0.014797687530517578
0.014887809753417969
0.014810562133789062
0.014848470687866211
0.014791250228881836
0.01484370231628418
0.014832019805908203
0.014845609664916992
0.01498103141784668
0.014949321746826172
0.014940977096557617
0.014913082122802734
0.014960050582885742
0.01489710807800293
0.014889717102050781
0.015004634857177734
0.015019416809082031
0.014877557754516602
0.014824628829956055
0.014863014221191406
0.014946460723876953
0.01486825942993164
0.014835119247436523
0.014853239059448242
0.015135049819946289
0.014999151229858398
0.014996528625488281
0.015405893325805664
0.015085458755493164
0.015041112899780273
0.01512289047241211
0.014948368072509766
0.014976739883422852
0.014908075332641602
0.014963865280151367
0.015018939971923828
0.014969587326049805
0.014945745468139648
0.015001296997070312
0.014885663986206055
0.015436887741088867
0.015098094940185547
0.015380144119262695
0.015396356582641602
0.015377283096313477
0.015480518341064453
0.015307426452636719
0.01508641242980957
0.014984607696533203
0.014972686767578125
0.0149993896484375
0.015030860900878906
0.015001773834228516
0.014986515045166016
0.015122175216674805
0.015179872512817383
0.014997005462646484
0.015020608901977539
0.01483011245727539
0.014786958694458008
0.014804363250732422
0.01484823226928711
0.014792442321777344
0.01482534408569336
0.014878034591674805
0.014887571334838867
0.014894247055053711
0.014895200729370117
0.014822959899902344
0.014868736267089844
0.014853954315185547
0.014844179153442383
0.014870882034301758
0.014752626419067383
0.014812231063842773
0.01478433609008789
0.014701128005981445
0.014762639999389648
0.014950037002563477
0.01499485969543457
0.015001296997070312
0.01486063003540039
0.015232086181640625
0.015038013458251953
0.014982938766479492
0.014993906021118164
0.01501154899597168
0.014995336532592773
0.014899730682373047
0.014971494674682617
0.014983177185058594
0.01495814323425293
0.014848470687866211
0.014816761016845703
0.014855384826660156
0.014768838882446289
0.014794111251831055
0.014817953109741211
0.014784574508666992
0.014926671981811523
0.01498270034790039
0.014937400817871094
0.014859914779663086
0.014920234680175781
0.014846324920654297
0.014935493469238281
0.014780044555664062
0.014759063720703125
0.014771223068237305
0.014810800552368164
0.014940738677978516
0.015020132064819336
0.014969587326049805
0.01502084732055664
0.01494908332824707
0.014957666397094727
0.014912605285644531
0.015158653259277344
0.014811277389526367
0.014814615249633789
0.01483154296875
0.014890670776367188
0.014966964721679688
0.014989852905273438
0.015142679214477539
0.015002012252807617
0.015094280242919922
0.015001296997070312
0.015005350112915039
0.014927387237548828
0.014978408813476562
0.014964103698730469
0.014950275421142578
0.015093564987182617
0.015331029891967773
0.014830589294433594
0.014878511428833008
0.014968633651733398
0.015166521072387695
0.014984846115112305
0.01508021354675293
0.015352010726928711
0.01497197151184082
0.014839649200439453
0.014987945556640625
0.014874458312988281
0.014866352081298828
0.014827728271484375
0.014812946319580078
0.014781713485717773
0.014766216278076172
0.014825820922851562
0.01481008529663086
0.015009403228759766
0.01524043083190918
0.015001058578491211
0.01487588882446289
0.015034675598144531
0.015046834945678711
0.015185832977294922
0.015048027038574219
0.01503896713256836
0.015000104904174805
0.014866352081298828
0.014847755432128906
0.01482844352722168
0.014812707901000977
0.014801502227783203
0.014821290969848633
0.014894723892211914
0.014833927154541016
0.014795541763305664
0.014812469482421875
0.014892816543579102
0.014815568923950195
0.01477360725402832
0.01507568359375
0.014981985092163086
0.014949798583984375
0.015008211135864258
0.01498723030090332
0.015000343322753906
0.014915704727172852
0.015065908432006836
0.015001058578491211
0.015107393264770508
0.014789819717407227
0.014854907989501953
0.014883756637573242
0.014845848083496094
0.014851808547973633
0.014847278594970703
0.014847278594970703
0.014792680740356445
0.014754295349121094
0.014951705932617188
0.015010356903076172
0.014999866485595703
0.015005826950073242
0.01495504379272461
0.015120983123779297
0.015428543090820312
0.015030860900878906
0.01497197151184082
0.014864206314086914
0.014789104461669922
0.01481485366821289
0.014816999435424805
0.01476740837097168
0.014818429946899414
0.014818429946899414
0.014789104461669922
0.014818668365478516
0.014816761016845703
0.014874935150146484
0.01479339599609375
0.01481318473815918
0.014806032180786133
0.014831066131591797
0.01478123664855957
0.014747381210327148
0.014794588088989258
0.01479339599609375
0.014815568923950195
0.014788150787353516
0.014829874038696289
0.01483464241027832
0.014839887619018555
0.014795064926147461
0.014870405197143555
0.014789819717407227
0.014961481094360352
0.014875650405883789
0.014904022216796875
0.015039920806884766
0.014863729476928711
0.014821767807006836
0.014824151992797852
0.015213727951049805
0.015068531036376953
0.014993429183959961
0.014966487884521484
0.015032052993774414
0.014777421951293945
0.014773130416870117
0.014831781387329102
0.015252113342285156
0.015022516250610352
0.014925718307495117
0.014826536178588867
0.014795303344726562
0.014833211898803711
0.014757394790649414
0.014796018600463867
0.014871835708618164
0.01474142074584961
0.014773845672607422
0.014729738235473633
0.014792680740356445
0.014814376831054688
0.015067815780639648
0.014966011047363281
0.015112161636352539
0.01484227180480957
0.014918088912963867
0.014895439147949219
0.015059471130371094
0.01524972915649414
0.015043497085571289
0.015079975128173828
0.01503443717956543
0.015439748764038086
0.014992475509643555
0.015350103378295898
0.015060663223266602
0.014947175979614258
0.015093088150024414
0.014930009841918945
0.014994621276855469
0.01515650749206543
0.015011072158813477
0.014984130859375
0.01534128189086914
0.015049934387207031
0.014988422393798828
0.014895200729370117
0.015050649642944336
0.014902353286743164
0.014804363250732422
0.01484990119934082
0.014927864074707031
0.014783859252929688
0.014799118041992188
0.01486659049987793
0.014810800552368164
0.014796972274780273
0.01479792594909668
0.014819622039794922
0.014751672744750977
0.014764070510864258
0.01479196548461914
0.014739274978637695
0.014803886413574219
0.014829635620117188
0.014824628829956055
0.014871597290039062
0.014873504638671875
0.014786243438720703
0.014791250228881836
0.015031099319458008
0.014919519424438477
0.01492619514465332
0.014966249465942383
0.01569676399230957
0.014975547790527344
0.015005111694335938
0.015187978744506836
0.0150909423828125
0.015030384063720703
0.015022993087768555
0.01512598991394043
0.01498866081237793
0.014953374862670898
0.015013933181762695
0.0148773193359375
