18.412524974702468
18.412524974702468
18.412524974702468
18.412524974702468
18.412524974702468
18.371672307367803
18.371672307367803
18.371672307367803
18.04533801467333
18.04533801467333
18.04533801467333
18.04533801467333
18.04533801467333
18.04533801467333
18.04533801467333
18.04533801467333
18.04533801467333
17.25078526157941
17.25078526157941
17.25078526157941
17.25078526157941
17.25078526157941
17.25078526157941
17.20801275664599
17.20801275664599
17.20801275664599
17.20801275664599
17.20801275664599
17.20801275664599
17.20801275664599
17.20801275664599
17.20801275664599
17.20801275664599
17.20801275664599
16.925887642578836
16.925887642578836
16.925887642578836
16.92473703535152
16.92473703535152
16.800976436137006
16.800976436137006
16.800976436137006
16.800976436137006
15.725247762764425
15.725247762764425
15.725247762764425
15.725247762764425
15.725247762764425
15.725247762764425
15.725247762764425
15.725247762764425
15.725247762764425
15.725247762764425
15.725247762764425
15.725247762764425
15.725247762764425
15.725247762764425
15.725247762764425
15.675186822680532
15.675186822680532
15.59996574190483
15.59996574190483
15.59996574190483
15.59996574190483
15.59996574190483
15.59996574190483
15.59996574190483
15.59996574190483
15.587091613738497
15.539498649490582
15.08249317784389
14.704978893193113
14.704978893193113
14.704978893193113
14.704978893193113
14.704978893193113
14.345335908246966
14.345335908246966
14.345335908246966
14.345335908246966
14.345335908246966
14.345335908246966
14.345335908246966
14.345335908246966
14.345335908246966
14.345335908246966
14.345335908246966
13.869126999307143
13.869126999307143
13.869126999307143
13.469298869573349
13.469298869573349
13.469298869573349
13.469298869573349
13.18010470982802
13.18010470982802
12.780799023661736
12.780799023661736
12.780799023661736
12.780799023661736
12.780799023661736
12.780799023661736
12.780799023661736
12.780799023661736
12.780799023661736
12.780799023661736
12.53855430086221
12.53855430086221
12.53855430086221
12.53855430086221
12.53855430086221
12.53855430086221
12.53855430086221
12.424320836688006
12.424320836688006
12.424320836688006
12.424320836688006
12.424320836688006
12.424320836688006
12.424320836688006
12.424320836688006
12.424320836688006
12.424320836688006
12.424320836688006
12.184688392985706
12.184688392985706
12.184688392985706
12.184688392985706
11.559441064497337
11.559441064497337
11.559441064497337
11.224922210460996
11.224922210460996
11.224922210460996
11.224922210460996
11.203457048971652
10.812783918112615
10.812783918112615
9.755490000997188
9.755490000997188
9.755490000997188
9.755490000997188
9.755490000997188
9.755490000997188
9.755490000997188
9.755490000997188
9.755490000997188
9.60255728394845
9.60255728394845
9.60255728394845
9.46730154310157
9.46730154310157
9.27708825675322
9.27708825675322
9.27708825675322
9.27708825675322
9.27708825675322
9.27708825675322
9.142649229165976
9.142649229165976
9.05183443426875
9.05183443426875
9.05183443426875
9.05183443426875
9.05183443426875
9.05183443426875
9.05183443426875
8.459255289523002
8.459255289523002
8.459255289523002
8.459255289523002
8.459255289523002
8.459255289523002
8.459255289523002
8.459255289523002
8.459255289523002
8.459255289523002
8.459255289523002
7.844043505532667
7.844043505532667
7.844043505532667
7.844043505532667
7.844043505532667
7.844043505532667
7.844043505532667
7.844043505532667
7.844043505532667
7.844043505532667
7.844043505532667
7.844043505532667
7.661190568085514
7.661190568085514
7.661190568085514
7.661190568085514
7.661190568085514
7.661190568085514
7.44620422689302
7.44620422689302
7.44620422689302
7.402748010350821
7.402748010350821
7.402748010350821
7.359128618278186
7.359128618278186
7.359128618278186
7.359128618278186
7.117224284201301
7.117224284201301
7.117224284201301
7.117224284201301
7.117224284201301
6.308736563943302
6.308736563943302
6.308736563943302
6.308736563943302
6.308736563943302
6.308736563943302
6.308736563943302
6.308736563943302
6.308736563943302
6.308736563943302
6.308736563943302
6.308736563943302
6.308736563943302
6.308736563943302
6.308736563943302
6.308736563943302
6.308736563943302
6.308736563943302
6.308736563943302
6.308736563943302
6.308736563943302
6.308736563943302
6.308736563943302
6.308736563943302
6.308736563943302
6.308736563943302
6.308736563943302
6.308736563943302
6.308736563943302
6.308736563943302
6.308736563943302
6.308736563943302
6.308736563943302
6.308736563943302
6.308736563943302
6.094807237591301
6.094807237591301
6.094807237591301
6.094807237591301
6.017530568088874
6.017530568088874
6.017530568088874
6.017530568088874
6.017530568088874
6.017530568088874
6.017530568088874
6.017530568088874
6.017530568088874
6.017530568088874
6.017530568088874
6.017530568088874
6.017530568088874
6.017530568088874
6.017530568088874
5.976958509216841
5.976958509216841
5.976958509216841
5.976958509216841
5.754832102986189
5.754832102986189
5.754832102986189
5.754832102986189
5.7185090365013505
5.7185090365013505
5.7185090365013505
5.7185090365013505
5.7185090365013505
5.7185090365013505
5.7185090365013505
5.7185090365013505
5.364632047411085
5.364632047411085
5.364632047411085
5.364632047411085
5.364632047411085
5.24140765202154
5.24140765202154
4.7132933551529845
4.7132933551529845
4.7132933551529845
4.7132933551529845
4.7132933551529845
4.7132933551529845
4.7132933551529845
4.7132933551529845
4.7132933551529845
4.7132933551529845
4.7132933551529845
4.7132933551529845
4.7132933551529845
4.6102918262655415
4.599509759166402
4.599509759166402
4.599509759166402
4.599509759166402
4.57168883370483
4.57168883370483
4.47578228352808
4.47578228352808
4.47578228352808
4.47578228352808
4.47578228352808
4.391175852671537
4.391175852671537
4.391175852671537
4.391175852671537
4.391175852671537
4.391175852671537
4.391175852671537
4.391175852671537
4.391175852671537
4.391175852671537
4.391175852671537
4.391175852671537
4.391175852671537
4.391175852671537
4.391175852671537
4.391175852671537
4.391175852671537
4.391175852671537
4.391175852671537
4.391175852671537
4.375818914128427
4.375818914128427
4.311456567279173
4.311456567279173
4.311456567279173
4.311456567279173
4.004447254696302
4.004447254696302
4.004447254696302
4.004447254696302
3.98627996359275
3.98627996359275
3.98627996359275
3.98627996359275
3.98627996359275
3.98627996359275
3.798312209792332
3.798312209792332
3.798312209792332
3.6030079825697463
3.6030079825697463
3.6030079825697463
3.6030079825697463
3.6030079825697463
3.6030079825697463
3.6030079825697463
3.6030079825697463
3.6030079825697463
3.6030079825697463
3.6030079825697463
3.6030079825697463
3.6030079825697463
3.6030079825697463
3.6030079825697463
3.6030079825697463
3.5509148933565378
3.5509148933565378
3.5509148933565378
3.5509148933565378
3.5509148933565378
3.5509148933565378
3.5509148933565378
3.5509148933565378
3.5509148933565378
3.5509148933565378
3.536326761665059
3.536326761665059
3.536326761665059
3.536326761665059
3.536326761665059
3.536326761665059
3.536326761665059
3.536326761665059
3.5275622867123317
3.5275622867123317
3.5275622867123317
3.359332128847285
3.359332128847285
3.079778652700689
3.079778652700689
3.079778652700689
3.079778652700689
3.079778652700689
3.079778652700689
3.079778652700689
3.079778652700689
3.079778652700689
3.079778652700689
3.079778652700689
3.079778652700689
3.079778652700689
3.079778652700689
3.079778652700689
3.079778652700689
3.079778652700689
3.0465069309270625
2.978795603022803
2.978795603022803
2.978795603022803
2.978795603022803
2.978795603022803
2.978795603022803
2.978795603022803
2.978795603022803
2.978795603022803
2.978795603022803
2.972475292395842
2.972475292395842
2.972475292395842
2.972475292395842
2.972475292395842
2.972475292395842
2.972475292395842
2.910069494137449
2.910069494137449
2.8648697422876097
2.8648697422876097
2.8648697422876097
2.8648697422876097
2.8648697422876097
2.8348403594063285
2.8348403594063285
2.8348403594063285
2.8158747161823108
2.8158747161823108
2.8158747161823108
2.8158747161823108
2.8158747161823108
2.7175377367874454
2.7175377367874454
2.7175377367874454
2.7175377367874454
2.7175377367874454
2.7175377367874454
2.7175377367874454
2.7175377367874454
2.631904909729837
2.631904909729837
2.631904909729837
2.631904909729837
2.631904909729837
2.585540852093665
2.585540852093665
2.585540852093665
2.585540852093665
2.585540852093665
2.585540852093665
2.585540852093665
2.585540852093665
2.585540852093665
2.538475048553593
2.538475048553593
2.538475048553593
2.538475048553593
2.538475048553593
2.538475048553593
2.538475048553593
2.538475048553593
2.538475048553593
2.538475048553593
2.538475048553593
2.538475048553593
2.538475048553593
2.538475048553593
2.538475048553593
2.538475048553593
2.538475048553593
2.370745240208226
2.370745240208226
2.370745240208226
2.370745240208226
2.370745240208226
2.370745240208226
2.370745240208226
2.370745240208226
2.370745240208226
2.370745240208226
2.370745240208226
2.370745240208226
2.370745240208226
2.370745240208226
2.370745240208226
2.370745240208226
2.370745240208226
2.370745240208226
2.370745240208226
2.370745240208226
2.370745240208226
2.370745240208226
2.3695218293583764
2.3695218293583764
2.327279636775941
2.327279636775941
2.327279636775941
2.327279636775941
2.327279636775941
2.242690938756944
2.242690938756944
2.242690938756944
2.242690938756944
2.242690938756944
2.242690938756944
2.242690938756944
2.242690938756944
2.151795190495829
2.151795190495829
2.151795190495829
2.151795190495829
2.151795190495829
2.133885301090185
2.133885301090185
2.133885301090185
2.133885301090185
2.133885301090185
2.133885301090185
2.133885301090185
2.1053644157360374
2.1053644157360374
2.015632220351776
2.015632220351776
1.976373627364488
1.976373627364488
1.9342044034344816
1.9342044034344816
1.9342044034344816
1.9342044034344816
1.9342044034344816
1.9342044034344816
1.9342044034344816
1.9342044034344816
1.9342044034344816
1.9342044034344816
1.703124748440164
1.703124748440164
1.703124748440164
1.703124748440164
1.703124748440164
1.703124748440164
1.6617981668282837
1.6530779467755785
1.4789305539739708
1.4789305539739708
1.4673343868451205
1.4673343868451205
1.4673343868451205
1.4673343868451205
1.4673343868451205
1.284501739128153
1.284501739128153
1.284501739128153
1.284501739128153
1.284501739128153
1.284501739128153
1.284501739128153
1.284501739128153
1.284501739128153
1.284501739128153
1.284501739128153
1.284501739128153
1.284501739128153
1.284501739128153
1.284501739128153
1.284501739128153
1.284501739128153
1.284501739128153
1.284501739128153
1.284501739128153
1.284501739128153
1.284501739128153
1.284501739128153
1.284501739128153
1.284501739128153
1.284501739128153
1.284501739128153
1.284501739128153
1.284501739128153
1.284501739128153
1.284501739128153
1.2297635690043869
1.2297635690043869
1.2146009061954857
1.2146009061954857
1.2146009061954857
1.2146009061954857
1.0924613707080404
1.0924613707080404
1.020235529375185
1.020235529375185
1.020235529375185
1.020235529375185
1.020235529375185
1.020235529375185
1.020235529375185
1.020235529375185
1.020235529375185
1.020235529375185
1.020235529375185
1.020235529375185
1.020235529375185
1.020235529375185
1.020235529375185
0.8294687675448422
0.8294687675448422
0.8294687675448422
0.8294687675448422
0.8294687675448422
0.8294687675448422
0.8294687675448422
0.8294687675448422
0.8294687675448422
0.8294687675448422
0.8294687675448422
0.8294687675448422
0.8294687675448422
0.8294687675448422
0.8294687675448422
0.8294687675448422
0.8294687675448422
0.8294687675448422
0.8294687675448422
0.8294687675448422
0.8294687675448422
0.8294687675448422
0.8294687675448422
0.8294687675448422
0.8294687675448422
0.8294687675448422
0.8037421451164128
0.8037421451164128
0.7765038127577206
0.7765038127577206
0.7765038127577206
0.7765038127577206
0.7437804646785224
0.7437804646785224
0.7437804646785224
0.7281343110188274
0.7281343110188274
0.7281343110188274
0.7281343110188274
0.7281343110188274
0.7281343110188274
0.7281343110188274
0.7281343110188274
0.6684899856985247
0.6684899856985247
0.6617709190794159
0.6617709190794159
0.6617709190794159
0.6262525348375654
0.6262525348375654
0.6262525348375654
0.6262525348375654
0.5855191373248871
0.5855191373248871
0.5855191373248871
0.5050139683925359
0.5050139683925359
0.5050139683925359
0.5050139683925359
0.5050139683925359
0.5050139683925359
0.5050139683925359
0.5050139683925359
0.5050139683925359
0.5050139683925359
0.5050139683925359
0.5050139683925359
0.5050139683925359
0.5050139683925359
0.49308808732932263
0.49308808732932263
0.4920352143613229
0.4920352143613229
0.4920352143613229
0.4805956293115763
0.46786149547494205
0.46644718471040747
0.46644718471040747
0.4577963090938688
0.4329592912267124
0.40227323790986347
0.40227323790986347
0.40227323790986347
0.40227323790986347
0.40227323790986347
0.3809996361588581
0.3763113859465683
0.36489328317723846
0.36489328317723846
0.36489328317723846
0.36489328317723846
0.31997091713027004
0.31997091713027004
0.31997091713027004
0.31997091713027004
0.31997091713027004
0.31997091713027004
0.31997091713027004
0.31997091713027004
0.31997091713027004
0.3167867302669407
0.3167867302669407
0.3167867302669407
0.3167867302669407
0.3167867302669407
0.3167867302669407
0.3167867302669407
0.3167867302669407
0.3167867302669407
0.3167867302669407
0.3167867302669407
0.31160052100964464
0.31160052100964464
0.31160052100964464
0.31160052100964464
0.29493313850621306
0.29493313850621306
0.29493313850621306
0.29493313850621306
0.29493313850621306
0.28350474213698007
0.2603874045591432
0.2603874045591432
0.2603874045591432
0.2519690070104694
0.2519690070104694
0.2519690070104694
0.2519690070104694
0.2519690070104694
0.2519690070104694
0.2519690070104694
0.2519690070104694
0.2519690070104694
0.24883863541339934
0.22414937273661906
0.22414937273661906
0.22414937273661906
0.22414937273661906
0.22414937273661906
0.22414937273661906
0.213610001554553
0.213610001554553
0.213610001554553
0.213610001554553
0.213610001554553
0.213610001554553
0.21274226771837945
0.21274226771837945
0.1868425393089197
0.1868425393089197
0.1868425393089197
0.1868425393089197
0.1868425393089197
0.1868425393089197
0.1868425393089197
0.1868425393089197
0.1868425393089197
0.1868425393089197
0.1868425393089197
0.1868425393089197
0.1868425393089197
0.18609966355027652
0.18609966355027652
0.18609966355027652
0.1710182742887909
0.1710182742887909
0.1710182742887909
0.16945933306214656
0.16945933306214656
0.16945933306214656
0.16945933306214656
0.15302155282237706
0.15302155282237706
0.15302155282237706
0.15302155282237706
0.15302155282237706
0.15302155282237706
0.15302155282237706
0.152742212427885
0.152742212427885
0.15092405921104302
0.15092405921104302
0.12405754015946968
0.12405754015946968
0.12405754015946968
0.12405754015946968
0.12405754015946968
0.12405754015946968
0.12405754015946968
0.12405754015946968
0.12405754015946968
0.12405754015946968
0.12405754015946968
0.12024572221121232
0.12024572221121232
0.12024572221121232
0.12024572221121232
0.12024572221121232
0.12024572221121232
0.10912646539695459
0.10912646539695459
0.10912646539695459
0.10912646539695459
0.10484784861681717
0.10484784861681717
0.10484784861681717
0.10484784861681717
0.10484784861681717
0.10484784861681717
0.10484784861681717
0.10484784861681717
0.10308560472584816
0.10308560472584816
0.09400351698599252
0.09400351698599252
0.09400351698599252
0.09400351698599252
0.09400351698599252
0.09400351698599252
0.0937864042017793
0.0937864042017793
0.0937864042017793
0.09302366640656246
0.09302366640656246
0.09302366640656246
0.08305760248849836
0.08305760248849836
0.08305760248849836
0.08305760248849836
0.08305760248849836
0.08305760248849836
0.08305760248849836
0.08305760248849836
0.08305760248849836
0.08305760248849836
0.08305760248849836
0.08305760248849836
0.08305760248849836
0.08305760248849836
0.08305760248849836
0.08305760248849836
0.08305760248849836
0.08305760248849836
0.08305760248849836
0.08305760248849836
0.07511008150585496
0.07511008150585496
0.07511008150585496
0.07511008150585496
0.07511008150585496
0.07511008150585496
0.07511008150585496
0.0679400610106029
0.0679400610106029
0.0679400610106029
0.0679400610106029
0.0679400610106029
0.06675978530359927
0.06675978530359927
0.06675978530359927
0.06675978530359927
0.06675978530359927
0.06675978530359927
0.06675978530359927
0.06675978530359927
0.06675978530359927
0.06675978530359927
0.06675978530359927
0.06675978530359927
0.06675978530359927
0.06675978530359927
0.06675978530359927
0.06481109389392614
0.06481109389392614
0.06481109389392614
0.06481109389392614
0.06481109389392614
0.05848602365512079
0.05848602365512079
0.055067410020321006
0.055067410020321006
0.055067410020321006
0.055067410020321006
0.055067410020321006
0.055067410020321006
0.055067410020321006
0.055067410020321006
0.052547564494560106
0.052547564494560106
0.05088757878030847
0.05088757878030847
0.04955934755092173
0.04955934755092173
0.04955934755092173
0.04955934755092173
0.04918801973577658
0.04918801973577658
0.04918801973577658
0.046868825539029046
0.04366227479394169
0.04366227479394169
0.040721326783693
0.040721326783693
0.03740430929853744
0.03740430929853744
0.03740430929853744
0.03740430929853744
0.03740430929853744
0.03740430929853744
0.03740430929853744
0.03740430929853744
0.03740430929853744
0.03740430929853744
0.03337819409728482
0.03337819409728482
0.03337819409728482
0.03337819409728482
0.03337819409728482
0.03337819409728482
0.03337819409728482
0.03337819409728482
0.03337819409728482
0.03337819409728482
0.03337819409728482
0.03337819409728482
0.03337819409728482
0.03337819409728482
0.03337819409728482
0.03337819409728482
0.03337819409728482
0.03337819409728482
0.03337819409728482
0.03337819409728482
0.03337819409728482
0.03337819409728482
0.03329566762170799
0.03329566762170799
0.03329566762170799
0.03329566762170799
0.03329566762170799
0.03329566762170799
0.03329566762170799
0.0318561861624822
0.0318561861624822
0.0318561861624822
0.0318561861624822
0.0312836615384704
0.0312836615384704
0.0312836615384704
0.030811881994715407
0.030811881994715407
0.030811881994715407
0.030811881994715407
0.030811881994715407
0.030811881994715407
0.026345952787256266
0.026345952787256266
0.026345952787256266
0.026345952787256266
0.026345952787256266
0.026345952787256266
0.024942481585760845
0.024942481585760845
0.024942481585760845
0.024942481585760845
0.024942481585760845
0.024942481585760845
0.024133891870196322
0.024133891870196322
0.024133891870196322
0.021238845502953296
0.021238845502953296
0.021238845502953296
0.021238845502953296
0.021238845502953296
0.021238845502953296
0.021238845502953296
0.020466054618516694
0.019005827607298187
0.019005827607298187
0.019005827607298187
0.019005827607298187
0.019005827607298187
0.019005827607298187
0.015365988912940054
0.015365988912940054
