18.262803972485436
18.262803972485436
18.12130875203139
16.714635953275916
16.714635953275916
16.714635953275916
16.714635953275916
16.714635953275916
16.714635953275916
16.714635953275916
16.714635953275916
16.714635953275916
16.714635953275916
16.714635953275916
16.714635953275916
16.714635953275916
15.668318849290806
15.668318849290806
15.668318849290806
15.668318849290806
15.668318849290806
15.668318849290806
15.668318849290806
15.668318849290806
15.668318849290806
15.668318849290806
15.668318849290806
15.668318849290806
15.668318849290806
15.236023579646494
15.047459510561925
15.047459510561925
14.286904491472306
14.286904491472306
14.286904491472306
14.286904491472306
14.286904491472306
13.999996605132624
13.899625353118612
13.899625353118612
13.452313874256447
13.452313874256447
12.933718280945913
12.933718280945913
12.170082494877853
12.170082494877853
12.170082494877853
12.170082494877853
12.170082494877853
12.170082494877853
12.170082494877853
12.170082494877853
12.170082494877853
12.170082494877853
11.84870986635533
11.84870986635533
11.84870986635533
11.84870986635533
11.84870986635533
11.84870986635533
11.835073531215173
11.835073531215173
11.835073531215173
11.835073531215173
11.575681878875814
11.575681878875814
10.7923859477517
10.7923859477517
10.7923859477517
10.620300657953607
10.620300657953607
10.620300657953607
10.620300657953607
10.620300657953607
10.431506549619716
10.431506549619716
10.431506549619716
10.350572764088579
10.350572764088579
9.895447389149941
9.895447389149941
9.895447389149941
9.895447389149941
9.895447389149941
9.895447389149941
9.895447389149941
9.895447389149941
9.895447389149941
9.79333024166087
8.703626143557099
8.703626143557099
8.703626143557099
8.703626143557099
8.703626143557099
8.703626143557099
8.703626143557099
8.703626143557099
8.703626143557099
8.703626143557099
8.703626143557099
8.703626143557099
8.703626143557099
8.703626143557099
8.703626143557099
8.384592640856566
8.384592640856566
8.384592640856566
8.384592640856566
8.384592640856566
8.384592640856566
8.384592640856566
8.384592640856566
8.384592640856566
8.384592640856566
8.355083664708795
7.992286509108357
7.992286509108357
7.992286509108357
7.966893283276008
7.966893283276008
7.966893283276008
7.8484273866847225
7.8484273866847225
7.7428346118162
7.735688256166172
7.723905204561378
7.723905204561378
7.723905204561378
7.723905204561378
7.723905204561378
7.52819590746555
7.52819590746555
7.52819590746555
7.52819590746555
7.52819590746555
7.429657104176844
7.429657104176844
7.081133417039911
7.081133417039911
7.081133417039911
7.081133417039911
6.960434546644095
6.960434546644095
6.874757823490848
6.874757823490848
6.297050011187045
6.297050011187045
6.297050011187045
6.297050011187045
6.297050011187045
6.297050011187045
6.278576493786147
6.278576493786147
6.266387186111999
6.266387186111999
5.672728662285486
5.672728662285486
5.672728662285486
5.672728662285486
5.672728662285486
5.672728662285486
5.672728662285486
5.524744884722271
5.524744884722271
5.524744884722271
5.524744884722271
5.524744884722271
5.524744884722271
5.524744884722271
5.524744884722271
5.524744884722271
5.524744884722271
5.445649137247223
5.445649137247223
5.271711387422645
5.271711387422645
5.271711387422645
5.0670291879621985
5.0670291879621985
4.68141217395263
4.68141217395263
4.68141217395263
4.68141217395263
4.68141217395263
4.68141217395263
4.68141217395263
4.68141217395263
4.68141217395263
4.68141217395263
4.599505065313579
4.599505065313579
4.599505065313579
4.599505065313579
4.337087424174921
4.337087424174921
4.337087424174921
4.337087424174921
4.337087424174921
4.337087424174921
4.337087424174921
4.337087424174921
4.337087424174921
4.337087424174921
4.337087424174921
4.337087424174921
4.337087424174921
4.281681931535278
4.281681931535278
3.836888362276909
3.836888362276909
3.836888362276909
3.836888362276909
3.836888362276909
3.836888362276909
3.836888362276909
3.836888362276909
3.836888362276909
3.836888362276909
3.836888362276909
3.836888362276909
3.836888362276909
3.836888362276909
3.836888362276909
3.7957708727891735
3.7957708727891735
3.7957708727891735
3.7957708727891735
3.7957708727891735
3.7957708727891735
3.7957708727891735
3.7957708727891735
3.7265862213257357
3.7265862213257357
3.7265862213257357
3.7265862213257357
3.7265862213257357
3.7265862213257357
3.7265862213257357
3.7265862213257357
3.7165406542624915
3.6963526699677303
3.6963526699677303
3.6963526699677303
3.6963526699677303
3.6656892385314244
3.6656892385314244
3.6656892385314244
3.6656892385314244
3.6656892385314244
3.6656892385314244
3.6656892385314244
3.6089778373948143
3.6088020726642256
3.547180895076451
3.547180895076451
3.547180895076451
3.547180895076451
3.547180895076451
3.547180895076451
3.547180895076451
3.5143675307427777
3.4884354382371683
3.4884354382371683
3.4884354382371683
3.436390869609667
3.436390869609667
3.436390869609667
3.436390869609667
3.436390869609667
3.201662123532241
3.201662123532241
3.201662123532241
3.201662123532241
3.201662123532241
3.201662123532241
3.201662123532241
3.201662123532241
3.201662123532241
3.201662123532241
3.201662123532241
3.201662123532241
3.201662123532241
3.201662123532241
3.201662123532241
3.201662123532241
3.201662123532241
3.201662123532241
3.201662123532241
3.201662123532241
3.201662123532241
3.201662123532241
3.201662123532241
3.201662123532241
3.201662123532241
2.9793477023877593
2.9793477023877593
2.9793477023877593
2.9793477023877593
2.9793477023877593
2.9793477023877593
2.9793477023877593
2.9793477023877593
2.9793477023877593
2.9643749656497143
2.9643749656497143
2.9643749656497143
2.871645256159592
2.871645256159592
2.871645256159592
2.871645256159592
2.871645256159592
2.871645256159592
2.871645256159592
2.871645256159592
2.871645256159592
2.871645256159592
2.871645256159592
2.871645256159592
2.871645256159592
2.871645256159592
2.871645256159592
2.74215118009743
2.74215118009743
2.4088704756967374
2.4088704756967374
2.4088704756967374
2.4088704756967374
2.4088704756967374
2.4088704756967374
2.4088704756967374
2.4088704756967374
2.4088704756967374
2.4088704756967374
2.4088704756967374
2.4088704756967374
2.4088704756967374
2.4088704756967374
2.4088704756967374
2.4088704756967374
2.4088704756967374
2.4088704756967374
2.4088704756967374
2.4088704756967374
2.4088704756967374
2.4088704756967374
2.4088704756967374
2.4088704756967374
2.4088704756967374
2.3991527968992195
2.3991527968992195
2.28312681462112
2.28312681462112
2.28312681462112
2.28312681462112
2.28312681462112
2.28312681462112
2.28312681462112
2.28312681462112
2.28312681462112
2.28312681462112
2.232444849344759
2.232444849344759
1.9630040056280897
1.9630040056280897
1.9630040056280897
1.9630040056280897
1.9630040056280897
1.9630040056280897
1.9630040056280897
1.9630040056280897
1.9630040056280897
1.9630040056280897
1.9630040056280897
1.9630040056280897
1.9630040056280897
1.9630040056280897
1.9630040056280897
1.9630040056280897
1.9630040056280897
1.9630040056280897
1.9630040056280897
1.9630040056280897
1.9630040056280897
1.9630040056280897
1.936226621204888
1.936226621204888
1.936226621204888
1.8937021294058454
1.8937021294058454
1.8772585333302985
1.8772585333302985
1.8772585333302985
1.8772585333302985
1.8772585333302985
1.8772585333302985
1.7984012660336433
1.7984012660336433
1.7984012660336433
1.7984012660336433
1.7984012660336433
1.7166890897406937
1.7166890897406937
1.7166890897406937
1.6940016647201688
1.6940016647201688
1.62945797531739
1.619805904847567
1.619805904847567
1.3240567053024606
1.3240567053024606
1.3240567053024606
1.3240567053024606
1.3240567053024606
1.3240567053024606
1.3240567053024606
1.3240567053024606
1.3240567053024606
1.3240567053024606
1.3240567053024606
1.3240567053024606
1.3240567053024606
1.169610964891632
1.169610964891632
0.971824191030187
0.971824191030187
0.9108162854281865
0.9108162854281865
0.9108162854281865
0.9108162854281865
0.771805178191272
0.771805178191272
0.771805178191272
0.771805178191272
0.771805178191272
0.771805178191272
0.771805178191272
0.771805178191272
0.771805178191272
0.771805178191272
0.771805178191272
0.771805178191272
0.771805178191272
0.771805178191272
0.771805178191272
0.771805178191272
0.771805178191272
0.771805178191272
0.771805178191272
0.771805178191272
0.771805178191272
0.7404262391962426
0.6921487080332938
0.5868850146182396
0.5868850146182396
0.5868850146182396
0.5868850146182396
0.5868850146182396
0.5868850146182396
0.5868850146182396
0.5868850146182396
0.5868850146182396
0.5868850146182396
0.5868850146182396
0.5127272471797255
0.5127272471797255
0.5127272471797255
0.5127272471797255
0.5127272471797255
0.5127272471797255
0.5127272471797255
0.5127272471797255
0.5127272471797255
0.5127272471797255
0.5127272471797255
0.5127272471797255
0.4868540511705426
0.4868540511705426
0.3795726605000098
0.3795726605000098
0.3795726605000098
0.3795726605000098
0.3795726605000098
0.3795726605000098
0.3795726605000098
0.3795726605000098
0.3795726605000098
0.3795726605000098
0.3795726605000098
0.3795726605000098
0.3765950864335643
0.3765950864335643
0.3765950864335643
0.3603561532976727
0.34986076435199465
0.34986076435199465
0.34986076435199465
0.34986076435199465
0.32686906701434637
0.32686906701434637
0.32686906701434637
0.3239297696372496
0.3239297696372496
0.3239297696372496
0.32190642173744166
0.32190642173744166
0.32190642173744166
0.3142578491544654
0.2911590155618029
0.26883658218389783
0.26537377690227615
0.26537377690227615
0.26537377690227615
0.2572710769954263
0.2572710769954263
0.2572710769954263
0.2572710769954263
0.2572710769954263
0.2550957687068909
0.21658604281913796
0.21658604281913796
0.21658604281913796
0.21658604281913796
0.21658604281913796
0.21658604281913796
0.21658604281913796
0.21658604281913796
0.1994996649181502
0.1994996649181502
0.1994996649181502
0.19864281596776578
0.19864281596776578
0.19864281596776578
0.19864281596776578
0.18670037400682205
0.18670037400682205
0.18670037400682205
0.18670037400682205
0.18670037400682205
0.18371393267138103
0.18371393267138103
0.18371393267138103
0.18371393267138103
0.18371393267138103
0.18371393267138103
0.18371393267138103
0.18371393267138103
0.18371393267138103
0.18371393267138103
0.18197366046988606
0.16606953502656197
0.16606953502656197
0.16606953502656197
0.16606953502656197
0.16272000366644335
0.16272000366644335
0.1608613190824073
0.1552135808527595
0.1552135808527595
0.1552135808527595
0.1472647486777383
0.14484699866708084
0.14484699866708084
0.14484699866708084
0.14484699866708084
0.12744293031842702
0.12744293031842702
0.12744293031842702
0.12744293031842702
0.12744293031842702
0.12605508741726368
0.12605508741726368
0.12605508741726368
0.12605508741726368
0.12586936068110433
0.12586936068110433
0.12586936068110433
0.12586936068110433
0.12586936068110433
0.12568409180390816
0.12145775695566385
0.12145775695566385
0.12145775695566385
0.11981325001944043
0.11981325001944043
0.11981325001944043
0.11981325001944043
0.11921201754515565
0.11241527441698551
0.11241527441698551
0.11241527441698551
0.11134681784969658
0.0983055576383407
0.0983055576383407
0.0983055576383407
0.0983055576383407
0.0983055576383407
0.0983055576383407
0.09389818291838381
0.09389818291838381
0.0816940703899256
0.0816940703899256
0.0816940703899256
0.0816940703899256
0.0816940703899256
0.0816940703899256
0.07900807822186451
0.07900807822186451
0.07900807822186451
0.07900807822186451
0.07709506710316205
0.06836531147206415
0.06836531147206415
0.06836531147206415
0.06836531147206415
0.06836531147206415
0.06836531147206415
0.06836531147206415
0.06836531147206415
0.06836531147206415
0.06836531147206415
0.06836531147206415
0.06836531147206415
0.06836531147206415
0.06774268361840541
0.06774268361840541
0.05840866567297809
0.05840866567297809
0.05840866567297809
0.05840866567297809
0.05840866567297809
0.05570226638310771
0.05570226638310771
0.05570226638310771
0.05570226638310771
0.05570226638310771
0.0554531942684342
0.054995435744050525
0.054995435744050525
0.05184670610018571
0.05184670610018571
0.04850473361605623
0.04850473361605623
0.046953638566350264
0.046953638566350264
0.046953638566350264
0.04624654564852193
0.04480186237683981
0.04480186237683981
0.04386546088453258
0.04386546088453258
0.04386546088453258
0.04283575122899208
0.04283575122899208
0.04089718926748276
0.04089718926748276
0.04089718926748276
0.040330103426239106
0.040330103426239106
0.03693380868111262
0.03693380868111262
0.03609013902791247
0.03609013902791247
0.03609013902791247
0.03609013902791247
0.03543491542355426
0.03543491542355426
0.03543491542355426
0.03543491542355426
0.03543491542355426
0.03543491542355426
0.034590217158072534
0.034590217158072534
0.034590217158072534
0.034590217158072534
0.0334864376339894
0.0334864376339894
0.0334864376339894
0.0334864376339894
0.03285622305836711
0.03285622305836711
0.03285622305836711
0.03285622305836711
0.03267176553989515
0.031954419955347646
0.03190881617119601
0.031623005417927175
0.031623005417927175
0.03030493138782475
0.03030493138782475
0.03030493138782475
0.03030493138782475
0.03030493138782475
0.03030493138782475
0.03005831327207531
0.03005831327207531
0.03005831327207531
0.029724994339563438
0.02953646450039571
0.02953646450039571
0.029287820711083157
0.027880470045960948
0.027746738267211413
0.025626596168738303
0.025626596168738303
0.025626596168738303
0.025626596168738303
0.025626596168738303
0.025626596168738303
0.025626596168738303
0.025626596168738303
0.02549683883939835
0.02549683883939835
0.024698785758815234
0.024698785758815234
0.024697019846211532
0.023411607474891127
0.023411607474891127
0.023037098328934746
0.023037098328934746
0.023037098328934746
0.023037098328934746
0.023037098328934746
0.022032964342049155
0.022032964342049155
0.022032964342049155
0.020483402780627102
0.020161601316676325
0.020161601316676325
0.019518141944111278
0.019518141944111278
0.01899910065109367
0.01899910065109367
0.01899910065109367
0.01847024492189675
0.017895974138564696
0.017895974138564696
0.017895974138564696
0.017594829128032785
0.01681602577554031
0.01681602577554031
0.01681602577554031
0.016604127830238014
0.016604127830238014
0.016604127830238014
0.016604127830238014
0.016604127830238014
0.016604127830238014
0.015524350947845988
0.015524350947845988
0.014927091015842109
0.014603501268091179
0.014603501268091179
0.014603501268091179
0.014603501268091179
0.01451767725550468
0.01451767725550468
0.014400902723984643
0.013558224910855898
0.013442629344812218
0.013442629344812218
0.013442629344812218
0.013442629344812218
0.013442629344812218
0.013167565581078122
0.013167565581078122
0.013167565581078122
0.012825071390505371
0.012111004605660725
0.012111004605660725
0.012111004605660725
0.011569243070791657
0.011569243070791657
0.011569243070791657
0.011569243070791657
0.011493536496079315
0.011493536496079315
0.011491764206688515
0.01080206753266566
0.01080206753266566
0.010406914761560415
0.010406914761560415
0.010406914761560415
0.010406914761560415
0.010406914761560415
0.010406914761560415
0.010406914761560415
0.010406914761560415
0.010129016776222244
0.010129016776222244
0.010129016776222244
0.009623398362698765
0.009623398362698765
0.009623398362698765
0.009623398362698765
0.009347891836128497
0.009347891836128497
0.009347891836128497
0.009347891836128497
0.009194880551103068
0.00856610018906423
0.00856610018906423
0.008050681973603702
0.008050681973603702
0.008050681973603702
0.008050681973603702
0.008050681973603702
0.008050681973603702
0.007884764084920448
0.0076441751718547835
0.0076441751718547835
0.0076441751718547835
0.0076441751718547835
0.0076441751718547835
0.0076441751718547835
0.0076441751718547835
0.007560608625098553
0.007560608625098553
0.007169296800338287
0.007169296800338287
0.007169296800338287
0.007169296800338287
0.006672482542491309
0.006672482542491309
0.006672482542491309
0.006672482542491309
0.006672482542491309
0.006672482542491309
0.006627823375403352
0.006627823375403352
0.006627823375403352
0.006224692224485295
0.006224692224485295
0.006224692224485295
0.006224692224485295
0.006224692224485295
0.006224692224485295
0.006224692224485295
0.006224692224485295
0.006183194329608455
0.005633096350265987
0.0048388142337998374
0.0048388142337998374
0.0048388142337998374
0.0048388142337998374
0.0048388142337998374
0.0048388142337998374
0.0048388142337998374
0.0048388142337998374
0.0048388142337998374
0.0048388142337998374
0.004629079764832511
0.004629079764832511
0.00438408365933185
0.00438408365933185
0.00438408365933185
0.00438408365933185
0.00438408365933185
0.00438408365933185
0.004296095362146701
0.004296095362146701
0.003878662478562944
0.003878662478562944
0.003878662478562944
0.003878662478562944
0.003878662478562944
0.003878662478562944
0.0038645931390455246
0.0037588818922920098
0.0036584149852352255
0.0035169969990711536
0.0035169969990711536
0.0035169969990711536
0.0035169969990711536
0.00300670846304385
0.00300670846304385
0.002951324450290116
0.002951324450290116
0.002951324450290116
0.002951324450290116
0.002951324450290116
0.002951324450290116
0.002951324450290116
0.0029140195312180595
0.0029140195312180595
0.0029140195312180595
0.0028717066855179496
0.0028717066855179496
0.0028348026446991526
0.0028348026446991526
0.0028348026446991526
0.0028348026446991526
0.002827736980822948
0.002827736980822948
0.002827736980822948
0.002766348034118238
0.002583515493991939
0.002583515493991939
0.002583515493991939
0.002583515493991939
0.002583515493991939
0.002583515493991939
0.0025527542110488355
0.0023795984995125252
0.002351241382424263
0.002315374501563383
0.002315374501563383
0.002315374501563383
0.0022513919769195923
0.0022513919769195923
0.0022513919769195923
0.0022513919769195923
0.0022250232492915245
0.0017150897878330795
0.0017150897878330795
0.0017150897878330795
0.0017150897878330795
0.0017150897878330795
0.0017150897878330795
0.0017150897878330795
0.0017150897878330795
0.0016630774626129607
0.0016630774626129607
0.0015823949451103658
0.0015823949451103658
0.0015823949451103658
0.0015823949451103658
0.0015823949451103658
0.0015823949451103658
0.0015823949451103658
0.0015823949451103658
0.0015823949451103658
0.001569927590963971
0.001569927590963971
0.0014054778103727017
0.0014054778103727017
0.0014054778103727017
0.0014054778103727017
0.0014054778103727017
0.001383197852295126
0.001383197852295126
0.001383197852295126
0.001383197852295126
0.001383197852295126
0.001383197852295126
0.001383197852295126
0.001383197852295126
0.001383197852295126
0.0013792251045430248
0.0013792251045430248
0.0013792251045430248
0.0013792251045430248
0.0013061278696433476
0.00125232675287279
0.00125232675287279
0.0007675307496768369
0.0007675307496768369
0.0007675307496768369
0.0007675307496768369
0.0007675307496768369
0.0007675307496768369
0.0007675307496768369
0.0007675307496768369
0.0007675307496768369
0.0007675307496768369
0.0007675307496768369
0.0007675307496768369
0.0007675307496768369
0.0007675307496768369
0.0007675307496768369
0.0007675307496768369
0.0007675307496768369
0.0007675307496768369
0.0007675307496768369
0.0007675307496768369
0.0007675307496768369
0.0007675307496768369
0.0007675307496768369
0.0007675307496768369
0.0007675307496768369
0.0007675307496768369
0.0007675307496768369
0.0007675307496768369
0.0007675307496768369
0.0007675307496768369
0.0007472538174191357
0.0007472538174191357
0.0007472538174191357
0.0007472538174191357
0.0007472538174191357
0.0007358835612798487
0.0007022936627905096
0.0007022936627905096
0.0007022936627905096
0.0007022936627905096
0.0007022936627905096
0.0007022936627905096
0.0007022936627905096
0.0006742101219252561
0.0006742101219252561
0.0006742101219252561
