0.0029315948486328125
0.002897977828979492
0.002713918685913086
0.0026810169219970703
0.0026702880859375
0.002719402313232422
0.0026743412017822266
0.0026702880859375
0.0026793479919433594
0.0026674270629882812
0.0028269290924072266
0.002672910690307617
0.002597332000732422
0.0026378631591796875
0.0027260780334472656
0.002656698226928711
0.0025925636291503906
0.0026292800903320312
0.0025768280029296875
0.002733945846557617
0.002664327621459961
0.0026886463165283203
0.002753734588623047
0.0027616024017333984
0.0028629302978515625
0.002593517303466797
0.002818584442138672
0.002817869186401367
0.00260162353515625
0.0026750564575195312
0.0026695728302001953
0.0026350021362304688
0.0026755332946777344
0.0026862621307373047
0.0026433467864990234
0.002583026885986328
0.0026781558990478516
0.002730131149291992
0.0026848316192626953
0.002640962600708008
0.002696514129638672
0.0026252269744873047
0.0027632713317871094
0.0026645660400390625
0.0026140213012695312
0.0025589466094970703
0.0026018619537353516
0.0026755332946777344
0.002604246139526367
0.003691434860229492
0.0069239139556884766
0.0034570693969726562
0.0026509761810302734
0.0026192665100097656
0.0027735233306884766
0.0026662349700927734
0.0025751590728759766
0.002627849578857422
0.002700328826904297
0.002743244171142578
0.0026929378509521484
0.0026161670684814453
0.0026073455810546875
0.0027709007263183594
0.002675294876098633
0.0025947093963623047
0.0025627613067626953
0.0026214122772216797
0.0027463436126708984
0.002641439437866211
0.002668142318725586
0.002626180648803711
0.002660989761352539
0.0027680397033691406
0.0027403831481933594
0.0027081966400146484
0.0026221275329589844
0.0027153491973876953
0.002633810043334961
0.0026149749755859375
0.0026564598083496094
0.002703428268432617
0.0026242733001708984
0.0026702880859375
0.0026612281799316406
0.0025670528411865234
0.0027933120727539062
0.0026144981384277344
0.002614259719848633
0.002689838409423828
0.002680063247680664
0.0026361942291259766
0.0027632713317871094
0.0026955604553222656
0.002672910690307617
0.002610445022583008
0.0026848316192626953
0.002671480178833008
0.0025887489318847656
0.0026967525482177734
0.0027616024017333984
0.002758502960205078
0.002603292465209961
0.002601146697998047
0.0026006698608398438
0.002646207809448242
0.002617359161376953
0.002588033676147461
0.0026323795318603516
0.002733945846557617
0.002610921859741211
0.0025916099548339844
0.0025832653045654297
0.002613544464111328
0.0027208328247070312
0.0025787353515625
0.0026090145111083984
0.0025718212127685547
0.0026290416717529297
0.002741575241088867
0.002582073211669922
0.0025904178619384766
0.002589702606201172
0.0026063919067382812
0.002599477767944336
0.002618074417114258
0.002576112747192383
0.002565622329711914
0.0027112960815429688
0.002596139907836914
0.0025675296783447266
0.0026092529296875
0.00260162353515625
0.002677440643310547
0.0026044845581054688
0.0026116371154785156
0.002653360366821289
0.002750396728515625
0.002650737762451172
0.0026450157165527344
0.002585172653198242
0.0026018619537353516
0.0026323795318603516
0.0026912689208984375
0.0026297569274902344
0.002593994140625
0.0027303695678710938
0.002688169479370117
0.002688169479370117
0.002557516098022461
0.0026149749755859375
0.0030579566955566406
0.002958059310913086
0.0030524730682373047
0.0029642581939697266
0.0029189586639404297
0.002969980239868164
0.002888917922973633
0.002755403518676758
0.0029337406158447266
0.002840757369995117
0.0027551651000976562
0.002763986587524414
0.0027437210083007812
0.0028328895568847656
0.0027625560760498047
0.0028166770935058594
0.0027153491973876953
0.002880573272705078
0.0026810169219970703
0.002735614776611328
0.002656698226928711
0.0027077198028564453
0.002736330032348633
0.0025806427001953125
0.0026717185974121094
0.002614259719848633
0.002612590789794922
0.0026786327362060547
0.0026149749755859375
0.0025517940521240234
0.002736806869506836
0.0027077198028564453
0.0025985240936279297
0.0026061534881591797
0.002630472183227539
0.0026030540466308594
0.002711057662963867
0.002638101577758789
0.0026199817657470703
0.002588033676147461
0.00269317626953125
0.0027687549591064453
0.0026769638061523438
0.002643585205078125
0.002677440643310547
0.0026848316192626953
0.0027642250061035156
0.0027065277099609375
0.0026633739471435547
0.002663850784301758
0.0026688575744628906
0.002721071243286133
0.0025827884674072266
0.002667665481567383
0.0026865005493164062
0.0026051998138427734
0.0027322769165039062
0.0027365684509277344
0.0028803348541259766
0.0027740001678466797
0.002610445022583008
0.0027189254760742188
0.002593994140625
0.0027747154235839844
0.0026624202728271484
0.0026667118072509766
0.0026786327362060547
0.0026657581329345703
0.002667665481567383
0.0026509761810302734
0.002686023712158203
0.002615690231323242
0.002736806869506836
0.002660036087036133
0.0025908946990966797
0.002687215805053711
0.002672433853149414
0.0027017593383789062
0.0025501251220703125
0.002706766128540039
0.0026674270629882812
0.002655029296875
0.002839803695678711
0.002627134323120117
0.002734661102294922
0.0026693344116210938
0.0027790069580078125
0.0026769638061523438
0.0025696754455566406
0.0026824474334716797
0.0026607513427734375
0.0026161670684814453
0.0026397705078125
0.0026106834411621094
0.0027358531951904297
0.0027217864990234375
0.002662181854248047
0.002643108367919922
0.0026443004608154297
0.002639293670654297
0.0026946067810058594
0.0026438236236572266
0.002786397933959961
0.002698183059692383
0.002664327621459961
0.0026242733001708984
0.002652406692504883
0.0025756359100341797
0.0026161670684814453
0.0026559829711914062
0.0025644302368164062
0.0027561187744140625
0.0026230812072753906
0.002618074417114258
0.002828359603881836
0.002667665481567383
0.002688169479370117
0.00255584716796875
0.0026564598083496094
0.0025568008422851562
0.0026624202728271484
0.002644062042236328
0.0025796890258789062
0.002675771713256836
0.0025632381439208984
0.002641439437866211
0.0025289058685302734
0.0026421546936035156
0.0028319358825683594
0.0026161670684814453
0.002711057662963867
0.0027408599853515625
0.0027048587799072266
0.002583742141723633
0.002714872360229492
0.002595663070678711
0.002685070037841797
0.002699613571166992
0.0025992393493652344
0.002789735794067383
0.0026481151580810547
0.0027284622192382812
0.0026149749755859375
0.0027403831481933594
0.0025870800018310547
0.0026450157165527344
0.0026731491088867188
0.0027065277099609375
0.0026857852935791016
0.0026340484619140625
0.0027654170989990234
0.002643108367919922
0.0026040077209472656
0.0026543140411376953
0.0025739669799804688
0.002748250961303711
0.0025610923767089844
0.0026078224182128906
0.0026543140411376953
0.002630472183227539
0.002673625946044922
0.0025587081909179688
0.0025932788848876953
0.0025835037231445312
0.0025849342346191406
0.0027353763580322266
0.0026671886444091797
0.0026197433471679688
0.00258636474609375
0.002675294876098633
0.002604961395263672
0.00257110595703125
0.002604961395263672
0.002591848373413086
0.0026841163635253906
0.0025963783264160156
0.002650737762451172
0.002597808837890625
0.0026247501373291016
0.0026755332946777344
0.002556324005126953
0.002595186233520508
0.00260162353515625
0.0026085376739501953
0.0026574134826660156
0.002613067626953125
0.0025680065155029297
0.002590179443359375
0.0026710033416748047
0.0026006698608398438
0.0026171207427978516
0.0026252269744873047
0.0025734901428222656
0.0026748180389404297
0.0025763511657714844
0.002582073211669922
0.0026504993438720703
0.0027108192443847656
0.0025739669799804688
0.0026671886444091797
0.0025730133056640625
0.0025773048400878906
0.0026726722717285156
0.002619504928588867
0.0026063919067382812
0.0027375221252441406
0.002836465835571289
0.0026712417602539062
0.002582073211669922
0.0027022361755371094
0.002625703811645508
0.0025942325592041016
0.002592802047729492
0.0026569366455078125
0.002618551254272461
0.0027120113372802734
0.0028319358825683594
0.0027065277099609375
0.002813577651977539
0.0027298927307128906
0.002768278121948242
0.0027451515197753906
0.002809762954711914
0.0027484893798828125
0.0027294158935546875
0.002857685089111328
0.0026633739471435547
0.0027425289154052734
0.0026121139526367188
0.0027511119842529297
0.002686023712158203
0.002658843994140625
0.002639293670654297
0.0026526451110839844
0.0028104782104492188
0.0027489662170410156
0.002674579620361328
0.002750873565673828
0.0027213096618652344
0.0027740001678466797
0.002830028533935547
0.0027680397033691406
0.002754688262939453
0.0028281211853027344
0.0028290748596191406
0.002764463424682617
0.0027577877044677734
0.0028197765350341797
0.0027501583099365234
0.0027112960815429688
0.002763509750366211
0.0027801990509033203
0.002742767333984375
0.0027604103088378906
0.0027735233306884766
0.0027587413787841797
0.002707242965698242
0.0028200149536132812
0.002727985382080078
0.002724885940551758
0.0028717517852783203
0.0027625560760498047
0.002720355987548828
0.002786397933959961
0.0027000904083251953
0.0028426647186279297
0.0026481151580810547
0.0026466846466064453
0.0027551651000976562
0.0028290748596191406
0.0027167797088623047
0.0026726722717285156
0.002675294876098633
0.0026814937591552734
0.0027418136596679688
0.002675294876098633
0.0027074813842773438
0.002695798873901367
0.002719879150390625
0.0027031898498535156
0.002771139144897461
0.0026998519897460938
0.002625703811645508
0.0029413700103759766
0.0027904510498046875
0.002808809280395508
0.0026557445526123047
0.0027322769165039062
0.0027327537536621094
0.002630949020385742
0.0026836395263671875
0.0027053356170654297
0.0027527809143066406
0.002568960189819336
0.0026848316192626953
0.0026662349700927734
0.002603292465209961
0.002655029296875
0.002689838409423828
0.002631664276123047
0.002758502960205078
0.002682924270629883
0.002554655075073242
0.0026352405548095703
0.0026807785034179688
0.0026102066040039062
0.002731800079345703
0.0027115345001220703
0.0026273727416992188
0.0025708675384521484
0.002730846405029297
0.002724170684814453
0.0025777816772460938
0.002749919891357422
0.00264739990234375
0.0027513504028320312
0.0027179718017578125
0.0026938915252685547
0.0027310848236083984
0.002755403518676758
0.0027725696563720703
0.002774477005004883
0.0025787353515625
0.0027513504028320312
0.0028066635131835938
0.0026311874389648438
0.0025818347930908203
0.0027322769165039062
0.0026972293853759766
0.002627849578857422
0.0026979446411132812
0.0026693344116210938
0.0025415420532226562
0.0026733875274658203
0.002676248550415039
0.0025103092193603516
0.002577066421508789
0.0025441646575927734
0.0025637149810791016
0.0025408267974853516
0.0025777816772460938
0.0025603771209716797
0.0025548934936523438
0.0026040077209472656
0.002526521682739258
0.002549409866333008
0.0025894641876220703
0.002560853958129883
0.0026590824127197266
0.0025513172149658203
0.002569437026977539
0.0025441646575927734
0.002630949020385742
0.0025491714477539062
0.002589702606201172
0.002556324005126953
0.0026929378509521484
0.0027549266815185547
0.002568483352661133
0.0025873184204101562
0.0026412010192871094
0.002573251724243164
0.0027747154235839844
0.0025680065155029297
0.0025839805603027344
0.002648591995239258
0.0025894641876220703
0.0026311874389648438
0.002573251724243164
0.0025599002838134766
0.0026557445526123047
0.0026807785034179688
0.0026443004608154297
0.0026557445526123047
0.0025472640991210938
0.002565622329711914
0.002660989761352539
0.0026564598083496094
0.002554655075073242
0.0026674270629882812
0.0025815963745117188
0.0026471614837646484
0.002591848373413086
0.0025954246520996094
0.0025513172149658203
0.002691984176635742
0.002604961395263672
0.0026311874389648438
0.002709627151489258
0.0025641918182373047
0.002735614776611328
0.0026328563690185547
0.002659320831298828
0.002846240997314453
0.0027730464935302734
0.002662181854248047
0.002704620361328125
0.002569437026977539
0.002657175064086914
0.0026836395263671875
0.0025734901428222656
0.002657651901245117
0.0026807785034179688
0.0027441978454589844
0.002646207809448242
0.0026319026947021484
0.0026311874389648438
0.002577543258666992
0.002780437469482422
0.0026738643646240234
0.0026683807373046875
0.002724885940551758
0.0026950836181640625
0.0027570724487304688
0.0025899410247802734
0.002660512924194336
0.0026543140411376953
0.0027179718017578125
0.0027213096618652344
0.0026662349700927734
0.0026557445526123047
0.002950429916381836
0.002661466598510742
0.0026493072509765625
0.0025322437286376953
0.0026807785034179688
0.002568960189819336
0.0025877952575683594
0.002588510513305664
0.002649068832397461
0.002749204635620117
0.002719879150390625
0.002629995346069336
0.0025534629821777344
0.0025627613067626953
0.0026388168334960938
0.0026619434356689453
0.0026667118072509766
0.0025634765625
0.0025403499603271484
0.002607583999633789
0.002599000930786133
0.0026161670684814453
0.0025632381439208984
0.0026276111602783203
0.0027725696563720703
0.002636432647705078
0.002680540084838867
0.002533435821533203
0.002577543258666992
0.0027751922607421875
0.002568483352661133
0.0026574134826660156
0.002583742141723633
0.002579927444458008
0.0026416778564453125
0.002550363540649414
0.002574920654296875
0.002576112747192383
0.0027446746826171875
0.002582073211669922
0.0025506019592285156
0.0026144981384277344
0.0025625228881835938
0.0026404857635498047
0.002599954605102539
0.002657651901245117
0.0025730133056640625
0.002630949020385742
0.002627134323120117
0.0025644302368164062
0.002590179443359375
0.0026214122772216797
0.0025784969329833984
0.002649068832397461
0.002558469772338867
0.0025925636291503906
0.002686738967895508
0.002621173858642578
0.0026140213012695312
0.002646923065185547
0.0025796890258789062
0.002638101577758789
0.0026657581329345703
0.0026619434356689453
0.002670764923095703
0.0026082992553710938
0.0025763511657714844
0.0026187896728515625
0.002546548843383789
0.0025835037231445312
0.002622365951538086
0.002607107162475586
0.002574443817138672
0.002613067626953125
0.0025894641876220703
0.0025856494903564453
0.0026733875274658203
0.0025606155395507812
0.002604961395263672
0.0025980472564697266
0.0025985240936279297
0.002662181854248047
0.0026345252990722656
0.002668142318725586
0.0026786327362060547
0.0027191638946533203
0.002635478973388672
0.002535581588745117
0.002633333206176758
0.002588510513305664
0.0026748180389404297
0.0025997161865234375
0.002551555633544922
0.0026412010192871094
0.0025610923767089844
0.002653837203979492
0.00257110595703125
0.002571582794189453
0.0026137828826904297
0.0025942325592041016
0.0025627613067626953
0.0026369094848632812
0.0025565624237060547
0.0025780200958251953
0.002666950225830078
0.0026035308837890625
0.002619504928588867
0.002572298049926758
0.0026426315307617188
0.0028154850006103516
0.0026183128356933594
0.0025718212127685547
0.002571582794189453
0.0026030540466308594
0.0026803016662597656
0.0025823116302490234
0.0025985240936279297
0.002549409866333008
0.002671480178833008
0.0026133060455322266
0.002557516098022461
0.0026171207427978516
0.0026590824127197266
0.002584695816040039
0.002581357955932617
0.0026154518127441406
0.002556324005126953
0.002628326416015625
0.002549409866333008
0.0025818347930908203
0.002575397491455078
0.0025556087493896484
0.002724885940551758
0.002638578414916992
0.0026607513427734375
0.002530336380004883
0.0026345252990722656
0.0027179718017578125
0.0025603771209716797
0.0025289058685302734
0.0025534629821777344
0.002597808837890625
0.002647876739501953
0.002553701400756836
0.0025653839111328125
0.002566814422607422
0.002697467803955078
0.0025763511657714844
0.002546072006225586
0.002559185028076172
0.002559185028076172
0.002658367156982422
0.002580404281616211
0.0025658607482910156
0.002532482147216797
0.0025949478149414062
0.002699613571166992
0.002543210983276367
0.002592325210571289
0.0026352405548095703
0.0025861263275146484
0.0025587081909179688
0.002669095993041992
0.0026345252990722656
0.0025992393493652344
0.002721071243286133
0.002597808837890625
0.0026214122772216797
0.002568960189819336
0.0026216506958007812
0.002665996551513672
0.0025701522827148438
0.0025544166564941406
0.0025577545166015625
0.0026247501373291016
0.00258636474609375
0.0025911331176757812
0.0025794506072998047
0.0025527477264404297
0.0027806758880615234
0.002576112747192383
0.002555370330810547
0.0026161670684814453
0.0025882720947265625
0.002647876739501953
0.002628803253173828
0.0025691986083984375
0.0025691986083984375
0.0026504993438720703
0.002667665481567383
0.002634763717651367
0.0025815963745117188
0.0025823116302490234
0.0026314258575439453
0.0026178359985351562
0.002573728561401367
0.002651691436767578
0.002616405487060547
0.00267791748046875
0.0025730133056640625
0.0025777816772460938
0.002575397491455078
0.002580404281616211
0.002660036087036133
0.002580404281616211
0.002559185028076172
0.002569437026977539
0.002589702606201172
0.002647876739501953
0.0026192665100097656
0.002627849578857422
0.0025992393493652344
0.0025866031646728516
0.0025751590728759766
0.0025720596313476562
0.002562999725341797
0.0026504993438720703
0.002601146697998047
0.002559661865234375
0.0025556087493896484
0.0026216506958007812
0.002577066421508789
0.002635478973388672
0.0025548934936523438
0.0025992393493652344
0.002544403076171875
0.0025691986083984375
0.002641916275024414
0.002558469772338867
0.0025730133056640625
0.0026826858520507812
0.002711772918701172
0.0025599002838134766
0.0025801658630371094
0.0026590824127197266
0.002523660659790039
0.0026569366455078125
0.0025482177734375
0.0025548934936523438
0.002611875534057617
0.002638101577758789
0.0026559829711914062
0.0025482177734375
0.0025739669799804688
0.002570629119873047
0.002651214599609375
0.002711772918701172
0.0025980472564697266
0.0026369094848632812
0.002584695816040039
0.002599000930786133
0.0025365352630615234
0.002515077590942383
0.002599954605102539
0.002544403076171875
0.0026671886444091797
0.00270843505859375
0.0025620460510253906
0.0026962757110595703
0.0027379989624023438
0.0026178359985351562
0.002612590789794922
0.0026450157165527344
0.002655506134033203
0.0027501583099365234
0.0027120113372802734
0.002572774887084961
0.002573728561401367
0.002628326416015625
0.002673625946044922
0.002621173858642578
0.002665996551513672
0.0027108192443847656
0.002688169479370117
0.002622842788696289
0.0026035308837890625
0.0026390552520751953
0.0026061534881591797
0.002694368362426758
0.002617359161376953
0.0026493072509765625
0.0026597976684570312
0.0028753280639648438
0.0028607845306396484
0.0028464794158935547
0.0028426647186279297
0.002965688705444336
0.0027501583099365234
0.0027625560760498047
0.0027589797973632812
0.0025968551635742188
0.0027077198028564453
0.0027861595153808594
0.0027871131896972656
0.002621173858642578
0.002803802490234375
0.0029191970825195312
0.0027043819427490234
0.002699136734008789
0.0029151439666748047
0.0026807785034179688
0.0026543140411376953
0.002781391143798828
0.002803802490234375
0.002532958984375
0.002785921096801758
0.0027799606323242188
0.00266265869140625
0.002682924270629883
0.002802610397338867
0.0029070377349853516
0.0029764175415039062
0.003055572509765625
0.0029799938201904297
0.0028531551361083984
0.002803802490234375
0.002778291702270508
0.002810955047607422
0.0028734207153320312
0.002582550048828125
0.0027594566345214844
0.0027725696563720703
0.002797842025756836
0.0026547908782958984
0.002824068069458008
0.0028047561645507812
0.0026128292083740234
0.0027616024017333984
0.0027475357055664062
0.002587556838989258
0.002711057662963867
0.002779722213745117
0.002657175064086914
0.002654552459716797
0.0027604103088378906
0.0027379989624023438
0.002637147903442383
0.0027866363525390625
0.002645254135131836
0.002454996109008789
0.0027976036071777344
0.0026612281799316406
0.002438783645629883
0.002657651901245117
0.002643585205078125
0.0026335716247558594
0.0026252269744873047
0.002598285675048828
0.0026073455810546875
0.0026092529296875
0.0027031898498535156
0.002624988555908203
0.002599954605102539
0.0026972293853759766
0.0026924610137939453
0.002588510513305664
0.0026547908782958984
0.002658367156982422
0.0026199817657470703
0.002675294876098633
0.0026144981384277344
0.002547740936279297
0.002646923065185547
0.0027163028717041016
0.002537250518798828
0.0026357173919677734
0.0027704238891601562
0.0027251243591308594
0.002694845199584961
0.002742767333984375
0.0027856826782226562
0.002679109573364258
0.0028154850006103516
0.002715587615966797
0.0025823116302490234
0.002718210220336914
0.002659320831298828
0.0027534961700439453
0.002597808837890625
0.0026526451110839844
0.0026559829711914062
0.002577543258666992
0.0027697086334228516
0.002740621566772461
0.0026624202728271484
0.0027475357055664062
0.0027055740356445312
0.0026319026947021484
0.0026001930236816406
0.002824068069458008
0.002588033676147461
0.0026383399963378906
0.0026934146881103516
0.0026521682739257812
0.0025718212127685547
0.00270843505859375
0.0027320384979248047
0.002635955810546875
0.0026397705078125
0.002635478973388672
0.00267791748046875
0.0026345252990722656
0.0027070045471191406
0.0026788711547851562
0.002643108367919922
0.002725839614868164
0.0026047229766845703
0.0026543140411376953
0.00274658203125
0.002736806869506836
0.002679109573364258
0.002767801284790039
0.002624988555908203
0.002591848373413086
0.0026166439056396484
0.002556324005126953
0.0025327205657958984
0.0026302337646484375
0.002605438232421875
0.002632617950439453
0.0026407241821289062
0.002609729766845703
0.0026819705963134766
0.002594470977783203
0.0026273727416992188
0.0025687217712402344
0.002606630325317383
0.0026018619537353516
