0.0025615692138671875
0.002459287643432617
0.0023953914642333984
0.002435445785522461
0.002393007278442383
0.002393007278442383
0.002347707748413086
0.0024566650390625
0.002508401870727539
0.002405405044555664
0.002621889114379883
0.0026018619537353516
0.0024328231811523438
0.0023856163024902344
0.002435445785522461
0.0023741722106933594
0.002446889877319336
0.0023992061614990234
0.002365589141845703
0.0023751258850097656
0.0023903846740722656
0.0023767948150634766
0.0023953914642333984
0.0023491382598876953
0.0023546218872070312
0.002493619918823242
0.0023577213287353516
0.0023832321166992188
0.0023300647735595703
0.0023729801177978516
0.0023741722106933594
0.002384662628173828
0.002390146255493164
0.002350330352783203
0.002367734909057617
0.0023674964904785156
0.002340555191040039
0.0023899078369140625
0.00240325927734375
0.002370119094848633
0.0023970603942871094
0.0024046897888183594
0.002371072769165039
0.0024538040161132812
0.0023963451385498047
0.002402067184448242
0.002367258071899414
0.002463817596435547
0.0023508071899414062
0.0023965835571289062
0.0023813247680664062
0.002369403839111328
0.002359628677368164
0.002363443374633789
0.002387523651123047
0.0023887157440185547
0.002382516860961914
0.002408266067504883
0.002376556396484375
0.0023844242095947266
0.002404928207397461
0.002385854721069336
0.002496957778930664
0.0023987293243408203
0.002388477325439453
0.002402067184448242
0.0023970603942871094
0.0023767948150634766
0.0023832321166992188
0.0023641586303710938
0.002393007278442383
0.002402067184448242
0.0023779869079589844
0.0024144649505615234
0.0023965835571289062
0.002378225326538086
0.0024030208587646484
0.0023970603942871094
0.0023844242095947266
0.002365589141845703
0.0024852752685546875
0.0025222301483154297
0.0023801326751708984
0.0024025440216064453
0.0023713111877441406
0.0023708343505859375
0.002373218536376953
0.002405881881713867
0.002394437789916992
0.0024018287658691406
0.002403736114501953
0.002382040023803711
0.002366781234741211
0.002550840377807617
0.0025472640991210938
0.002471923828125
0.0026826858520507812
0.0026061534881591797
0.002641916275024414
0.002806425094604492
0.0027985572814941406
0.0024509429931640625
0.002388477325439453
0.0024013519287109375
0.0023729801177978516
0.002359151840209961
0.002346515655517578
0.002395153045654297
0.0024025440216064453
0.002382993698120117
0.0023779869079589844
0.0023941993713378906
0.0023984909057617188
0.0023403167724609375
0.0024034976959228516
0.002397298812866211
0.0025048255920410156
0.0024886131286621094
0.0025038719177246094
0.002450704574584961
0.0024819374084472656
0.0024499893188476562
0.0025136470794677734
0.0024785995483398438
0.0024566650390625
0.0026519298553466797
0.0024614334106445312
0.002516508102416992
0.0024106502532958984
0.0023946762084960938
0.0023882389068603516
0.0023734569549560547
0.002422809600830078
0.002375364303588867
0.0023775100708007812
0.002389192581176758
0.0024542808532714844
0.002368450164794922
0.0023894309997558594
0.0023813247680664062
0.002406597137451172
0.002384185791015625
0.002386331558227539
0.002412557601928711
0.0023925304412841797
0.002364635467529297
0.0023691654205322266
0.002481698989868164
0.0023941993713378906
0.0023975372314453125
0.002376079559326172
0.002396106719970703
0.002386331558227539
0.002381563186645508
0.002437591552734375
0.002468585968017578
0.002380847930908203
0.002420186996459961
0.0024421215057373047
0.0023889541625976562
0.00238800048828125
0.002402782440185547
0.0024149417877197266
0.002398252487182617
0.002375364303588867
0.0024039745330810547
0.002424955368041992
0.002404451370239258
0.0023920536041259766
0.0024132728576660156
0.0023882389068603516
0.002390146255493164
0.002386808395385742
0.0023720264434814453
0.0024030208587646484
0.0023987293243408203
0.0024290084838867188
0.002384662628173828
0.002366304397583008
0.002392292022705078
0.002393960952758789
0.0024492740631103516
0.0024216175079345703
0.002378225326538086
0.0023784637451171875
0.002391815185546875
0.002428770065307617
0.0024497509002685547
0.0024068355560302734
0.0024118423461914062
0.0024619102478027344
0.002485513687133789
0.0025734901428222656
0.0024492740631103516
0.002446413040161133
0.0024154186248779297
0.002524852752685547
0.002426624298095703
0.0024611949920654297
0.0024423599243164062
0.002418994903564453
0.00246429443359375
0.0026273727416992188
0.0024368762969970703
0.002511262893676758
0.0024116039276123047
0.002401113510131836
0.0025005340576171875
0.002403736114501953
0.002441883087158203
0.0024330615997314453
0.0024039745330810547
0.002439260482788086
0.0027298927307128906
0.0025725364685058594
0.002359151840209961
0.00243377685546875
0.002435445785522461
0.002389669418334961
0.002367258071899414
0.002557516098022461
0.002431154251098633
0.0024983882904052734
0.0032777786254882812
0.0026721954345703125
0.0024487972259521484
0.002413511276245117
0.0025560855865478516
0.0028362274169921875
0.0026464462280273438
0.0024261474609375
0.002629995346069336
0.002859354019165039
0.002802610397338867
0.002504587173461914
0.0026137828826904297
0.0024309158325195312
0.002473115921020508
0.0026450157165527344
0.0025429725646972656
0.0025217533111572266
0.0024552345275878906
0.0035228729248046875
0.003299713134765625
0.002401590347290039
0.0023946762084960938
0.0024406909942626953
0.0032939910888671875
0.0023615360260009766
0.0023725032806396484
0.004943132400512695
0.0023810863494873047
0.002384185791015625
0.0023713111877441406
0.002370119094848633
0.0024700164794921875
0.002390623092651367
0.0024344921112060547
0.0024127960205078125
0.002368927001953125
0.002421140670776367
0.0024476051330566406
0.0023767948150634766
0.0024344921112060547
0.0024445056915283203
0.0023865699768066406
0.0024094581604003906
0.002394437789916992
0.0023941993713378906
0.002400636672973633
0.0023937225341796875
0.0024056434631347656
0.002416372299194336
0.0023818016052246094
0.0024652481079101562
0.0023801326751708984
0.002393484115600586
0.0023908615112304688
0.0024347305297851562
0.002409219741821289
0.002373933792114258
0.002456188201904297
0.0024271011352539062
0.0024232864379882812
0.0024056434631347656
0.0023682117462158203
0.0024194717407226562
0.0025115013122558594
0.0024194717407226562
0.002418994903564453
0.002405881881713867
0.0023865699768066406
0.002377033233642578
0.0023856163024902344
0.0024175643920898438
0.0023963451385498047
0.0024650096893310547
0.0024023056030273438
0.0025010108947753906
0.0024688243865966797
0.0025482177734375
0.0024743080139160156
0.002454042434692383
0.0024726390838623047
0.0024700164794921875
0.0024132728576660156
0.0023965835571289062
0.0025548934936523438
0.002452373504638672
0.002400636672973633
0.0024771690368652344
0.0025136470794677734
0.0024449825286865234
0.002501249313354492
0.0024657249450683594
0.002402067184448242
0.0025076866149902344
0.0026493072509765625
0.0024607181549072266
0.002536296844482422
0.0024323463439941406
0.0023827552795410156
0.0024275779724121094
0.0024411678314208984
0.0024149417877197266
0.00243377685546875
0.002432107925415039
0.0025641918182373047
0.002490997314453125
0.002377033233642578
0.002378702163696289
0.002399444580078125
0.002392292022705078
0.0023720264434814453
0.002386331558227539
0.002366304397583008
0.0023877620697021484
0.002401113510131836
0.0023851394653320312
0.0023889541625976562
0.0023651123046875
0.002377748489379883
0.002390146255493164
0.0023801326751708984
0.0023686885833740234
0.002420663833618164
0.002380847930908203
0.002378225326538086
0.0023720264434814453
0.002383708953857422
0.0024313926696777344
0.0023772716522216797
0.0024187564849853516
0.0023882389068603516
0.0024344921112060547
0.0023887157440185547
0.0023696422576904297
0.0023698806762695312
0.0023894309997558594
0.002369403839111328
0.0023772716522216797
0.002377033233642578
0.002408742904663086
0.002402782440185547
0.0023794174194335938
0.0023827552795410156
0.002396106719970703
0.0024063587188720703
0.0026025772094726562
0.0024089813232421875
0.002463817596435547
0.002380847930908203
0.002441883087158203
0.002393007278442383
0.002352476119995117
0.002365589141845703
0.0023772716522216797
0.002371549606323242
0.0023932456970214844
0.0023622512817382812
0.0023860931396484375
0.0023908615112304688
0.0023839473724365234
0.0023818016052246094
0.0023832321166992188
0.0023756027221679688
0.002407550811767578
0.002346038818359375
0.002361774444580078
0.0023679733276367188
0.0023734569549560547
0.0023975372314453125
0.002370119094848633
0.0023543834686279297
0.0024657249450683594
0.0024328231811523438
0.002452850341796875
0.002620220184326172
0.0024607181549072266
0.0024640560150146484
0.0024919509887695312
0.0024008750915527344
0.002514362335205078
0.002403736114501953
0.002466440200805664
0.002411365509033203
0.0025854110717773438
0.0024051666259765625
0.002610445022583008
0.0024056434631347656
0.0024404525756835938
0.0023784637451171875
0.0023949146270751953
0.0024209022521972656
0.0024132728576660156
0.0024652481079101562
0.0024254322052001953
0.0024068355560302734
0.002449512481689453
0.0025610923767089844
0.0023920536041259766
0.0024662017822265625
0.002426624298095703
0.0024182796478271484
0.002492666244506836
0.002415895462036133
0.0024564266204833984
0.0026319026947021484
0.002425670623779297
0.0024797916412353516
0.002496004104614258
0.002595186233520508
0.0024330615997314453
0.002449512481689453
0.0024080276489257812
0.002639293670654297
0.0024755001068115234
0.0025234222412109375
0.0026421546936035156
0.0024542808532714844
0.0024008750915527344
0.0025022029876708984
0.002413511276245117
0.0024366378784179688
0.0025010108947753906
0.002445697784423828
0.0025327205657958984
0.002428293228149414
0.002571582794189453
0.002450704574584961
0.002455472946166992
0.0024564266204833984
0.0024797916412353516
0.002474069595336914
0.0023834705352783203
0.002359151840209961
0.002357006072998047
0.0023529529571533203
0.0023963451385498047
0.002444744110107422
0.0024008750915527344
0.002399444580078125
0.0023643970489501953
0.0023577213287353516
0.0023779869079589844
0.0023818016052246094
0.0023789405822753906
0.002407073974609375
0.002384185791015625
0.0023894309997558594
0.0023980140686035156
0.0023887157440185547
0.0024728775024414062
0.002425670623779297
0.002444028854370117
0.0024995803833007812
0.002409696578979492
0.0024356842041015625
0.002398967742919922
0.0024385452270507812
0.0023746490478515625
0.002503633499145508
0.002406597137451172
0.0024509429931640625
0.0024449825286865234
0.0024106502532958984
0.0025551319122314453
0.0023856163024902344
0.002444028854370117
0.0024330615997314453
0.002391338348388672
0.002366304397583008
0.002403736114501953
0.0023992061614990234
0.0023653507232666016
0.002381563186645508
0.002393007278442383
0.0023717880249023438
0.002412557601928711
0.0024347305297851562
0.002416849136352539
0.0025014877319335938
0.002388477325439453
0.002464771270751953
0.0024449825286865234
0.002357959747314453
0.002382516860961914
0.0024280548095703125
0.002370595932006836
0.002414703369140625
0.0024161338806152344
0.0023505687713623047
0.0023965835571289062
0.002408266067504883
0.0023415088653564453
0.002399444580078125
0.0024080276489257812
0.002397298812866211
0.0024063587188720703
0.0023505687713623047
0.002396821975708008
0.002415180206298828
0.0024099349975585938
0.002384185791015625
0.0023746490478515625
0.0024275779724121094
0.0024831295013427734
0.002393007278442383
0.0023703575134277344
0.0023522377014160156
0.0023849010467529297
0.002374887466430664
0.0023856163024902344
0.002358675003051758
0.00241851806640625
0.002504110336303711
0.0026018619537353516
0.0023784637451171875
0.0023713111877441406
0.0023636817932128906
0.0024232864379882812
0.0023310184478759766
0.00237274169921875
0.0023894309997558594
0.002384185791015625
0.002450704574584961
0.0024085044860839844
0.002362489700317383
0.002389669418334961
0.002352476119995117
0.0023801326751708984
0.002383708953857422
0.002404928207397461
0.002409696578979492
0.0024232864379882812
0.002376556396484375
0.002364635467529297
0.0023941993713378906
0.002379179000854492
0.0023605823516845703
0.002354860305786133
0.0023801326751708984
0.002374887466430664
0.002390623092651367
0.002399921417236328
0.0023992061614990234
0.0023813247680664062
0.002531290054321289
0.002655029296875
0.0024178028106689453
0.0030624866485595703
0.002585172653198242
0.0027027130126953125
0.0027654170989990234
0.0027320384979248047
0.0030515193939208984
0.002709627151489258
0.002736806869506836
0.0027191638946533203
0.0027923583984375
0.0029473304748535156
0.0027534961700439453
0.0028848648071289062
0.002782583236694336
0.0024492740631103516
0.002356290817260742
0.0024194717407226562
0.0023899078369140625
0.002378702163696289
0.002385854721069336
0.002382516860961914
0.0023746490478515625
0.002389669418334961
0.002391338348388672
0.0023725032806396484
0.0023877620697021484
0.002362489700317383
0.0024068355560302734
0.0027692317962646484
0.0023849010467529297
0.002488374710083008
0.0024547576904296875
0.0026655197143554688
0.002769947052001953
0.00335693359375
0.002734661102294922
0.0026891231536865234
0.003013134002685547
0.0027277469635009766
0.002482891082763672
0.0024442672729492188
0.002461671829223633
0.002498149871826172
0.00247955322265625
0.0024597644805908203
0.002435922622680664
0.002398967742919922
0.002411365509033203
0.0024809837341308594
0.0024919509887695312
0.0024378299713134766
0.0024852752685546875
0.0023543834686279297
0.0023682117462158203
0.0024025440216064453
0.0023615360260009766
0.002393007278442383
0.0023822784423828125
0.002373218536376953
0.0024352073669433594
0.0024034976959228516
0.002407073974609375
0.0023932456970214844
0.0023975372314453125
0.0023953914642333984
0.002447843551635742
0.002386808395385742
0.002432107925415039
0.0023865699768066406
0.002370595932006836
0.002446889877319336
0.0023648738861083984
0.0023910999298095703
0.002368927001953125
0.0023839473724365234
0.0023758411407470703
0.0023810863494873047
0.002451181411743164
0.002379894256591797
0.0023818016052246094
0.0023767948150634766
0.002389192581176758
0.002385854721069336
0.002379179000854492
0.002397775650024414
0.002364635467529297
0.002373933792114258
0.0024225711822509766
0.002366304397583008
0.0024106502532958984
0.0023756027221679688
0.0023860931396484375
0.002355813980102539
0.0023691654205322266
0.0023806095123291016
0.0023958683013916016
0.002393007278442383
0.0023593902587890625
0.002361297607421875
0.002388477325439453
0.002358675003051758
0.00235748291015625
0.0023946762084960938
0.0023910999298095703
0.0023512840270996094
0.0023970603942871094
0.0023779869079589844
0.0023488998413085938
0.002403736114501953
0.0025348663330078125
0.002423524856567383
0.0025610923767089844
0.0024213790893554688
0.002379894256591797
0.0023603439331054688
0.0023763179779052734
0.002386808395385742
0.0023844242095947266
0.00235748291015625
0.0024471282958984375
0.0026290416717529297
0.0024302005767822266
0.0024619102478027344
0.002473592758178711
0.002409696578979492
0.002425670623779297
0.0024957656860351562
0.0024442672729492188
0.0024261474609375
0.002441883087158203
0.0023832321166992188
0.0025386810302734375
0.0024924278259277344
0.002465486526489258
0.0024611949920654297
0.0025053024291992188
0.0024247169494628906
0.0024018287658691406
0.0024094581604003906
0.0024013519287109375
0.002402067184448242
0.002367734909057617
0.002379179000854492
0.0023751258850097656
0.0023872852325439453
0.0023720264434814453
0.0023958683013916016
0.0024001598358154297
0.0026149749755859375
0.0024271011352539062
0.0024330615997314453
0.0024254322052001953
0.002457141876220703
0.002418994903564453
0.002625703811645508
0.002455472946166992
0.0024390220642089844
0.0024259090423583984
0.0024123191833496094
0.0025682449340820312
0.002414226531982422
0.002454042434692383
0.002360820770263672
0.0024209022521972656
0.0024001598358154297
0.0027980804443359375
0.0023832321166992188
0.0024259090423583984
0.0024709701538085938
0.0024194717407226562
0.002609729766845703
0.002447366714477539
0.002427816390991211
0.002529144287109375
0.0024123191833496094
0.0025284290313720703
0.0024919509887695312
0.002480030059814453
0.0024306774139404297
0.0024313926696777344
0.0024497509002685547
0.0024912357330322266
0.002474069595336914
0.0024001598358154297
0.0023870468139648438
0.0023810863494873047
0.0023658275604248047
0.0023772716522216797
0.0023355484008789062
0.0023589134216308594
0.002361774444580078
0.0023903846740722656
0.0023856163024902344
0.002369403839111328
0.0023772716522216797
0.0023865699768066406
0.0023593902587890625
0.002355337142944336
0.0023822784423828125
0.0023682117462158203
0.00237274169921875
0.0023658275604248047
0.0023572444915771484
0.002384185791015625
0.002396106719970703
0.0024042129516601562
0.002389192581176758
0.0023806095123291016
0.002374887466430664
0.0023980140686035156
0.0023670196533203125
0.002366304397583008
0.002389669418334961
0.0023643970489501953
0.0023937225341796875
0.0023593902587890625
0.0023598670959472656
0.0023872852325439453
0.002399921417236328
0.0023741722106933594
0.0023779869079589844
0.0023822784423828125
0.002357959747314453
0.002384662628173828
0.002376556396484375
0.002389669418334961
0.0023756027221679688
0.0023622512817382812
0.0024013519287109375
0.0023946762084960938
0.0024056434631347656
0.002370119094848633
0.0023806095123291016
0.002373218536376953
0.002376079559326172
0.0023648738861083984
0.0023872852325439453
0.0023717880249023438
0.0023708343505859375
0.0023903846740722656
0.0023517608642578125
0.002363920211791992
0.0023679733276367188
0.0023469924926757812
0.0023932456970214844
0.0024018287658691406
0.0025300979614257812
0.0024101734161376953
0.0023376941680908203
0.0023620128631591797
0.0023651123046875
0.002359628677368164
0.002374887466430664
0.002382516860961914
0.0023717880249023438
0.002408266067504883
0.002365589141845703
0.0023772716522216797
0.0023801326751708984
0.0023682117462158203
0.0023775100708007812
0.0023679733276367188
0.0023605823516845703
0.002392292022705078
0.0023941993713378906
0.002405881881713867
0.0024127960205078125
0.002363443374633789
0.0024509429931640625
0.0023713111877441406
0.002385377883911133
0.0023818016052246094
0.002399921417236328
0.002397298812866211
0.0023822784423828125
0.002376556396484375
0.0023806095123291016
0.0023953914642333984
0.002379894256591797
0.0023980140686035156
0.0023965835571289062
0.0023775100708007812
0.0024220943450927734
0.0023658275604248047
0.0023915767669677734
0.002396821975708008
0.002393960952758789
0.002397775650024414
0.002371072769165039
0.0023872852325439453
0.002407073974609375
0.002360820770263672
0.0023806095123291016
0.0023927688598632812
0.002348661422729492
0.002390146255493164
0.002366304397583008
0.002401113510131836
0.0024013519287109375
0.002403736114501953
0.0023822784423828125
0.002389669418334961
0.0023407936096191406
0.002390146255493164
0.0024166107177734375
0.0024023056030273438
0.0023751258850097656
0.002359151840209961
0.002386808395385742
0.0024118423461914062
0.0023779869079589844
0.002380847930908203
0.002374410629272461
0.0024023056030273438
0.0023794174194335938
0.002368450164794922
0.002373933792114258
0.00237274169921875
0.0023560523986816406
0.0023717880249023438
0.002333402633666992
0.0023772716522216797
0.002389669418334961
0.002363920211791992
0.002390623092651367
0.0023946762084960938
0.0023758411407470703
0.002370595932006836
0.002379179000854492
0.0023941993713378906
0.0023698806762695312
0.0023751258850097656
0.0024001598358154297
0.0023899078369140625
0.002357006072998047
0.0023589134216308594
0.002367258071899414
0.0023903846740722656
0.002415895462036133
0.0023488998413085938
0.0023784637451171875
0.002407073974609375
0.0023610591888427734
0.0023910999298095703
0.002364635467529297
0.002367734909057617
0.002366304397583008
0.002523183822631836
0.0027654170989990234
0.0025072097778320312
0.0024750232696533203
0.002438068389892578
0.0024962425231933594
0.002467632293701172
0.0024840831756591797
0.0025811195373535156
0.002511262893676758
0.0026466846466064453
0.0024979114532470703
0.002538919448852539
0.0024917125701904297
0.0025866031646728516
0.0024559497833251953
0.0024809837341308594
0.0024785995483398438
0.002387523651123047
0.0024802684783935547
0.0025141239166259766
0.0026123523712158203
0.0024840831756591797
0.0024101734161376953
0.0023984909057617188
0.002433300018310547
0.002474069595336914
0.002519369125366211
0.002485990524291992
0.0025517940521240234
0.0024785995483398438
0.0023949146270751953
0.0025064945220947266
0.002461671829223633
0.0023839473724365234
0.0024957656860351562
0.0025365352630615234
0.0025377273559570312
0.0024864673614501953
0.002565145492553711
0.0026705265045166016
0.0026710033416748047
0.0030684471130371094
0.0026640892028808594
0.002909421920776367
0.0026695728302001953
0.0026390552520751953
0.002668619155883789
0.0024042129516601562
0.002455472946166992
0.0023860931396484375
0.0023980140686035156
0.002431154251098633
0.002397775650024414
0.002372264862060547
0.0023860931396484375
0.0023932456970214844
0.0024361610412597656
0.0023975372314453125
0.002389192581176758
0.002490520477294922
0.0024666786193847656
0.0025544166564941406
0.0024535655975341797
0.0025806427001953125
0.0024144649505615234
0.0024352073669433594
0.002386808395385742
0.002380847930908203
0.0024237632751464844
0.002420186996459961
0.00469660758972168
0.0024013519287109375
0.002382516860961914
0.002418994903564453
0.0024025440216064453
0.0024209022521972656
0.00244140625
0.002367734909057617
0.0023949146270751953
0.0023806095123291016
0.002388477325439453
0.0024013519287109375
