0.016815185546875
0.016523122787475586
0.016456127166748047
0.016202211380004883
0.016246557235717773
0.015943050384521484
0.016314029693603516
0.016237497329711914
0.016513347625732422
0.01692819595336914
0.016722440719604492
0.016763687133789062
0.0170285701751709
0.016469240188598633
0.01692986488342285
0.016898155212402344
0.016631126403808594
0.01659393310546875
0.01672220230102539
0.01677989959716797
0.016802549362182617
0.016752243041992188
0.016587257385253906
0.016813039779663086
0.01682567596435547
0.016787290573120117
0.017009496688842773
0.016725540161132812
0.016820669174194336
0.01680135726928711
0.016866207122802734
0.017070770263671875
0.01714491844177246
0.017273902893066406
0.016681432723999023
0.017161130905151367
0.017291545867919922
0.016982555389404297
0.01720404624938965
0.017365217208862305
0.017467021942138672
0.017458200454711914
0.0171968936920166
0.017030000686645508
0.01677107810974121
0.017372608184814453
0.018040180206298828
0.018213748931884766
0.017631053924560547
0.017001867294311523
0.01703619956970215
0.016963481903076172
0.017125368118286133
0.017377853393554688
0.017127513885498047
0.01780247688293457
0.017339229583740234
0.018268823623657227
0.01858830451965332
0.017231464385986328
0.017020702362060547
0.017064332962036133
0.01671600341796875
0.016707897186279297
0.017180204391479492
0.017868518829345703
0.017141342163085938
0.018068313598632812
0.01731133460998535
0.017015695571899414
0.017208576202392578
0.01674628257751465
0.01697063446044922
0.0169069766998291
0.01684737205505371
0.016943931579589844
0.01698017120361328
0.017004966735839844
0.016681432723999023
0.01687312126159668
0.016778230667114258
0.01658344268798828
0.0171661376953125
0.016834020614624023
0.01717400550842285
0.01728343963623047
0.01732921600341797
0.01719212532043457
0.017391204833984375
0.01698589324951172
0.017058372497558594
0.0172576904296875
0.0168609619140625
0.017026901245117188
0.0173189640045166
0.016977310180664062
0.01728677749633789
0.017246484756469727
0.017109394073486328
0.017328977584838867
0.017351150512695312
0.017762184143066406
0.017105579376220703
0.01685476303100586
0.016903400421142578
0.017405986785888672
0.016968488693237305
0.01719355583190918
0.017033100128173828
0.016743183135986328
0.016841888427734375
0.0168914794921875
0.016779422760009766
0.016574382781982422
0.0168612003326416
0.016550779342651367
0.016823530197143555
0.016888856887817383
0.016653060913085938
0.01676177978515625
0.017049312591552734
0.016485929489135742
0.016611337661743164
0.01668071746826172
0.016329050064086914
0.016661405563354492
0.01677727699279785
0.016603469848632812
0.016881942749023438
0.016754150390625
0.016611099243164062
0.016679763793945312
0.01651930809020996
0.016668081283569336
0.016774892807006836
0.016510009765625
0.016628742218017578
0.016490697860717773
0.01670384407043457
0.016750335693359375
0.016477584838867188
0.016857385635375977
0.016620397567749023
0.016892194747924805
0.016788959503173828
0.016546964645385742
0.0167844295501709
0.01665782928466797
0.016684770584106445
0.01692986488342285
0.017267227172851562
0.017786741256713867
0.01728653907775879
0.01710987091064453
0.016882658004760742
0.017136812210083008
0.016994953155517578
0.016774415969848633
0.017569303512573242
0.01752495765686035
0.01751565933227539
0.017345905303955078
0.017368078231811523
0.017453670501708984
0.017242908477783203
0.016745328903198242
0.016772747039794922
0.016894817352294922
0.01676321029663086
0.016693830490112305
0.017415523529052734
0.01710033416748047
0.01729893684387207
0.01692509651184082
0.016837596893310547
0.018220901489257812
0.018288373947143555
0.016965389251708984
0.017475605010986328
0.016724586486816406
0.016422748565673828
0.016746044158935547
0.016657590866088867
0.016626358032226562
0.016907691955566406
0.016831636428833008
0.01646137237548828
0.017094135284423828
0.016608476638793945
0.016434431076049805
0.016686439514160156
0.016362428665161133
0.0164639949798584
0.01650261878967285
0.016281843185424805
0.0164644718170166
0.01659083366394043
0.01654195785522461
0.01642751693725586
0.016408443450927734
0.016707420349121094
0.016871929168701172
0.017305374145507812
0.01788187026977539
0.01783609390258789
0.017633676528930664
0.01749873161315918
0.01803874969482422
0.017796039581298828
0.016748428344726562
0.017029523849487305
0.017552614212036133
0.01708197593688965
0.01725006103515625
0.017574310302734375
0.017009735107421875
0.017088651657104492
0.017247676849365234
0.017012357711791992
0.016996145248413086
0.016866445541381836
0.016990184783935547
0.01724529266357422
0.016821861267089844
0.016591787338256836
0.01680135726928711
0.01665353775024414
0.0167694091796875
0.016737937927246094
0.016478538513183594
0.016784191131591797
0.017188310623168945
0.01724553108215332
0.016782283782958984
0.0173187255859375
0.01661539077758789
0.01666855812072754
0.017198801040649414
0.016840219497680664
0.016679763793945312
0.01692485809326172
0.017421245574951172
0.017151594161987305
0.018252849578857422
0.017731189727783203
0.017986774444580078
0.017812490463256836
0.01800823211669922
0.017496109008789062
0.017608642578125
0.01741957664489746
0.01714801788330078
0.016770601272583008
0.017531156539916992
0.017044544219970703
0.016885757446289062
0.016649484634399414
0.01716160774230957
0.01714181900024414
0.016941070556640625
0.01640772819519043
0.016604185104370117
0.01683187484741211
0.016820430755615234
0.01692986488342285
0.016672849655151367
0.016734838485717773
0.01641988754272461
0.01641058921813965
0.01671886444091797
0.0164334774017334
0.01624774932861328
0.016651391983032227
0.016667604446411133
0.01644730567932129
0.016808271408081055
0.01695394515991211
0.016506433486938477
0.01681804656982422
0.01677083969116211
0.0164031982421875
0.016712665557861328
0.016736745834350586
0.01632213592529297
0.016691207885742188
0.01665496826171875
0.01650261878967285
0.016887426376342773
0.01708507537841797
0.016583919525146484
0.016728878021240234
0.01656055450439453
0.01607799530029297
0.018635988235473633
0.01844477653503418
0.017791748046875
0.01755499839782715
0.01657724380493164
0.016615867614746094
0.01681828498840332
0.016702651977539062
0.017313480377197266
0.01716017723083496
0.016708850860595703
0.017106056213378906
0.017790555953979492
0.01767444610595703
0.017451047897338867
0.016819238662719727
0.017121553421020508
0.017238378524780273
0.017026185989379883
0.01689887046813965
0.01727771759033203
0.016816139221191406
0.01692485809326172
0.016811609268188477
0.01661515235900879
0.016936779022216797
0.01667642593383789
0.016299724578857422
0.016530990600585938
0.016681432723999023
0.01651453971862793
0.01646137237548828
0.016646385192871094
0.01631784439086914
0.016657352447509766
0.01769542694091797
0.01697373390197754
0.016673803329467773
0.01699233055114746
0.016513347625732422
0.016379117965698242
0.016763687133789062
0.01680159568786621
0.016624927520751953
0.016510009765625
0.0164031982421875
0.01665663719177246
0.017648696899414062
0.016875028610229492
0.01682114601135254
0.01715683937072754
0.016848087310791016
0.016961336135864258
0.017091751098632812
0.016894102096557617
0.016922712326049805
0.016650915145874023
0.01678323745727539
0.016530990600585938
0.016698598861694336
0.016643762588500977
0.016810178756713867
0.016474485397338867
0.01623678207397461
0.01632380485534668
0.016600608825683594
0.01626110076904297
0.01671433448791504
0.0171048641204834
0.016602039337158203
0.01674199104309082
0.01686573028564453
0.016805648803710938
0.016732215881347656
0.016703367233276367
0.016811132431030273
0.016759872436523438
0.01696920394897461
0.01702260971069336
0.017041921615600586
0.017411470413208008
0.0171663761138916
0.0170900821685791
0.017177343368530273
0.01720404624938965
0.01737189292907715
0.01704883575439453
0.01717972755432129
0.0169680118560791
0.0171663761138916
0.01725172996520996
0.017434120178222656
0.017384767532348633
0.017316818237304688
0.017505884170532227
0.018741607666015625
0.018944740295410156
0.017348527908325195
0.01781916618347168
0.017076969146728516
0.017205476760864258
0.01694655418395996
0.016683101654052734
0.016456127166748047
0.016546964645385742
0.01647663116455078
0.016409635543823242
0.016458749771118164
0.016533613204956055
0.01668524742126465
0.01694774627685547
0.016760587692260742
0.016947269439697266
0.016863584518432617
0.01681828498840332
0.01691293716430664
0.01654362678527832
0.016681194305419922
0.019738435745239258
0.01839733123779297
0.017672061920166016
0.017361879348754883
0.016536474227905273
0.016606569290161133
0.016784191131591797
0.016822338104248047
0.016724824905395508
0.016943693161010742
0.01671004295349121
0.016915082931518555
0.0168454647064209
0.01677107810974121
0.01657557487487793
0.016689777374267578
0.016664743423461914
0.01707148551940918
0.017025470733642578
0.01891636848449707
0.017919301986694336
0.017160892486572266
0.01688694953918457
0.0166013240814209
0.016709089279174805
0.01651597023010254
0.01659846305847168
0.01684403419494629
0.017160654067993164
0.017026424407958984
0.01744389533996582
0.017899513244628906
0.01697087287902832
0.0170135498046875
0.017267227172851562
0.017356395721435547
0.017239093780517578
0.017877817153930664
0.017587900161743164
0.01833820343017578
0.01815652847290039
0.01830911636352539
0.018571853637695312
0.018387794494628906
0.017861127853393555
0.017725229263305664
0.01779794692993164
0.017541885375976562
0.017171382904052734
0.017381906509399414
0.01679706573486328
0.017140626907348633
0.01733684539794922
0.017016172409057617
0.016909360885620117
0.017008304595947266
0.016670942306518555
0.01729726791381836
0.017143964767456055
0.016895055770874023
0.016782283782958984
0.01663804054260254
0.016924619674682617
0.016718387603759766
0.01710653305053711
0.017222166061401367
0.0173797607421875
0.016747236251831055
0.01723504066467285
0.016933441162109375
0.017012596130371094
0.017114639282226562
0.016678810119628906
0.01696610450744629
0.017241954803466797
0.016751766204833984
0.016933202743530273
0.01686859130859375
0.016791820526123047
0.01668381690979004
0.01703786849975586
0.016978740692138672
0.016983985900878906
0.016599655151367188
0.017034530639648438
0.016832590103149414
0.016934871673583984
0.01705455780029297
0.016926050186157227
0.01688408851623535
0.01653575897216797
0.01634836196899414
0.01692676544189453
0.016658306121826172
0.01743006706237793
0.01792597770690918
0.01813364028930664
0.018279075622558594
0.018495798110961914
0.018111467361450195
0.01704239845275879
0.017183303833007812
0.017731428146362305
0.017652034759521484
0.017748594284057617
0.01755523681640625
0.01713085174560547
0.01713252067565918
0.01693105697631836
0.017327547073364258
0.017867565155029297
0.017393827438354492
0.017060279846191406
0.016865015029907227
0.016662120819091797
0.016843080520629883
0.019760608673095703
0.01837944984436035
0.0178220272064209
0.016939640045166016
0.016991138458251953
0.01685953140258789
0.017094135284423828
0.017145633697509766
0.017142057418823242
0.017127037048339844
0.01733708381652832
0.017358779907226562
0.01697397232055664
0.016644716262817383
0.016629934310913086
0.016792774200439453
0.017366409301757812
0.016869068145751953
0.01659703254699707
0.01666712760925293
0.016334056854248047
0.016428232192993164
0.01650261878967285
0.016733169555664062
0.016521453857421875
0.01620173454284668
0.016306638717651367
0.016232013702392578
0.016329288482666016
0.016815185546875
0.01658034324645996
0.016457796096801758
0.016579389572143555
0.016529083251953125
0.016667604446411133
0.0167543888092041
0.016312837600708008
0.016592979431152344
0.016640901565551758
0.01645827293395996
0.016877412796020508
0.01690363883972168
0.016903400421142578
0.01648259162902832
0.016644954681396484
0.01663064956665039
0.016852855682373047
0.016788244247436523
0.01627659797668457
0.016350269317626953
0.016785860061645508
0.016658306121826172
0.017373323440551758
0.01770496368408203
0.01732349395751953
0.01693105697631836
0.016779661178588867
0.01717519760131836
0.017302989959716797
0.017470359802246094
0.017354726791381836
0.017307043075561523
0.017124414443969727
0.017339706420898438
0.016620397567749023
0.016882658004760742
0.01694512367248535
0.016826391220092773
0.016571044921875
0.016999483108520508
0.016587495803833008
0.01698899269104004
0.017277956008911133
0.01676034927368164
0.016575098037719727
0.0167391300201416
0.016626358032226562
0.016645431518554688
0.016684770584106445
0.016535043716430664
0.01636481285095215
0.016558408737182617
0.016681432723999023
0.016809701919555664
0.016596078872680664
0.016750335693359375
0.016502857208251953
0.016675233840942383
0.016774654388427734
0.016788721084594727
0.016797542572021484
0.01648116111755371
0.0165708065032959
0.01642775535583496
0.01636219024658203
0.01662445068359375
0.016758441925048828
0.016988515853881836
0.016735553741455078
0.017100095748901367
0.017147302627563477
0.017020702362060547
0.016993045806884766
0.01668834686279297
0.01730799674987793
0.017124652862548828
0.017076730728149414
0.016663312911987305
0.016440391540527344
0.016721487045288086
0.016652584075927734
0.01706695556640625
0.017142057418823242
0.017218828201293945
0.01677703857421875
0.01672053337097168
0.016612768173217773
0.016611576080322266
0.018862009048461914
0.018889188766479492
0.01782822608947754
0.017390727996826172
0.017361879348754883
0.017080068588256836
0.01735663414001465
0.01748180389404297
0.017192602157592773
0.017122983932495117
0.017333984375
0.017499685287475586
0.017397642135620117
0.01681661605834961
0.016790390014648438
0.016828536987304688
0.016850948333740234
0.017040014266967773
0.0166168212890625
0.016483306884765625
0.016712188720703125
0.016488075256347656
0.016675949096679688
0.01666426658630371
0.016532182693481445
0.01651787757873535
0.016552209854125977
0.01651740074157715
0.016561508178710938
0.016617774963378906
0.01665353775024414
0.016801118850708008
0.016546010971069336
0.016573429107666016
0.01631784439086914
0.01627039909362793
0.015887022018432617
0.016484737396240234
0.01659679412841797
0.017455101013183594
0.017945051193237305
0.017383813858032227
0.01686882972717285
0.016408920288085938
0.01627945899963379
0.01607060432434082
0.01636362075805664
0.016184568405151367
0.016111135482788086
0.01655292510986328
0.016779661178588867
0.01653909683227539
0.017316579818725586
0.017147064208984375
0.017095088958740234
0.01719951629638672
0.017420053482055664
0.017521142959594727
0.017342329025268555
0.01741623878479004
0.017276287078857422
0.01704716682434082
0.016534090042114258
0.016889095306396484
0.01658463478088379
0.01743936538696289
0.01777791976928711
0.01747870445251465
0.017166614532470703
0.017113447189331055
0.017180204391479492
0.01729416847229004
0.016781091690063477
0.016779422760009766
0.017251253128051758
0.017757892608642578
0.01715087890625
0.01716470718383789
0.01705646514892578
0.017223119735717773
0.01689600944519043
0.017502307891845703
0.01743626594543457
0.017295360565185547
0.01714491844177246
0.01713728904724121
0.017500877380371094
0.017474889755249023
0.01739215850830078
0.017740726470947266
0.01684117317199707
0.016730308532714844
0.017304182052612305
0.016691923141479492
0.016902685165405273
0.01716446876525879
0.017555713653564453
0.017393112182617188
0.01742839813232422
0.017522096633911133
0.017277240753173828
0.017049789428710938
0.01708984375
0.017009496688842773
0.01673722267150879
0.016748905181884766
0.016881704330444336
0.016966819763183594
0.01697397232055664
0.017090797424316406
0.017204761505126953
0.01725006103515625
0.016793251037597656
0.016860485076904297
0.016718387603759766
0.01718902587890625
0.016697406768798828
0.018035173416137695
0.018779516220092773
0.01755523681640625
0.017789840698242188
0.01725625991821289
0.016663551330566406
0.017136812210083008
0.017127275466918945
0.01705479621887207
0.016809701919555664
0.016790390014648438
0.016689062118530273
0.01674509048461914
0.016668319702148438
0.016565799713134766
0.016585588455200195
0.016533374786376953
0.016614437103271484
0.01642131805419922
0.01636338233947754
0.016607284545898438
0.016415119171142578
0.016414642333984375
0.01653432846069336
0.016422271728515625
0.0164029598236084
0.016836881637573242
0.01678299903869629
0.01675271987915039
0.016901731491088867
0.017031431198120117
0.01721811294555664
0.016749858856201172
0.017144203186035156
0.016941308975219727
0.01709127426147461
0.017060279846191406
0.016618013381958008
0.01700901985168457
0.017112255096435547
0.016659021377563477
0.01690363883972168
0.01671576499938965
0.01643681526184082
0.016558170318603516
0.01640796661376953
0.01640152931213379
0.016439437866210938
0.016248226165771484
0.016187667846679688
0.016378402709960938
0.016345739364624023
0.016535520553588867
0.016357898712158203
0.016622304916381836
0.016398191452026367
0.016350984573364258
0.01655888557434082
0.01644444465637207
0.016454219818115234
0.016692161560058594
0.016234874725341797
0.016402482986450195
0.01648712158203125
0.016442298889160156
0.01647353172302246
0.016587018966674805
0.0172426700592041
0.017453908920288086
0.017192363739013672
0.01684856414794922
0.017213106155395508
0.016727447509765625
0.016521215438842773
0.017178058624267578
0.016754627227783203
0.016330242156982422
0.01694631576538086
0.01644134521484375
0.01644611358642578
0.016416072845458984
0.01630878448486328
0.016149520874023438
0.016559123992919922
0.01661515235900879
0.01658940315246582
0.01663970947265625
0.01696491241455078
0.01689291000366211
0.01713871955871582
0.016939640045166016
0.016710996627807617
0.01654672622680664
0.01680135726928711
0.016601085662841797
0.016674280166625977
0.017168521881103516
0.017433643341064453
0.017437458038330078
0.01744675636291504
0.017296791076660156
0.018106698989868164
0.017542123794555664
0.01797318458557129
0.017562150955200195
0.01736760139465332
0.017037391662597656
0.017055749893188477
0.01678013801574707
0.017132997512817383
0.016562461853027344
0.01682114601135254
0.016788482666015625
0.016791582107543945
0.016487598419189453
0.016318798065185547
0.016284942626953125
0.016744613647460938
0.016483783721923828
0.018570423126220703
0.019099712371826172
0.017903566360473633
0.017778873443603516
0.01667928695678711
0.016699790954589844
0.017037153244018555
0.01697540283203125
0.016772031784057617
0.01685023307800293
0.018674612045288086
0.018445491790771484
0.017098188400268555
0.017195940017700195
0.017021656036376953
0.016938209533691406
0.017201662063598633
0.01668381690979004
0.016996383666992188
0.01658153533935547
0.01651740074157715
0.016476869583129883
0.016651391983032227
0.016582489013671875
0.016338586807250977
0.0162506103515625
0.016237735748291016
0.016315460205078125
0.016525983810424805
0.016300678253173828
0.01646566390991211
0.016210317611694336
0.015753507614135742
0.016433238983154297
0.016295671463012695
0.016182422637939453
0.01632523536682129
0.01671314239501953
0.016480207443237305
0.016744375228881836
0.016814708709716797
0.016719818115234375
0.016132831573486328
0.016382455825805664
0.016148805618286133
0.016570329666137695
0.016475677490234375
0.016932010650634766
0.01705622673034668
0.016858816146850586
0.016524314880371094
0.01673150062561035
0.016828060150146484
0.016922950744628906
0.01672220230102539
0.016674280166625977
0.01676154136657715
0.01684713363647461
0.016855955123901367
0.016962051391601562
0.016681671142578125
0.017002582550048828
0.016718626022338867
0.016762256622314453
0.01716327667236328
0.01781439781188965
0.017427682876586914
0.016852855682373047
0.016912460327148438
0.017689228057861328
0.017403125762939453
0.01720881462097168
0.01691579818725586
0.01702713966369629
0.017076730728149414
0.01685333251953125
0.01679086685180664
0.016894817352294922
0.01673102378845215
0.016676664352416992
0.01666855812072754
0.01664900779724121
0.016966581344604492
0.016683340072631836
0.016535520553588867
0.0166623592376709
0.01646280288696289
0.016294479370117188
0.016546010971069336
0.0166623592376709
0.01632380485534668
0.016501903533935547
0.016747474670410156
0.01655435562133789
0.016788959503173828
0.017119884490966797
0.016640901565551758
0.016581058502197266
0.01677250862121582
0.017043590545654297
0.0171968936920166
0.016616344451904297
0.016672611236572266
0.016661643981933594
0.016503095626831055
0.016504526138305664
0.016349315643310547
0.016512393951416016
0.01656508445739746
0.016476869583129883
0.016544818878173828
0.016837596893310547
0.01676630973815918
0.016463756561279297
0.016306161880493164
0.0166168212890625
0.016566991806030273
0.0168607234954834
0.017103195190429688
