18.064581291416197
18.064581291416197
18.064581291416197
18.064581291416197
18.064581291416197
18.064581291416197
17.039108924132893
17.039108924132893
17.039108924132893
17.039108924132893
17.039108924132893
17.039108924132893
17.039108924132893
17.039108924132893
17.039108924132893
17.039108924132893
17.039108924132893
17.039108924132893
17.039108924132893
17.039108924132893
17.039108924132893
17.039108924132893
17.039108924132893
17.039108924132893
17.039108924132893
16.629506874955673
16.629506874955673
15.16834616616493
15.16834616616493
15.16834616616493
15.16834616616493
14.588673548121902
14.588673548121902
14.588673548121902
14.588673548121902
14.588673548121902
14.588673548121902
14.588673548121902
14.588673548121902
14.588673548121902
14.588673548121902
14.588673548121902
14.588673548121902
14.588673548121902
14.588673548121902
14.097597500783188
14.097597500783188
14.097597500783188
14.097597500783188
14.097597500783188
14.097597500783188
14.097597500783188
14.097597500783188
13.847679603352987
13.847679603352987
13.847679603352987
13.847679603352987
13.847679603352987
13.847679603352987
13.847679603352987
13.847679603352987
13.847679603352987
13.847679603352987
13.847679603352987
13.847679603352987
13.847679603352987
13.847679603352987
13.443915746382348
13.443915746382348
13.443915746382348
13.443915746382348
13.443915746382348
13.443915746382348
12.469385598868582
11.553836518789124
11.553836518789124
11.553836518789124
11.553836518789124
11.553836518789124
11.553836518789124
11.553836518789124
11.553836518789124
11.553836518789124
11.553836518789124
11.553836518789124
11.553836518789124
11.510498191180254
11.510498191180254
11.510498191180254
11.510498191180254
11.289227242320386
11.289227242320386
11.289227242320386
11.289227242320386
11.289227242320386
11.289227242320386
11.289227242320386
11.222930498492733
11.222930498492733
10.897736395507927
10.897736395507927
10.897736395507927
10.897736395507927
10.87382067128378
10.87382067128378
10.87382067128378
10.87382067128378
10.87382067128378
10.87382067128378
10.87382067128378
10.810607041563488
10.810607041563488
10.810607041563488
10.701145460568574
10.701145460568574
10.701145460568574
10.701145460568574
10.701145460568574
10.701145460568574
10.701145460568574
10.701145460568574
10.701145460568574
10.701145460568574
10.701145460568574
10.701145460568574
10.701145460568574
10.701145460568574
10.403277807651179
10.403277807651179
10.403277807651179
10.403277807651179
9.775207184276276
9.775207184276276
9.671272958660602
9.671272958660602
9.574465358515578
9.574465358515578
9.574465358515578
9.574465358515578
9.574465358515578
9.574465358515578
9.574465358515578
9.574465358515578
9.574465358515578
9.209908540345761
9.209908540345761
9.209908540345761
9.209908540345761
9.209908540345761
9.209908540345761
9.209908540345761
9.209908540345761
9.209908540345761
9.209908540345761
9.209908540345761
9.209908540345761
8.949789716884684
8.944975662820386
8.944975662820386
8.77236241952446
8.77236241952446
8.77236241952446
8.77236241952446
8.77236241952446
8.77236241952446
8.77236241952446
8.77236241952446
8.77236241952446
8.77236241952446
8.77236241952446
8.687316743843162
8.687316743843162
8.687316743843162
8.687316743843162
8.687316743843162
8.687316743843162
8.648294179764905
8.648294179764905
8.648294179764905
8.648294179764905
8.306858552552299
8.306858552552299
8.306858552552299
7.760117329572893
7.760117329572893
7.760117329572893
7.760117329572893
7.760117329572893
7.760117329572893
7.760117329572893
7.760117329572893
7.760117329572893
7.760117329572893
7.760117329572893
7.760117329572893
7.760117329572893
7.760117329572893
7.760117329572893
7.760117329572893
7.760117329572893
7.760117329572893
7.760117329572893
7.578628210091312
7.578628210091312
7.088513439412807
7.088513439412807
7.088513439412807
7.088513439412807
7.088513439412807
7.088513439412807
7.088513439412807
7.088513439412807
7.088513439412807
7.088513439412807
6.756032209955698
6.756032209955698
6.756032209955698
6.756032209955698
6.756032209955698
6.756032209955698
6.756032209955698
6.756032209955698
6.756032209955698
6.756032209955698
6.756032209955698
6.756032209955698
6.756032209955698
6.756032209955698
6.756032209955698
6.756032209955698
6.649394677652033
6.1296546800019485
6.1296546800019485
6.1296546800019485
6.1296546800019485
6.1296546800019485
6.1296546800019485
6.1296546800019485
6.1296546800019485
5.453191055215694
5.453191055215694
5.453191055215694
5.453191055215694
5.453191055215694
5.453191055215694
5.453191055215694
5.453191055215694
5.453191055215694
5.453191055215694
5.446308788833878
5.446308788833878
5.446308788833878
5.398518544529274
5.398518544529274
5.039954636288673
5.039954636288673
5.039954636288673
5.039954636288673
5.039954636288673
5.039954636288673
5.039954636288673
5.039954636288673
5.039954636288673
5.039954636288673
5.039954636288673
5.039954636288673
5.039954636288673
5.039954636288673
5.039954636288673
5.039954636288673
5.039954636288673
5.039954636288673
5.039954636288673
5.039954636288673
5.039954636288673
5.039954636288673
4.70543839067339
4.70543839067339
4.70543839067339
4.70543839067339
4.70543839067339
4.70543839067339
4.70543839067339
4.70543839067339
4.70543839067339
4.70543839067339
4.70543839067339
4.70543839067339
4.70543839067339
4.70543839067339
4.70543839067339
4.70543839067339
4.70543839067339
4.70543839067339
4.70543839067339
4.70543839067339
4.70543839067339
4.70543839067339
4.369124687475789
4.369124687475789
4.369124687475789
4.369124687475789
4.369124687475789
4.369124687475789
4.369124687475789
4.369124687475789
4.369124687475789
4.369124687475789
4.323152992725021
4.323152992725021
4.323152992725021
4.323152992725021
4.323152992725021
4.323152992725021
4.323152992725021
4.323152992725021
4.323152992725021
4.118946480135989
4.118946480135989
4.118946480135989
4.118946480135989
4.118946480135989
4.118946480135989
4.118946480135989
4.118946480135989
4.118946480135989
3.957858449985409
3.957858449985409
3.957858449985409
3.957858449985409
3.957858449985409
3.957858449985409
3.957858449985409
3.957858449985409
3.957858449985409
3.957858449985409
3.957858449985409
3.957858449985409
3.957858449985409
3.907571083585168
3.907571083585168
3.907571083585168
3.888276755116358
3.888276755116358
3.888276755116358
3.888276755116358
3.888276755116358
3.888276755116358
3.888276755116358
3.888276755116358
3.888276755116358
3.888276755116358
3.888276755116358
3.888276755116358
3.888276755116358
3.888276755116358
3.888276755116358
3.888276755116358
3.888276755116358
3.888276755116358
3.888276755116358
3.888276755116358
3.888276755116358
3.7260422590650357
3.7260422590650357
3.7260422590650357
3.7260422590650357
3.7260422590650357
3.7260422590650357
3.624953923037328
3.624953923037328
3.624953923037328
3.624953923037328
3.624953923037328
3.624953923037328
3.624953923037328
3.624953923037328
3.624953923037328
3.624953923037328
3.5743959501412164
3.5743959501412164
3.5743959501412164
3.5743959501412164
3.454651849152885
3.454651849152885
3.454651849152885
3.454651849152885
3.454651849152885
3.454651849152885
3.454651849152885
3.3549612050007553
3.3549612050007553
3.186290760268207
3.186290760268207
3.186290760268207
3.186290760268207
3.186290760268207
3.186290760268207
3.186290760268207
3.186290760268207
3.186290760268207
3.186290760268207
3.186290760268207
3.186290760268207
3.186290760268207
3.186290760268207
3.186290760268207
3.186290760268207
3.186290760268207
3.186290760268207
3.186290760268207
3.141127224111006
3.141127224111006
3.141127224111006
3.141127224111006
3.141127224111006
3.136013531710386
3.136013531710386
3.136013531710386
3.136013531710386
3.136013531710386
3.136013531710386
3.1319226415300356
3.1319226415300356
3.1319226415300356
3.1319226415300356
3.1319226415300356
3.1319226415300356
3.1319226415300356
3.056248567790014
3.056248567790014
3.056248567790014
3.0453994768811583
3.0453994768811583
3.0453994768811583
3.0453994768811583
3.0453994768811583
3.0453994768811583
3.0453994768811583
3.0453994768811583
3.0453994768811583
2.999956117604601
2.999956117604601
2.999956117604601
2.999956117604601
2.999956117604601
2.999956117604601
2.999956117604601
2.999956117604601
2.9026610756957787
2.9026610756957787
2.9026610756957787
2.9026610756957787
2.901934059648063
2.901934059648063
2.901934059648063
2.901934059648063
2.8881007692627385
2.8881007692627385
2.8317524351961687
2.8317524351961687
2.8317524351961687
2.8317524351961687
2.8317524351961687
2.8317524351961687
2.8317524351961687
2.829198081228533
2.829198081228533
2.829198081228533
2.829198081228533
2.771291512897257
2.771291512897257
2.771291512897257
2.771291512897257
2.748459884994972
2.748459884994972
2.748459884994972
2.748459884994972
2.748459884994972
2.665824788670971
2.665824788670971
2.665824788670971
2.665824788670971
2.665824788670971
2.665824788670971
2.605574815403852
2.605574815403852
2.605574815403852
2.605574815403852
2.605574815403852
2.605574815403852
2.513077756363817
2.513077756363817
2.513077756363817
2.513077756363817
2.513077756363817
2.513077756363817
2.3572768341990233
2.3572768341990233
2.3572768341990233
2.3572768341990233
2.3572768341990233
2.336006364142527
2.336006364142527
2.336006364142527
2.336006364142527
2.3254221061912688
2.3254221061912688
2.3254221061912688
2.3254221061912688
2.3254221061912688
2.3254221061912688
2.3254221061912688
2.2732198465907807
2.2732198465907807
2.2732198465907807
2.2732198465907807
2.2732198465907807
2.2732198465907807
2.2732198465907807
2.2732198465907807
2.2732198465907807
2.2732198465907807
2.2732198465907807
2.2732198465907807
2.2732198465907807
2.2465470717979272
2.2465470717979272
2.2465470717979272
2.143996887475012
2.143996887475012
2.143996887475012
2.143996887475012
2.143996887475012
2.002831119908354
2.002831119908354
2.002831119908354
2.002831119908354
1.8005455793439076
1.8005455793439076
1.8005455793439076
1.8005455793439076
1.8005455793439076
1.8005455793439076
1.8005455793439076
1.8005455793439076
1.8005455793439076
1.8005455793439076
1.7887992165546045
1.7196506531652034
1.7196506531652034
1.7196506531652034
1.7196506531652034
1.7196506531652034
1.7196506531652034
1.7196506531652034
1.7196506531652034
1.7196506531652034
1.7196506531652034
1.7196506531652034
1.5510121285359126
1.5510121285359126
1.5510121285359126
1.4549879531659258
1.4549879531659258
1.4549879531659258
1.3124347687710518
1.3124347687710518
1.3124347687710518
1.3124347687710518
1.3124347687710518
1.3124347687710518
1.3124347687710518
1.3124347687710518
1.3124347687710518
1.2962766010150588
1.2962766010150588
1.2359279171002733
1.2359279171002733
1.2359279171002733
1.2359279171002733
1.2359279171002733
1.2359279171002733
1.2359279171002733
1.2359279171002733
1.2359279171002733
1.2359279171002733
1.2359279171002733
1.2359279171002733
1.1885757805422124
1.1885757805422124
1.1885757805422124
1.1885757805422124
1.1885757805422124
1.1885757805422124
1.1885757805422124
1.1885757805422124
1.1885757805422124
1.1885757805422124
1.1885757805422124
1.1885757805422124
1.034075262386434
1.034075262386434
1.034075262386434
1.034075262386434
1.034075262386434
1.034075262386434
1.034075262386434
0.9764716716652728
0.9764716716652728
0.9764716716652728
0.9764716716652728
0.9764716716652728
0.9764716716652728
0.9764716716652728
0.9764716716652728
0.9764716716652728
0.8949095698569778
0.8949095698569778
0.8949095698569778
0.8949095698569778
0.8949095698569778
0.8949095698569778
0.8949095698569778
0.8949095698569778
0.8949095698569778
0.8949095698569778
0.8949095698569778
0.806105819583216
0.806105819583216
0.806105819583216
0.806105819583216
0.806105819583216
0.806105819583216
0.7965006278183004
0.7524028257790825
0.7524028257790825
0.7524028257790825
0.7524028257790825
0.7524028257790825
0.7524028257790825
0.7524028257790825
0.5211542805680125
0.5211542805680125
0.5211542805680125
0.5211542805680125
0.5211542805680125
0.5211542805680125
0.5211542805680125
0.5211542805680125
0.5211542805680125
0.5211542805680125
0.5211542805680125
0.5211542805680125
0.5211542805680125
0.5211542805680125
0.5211542805680125
0.5211542805680125
0.5211542805680125
0.5211542805680125
0.5211542805680125
0.5211542805680125
0.43653865832700234
0.43653865832700234
0.43653865832700234
0.43653865832700234
0.43653865832700234
0.43653865832700234
0.43653865832700234
0.43653865832700234
0.43653865832700234
0.43653865832700234
0.43653865832700234
0.43653865832700234
0.43653865832700234
0.43653865832700234
0.4270749063025967
0.35847055308819975
0.35847055308819975
0.35847055308819975
0.35847055308819975
0.35847055308819975
0.35847055308819975
0.35847055308819975
0.35847055308819975
0.35847055308819975
0.35847055308819975
0.35847055308819975
0.35847055308819975
0.35847055308819975
0.35754423180206985
0.35754423180206985
0.3326686855262402
0.3326686855262402
0.3326686855262402
0.3326686855262402
0.3326686855262402
0.3326686855262402
0.3326686855262402
0.3326686855262402
0.3326686855262402
0.3326686855262402
0.31389035260747633
0.31389035260747633
0.31389035260747633
0.31389035260747633
0.31389035260747633
0.28770818607126003
0.28770818607126003
0.28770818607126003
0.28770818607126003
0.28770818607126003
0.24298562431776816
0.24298562431776816
0.24298562431776816
0.24298562431776816
0.24298562431776816
0.24298562431776816
0.24298562431776816
0.24298562431776816
0.24298562431776816
0.24298562431776816
0.24298562431776816
0.24298562431776816
0.24298562431776816
0.24298562431776816
0.24298562431776816
0.24298562431776816
0.24298562431776816
0.21151517882401905
0.21151517882401905
0.21151517882401905
0.21151517882401905
0.20049452954553004
0.20049452954553004
0.20049452954553004
0.20049452954553004
0.20049452954553004
0.20049452954553004
0.17769151421310525
0.17769151421310525
0.17769151421310525
0.17769151421310525
0.17769151421310525
0.17769151421310525
0.17769151421310525
0.17769151421310525
0.17769151421310525
0.17769151421310525
0.17769151421310525
0.17769151421310525
0.17769151421310525
0.17769151421310525
0.17769151421310525
0.17769151421310525
0.17769151421310525
0.17769151421310525
0.17769151421310525
0.17769151421310525
0.17769151421310525
0.17769151421310525
0.17769151421310525
0.17769151421310525
0.17769151421310525
0.17769151421310525
0.17769151421310525
0.14815225706326274
0.14815225706326274
0.14815225706326274
0.14815225706326274
0.14815225706326274
0.14815225706326274
0.14815225706326274
0.14815225706326274
0.14815225706326274
0.14815225706326274
0.14815225706326274
0.13766688491714518
0.13766688491714518
0.13766688491714518
0.13766688491714518
0.13766688491714518
0.13766688491714518
0.13766688491714518
0.13766688491714518
0.13766688491714518
0.13766688491714518
0.12886278577672883
0.12886278577672883
0.12886278577672883
0.12886278577672883
0.12882115246257442
0.12882115246257442
0.12882115246257442
0.12882115246257442
0.12781148625947125
0.12604853982502817
0.12604853982502817
0.11326863276250165
0.11326863276250165
0.11326863276250165
0.11326863276250165
0.11326863276250165
0.11326863276250165
0.11326863276250165
0.11326863276250165
0.10187738454524364
0.10187738454524364
0.10187738454524364
0.09677630233758805
0.09677630233758805
0.09677630233758805
0.09677630233758805
0.09677630233758805
0.08561852017966132
0.08561852017966132
0.08561852017966132
0.08561852017966132
0.08561852017966132
0.08561852017966132
0.08561852017966132
0.08561852017966132
0.08561852017966132
0.08561852017966132
0.08561852017966132
0.08561852017966132
0.08561852017966132
0.08561852017966132
0.08561852017966132
0.08561852017966132
0.08202371421947419
0.08202371421947419
0.06330191428855159
0.06330191428855159
0.06330191428855159
0.06330191428855159
0.06330191428855159
0.06330191428855159
0.06330191428855159
0.06330191428855159
0.06330191428855159
0.06330191428855159
0.06210427968557042
0.06210427968557042
0.06210427968557042
0.06210427968557042
0.06210427968557042
0.060759787322847814
0.057630384476283325
0.057630384476283325
0.057630384476283325
0.057630384476283325
0.057630384476283325
0.057630384476283325
0.057630384476283325
0.057630384476283325
0.057630384476283325
0.057630384476283325
0.0554110764975988
0.0554110764975988
0.0554110764975988
0.0554110764975988
0.0554110764975988
0.0554110764975988
0.0554110764975988
0.0554110764975988
0.052890532357022124
0.052890532357022124
0.052890532357022124
0.052890532357022124
0.052890532357022124
0.05177539688329347
0.05095247565894567
0.05095247565894567
0.05095247565894567
0.05095247565894567
0.04994637667390833
0.04994637667390833
0.04994637667390833
0.04994637667390833
0.04994637667390833
0.04711861182656918
0.04711861182656918
0.04711861182656918
0.04711861182656918
0.045751840760647866
0.045751840760647866
0.04305168754629207
0.04305168754629207
0.04305168754629207
0.04305168754629207
0.04305168754629207
0.04305168754629207
0.04305168754629207
0.04305168754629207
0.04305168754629207
0.04305168754629207
0.04305168754629207
0.04305168754629207
0.04305168754629207
0.04305168754629207
0.04305168754629207
0.04305168754629207
0.04305168754629207
0.04305168754629207
0.04305168754629207
0.0418082390276453
0.04163286047980108
0.04163286047980108
0.03905170390195423
0.03905170390195423
0.036784275920545895
0.036784275920545895
0.036784275920545895
0.036784275920545895
0.036784275920545895
0.036784275920545895
0.036784275920545895
0.036784275920545895
0.036784275920545895
0.035121793729523176
0.035121793729523176
0.035121793729523176
0.031578614032873986
0.031578614032873986
0.031578614032873986
0.031578614032873986
0.031578614032873986
0.031578614032873986
0.031578614032873986
0.031578614032873986
0.031578614032873986
0.031578614032873986
0.031578614032873986
0.031578614032873986
0.031578614032873986
0.031578614032873986
0.031170670497356667
0.031170670497356667
0.031170670497356667
0.031170670497356667
0.031140791545571034
0.029871273259434616
0.029871273259434616
0.029871273259434616
0.028061656625474996
0.028061656625474996
0.028061656625474996
0.028061656625474996
0.028061656625474996
0.02445596678979811
0.02445596678979811
0.02445596678979811
0.02445596678979811
0.023914855151765835
0.023914855151765835
0.023914855151765835
0.023434943613136028
0.023434943613136028
0.023434943613136028
0.023434943613136028
0.022117406925495686
0.022117406925495686
0.022117406925495686
0.021849817634620905
0.021849817634620905
0.021849817634620905
0.02096684770128121
0.02096684770128121
0.02096684770128121
0.02096684770128121
0.020672460471544696
0.020672460471544696
0.020672460471544696
0.02046761375399697
0.02046761375399697
0.02046761375399697
0.02046761375399697
0.02046761375399697
0.01988439710112999
0.01988439710112999
0.01988439710112999
0.01988439710112999
0.01988439710112999
0.01988439710112999
0.01988439710112999
0.01988439710112999
0.01950563169003061
0.01950563169003061
0.01950563169003061
0.01950563169003061
0.01950563169003061
0.01950563169003061
0.01863332241983784
0.01863332241983784
0.0170603184562772
0.0170603184562772
0.0170603184562772
0.0170603184562772
0.0170603184562772
