-1.027723608661356043e-02 -1.645512346513750446e+00 -2.641878872301179904e-01 7.905090054134124022e-01 2.718255067834967065e-01 2.176710722702928091e+00 -8.339803523526904353e-04 4.938275361970357658e+00 2.469303636392808698e+00 2.387898947380647119e+00
9.793373217799471349e-04 3.654346683404615659e-01 6.767319573274922284e+00 -1.828162165009249218e+00 -2.216117571249850116e+01 3.649985653972852573e-01 -6.679074651955557940e+00 4.938258097873307939e+00 -1.003494702099759581e-03 9.110950889941668573e-02
2.748595264404866123e-01 -2.742543057079265822e-01 2.465910168945335545e+00 1.646134871380101394e+00 -1.460662567836740644e+00 -7.695424177764698115e-01 -6.401358918545144716e-01 -7.935635633516036069e-01 1.424506491327956915e-03 8.234166616302648345e-01
-2.255876411326299014e+00 6.314926310905546458e-01 -2.462351312562613970e+00 7.433813353914404676e-01 -8.207504677284240824e-01 -2.193302194603048427e+00 2.164157927910473678e+00 6.557259233455839720e+00 -7.406938952147546829e+00 -3.495345214951581930e-02
2.460984520915133977e+00 2.712431833262274675e-02 -4.279120365512646164e-03 1.854977422047396463e+00 -8.215716375778935321e-01 2.405172820859455385e+00 1.915565676039914234e-01 -5.492967746930403905e-01 -5.518050149641514635e-01 2.127373357283570895e-03
9.300077047494996474e-02 -1.076340569282834263e-03 -1.918070681250841070e-01 -9.336048683191237874e-02 -2.641016505873372000e-01 9.153825704916727923e-02 2.639506692234086516e-01 3.934499391674482066e-03 -1.688248151822066903e-02 -2.152807442969040946e-02
-3.421169487524218858e-03 -1.258301324057123772e-04 -5.942299812296396311e-02 2.812815847128698980e-04 -2.469885020037680068e+00 -2.489859480274862147e+00 1.169945523460102013e-03 1.646097401053881581e+00 8.830767734359732529e-04 -1.146641945857204302e-03
-2.141468597467792445e-01 -7.775649274023552215e-02 -8.431133089928354307e-01 -7.211725058234925122e-03 -6.779721481874043977e-03 -6.941654825435739952e-03 -9.008739723998111792e-02 7.218395846536983740e+00 -4.932970813095205465e+00 -2.727183387948306503e-01
-8.534217588987422828e-04 -3.764097444214757095e-04 2.128578030963693968e-01 4.578195510484803536e-05 -6.767916063841690249e-06 -1.043283809575019103e-03 6.091736111588594987e-02 -1.090374638566164213e-03 -8.259351859907972937e-01 2.468945660256791186e+00
-2.120825880904511629e-02 -9.021931095669478984e-02 -3.473963786068652495e-03 -9.265173931927365991e-02 -1.646240741970096177e+00 -2.745946225159251464e-01 -2.674085784776015218e-01 -8.803890269660129275e-02 6.788572966037953937e-06 2.811544355069345302e-01
1.753894873304543550e-02 1.511518175036460909e-01 -3.924327297023043337e-02 -8.582402744978663220e-03 -1.846874051779750392e+00 2.992111486485978661e-03 2.163844824092374386e-01 1.453058155002917573e+00 -3.219963699060293671e-01 6.971113656119726221e-02
-7.129744332307360821e+00 -2.468631001447687989e+00 -7.407518738060449692e+00 -1.735618864075854528e+00 6.918056392709807934e-03 -1.647161188443895918e+00 -1.646822526431513278e+00 7.427840597177309157e+00 1.096504876313579402e+00 2.378904667661212446e+00
1.944478876133885759e-02 6.980596295785153060e-01 6.748769280242808977e-01 2.776041863896233086e-01 -1.052273225963166414e+00 -2.303986690307606278e+00 7.304771418238193981e-01 -1.255147921943534570e-02 -7.516445982360481226e-01 -1.765559698391127794e-03
-7.407727664900114917e+00 -5.495913228004808415e-01 3.300955441266640644e+00 -8.227127703896115474e-01 -7.754741954231619827e-04 -2.492895880079398996e+00 2.259924079278131763e-03 1.643718731946815614e+00 7.224125946394583941e+00 7.387109989652600461e+00
2.460678911672736113e+00 -5.543345565679233360e-03 1.053394533765147044e-02 2.118300121525752977e-01 1.603063725992741884e-01 -8.734979206608015773e-03 2.706586330062573098e-01 -8.093545535315364858e-02 -1.373387952665478806e-01 2.126641979154459891e-02
1.860575367417112713e-01 -5.077667395628513575e-02 6.323082309102382448e-01 5.183235164709540932e-01 -8.727972624141078846e-05 5.518114208659631315e-01 3.364437996009688736e-01 8.225226012317886637e-01 8.222014681057593366e-01 -4.135425897429459430e-02
5.279954297488394233e-02 -8.132236344214093249e-01 -7.529110487694978815e-01 -8.106542868296162663e-02 2.331962990187050333e-02 2.954585395911434736e-02 3.452048996804513714e-01 2.162726685374281310e-01 -2.753821514234499057e-01 3.397150478946786567e-04
3.145527121346481381e-01 3.874520236740666701e-01 1.926068753772804468e-02 5.451228862662769181e-01 5.104648232702784227e-01 2.004273637563888377e-01 -6.402117791293669979e-01 -9.033506463680265886e-02 2.382187105686496498e+00 -5.654037429550736737e-01
2.293316311911313576e+00 -8.252703525742395574e-02 1.647759106777301863e+00 -1.680553527065661079e+00 -8.737316472385264765e-03 -2.243594113998057527e+00 -6.545252677324334134e-02 2.784356846344360550e-02 8.764896963654124351e-02 8.125469731831296283e-01
-7.540799012431385062e-01 -5.223405087643540751e-02 -2.467302694028192800e+00 -7.289956163609599971e-01 -8.693837202780940743e-02 -7.918306786265533193e-01 1.745659022448546593e-01 -8.348600754742507846e-01 3.795989415888541968e-02 -7.358185173405595858e-01
5.340973857107378722e-03 -5.424364773300680703e-02 -8.305410433618201083e-01 -2.418655765965091742e-01 9.497017133411643497e-02 -1.646128937642718393e+00 -1.626335391875348424e-01 1.648397313348829663e+00 2.129121437084622315e-01 5.475350503340490338e-01
9.121832912841324956e-03 -4.105450807200463660e-03 8.481305130346673826e-02 -2.537593478016303972e-01 -1.820621002778289883e-03 6.103730462600341633e-02 2.717471893247613846e-01 8.230688068779413724e-01 -9.389055299992234496e-03 6.952004390537137261e-04
7.306294824964501555e-02 3.016967672341269169e-01 -2.904215636470916517e-02 -1.305147799550825938e-01 -2.994532160736748660e-01 -2.954011199535498955e-01 9.172956552068335156e+00 -4.764617774552484808e-02 7.194534236597209531e-03 8.569999413048235981e-01
8.655747215788250210e-03 -4.298427567465540333e-02 -1.131897698081114553e-02 -8.642176925525632807e-05 -5.000233066564396811e-02 -3.407508512984401224e-04 1.471947879793820690e-01 1.808356999502401150e-04 3.352853527637171538e-02 1.948769977829865885e-02
-9.064208956443989273e-02 -1.233908932813158887e-03 -3.013373816518122306e-01 2.783932815560214227e-02 -8.147741570475713901e-01 -3.393196597021113335e-03 7.551933240338815079e-01 -9.694301965789373391e-04 3.272301995352543125e-02 8.205160792822732696e-02
3.048864143405805027e-01 2.579850742990601020e+00 7.249816446882709764e-01 -8.265553122725159962e-01 1.616729727459148780e+00 -1.242690762489744860e-01 -2.841203887607758327e-01 1.489488917728045217e-02 -9.384825211762846259e-03 3.137104230038256780e-01
2.761996358041677972e-03 -4.063925082171943037e-02 -1.027586559258689120e-04 -2.976531342529198615e-04 9.143045230114162786e-03 -1.039343017653200987e-02 1.017586007818770382e-03 6.962747350144540825e-02 -2.615477056657995458e-01 5.491864388106996175e-01
-2.020576563636351450e-02 4.545583504390869958e-03 5.972479901375636613e-02 2.707725223287251737e-01 5.461747049073699678e-01 -2.699762477882121647e-01 -4.255925924986610556e-05 -8.217822323050461009e-01 -2.461941180215503344e+00 7.598164347677741626e-01
-6.283436255173987942e-07 -8.700360432065944172e-02 -5.462420984017046788e-01 -8.238679874087857513e-01 -1.795975620428313657e-01 -5.780769838746811079e-02 -1.895991854939294563e-01 3.023374153039385531e-02 -3.470002366178130595e-03 7.123407198622658254e-02
-1.510808699925845433e+00 8.525565572019673244e-01 4.894451792778233869e-03 -1.402502106299869933e+00 -1.286156424952326627e-01 1.680707095937132231e-02 2.280591828531846055e+00 -4.644362992832313353e+00 -1.965002378867001381e-02 -8.247097954242805784e-01
-2.470323340436455961e+00 -9.156759177827656915e-01 7.965705063792388740e-01 -2.674460119266173774e-01 -2.232436596739834744e+00 1.628184478772500388e+00 5.761266404993449441e+00 6.201539134959269672e-01 -2.452238588358049753e+00 -8.235496083398624600e-01
-4.942316170746558629e-02 -8.125372453641681592e-01 8.306074947351278770e-02 -3.928293132522892028e-01 1.734422718397685692e-01 -2.378963356085135594e-02 -4.254809518619460246e-02 5.058817628153342016e-03 -9.976563670794918667e-03 -5.621699703846779438e-03
-6.358862361325784418e-01 -9.119344190448970267e-01 2.120640944706568831e-01 1.625503091457826954e-01 5.615974422452204573e-01 -2.134976165233271050e-01 8.442294537332763193e-02 1.157499829801022541e-02 6.690831413062620081e-03 2.280940601405920601e-02
2.096708864404610989e-02 1.305260474259792303e-02 -3.243808175792825543e-01 3.174207408258448299e-02 -2.969954428300908625e-02 6.028332288350780194e-02 -7.001515856075051815e-04 1.923933093131827837e-02 -3.137518826533838498e-03 4.461910563884736135e-04
4.813091687695500998e-01 2.620777701672518667e-01 5.753359846514150888e+00 -2.437997972992031137e+00 -4.149983490135671083e-03 7.284468882922775501e-01 2.742882615021433046e-01 2.488927442388549682e+00 -6.372961102574374592e-02 8.216793356840419449e-01
2.730511307625224093e-01 -2.707961842240116379e-01 -3.633523555506900093e-01 3.590835053279942679e-01 -8.209557144730876832e-01 1.925355268623396288e-01 5.482866873030918242e-01 -3.335772569656171860e-01 -6.166471131105342920e-04 1.833142888436930240e-01
-1.643327193535860098e-01 1.528230980295285923e-01 2.776054914787404876e-02 7.544079111260453274e-01 -2.140981904479132836e-01 -1.539188530711617653e-01 3.356629459694526751e-01 -5.545147882869690958e-01 -9.041288399538462139e-02 7.364649982996176458e-01
2.708094349070651330e-02 -5.614895900389086508e-02 -6.107723364296310103e-02 2.734970331885805961e-01 2.366095198969370497e-02 -5.924365246449849604e-02 1.938649377979301258e-03 6.763222832604891439e-03 2.706795278542286076e-01 1.219513632361646921e-01
1.521690129638808009e-01 -8.242536534288744665e-01 -4.198638649466736664e-04 -8.211582355432801572e-01 -8.235439171650875689e-01 -5.485882795760115282e-01 2.475060471466927758e-01 3.532892299084016818e-05 -9.891407914740366417e-03 2.959324657667454159e-02
-2.324771636237097164e-02 1.622205839798079863e-01 6.446648592728419780e-02 1.221584032808939735e-01 -7.218590929983368515e-03 5.964013695900676204e-01 -2.205699285911506477e-03 3.161390530607627314e-03 -5.792266837593286866e+00 -5.184343893265983994e+00
2.667300377398051925e-02 -7.919691681733549427e-01 -4.569149094462702787e-01 -9.258069605050199893e-03 -1.299264952694127451e-01 8.061910718940839410e-04 -2.610323616467708288e-02 2.357703021336355231e+00 2.298124388063227733e-02 3.545406536380909523e-01
-3.157620385517388283e-03 1.816578004256850232e-01 -6.758656587986618114e-02 2.059543389673706114e-03 -2.431094158197290855e-01 6.133343862487353887e-02 2.743877097369188389e-01 2.302810233464965158e-04 2.994140406070443499e-03 6.703324438605606783e-03
-1.026559362658907223e-02 1.688594732439360410e-02 6.239437912194256350e-03 -3.339132766407566788e-02 9.200662755221999944e-02 -2.434894012172185429e-01 -2.608754830068398586e-04 -8.221732817242247693e-01 -7.821677414855386645e-02 -5.992742395587183357e-02
-1.942919927848752674e-03 -5.479751896331092054e-01 6.339044356346826455e-03 1.153440297442569901e-02 2.382722500933003723e-03 -1.921400785995157068e-01 8.230558485595714791e-01 6.491070392906204576e-04 -1.203673393287708893e-02 -1.825917548694984127e-01
5.266773171199714762e-05 1.360252934568583817e-04 -6.078455360970982241e-02 2.158636807057253901e-02 -2.653536304960144032e-01 6.112805571729394011e-02 8.233821013992816962e-01 2.190963543213828664e-04 3.871260658729139444e-03 2.389618333783919552e-02
-7.045065357855802811e-03 1.311546294927114914e-02 -9.965127848412065614e-02 -2.440515914404373377e-01 -2.068492109585663014e-02 1.331491037906698744e-05 9.757353477142388654e-01 2.381911826581737834e+00 -1.614591247082264758e+00 -6.663736966138991691e-03
-2.471842281275900624e-02 1.330865700991025413e+00 -8.636751618301984346e-01 4.933581268622761584e+00 5.521210368784442712e-01 4.744127798626770511e-03 -2.033577900877417965e-01 2.466397420113841665e+00 2.430758569821194648e+00 2.096932791280403663e+00
2.833946595256569556e-01 6.594041843377382610e-04 6.233990014114857564e-02 3.554922556608918209e-04 -1.684834564772427030e-04 1.817560094789570993e-02 -8.225787276890728084e-02 -8.748834105827337383e-04 -2.468837646728601065e+00 -3.785610240220952630e-04
-8.389633214361348623e-02 -1.817392597059719617e-01 -2.750874479983836940e-01 -2.366164513939172931e-02 -2.722693451405611142e-01 5.157989060044977647e-02 5.659590346499113744e-01 2.940064122223490783e-01 1.020645322646687589e-04 -3.031742920103367225e-02
1.137726436314832282e-03 -8.331213600404890895e-01 7.494695647574727785e-04 -3.123683865632475090e-02 9.366294831424367556e-03 -1.865582013755987256e-01 2.740833179072120207e-01 -8.230937720295484761e-01 7.168624102548488107e-03 4.136836374328902582e-03
