0.0019524097442626953
0.001798868179321289
0.0018761157989501953
0.0018134117126464844
0.0017809867858886719
0.0019004344940185547
0.001898050308227539
0.0018007755279541016
0.0018870830535888672
0.001814126968383789
0.001796722412109375
0.0018041133880615234
0.0018100738525390625
0.0019004344940185547
0.0017919540405273438
0.0018138885498046875
0.001813650131225586
0.0018589496612548828
0.0018575191497802734
0.0019092559814453125
0.0019044876098632812
0.0018146038055419922
0.001783609390258789
0.0018527507781982422
0.0018684864044189453
0.0018684864044189453
0.0019152164459228516
0.001993417739868164
0.0018496513366699219
0.001889944076538086
0.0018837451934814453
0.0019614696502685547
0.001961946487426758
0.0018718242645263672
0.001901388168334961
0.0018455982208251953
0.0018494129180908203
0.0017805099487304688
0.001798391342163086
0.0018820762634277344
0.0018131732940673828
0.0017862319946289062
0.0018093585968017578
0.0017859935760498047
0.001895904541015625
0.00182342529296875
0.0018570423126220703
0.0017938613891601562
0.0017948150634765625
0.0017828941345214844
0.001798868179321289
0.001861572265625
0.0019376277923583984
0.0018320083618164062
0.0018553733825683594
0.0017993450164794922
0.001886606216430664
0.0019023418426513672
0.0019636154174804688
0.0020036697387695312
0.0018677711486816406
0.001844167709350586
0.0017952919006347656
0.0018513202667236328
0.001809835433959961
0.0019462108612060547
0.0017900466918945312
0.0019266605377197266
0.0018105506896972656
0.0018696784973144531
0.0018818378448486328
0.0018880367279052734
0.0018923282623291016
0.0018625259399414062
0.0018928050994873047
0.0019333362579345703
0.0018978118896484375
0.0019450187683105469
0.0019102096557617188
0.0019009113311767578
0.001943349838256836
0.00194549560546875
0.0018053054809570312
0.0019049644470214844
0.0018434524536132812
0.001941680908203125
0.0018153190612792969
0.001874685287475586
0.0018613338470458984
0.0019459724426269531
0.0018725395202636719
0.0020563602447509766
0.001790761947631836
0.0019028186798095703
0.0019156932830810547
0.0019221305847167969
0.0018742084503173828
0.0019910335540771484
0.0018613338470458984
0.001909017562866211
0.00179290771484375
0.001856088638305664
0.0018432140350341797
0.001968860626220703
0.0019092559814453125
0.0019481182098388672
0.0019109249114990234
0.0018868446350097656
0.0018014907836914062
0.001863718032836914
0.0019216537475585938
0.0018470287322998047
0.0018568038940429688
0.001905679702758789
0.0018925666809082031
0.0018665790557861328
0.0018448829650878906
0.0018775463104248047
0.0018095970153808594
0.0018417835235595703
0.0019099712371826172
0.0018107891082763672
0.0017843246459960938
0.0018804073333740234
0.0018582344055175781
0.0018124580383300781
0.0019001960754394531
0.0018122196197509766
0.001819610595703125
0.0018038749694824219
0.0019156932830810547
0.0018579959869384766
0.0018374919891357422
0.0018198490142822266
0.0018124580383300781
0.0018188953399658203
0.0018205642700195312
0.0018787384033203125
0.0018155574798583984
0.0019125938415527344
0.0018150806427001953
0.0017855167388916016
0.0018885135650634766
0.0019102096557617188
0.0018067359924316406
0.0017781257629394531
0.0017969608306884766
0.0017821788787841797
0.0017881393432617188
0.0019330978393554688
0.0018641948699951172
0.0018186569213867188
0.0018160343170166016
0.0017943382263183594
0.0018200874328613281
0.0018360614776611328
0.0018470287322998047
0.0018084049224853516
0.0018105506896972656
0.0018246173858642578
0.001802682876586914
0.001819610595703125
0.0018622875213623047
0.0019030570983886719
0.0018107891082763672
0.001810312271118164
0.0018050670623779297
0.0018093585968017578
0.0019006729125976562
0.0019762516021728516
0.0019385814666748047
0.0018455982208251953
0.001821756362915039
0.00189208984375
0.0018839836120605469
0.0019023418426513672
0.001982450485229492
0.002002716064453125
0.0018308162689208984
0.001813650131225586
0.001804351806640625
0.0018112659454345703
0.0018935203552246094
0.0019960403442382812
0.0018618106842041016
0.001867532730102539
0.0018858909606933594
0.0018444061279296875
0.0018596649169921875
0.001978158950805664
0.0019350051879882812
0.0018274784088134766
0.0019114017486572266
0.0018837451934814453
0.0018565654754638672
0.0018825531005859375
0.0018801689147949219
0.0019006729125976562
0.0018923282623291016
0.001834869384765625
0.0019965171813964844
0.0019061565399169922
0.0020227432250976562
0.001811981201171875
0.0019016265869140625
0.0019254684448242188
0.002238750457763672
0.002201557159423828
0.002203702926635742
0.002207517623901367
0.002112150192260742
0.0022003650665283203
0.0020973682403564453
0.002089977264404297
0.002131223678588867
0.0021126270294189453
0.002110719680786133
0.002098560333251953
0.002063274383544922
0.002042531967163086
0.00208282470703125
0.0019085407257080078
0.0021517276763916016
0.0019800662994384766
0.001991748809814453
0.0020542144775390625
0.002062082290649414
0.001988649368286133
0.001995086669921875
0.0020143985748291016
0.0019452571868896484
0.0020301342010498047
0.001882791519165039
0.0018329620361328125
0.0018727779388427734
0.0018990039825439453
0.0018913745880126953
0.001882314682006836
0.0019195079803466797
0.0019214153289794922
0.0018925666809082031
0.0018448829650878906
0.0019087791442871094
0.0019221305847167969
0.0020117759704589844
0.0018677711486816406
0.0018625259399414062
0.0018551349639892578
0.0018794536590576172
0.0018444061279296875
0.002053976058959961
0.0018870830535888672
0.0019109249114990234
0.0019011497497558594
0.001886606216430664
0.0018703937530517578
0.0019218921661376953
0.001941680908203125
0.0018932819366455078
0.0018608570098876953
0.001905202865600586
0.001874685287475586
0.0019223690032958984
0.0018765926361083984
0.0018796920776367188
0.0019528865814208984
0.0018944740295410156
0.0018544197082519531
0.0018551349639892578
0.0019834041595458984
0.0018835067749023438
0.0018520355224609375
0.001924753189086914
0.001852273941040039
0.0018777847290039062
0.0019259452819824219
0.001986265182495117
0.001920938491821289
0.0019178390502929688
0.0020058155059814453
0.001893758773803711
0.001893758773803711
0.0020186901092529297
0.0019359588623046875
0.0019025802612304688
0.001983165740966797
0.0019338130950927734
0.0019190311431884766
0.002056121826171875
0.0018877983093261719
0.001895904541015625
0.0018839836120605469
0.0019252300262451172
0.0018928050994873047
0.0019483566284179688
0.0019383430480957031
0.0018477439880371094
0.001859903335571289
0.0018854141235351562
0.0018520355224609375
0.0018308162689208984
0.0020377635955810547
0.0018835067749023438
0.001832723617553711
0.0018079280853271484
0.0018966197967529297
0.0019261837005615234
0.0020308494567871094
0.0020554065704345703
0.0018665790557861328
0.001882791519165039
0.001890420913696289
0.0018968582153320312
0.001926422119140625
0.002007007598876953
0.0019040107727050781
0.0018742084503173828
0.0018734931945800781
0.0019023418426513672
0.0018732547760009766
0.0018775463104248047
0.0018918514251708984
0.0019214153289794922
0.0019412040710449219
0.0020058155059814453
0.0019490718841552734
0.002053499221801758
0.0018715858459472656
0.0018830299377441406
0.0018880367279052734
0.0019271373748779297
0.001989603042602539
0.0020074844360351562
0.001917123794555664
0.0018765926361083984
0.0018837451934814453
0.0019021034240722656
0.0019063949584960938
0.0019462108612060547
0.0020971298217773438
0.001959085464477539
0.0019867420196533203
0.0018756389617919922
0.0018639564514160156
0.0019049644470214844
0.002017498016357422
0.0018706321716308594
0.0019538402557373047
0.001995086669921875
0.001959562301635742
0.0018916130065917969
0.0020220279693603516
0.0019283294677734375
0.0018987655639648438
0.0019669532775878906
0.0019369125366210938
0.0020258426666259766
0.0019168853759765625
0.002001523971557617
0.001894235610961914
0.0019030570983886719
0.001988649368286133
0.0018842220306396484
0.001903533935546875
0.0020580291748046875
0.0019497871398925781
0.0018684864044189453
0.0019299983978271484
0.0019197463989257812
0.0019009113311767578
0.002084493637084961
0.0019245147705078125
0.0018725395202636719
0.0019617080688476562
0.0019462108612060547
0.0019683837890625
0.0019152164459228516
0.0020346641540527344
0.001901865005493164
0.0019130706787109375
0.0020041465759277344
0.0020368099212646484
0.0019383430480957031
0.001985788345336914
0.0020246505737304688
0.001882791519165039
0.001959085464477539
0.002145528793334961
0.0020809173583984375
0.002007722854614258
0.002115964889526367
0.002056121826171875
0.0019137859344482422
0.001889944076538086
0.002123117446899414
0.0021123886108398438
0.0020406246185302734
0.002068758010864258
0.002066373825073242
0.0020601749420166016
0.0020682811737060547
0.001977205276489258
0.002045154571533203
0.0022039413452148438
0.001973867416381836
0.0019140243530273438
0.002097606658935547
0.0019161701202392578
0.001880645751953125
0.001984119415283203
0.0019409656524658203
0.0019156932830810547
0.0019559860229492188
0.0020356178283691406
0.0019996166229248047
0.0019412040710449219
0.0019598007202148438
0.0019025802612304688
0.001922607421875
0.0020422935485839844
0.0019104480743408203
0.0019118785858154297
0.0019845962524414062
0.0019795894622802734
0.0018939971923828125
0.0020012855529785156
0.001886129379272461
0.0018956661224365234
0.0019249916076660156
0.001973390579223633
0.001871347427368164
0.001959085464477539
0.001964092254638672
0.0019426345825195312
0.0018725395202636719
0.002007007598876953
0.002034425735473633
0.0018773078918457031
0.0020744800567626953
0.0018761157989501953
0.0019376277923583984
0.0019605159759521484
0.0020263195037841797
0.001901865005493164
0.0019683837890625
0.0018777847290039062
0.001935720443725586
0.001903533935546875
0.0019266605377197266
0.0018875598907470703
0.0020470619201660156
0.0018792152404785156
0.0019309520721435547
0.0019061565399169922
0.0018885135650634766
0.001890420913696289
0.0019366741180419922
0.001934051513671875
0.0019218921661376953
0.0020127296447753906
0.001889944076538086
0.0019009113311767578
0.0019767284393310547
0.0019745826721191406
0.0019316673278808594
0.0019190311431884766
0.002039194107055664
0.001978158950805664
0.0019752979278564453
0.002013683319091797
0.001913309097290039
0.001901865005493164
0.0019927024841308594
0.0018773078918457031
0.0018992424011230469
0.0020194053649902344
0.0019240379333496094
0.0018796920776367188
0.002087116241455078
0.0018818378448486328
0.0018963813781738281
0.0019943714141845703
0.001980304718017578
0.0018744468688964844
0.001964092254638672
0.001985788345336914
0.0018985271453857422
0.0019097328186035156
0.0019690990447998047
0.0018966197967529297
0.0019178390502929688
0.0019254684448242188
0.001913309097290039
0.0019145011901855469
0.001988649368286133
0.001918792724609375
0.0020966529846191406
0.0019023418426513672
0.0019941329956054688
0.0019044876098632812
0.0019359588623046875
0.001898050308227539
0.001863241195678711
0.0019168853759765625
0.0019068717956542969
0.0018925666809082031
0.0019009113311767578
0.001880645751953125
0.0019001960754394531
0.0018849372863769531
0.0018801689147949219
0.0018885135650634766
0.0018906593322753906
0.0019125938415527344
0.0018677711486816406
0.0019097328186035156
0.0019783973693847656
0.0018815994262695312
0.0019538402557373047
0.001980304718017578
0.0018875598907470703
0.001984834671020508
0.001955270767211914
0.001870870590209961
0.0019116401672363281
0.00206756591796875
0.001970529556274414
0.0019812583923339844
0.0019371509552001953
0.00189208984375
0.0018949508666992188
0.0019347667694091797
0.001950979232788086
0.0019381046295166016
0.0018804073333740234
0.002086639404296875
0.002010345458984375
0.0019407272338867188
0.001940011978149414
0.0019164085388183594
0.0019383430480957031
0.0019259452819824219
0.0019025802612304688
0.0019347667694091797
0.0020208358764648438
0.001965761184692383
0.0018925666809082031
0.0019295215606689453
0.001913309097290039
0.001963376998901367
0.0019698143005371094
0.0020046234130859375
0.0018951892852783203
0.0019106864929199219
0.0019145011901855469
0.0019147396087646484
0.0019168853759765625
0.0020456314086914062
0.0018856525421142578
0.0019185543060302734
0.0019125938415527344
0.0019016265869140625
0.0018775463104248047
0.0019271373748779297
0.001888275146484375
0.0018990039825439453
0.0018978118896484375
0.0018868446350097656
0.0018894672393798828
0.0019261837005615234
0.0018737316131591797
0.0020246505737304688
0.001928091049194336
0.0018799304962158203
0.001981019973754883
0.0019881725311279297
0.0018680095672607422
0.002005338668823242
0.0019106864929199219
0.0018999576568603516
0.0019023418426513672
0.0019297599792480469
0.0019025802612304688
0.00188446044921875
0.0019130706787109375
0.0020363330841064453
0.0018744468688964844
0.0018970966339111328
0.0019545555114746094
0.0018956661224365234
0.0020356178283691406
0.0019168853759765625
0.0018897056579589844
0.001996278762817383
0.001928567886352539
0.0019237995147705078
0.0019021034240722656
0.0019414424896240234
0.0019059181213378906
0.002026081085205078
0.0019021034240722656
0.0020456314086914062
0.0018970966339111328
0.0018603801727294922
0.0018825531005859375
0.001913309097290039
0.0018947124481201172
0.002035856246948242
0.0018970966339111328
0.001875162124633789
0.0018541812896728516
0.001878976821899414
0.001886606216430664
0.0019245147705078125
0.0018739700317382812
0.0019066333770751953
0.0018589496612548828
0.0018880367279052734
0.0018694400787353516
0.0018780231475830078
0.0019152164459228516
0.0020029544830322266
0.0018758773803710938
0.0018835067749023438
0.0018949508666992188
0.0018470287322998047
0.0018739700317382812
0.0020444393157958984
0.0018968582153320312
0.001857757568359375
0.001840829849243164
0.0017840862274169922
0.001825571060180664
0.0019016265869140625
0.0018413066864013672
0.001984834671020508
0.0017731189727783203
0.0018894672393798828
0.0017926692962646484
0.0018987655639648438
0.00183868408203125
0.0018222332000732422
0.0018320083618164062
0.002067089080810547
0.001600503921508789
0.0015649795532226562
0.0015177726745605469
0.0014781951904296875
0.0015804767608642578
0.0015528202056884766
0.0016317367553710938
0.0015842914581298828
0.001474142074584961
0.0017309188842773438
0.0016520023345947266
0.0016093254089355469
0.001512289047241211
0.0015900135040283203
0.0015478134155273438
0.0015616416931152344
0.0015742778778076172
0.0015702247619628906
0.001589059829711914
0.001626729965209961
0.0016851425170898438
0.0016658306121826172
0.0016880035400390625
0.0017249584197998047
0.0016434192657470703
0.0016620159149169922
0.001558065414428711
0.001566171646118164
0.001577615737915039
0.0015561580657958984
0.0015759468078613281
0.0015745162963867188
0.0015823841094970703
0.0015482902526855469
0.001558542251586914
0.0016329288482666016
0.0016994476318359375
0.0015718936920166016
0.0015537738800048828
0.0015850067138671875
0.0015702247619628906
0.0015869140625
0.0015873908996582031
0.0015940666198730469
0.0015866756439208984
0.001565694808959961
0.0015861988067626953
0.001596212387084961
0.0015673637390136719
0.0015892982482910156
0.0015568733215332031
0.001566171646118164
0.0015552043914794922
0.0015773773193359375
0.0015804767608642578
0.0015702247619628906
0.0015904903411865234
0.0015516281127929688
0.001573801040649414
0.0015859603881835938
0.0015497207641601562
0.0015842914581298828
0.0015690326690673828
0.001567840576171875
0.0015664100646972656
0.001561880111694336
0.001584768295288086
0.001619577407836914
0.001565694808959961
0.0016257762908935547
0.0015761852264404297
0.0015823841094970703
0.0015659332275390625
0.0015816688537597656
0.0015497207641601562
0.0015690326690673828
0.001573324203491211
0.0015616416931152344
0.0016469955444335938
0.0015828609466552734
0.0016989707946777344
0.001560211181640625
0.0015604496002197266
0.0016252994537353516
0.0016374588012695312
0.0016918182373046875
0.0017023086547851562
0.0017180442810058594
0.0016858577728271484
0.00170135498046875
0.0016324520111083984
0.0015761852264404297
0.0016624927520751953
0.0015633106231689453
0.0016357898712158203
0.001691579818725586
0.0016455650329589844
0.0016260147094726562
0.0015478134155273438
0.0016415119171142578
0.0016503334045410156
0.0016772747039794922
0.0015404224395751953
0.0015552043914794922
0.0016646385192871094
0.0015747547149658203
0.0016551017761230469
0.001554727554321289
0.0016138553619384766
0.0015995502471923828
0.0015597343444824219
0.0016779899597167969
0.001565694808959961
0.0016448497772216797
0.0015575885772705078
0.0016803741455078125
0.0016145706176757812
0.0015711784362792969
0.0015707015991210938
0.001567840576171875
0.0015671253204345703
0.0015575885772705078
0.0015671253204345703
0.0015652179718017578
0.001560211181640625
0.0016176700592041016
0.0016450881958007812
0.0015614032745361328
0.0015568733215332031
0.0015645027160644531
0.0015592575073242188
0.0015468597412109375
0.0015692710876464844
0.0015645027160644531
0.0015633106231689453
0.0015742778778076172
0.0015575885772705078
0.001567840576171875
0.0015671253204345703
0.0016489028930664062
0.0015528202056884766
0.0015635490417480469
0.001649618148803711
0.0015501976013183594
0.0015766620635986328
0.0015671253204345703
0.0015869140625
0.0016281604766845703
0.0015456676483154297
0.001567840576171875
0.0015785694122314453
0.0015730857849121094
0.0015614032745361328
0.0015654563903808594
0.0015835762023925781
0.0016965866088867188
0.0016362667083740234
0.0015566349029541016
0.0015680789947509766
0.0015654563903808594
0.0015494823455810547
0.0015797615051269531
0.0015649795532226562
0.0015916824340820312
0.0015511512756347656
0.0015575885772705078
0.0015573501586914062
0.0015633106231689453
0.001569509506225586
0.0015594959259033203
0.0015680789947509766
0.0015759468078613281
0.0016815662384033203
0.0015766620635986328
0.001558542251586914
0.001646280288696289
0.0015687942504882812
0.0015745162963867188
0.0016608238220214844
0.001562356948852539
0.0016558170318603516
0.0015616416931152344
0.0015664100646972656
0.0015821456909179688
0.0015506744384765625
0.0016520023345947266
0.0015544891357421875
0.0015633106231689453
0.0016362667083740234
0.0016851425170898438
0.0015499591827392578
0.0015759468078613281
0.0015747547149658203
0.0015597343444824219
0.0015721321105957031
0.0015616416931152344
0.0015621185302734375
0.0015702247619628906
0.0015707015991210938
0.00164031982421875
0.0015807151794433594
0.0016601085662841797
0.0015730857849121094
0.0015599727630615234
0.0016384124755859375
0.0015583038330078125
0.0015614032745361328
0.001569986343383789
0.0015804767608642578
0.0015759468078613281
0.0015535354614257812
0.0015544891357421875
0.0015621185302734375
0.0015711784362792969
0.001550912857055664
0.001710653305053711
0.0016252994537353516
0.0016765594482421875
0.0015594959259033203
0.0016922950744628906
0.0015459060668945312
0.0016720294952392578
0.0015692710876464844
0.0015683174133300781
0.0016489028930664062
0.001577615737915039
0.0015671253204345703
0.0015573501586914062
0.001566171646118164
0.0015478134155273438
0.0015835762023925781
0.001550912857055664
0.0016391277313232422
0.0016067028045654297
0.0015721321105957031
0.0015778541564941406
0.0015621185302734375
0.001577615737915039
0.001577615737915039
0.0015475749969482422
0.001561880111694336
0.0015459060668945312
0.0015609264373779297
0.0015759468078613281
0.0016436576843261719
0.001645803451538086
0.0016222000122070312
0.0015864372253417969
0.0015573501586914062
0.001556396484375
0.0015575885772705078
0.001577615737915039
0.001561880111694336
0.0015630722045898438
0.0015769004821777344
0.001558542251586914
0.0015718936920166016
0.0016858577728271484
0.0015816688537597656
0.0017223358154296875
0.0015978813171386719
0.0016257762908935547
0.0017077922821044922
0.0016071796417236328
0.0016694068908691406
0.0015611648559570312
0.0016646385192871094
0.0015463829040527344
0.0016133785247802734
0.0016078948974609375
0.0016620159149169922
0.0015997886657714844
0.0015687942504882812
0.0015735626220703125
0.0015900135040283203
0.0016744136810302734
0.001550436019897461
0.0015633106231689453
0.0015718936920166016
0.001569509506225586
0.0015571117401123047
0.0015671253204345703
0.0015637874603271484
0.0015690326690673828
0.0015635490417480469
0.0015866756439208984
0.001556396484375
0.00156402587890625
0.0015501976013183594
0.0015833377838134766
0.001567840576171875
0.0015454292297363281
0.001560211181640625
0.0015501976013183594
0.0015442371368408203
0.0015690326690673828
0.0015544891357421875
0.00154876708984375
0.001566171646118164
0.0015628337860107422
0.0015757083892822266
0.0015680789947509766
0.0015726089477539062
0.0015690326690673828
0.0015711784362792969
0.00165557861328125
0.001569986343383789
0.0016357898712158203
0.0016875267028808594
0.0015537738800048828
0.0015680789947509766
0.0015459060668945312
0.0015692710876464844
0.001558542251586914
0.0015521049499511719
0.0015537738800048828
0.0016834735870361328
0.0016629695892333984
0.0015702247619628906
0.0016891956329345703
0.0015916824340820312
0.0015721321105957031
0.0016334056854248047
0.0015707015991210938
0.0016841888427734375
0.0015761852264404297
0.0016062259674072266
0.001589059829711914
0.001565694808959961
0.0016999244689941406
0.0016894340515136719
0.0016913414001464844
0.0016891956329345703
0.001684427261352539
0.0017018318176269531
0.0017719268798828125
0.0016896724700927734
0.0016973018646240234
0.001672983169555664
0.0016689300537109375
0.0016825199127197266
0.0016911029815673828
0.0016903877258300781
0.00167083740234375
0.0017066001892089844
0.0016803741455078125
0.0016891956329345703
0.001707315444946289
0.001676797866821289
0.001692056655883789
0.0017080307006835938
0.001687765121459961
0.0016849040985107422
0.0017199516296386719
0.0016734600067138672
0.0016667842864990234
