0.0028145313262939453
0.0028142929077148438
0.0027358531951904297
0.0027353763580322266
0.002756834030151367
0.002794504165649414
0.002710103988647461
0.0027654170989990234
0.0028874874114990234
0.0027227401733398438
0.002791881561279297
0.0027475357055664062
0.0027208328247070312
0.002774477005004883
0.0027298927307128906
0.0027027130126953125
0.0027418136596679688
0.002646207809448242
0.002723217010498047
0.002748250961303711
0.0028541088104248047
0.0027992725372314453
0.0027260780334472656
0.0028612613677978516
0.002717256546020508
0.002802610397338867
0.0027747154235839844
0.0027587413787841797
0.002792835235595703
0.002740144729614258
0.0027663707733154297
0.0026848316192626953
0.002680063247680664
0.0027022361755371094
0.0027251243591308594
0.002707242965698242
0.0026693344116210938
0.0027692317962646484
0.0026900768280029297
0.002679586410522461
0.002689838409423828
0.002664327621459961
0.002624988555908203
0.0026826858520507812
0.0026848316192626953
0.0027039051055908203
0.002710103988647461
0.002695322036743164
0.0026731491088867188
0.0026879310607910156
0.002649068832397461
0.0026674270629882812
0.0026960372924804688
0.0026679039001464844
0.0026662349700927734
0.0026869773864746094
0.0026845932006835938
0.002704143524169922
0.0026671886444091797
0.002713918685913086
0.0026199817657470703
0.0027446746826171875
0.002687215805053711
0.0027103424072265625
0.0027208328247070312
0.0027108192443847656
0.002643585205078125
0.0026521682739257812
0.002699136734008789
0.002654552459716797
0.0026826858520507812
0.002691030502319336
0.002741575241088867
0.002699136734008789
0.002704143524169922
0.0026733875274658203
0.0026826858520507812
0.0026807785034179688
0.002717733383178711
0.0027451515197753906
0.0027511119842529297
0.0027523040771484375
0.002701997756958008
0.002702951431274414
0.0025644302368164062
0.002765655517578125
0.002630949020385742
0.0027115345001220703
0.002710580825805664
0.0025649070739746094
0.0028214454650878906
0.0026857852935791016
0.0027353763580322266
0.002668142318725586
0.0026962757110595703
0.002780437469482422
0.0026586055755615234
0.0028150081634521484
0.0027730464935302734
0.002701282501220703
0.002659320831298828
0.0027756690979003906
0.0028247833251953125
0.0027418136596679688
0.002717733383178711
0.0027379989624023438
0.0026967525482177734
0.002707958221435547
0.002644062042236328
0.0027379989624023438
0.002680540084838867
0.002909421920776367
0.0027713775634765625
0.0026733875274658203
0.0027441978454589844
0.0027370452880859375
0.0027866363525390625
0.0027806758880615234
0.002808094024658203
0.002781391143798828
0.0027217864990234375
0.0027723312377929688
0.0027778148651123047
0.0027348995208740234
0.0027551651000976562
0.00278472900390625
0.002693653106689453
0.002676248550415039
0.0027959346771240234
0.0027666091918945312
0.0027348995208740234
0.002857208251953125
0.002829313278198242
0.0028743743896484375
0.0026390552520751953
0.0027952194213867188
0.0027284622192382812
0.002802133560180664
0.002716541290283203
0.0027666091918945312
0.0026443004608154297
0.0027039051055908203
0.002675294876098633
0.002614259719848633
0.0026798248291015625
0.0027017593383789062
0.0027625560760498047
0.0026865005493164062
0.0028014183044433594
0.0027780532836914062
0.002660989761352539
0.0028395652770996094
0.002839803695678711
0.0027313232421875
0.0027320384979248047
0.0027923583984375
0.002824544906616211
0.002805948257446289
0.002724170684814453
0.0027458667755126953
0.0027053356170654297
0.002759218215942383
0.0028030872344970703
0.002858877182006836
0.0026493072509765625
0.0027496814727783203
0.0028634071350097656
0.002755880355834961
0.002979278564453125
0.0026946067810058594
0.0027856826782226562
0.0027205944061279297
0.0028433799743652344
0.0028100013732910156
0.0027484893798828125
0.0027692317962646484
0.0026874542236328125
0.0026781558990478516
0.0026772022247314453
0.002763986587524414
0.0027494430541992188
0.0027511119842529297
0.002753019332885742
0.002732515335083008
0.0027484893798828125
0.002660512924194336
0.002766847610473633
0.002658367156982422
0.002727031707763672
0.002752065658569336
0.0026717185974121094
0.002717733383178711
0.002753019332885742
0.0026848316192626953
0.0026845932006835938
0.002713918685913086
0.002796173095703125
0.002808809280395508
0.0026788711547851562
0.0026726722717285156
0.002691030502319336
0.002768993377685547
0.002712726593017578
0.002879619598388672
0.0029265880584716797
0.0026674270629882812
0.002666473388671875
0.0027740001678466797
0.002802133560180664
0.0026552677154541016
0.0026853084564208984
0.0026786327362060547
0.0026144981384277344
0.0026903152465820312
0.002645730972290039
0.0026404857635498047
0.002660036087036133
0.002729654312133789
0.0027306079864501953
0.0027811527252197266
0.0027167797088623047
0.0027523040771484375
0.0027480125427246094
0.0027451515197753906
0.0027599334716796875
0.0027375221252441406
0.0027015209197998047
0.0027213096618652344
0.0027298927307128906
0.002651691436767578
0.0027158260345458984
0.0026738643646240234
0.0025730133056640625
0.0026636123657226562
0.0028231143951416016
0.0026733875274658203
0.0028188228607177734
0.0028448104858398438
0.0028498172760009766
0.002811431884765625
0.0027327537536621094
0.002695322036743164
0.0027196407318115234
0.0027875900268554688
0.002800464630126953
0.0026967525482177734
0.0026857852935791016
0.0027811527252197266
0.0027158260345458984
0.002724170684814453
0.002716064453125
0.0027599334716796875
0.0027108192443847656
0.0027785301208496094
0.002799510955810547
0.0027315616607666016
0.0026831626892089844
0.002831697463989258
0.002751588821411133
0.002780914306640625
0.0027735233306884766
0.0026786327362060547
0.002676248550415039
0.0026674270629882812
0.0028073787689208984
0.0026721954345703125
0.0026595592498779297
0.002694368362426758
0.002691507339477539
0.002683401107788086
0.0027446746826171875
0.0027005672454833984
0.0027594566345214844
0.002707958221435547
0.0027036666870117188
0.002783060073852539
0.0027382373809814453
0.002706766128540039
0.0027179718017578125
0.0027718544006347656
0.0027267932891845703
0.002638101577758789
0.002640962600708008
0.0026633739471435547
0.0027675628662109375
0.0026798248291015625
0.002653360366821289
0.0026924610137939453
0.0027277469635009766
0.0026967525482177734
0.0026950836181640625
0.0026760101318359375
0.002610445022583008
0.0027315616607666016
0.0027103424072265625
0.0026192665100097656
0.0027086734771728516
0.0027027130126953125
0.0025424957275390625
0.002683401107788086
0.0026531219482421875
0.0027048587799072266
0.0027511119842529297
0.0026748180389404297
0.0027174949645996094
0.002688169479370117
0.0027239322662353516
0.002686023712158203
0.0027170181274414062
0.0027534961700439453
0.0026488304138183594
0.0027577877044677734
0.0027163028717041016
0.002699136734008789
0.002743244171142578
0.0027015209197998047
0.0026793479919433594
0.002657651901245117
0.002706289291381836
0.0028123855590820312
0.0026581287384033203
0.002666473388671875
0.002696990966796875
0.0026865005493164062
0.0027153491973876953
0.0026569366455078125
0.0026979446411132812
0.002671957015991211
0.002650737762451172
0.0026950836181640625
0.0028696060180664062
0.0026960372924804688
0.002718210220336914
0.0026586055755615234
0.0027132034301757812
0.0026590824127197266
0.002657651901245117
0.0027103424072265625
0.0026340484619140625
0.0026760101318359375
0.0027856826782226562
0.0026979446411132812
0.0027756690979003906
0.0027244091033935547
0.002707242965698242
0.002708911895751953
0.0026776790618896484
0.002785921096801758
0.002661466598510742
0.002646207809448242
0.002683401107788086
0.0026624202728271484
0.002658843994140625
0.00269317626953125
0.0026748180389404297
0.0028641223907470703
0.002665281295776367
0.0026853084564208984
0.002698183059692383
0.0027022361755371094
0.002689361572265625
0.002662181854248047
0.0027191638946533203
0.002681255340576172
0.0027010440826416016
0.002765655517578125
0.0027010440826416016
0.002748727798461914
0.002726316452026367
0.0026481151580810547
0.0027081966400146484
0.0027077198028564453
0.00275421142578125
0.0027458667755126953
0.0025959014892578125
0.0027170181274414062
0.0026869773864746094
0.0026590824127197266
0.0027642250061035156
0.0027000904083251953
0.002894163131713867
0.0027103424072265625
0.002760648727416992
0.002960681915283203
0.0027179718017578125
0.0027370452880859375
0.002708911895751953
0.002817392349243164
0.002714395523071289
0.0027370452880859375
0.0027027130126953125
0.0027229785919189453
0.002796173095703125
0.002800464630126953
0.002797842025756836
0.002735137939453125
0.00270843505859375
0.002692699432373047
0.002710580825805664
0.0027625560760498047
0.0027701854705810547
0.0026712417602539062
0.002657175064086914
0.0026826858520507812
0.002712249755859375
0.0027022361755371094
0.0026640892028808594
0.0026311874389648438
0.0025682449340820312
0.002653837203979492
0.002660512924194336
0.0026063919067382812
0.0028569698333740234
0.0027196407318115234
0.0026552677154541016
0.00272369384765625
0.002804994583129883
0.002682209014892578
0.002786397933959961
0.00286102294921875
0.002828836441040039
0.002783536911010742
0.0028204917907714844
0.002909421920776367
0.0027625560760498047
0.002804994583129883
0.0027904510498046875
0.002886056900024414
0.0027451515197753906
0.002691507339477539
0.002847433090209961
0.0028192996978759766
0.002805471420288086
0.0027315616607666016
0.002949237823486328
0.0031080245971679688
0.0028715133666992188
0.002899646759033203
0.0030205249786376953
0.002795696258544922
0.002716541290283203
0.0026895999908447266
0.0027933120727539062
0.002924203872680664
0.002758502960205078
0.0027832984924316406
0.002750873565673828
0.0028867721557617188
0.003030538558959961
0.0028035640716552734
0.002851724624633789
0.0027196407318115234
0.0028066635131835938
0.0028879642486572266
0.002714872360229492
0.0026781558990478516
0.002866983413696289
0.0028684139251708984
0.002577543258666992
0.002778768539428711
0.002644777297973633
0.002716541290283203
0.002756357192993164
0.0027315616607666016
0.0027370452880859375
0.0026319026947021484
0.0027017593383789062
0.002719402313232422
0.0027124881744384766
0.0027742385864257812
0.0027544498443603516
0.002706289291381836
0.0028181076049804688
0.002710580825805664
0.002731800079345703
0.0027337074279785156
0.0026688575744628906
0.002730846405029297
0.002696990966796875
0.0027663707733154297
0.002721548080444336
0.002685546875
0.0027265548706054688
0.0028226375579833984
0.002658367156982422
0.0027594566345214844
0.002903461456298828
0.0032758712768554688
0.003222942352294922
0.003225564956665039
0.003166675567626953
0.0031387805938720703
0.0029888153076171875
0.0029370784759521484
0.0028867721557617188
0.0030171871185302734
0.0028426647186279297
0.002737760543823242
0.0028777122497558594
0.0028121471405029297
0.0028312206268310547
0.0027496814727783203
0.002867460250854492
0.0027647018432617188
0.002756834030151367
0.002869129180908203
0.002794504165649414
0.0028524398803710938
0.0029654502868652344
0.0026869773864746094
0.0028748512268066406
0.00273895263671875
0.002725839614868164
0.0028791427612304688
0.002699136734008789
0.0027778148651123047
0.0028548240661621094
0.0029952526092529297
0.002776622772216797
0.0030007362365722656
0.002832174301147461
0.002918720245361328
0.003031492233276367
0.003073453903198242
0.0029942989349365234
0.002994537353515625
0.002978086471557617
0.002886533737182617
0.0029675960540771484
0.0028569698333740234
0.0029497146606445312
0.00311279296875
0.002897500991821289
0.0029342174530029297
0.002846240997314453
0.002905607223510742
0.0027709007263183594
0.0028405189514160156
0.0029234886169433594
0.002747774124145508
0.002788066864013672
0.0028281211853027344
0.0028443336486816406
0.002724170684814453
0.002732992172241211
0.0027756690979003906
0.002773284912109375
0.002815723419189453
0.002774477005004883
0.002912759780883789
0.0028412342071533203
0.0028963088989257812
0.0028002262115478516
0.002912282943725586
0.002802133560180664
0.002869844436645508
0.0029184818267822266
0.002771139144897461
0.002786874771118164
0.002882242202758789
0.0027637481689453125
0.002735614776611328
0.002697467803955078
0.0027458667755126953
0.0027055740356445312
0.0027894973754882812
0.002772808074951172
0.0028803348541259766
0.0027170181274414062
0.002768993377685547
0.002816915512084961
0.0027976036071777344
0.0027310848236083984
0.002749204635620117
0.002721548080444336
0.002753019332885742
0.0028803348541259766
0.002766132354736328
0.0028390884399414062
0.0027115345001220703
0.002765178680419922
0.0027353763580322266
0.0029032230377197266
0.002872467041015625
0.0027837753295898438
0.0028629302978515625
0.002888202667236328
0.0028734207153320312
0.0028977394104003906
0.0028722286224365234
0.0029103755950927734
0.0028290748596191406
0.002928018569946289
0.0029184818267822266
0.002759695053100586
0.0028295516967773438
0.0029001235961914062
0.0028116703033447266
0.002723217010498047
0.002882719039916992
0.0030002593994140625
0.003081083297729492
0.002848386764526367
0.0030641555786132812
0.002964019775390625
0.0031561851501464844
0.0031647682189941406
0.003195524215698242
0.003119230270385742
0.0031545162200927734
0.0030913352966308594
0.0032165050506591797
0.0032684803009033203
0.0030426979064941406
0.003061056137084961
0.003138303756713867
0.0030765533447265625
0.002925872802734375
0.0029332637786865234
0.0029892921447753906
0.003114938735961914
0.0028498172760009766
0.003067493438720703
0.0030846595764160156
0.0031366348266601562
0.0029747486114501953
0.003016948699951172
0.003016233444213867
0.002994060516357422
0.0030443668365478516
0.0028977394104003906
0.002965211868286133
0.003004789352416992
0.0030405521392822266
0.00295257568359375
0.002887248992919922
0.0029366016387939453
0.002965211868286133
0.0029413700103759766
0.002845287322998047
0.003058195114135742
0.002962350845336914
0.0030171871185302734
0.002863168716430664
0.0028793811798095703
0.0029489994049072266
0.002942323684692383
0.0029332637786865234
0.003063678741455078
0.0029222965240478516
0.0028848648071289062
0.0028412342071533203
0.0029947757720947266
0.0029501914978027344
0.0029447078704833984
0.0029261112213134766
0.002823352813720703
0.002986431121826172
0.0030121803283691406
0.002863168716430664
0.0028693675994873047
0.002849578857421875
0.0028574466705322266
0.0027909278869628906
0.002924203872680664
0.002816915512084961
0.0028297901153564453
0.0028514862060546875
0.002796649932861328
0.0027818679809570312
0.002758026123046875
0.002773761749267578
0.0027742385864257812
0.002875804901123047
0.0027823448181152344
0.002773284912109375
0.002888202667236328
0.002763032913208008
0.002752065658569336
0.002999544143676758
0.0027685165405273438
0.0028007030487060547
0.0027806758880615234
0.002760171890258789
0.0028409957885742188
0.002841949462890625
0.002772092819213867
0.0027916431427001953
0.0027582645416259766
0.002823352813720703
0.00289154052734375
0.0028357505798339844
0.0027513504028320312
0.002775907516479492
0.002854585647583008
0.0027513504028320312
0.0028052330017089844
0.002902984619140625
0.0027379989624023438
0.0028493404388427734
0.0027747154235839844
0.0027251243591308594
0.002663135528564453
0.0027320384979248047
0.002809762954711914
0.0027756690979003906
0.002881288528442383
0.0028166770935058594
0.002769947052001953
0.002801179885864258
0.002795696258544922
0.00289154052734375
0.0028243064880371094
0.0027053356170654297
0.002785205841064453
0.0027551651000976562
0.0027747154235839844
0.0028727054595947266
0.0028285980224609375
0.002804279327392578
0.0027794837951660156
0.002749204635620117
0.0029442310333251953
0.0026962757110595703
0.002897977828979492
0.002877950668334961
0.002855062484741211
0.0028388500213623047
0.0028128623962402344
0.0029134750366210938
0.0027573108673095703
0.0027189254760742188
0.002716064453125
0.0028107166290283203
0.002690553665161133
0.0028722286224365234
0.0027861595153808594
0.0028929710388183594
0.002687692642211914
0.0028257369995117188
0.0027687549591064453
0.002852916717529297
0.0027484893798828125
0.0029649734497070312
0.0028562545776367188
0.0029196739196777344
0.002814769744873047
0.0028371810913085938
0.0028052330017089844
0.002910137176513672
0.0028281211853027344
0.0029783248901367188
0.0028862953186035156
0.002820730209350586
0.002860546112060547
0.0028977394104003906
0.002957582473754883
0.0028748512268066406
0.0029544830322265625
0.0030145645141601562
0.0028607845306396484
0.0029311180114746094
0.002773761749267578
0.0029926300048828125
0.0027463436126708984
0.0027709007263183594
0.0028645992279052734
0.0027856826782226562
0.002678394317626953
0.0027458667755126953
0.0026688575744628906
0.002723217010498047
0.002742767333984375
0.0028786659240722656
0.0027844905853271484
0.0029120445251464844
0.0028641223907470703
0.002830028533935547
0.002765178680419922
0.002808809280395508
0.002683401107788086
0.0027685165405273438
0.002810239791870117
0.002899646759033203
0.0027723312377929688
0.0029718875885009766
0.0027937889099121094
0.0029480457305908203
0.002988100051879883
0.002901792526245117
0.002977609634399414
0.002806425094604492
0.0029897689819335938
0.0028603076934814453
0.0029456615447998047
0.0027964115142822266
0.003003835678100586
0.0030231475830078125
0.0028166770935058594
0.0027666091918945312
0.0027854442596435547
0.0028579235076904297
0.0027685165405273438
0.0027348995208740234
0.002856731414794922
0.0028870105743408203
0.0027687549591064453
0.0027697086334228516
0.0028264522552490234
0.0027968883514404297
0.0029134750366210938
0.0029430389404296875
0.002740144729614258
0.0027556419372558594
0.0027663707733154297
0.0028188228607177734
0.002802133560180664
0.0028138160705566406
0.002797365188598633
0.002867460250854492
0.002715587615966797
0.0027170181274414062
0.0027627944946289062
0.0026836395263671875
0.002777576446533203
0.0027582645416259766
0.0028328895568847656
0.002828359603881836
0.002949953079223633
0.0028820037841796875
0.0027670860290527344
0.0028083324432373047
0.002925395965576172
0.002898693084716797
0.0029981136322021484
0.0030701160430908203
0.0031032562255859375
0.002968311309814453
0.002991914749145508
0.0028748512268066406
0.0028111934661865234
0.003042459487915039
0.002831697463989258
0.002808094024658203
0.0029921531677246094
0.002938508987426758
0.002871990203857422
0.002811431884765625
0.0028312206268310547
0.002840757369995117
0.002750873565673828
0.0027289390563964844
0.002801656723022461
0.0026993751525878906
0.002853870391845703
0.002653837203979492
0.002786397933959961
0.0026738643646240234
0.002789735794067383
0.002774477005004883
0.002721548080444336
0.0028400421142578125
0.002856016159057617
0.0028679370880126953
0.0027658939361572266
0.0026612281799316406
0.002853870391845703
0.0027158260345458984
0.0027616024017333984
0.0026335716247558594
0.0028319358825683594
0.002855062484741211
0.002771139144897461
0.002826213836669922
0.0027637481689453125
0.0028302669525146484
0.0027387142181396484
0.0028755664825439453
0.0028200149536132812
0.0028579235076904297
0.002893686294555664
0.00286865234375
0.0029735565185546875
0.002780914306640625
0.002819538116455078
0.0028514862060546875
0.0028676986694335938
0.0028150081634521484
0.0028874874114990234
0.0028901100158691406
0.002744436264038086
0.0027494430541992188
0.0027861595153808594
0.0027322769165039062
0.0027611255645751953
0.002801656723022461
0.0029439926147460938
0.0027756690979003906
0.0027723312377929688
0.0027627944946289062
0.0027353763580322266
0.002735614776611328
0.0027816295623779297
0.002756357192993164
0.0026504993438720703
0.002688169479370117
0.0027196407318115234
0.0028302669525146484
0.002789020538330078
0.0027463436126708984
0.0027654170989990234
0.0027146339416503906
0.0027647018432617188
0.002811431884765625
0.0027420520782470703
0.002706766128540039
0.002724885940551758
0.00279998779296875
0.0027675628662109375
0.002749919891357422
0.0026712417602539062
0.0026674270629882812
0.0027587413787841797
0.0027256011962890625
0.0027692317962646484
0.0027196407318115234
0.002668142318725586
0.0027947425842285156
0.002834320068359375
0.002904653549194336
0.0027599334716796875
0.002823352813720703
0.002833127975463867
0.0027701854705810547
0.002824068069458008
0.0028243064880371094
0.0028955936431884766
0.0027637481689453125
0.002852916717529297
0.0027267932891845703
0.0027790069580078125
0.0029201507568359375
0.0028433799743652344
0.002830028533935547
0.0029633045196533203
0.0029015541076660156
0.002793550491333008
0.0027992725372314453
0.002922534942626953
0.0028693675994873047
0.0027723312377929688
0.0027284622192382812
0.0028471946716308594
0.0027360916137695312
0.0027205944061279297
0.002776622772216797
0.0028061866760253906
0.002688884735107422
0.0028290748596191406
0.0028133392333984375
0.0028564929962158203
0.002950906753540039
0.002918720245361328
0.003003358840942383
0.0029573440551757812
0.0028524398803710938
0.002858877182006836
0.0027790069580078125
0.0028684139251708984
0.0028014183044433594
0.002819061279296875
0.002871990203857422
0.002839326858520508
0.00281524658203125
0.0029058456420898438
0.0028374195098876953
0.002821683883666992
0.002742767333984375
0.002867460250854492
0.002853870391845703
0.002766847610473633
0.0028238296508789062
0.003041505813598633
0.002826213836669922
0.002888202667236328
0.0027685165405273438
0.0028908252716064453
0.0027391910552978516
0.0027866363525390625
0.002782106399536133
0.0027458667755126953
0.0027740001678466797
0.0028076171875
0.0027353763580322266
0.0027010440826416016
0.002826213836669922
0.0027933120727539062
0.002893209457397461
0.002690553665161133
0.002828836441040039
