0.003220081329345703
0.0032415390014648438
0.0032372474670410156
0.0032303333282470703
0.0031642913818359375
0.0032646656036376953
0.003214597702026367
0.0032711029052734375
0.003258943557739258
0.003314971923828125
0.0033707618713378906
0.003271818161010742
0.0032296180725097656
0.003198862075805664
0.003303050994873047
0.0032584667205810547
0.0031828880310058594
0.003511667251586914
0.0032300949096679688
0.0032548904418945312
0.0032529830932617188
0.003476858139038086
0.003323793411254883
0.003438711166381836
0.003281831741333008
0.0033562183380126953
0.0032567977905273438
0.0032868385314941406
0.0033178329467773438
0.0034101009368896484
0.003384828567504883
0.003314971923828125
0.003217458724975586
0.0032563209533691406
0.0033185482025146484
0.0033032894134521484
0.003304004669189453
0.0034186840057373047
0.003273487091064453
0.003383159637451172
0.0033805370330810547
0.0033490657806396484
0.00324249267578125
0.0033156871795654297
0.0032711029052734375
0.003381967544555664
0.003226041793823242
0.00334930419921875
0.0033447742462158203
0.0032804012298583984
0.003261089324951172
0.0034117698669433594
0.0033295154571533203
0.0032074451446533203
0.003350496292114258
0.0032961368560791016
0.00331878662109375
0.003307342529296875
0.003408670425415039
0.003208637237548828
0.003293752670288086
0.003416776657104492
0.0034546852111816406
0.003316164016723633
0.0033156871795654297
0.003301382064819336
0.003336191177368164
0.003292560577392578
0.003224611282348633
0.0034241676330566406
0.0033342838287353516
0.0032825469970703125
0.003322124481201172
0.003317117691040039
0.0032799243927001953
0.0032281875610351562
0.0034935474395751953
0.003442525863647461
0.0032889842987060547
0.0032362937927246094
0.0032901763916015625
0.003335714340209961
0.003438234329223633
0.0032546520233154297
0.003198385238647461
0.003228902816772461
0.0032358169555664062
0.0032134056091308594
0.003285646438598633
0.003264188766479492
0.0032286643981933594
0.003565073013305664
0.0033071041107177734
0.0032401084899902344
0.0031785964965820312
0.0032775402069091797
0.0034041404724121094
0.00324249267578125
0.0033464431762695312
0.0034644603729248047
0.003391265869140625
0.0033757686614990234
0.003301858901977539
0.0033643245697021484
0.0032765865325927734
0.003316164016723633
0.003287076950073242
0.0033342838287353516
0.0032520294189453125
0.0032646656036376953
0.0033354759216308594
0.0033643245697021484
0.0032529830932617188
0.0032372474670410156
0.0032601356506347656
0.0032265186309814453
0.003263235092163086
0.0033004283905029297
0.003329753875732422
0.0032269954681396484
0.003208637237548828
0.0033261775970458984
0.0033245086669921875
0.003354310989379883
0.003278017044067383
0.0032973289489746094
0.0035200119018554688
0.003582000732421875
0.0034313201904296875
0.0033631324768066406
0.003402233123779297
0.0034291744232177734
0.003360748291015625
0.003423452377319336
0.0033507347106933594
0.003506898880004883
0.0034198760986328125
0.0032753944396972656
0.003312349319458008
0.003351926803588867
0.0035190582275390625
0.0033071041107177734
0.0032830238342285156
0.0033178329467773438
0.0033524036407470703
0.0033566951751708984
0.0033910274505615234
0.003323793411254883
0.003307342529296875
0.0032799243927001953
0.0033898353576660156
0.003286123275756836
0.0033125877380371094
0.0032815933227539062
0.0032329559326171875
0.0033559799194335938
0.0034084320068359375
0.003357410430908203
0.003464937210083008
0.0032994747161865234
0.0032813549041748047
0.0033063888549804688
0.003371715545654297
0.0032911300659179688
0.003306865692138672
0.003298521041870117
0.0035338401794433594
0.0033333301544189453
0.0035316944122314453
0.003570556640625
0.0034346580505371094
0.003230571746826172
0.003371000289916992
0.003308534622192383
0.0033295154571533203
0.0035080909729003906
0.0033669471740722656
0.0034036636352539062
0.003509044647216797
0.0034041404724121094
0.003687143325805664
0.003480195999145508
0.003303050994873047
0.0035123825073242188
0.00334930419921875
0.0033719539642333984
0.003411531448364258
0.003395557403564453
0.003347158432006836
0.0032732486724853516
0.003329038619995117
0.0034148693084716797
0.0034193992614746094
0.003381967544555664
0.0033953189849853516
0.003407716751098633
0.0032796859741210938
0.003402233123779297
0.0035653114318847656
0.003371000289916992
0.003394603729248047
0.003315448760986328
0.0033500194549560547
0.003363370895385742
0.0033211708068847656
0.0033304691314697266
0.0033435821533203125
0.003307342529296875
0.003208160400390625
0.0033643245697021484
0.0033540725708007812
0.0031991004943847656
0.003325939178466797
0.0033180713653564453
0.0033402442932128906
0.0033049583435058594
0.0034074783325195312
0.0033426284790039062
0.003328084945678711
0.0033500194549560547
0.003358125686645508
0.003324270248413086
0.0033044815063476562
0.003328084945678711
0.0034596920013427734
0.003312349319458008
0.003329038619995117
0.003429412841796875
0.0034837722778320312
0.003337860107421875
0.003385305404663086
0.0034711360931396484
0.0033321380615234375
0.0032987594604492188
0.0033257007598876953
0.0034415721893310547
0.0033233165740966797
0.003307342529296875
0.003325223922729492
0.0034537315368652344
0.003325939178466797
0.0033605098724365234
0.003403902053833008
0.0034284591674804688
0.003333568572998047
0.003333568572998047
0.0034198760986328125
0.003467082977294922
0.003348827362060547
0.003306150436401367
0.003456592559814453
0.003342151641845703
0.0033016204833984375
0.003367900848388672
0.0034029483795166016
0.0033063888549804688
0.0035042762756347656
0.0035419464111328125
0.003302335739135742
0.0034003257751464844
0.003448486328125
0.003414154052734375
0.0032935142517089844
0.0033185482025146484
0.0033631324768066406
0.003312826156616211
0.003307342529296875
0.0032968521118164062
0.0033566951751708984
0.003210306167602539
0.0032739639282226562
0.0032739639282226562
0.0033867359161376953
0.0032351016998291016
0.0034139156341552734
0.003355264663696289
0.0033071041107177734
0.0033195018768310547
0.0033164024353027344
0.0034596920013427734
0.003412008285522461
0.0034575462341308594
0.0033049583435058594
0.0034172534942626953
0.003365755081176758
0.0034618377685546875
0.0033550262451171875
0.003394603729248047
0.0034172534942626953
0.003421783447265625
0.0034456253051757812
0.00347137451171875
0.0033288002014160156
0.0034301280975341797
0.0035088062286376953
0.0033588409423828125
0.003422975540161133
0.003365039825439453
0.003378152847290039
0.0034360885620117188
0.003410816192626953
0.003422975540161133
0.0034618377685546875
0.003316640853881836
0.003427267074584961
0.003325223922729492
0.003307342529296875
0.0033452510833740234
0.003598451614379883
0.0034737586975097656
0.0034449100494384766
0.003406047821044922
0.0035195350646972656
0.0035753250122070312
0.0034978389739990234
0.0035622119903564453
0.0033621788024902344
0.003526449203491211
0.003306865692138672
0.0035562515258789062
0.003345012664794922
0.0034470558166503906
0.0033309459686279297
0.003545999526977539
0.0035080909729003906
0.003412008285522461
0.0034606456756591797
0.0033104419708251953
0.0034122467041015625
0.0034439563751220703
0.0034172534942626953
0.0033385753631591797
0.0035130977630615234
0.0033788681030273438
0.0034482479095458984
0.0033147335052490234
0.0034966468811035156
0.0034513473510742188
0.003509044647216797
0.0033500194549560547
0.0035181045532226562
0.003448963165283203
0.00342559814453125
0.0033712387084960938
0.0034224987030029297
0.0033969879150390625
0.0033261775970458984
0.0034656524658203125
0.003392457962036133
0.0033211708068847656
0.0034034252166748047
0.0035200119018554688
0.003457784652709961
0.003372669219970703
0.0033884048461914062
0.0034148693084716797
0.003389120101928711
0.0034029483795166016
0.0033216476440429688
0.0033960342407226562
0.0033445358276367188
0.003389120101928711
0.0034372806549072266
0.003317117691040039
0.0033087730407714844
0.003357410430908203
0.0034601688385009766
0.003548145294189453
0.004122257232666016
0.003931522369384766
0.0036640167236328125
0.0036079883575439453
0.003606557846069336
0.0036334991455078125
0.003400564193725586
0.003482818603515625
0.003461122512817383
0.0033349990844726562
0.003422260284423828
0.0033156871795654297
0.0034406185150146484
0.003347635269165039
0.003276348114013672
0.0032274723052978516
0.0032918453216552734
0.0032396316528320312
0.003269672393798828
0.0033004283905029297
0.0032889842987060547
0.0032248497009277344
0.003233194351196289
0.0032477378845214844
0.0031702518463134766
0.0031905174255371094
0.003225564956665039
0.0032532215118408203
0.0031948089599609375
0.0031981468200683594
0.0032689571380615234
0.003338336944580078
0.0032072067260742188
0.0031800270080566406
0.003237009048461914
0.0032486915588378906
0.0031969547271728516
0.0032978057861328125
0.003222227096557617
0.0031714439392089844
0.003128528594970703
0.0031104087829589844
0.0032355785369873047
0.0032253265380859375
0.0032248497009277344
0.0031082630157470703
0.003281831741333008
0.0031833648681640625
0.003143787384033203
0.003119230270385742
0.0032396316528320312
0.0032558441162109375
0.0032324790954589844
0.003180265426635742
0.0032494068145751953
0.003184795379638672
0.0032248497009277344
0.003224611282348633
0.00325775146484375
0.0033178329467773438
0.003201007843017578
0.003407716751098633
0.0033769607543945312
0.0032262802124023438
0.003226041793823242
0.0033872127532958984
0.003348827362060547
0.003298044204711914
0.0032460689544677734
0.0033457279205322266
0.003264188766479492
0.003200531005859375
0.003277301788330078
0.0033140182495117188
0.0032172203063964844
0.0032379627227783203
0.003204822540283203
0.0033342838287353516
0.0032563209533691406
0.0032167434692382812
0.0032744407653808594
0.003268718719482422
0.003222227096557617
0.003203153610229492
0.00330352783203125
0.003295421600341797
0.003329038619995117
0.003355264663696289
0.003400087356567383
0.0032117366790771484
0.003297090530395508
0.003442049026489258
0.003319263458251953
0.003310680389404297
0.0033447742462158203
0.0033948421478271484
0.003322601318359375
0.003314495086669922
0.003253459930419922
0.0032699108123779297
0.0032122135162353516
0.003252744674682617
0.0033147335052490234
0.0033502578735351562
0.0031585693359375
0.0033092498779296875
0.0032427310943603516
0.0033614635467529297
0.0032258033752441406
0.0032575130462646484
0.003183126449584961
0.0032601356506347656
0.0032095909118652344
0.003293275833129883
0.0033326148986816406
0.0031707286834716797
0.003223419189453125
0.0032536983489990234
0.0032188892364501953
0.00323486328125
0.0032470226287841797
0.003259897232055664
0.0033111572265625
0.0031180381774902344
0.0031595230102539062
0.0032439231872558594
0.003259420394897461
0.0033102035522460938
0.003142118453979492
0.0031855106353759766
0.00330352783203125
0.0032205581665039062
0.003187894821166992
0.00316619873046875
0.0032253265380859375
0.0033659934997558594
0.0032167434692382812
0.0032944679260253906
0.003206968307495117
0.0032417774200439453
0.0032739639282226562
0.0033652782440185547
0.0033104419708251953
0.0032160282135009766
0.0033121109008789062
0.003318309783935547
0.0033283233642578125
0.0032193660736083984
0.0033135414123535156
0.0033240318298339844
0.0032258033752441406
0.003322601318359375
0.0033621788024902344
0.003236055374145508
0.003268003463745117
0.0032236576080322266
0.0033283233642578125
0.0032989978790283203
0.0032291412353515625
0.0032880306243896484
0.003358125686645508
0.003263235092163086
0.0033180713653564453
0.003289937973022461
0.0033066272735595703
0.0032880306243896484
0.0032148361206054688
0.0035161972045898438
0.0033555030822753906
0.003343343734741211
0.003238201141357422
0.0034079551696777344
0.003375530242919922
0.0032896995544433594
0.0033011436462402344
0.0034143924713134766
0.0032820701599121094
0.0032739639282226562
0.003398418426513672
0.0033540725708007812
0.003378629684448242
0.003298044204711914
0.0034101009368896484
0.00328826904296875
0.003324747085571289
0.0032491683959960938
0.0033686161041259766
0.0032494068145751953
0.003242969512939453
0.0032248497009277344
0.003290414810180664
0.003378152847290039
0.003213167190551758
0.0032744407653808594
0.0032243728637695312
0.0032303333282470703
0.0032842159271240234
0.003306865692138672
0.0033185482025146484
0.003234386444091797
0.003183126449584961
0.0032122135162353516
0.0032007694244384766
0.0033178329467773438
0.003167867660522461
0.003329038619995117
0.003201723098754883
0.003255128860473633
0.003176450729370117
0.0031538009643554688
0.003307342529296875
0.0031239986419677734
0.0032815933227539062
0.0032792091369628906
0.003268718719482422
0.003149747848510742
0.003398895263671875
0.003177642822265625
0.0032205581665039062
0.0032303333282470703
0.003191232681274414
0.0032024383544921875
0.0031380653381347656
0.0032358169555664062
0.0032994747161865234
0.003245115280151367
0.003332853317260742
0.0033218860626220703
0.0034716129302978516
0.0033686161041259766
0.003305673599243164
0.0034117698669433594
0.003269672393798828
0.003378152847290039
0.0032868385314941406
0.0035772323608398438
0.00324249267578125
0.003355741500854492
0.0033867359161376953
0.003421306610107422
0.0032639503479003906
0.003205537796020508
0.0032281875610351562
0.0033464431762695312
0.003216981887817383
0.0032176971435546875
0.0033588409423828125
0.0031881332397460938
0.0032427310943603516
0.0032486915588378906
0.003436565399169922
0.0033626556396484375
0.003179788589477539
0.0032510757446289062
0.003281116485595703
0.0033533573150634766
0.003245115280151367
0.0032875537872314453
0.0032644271850585938
0.003403902053833008
0.0031981468200683594
0.003359079360961914
0.003211498260498047
0.0032241344451904297
0.0032596588134765625
0.003427267074584961
0.0033707618713378906
0.003322124481201172
0.003293752670288086
0.003353595733642578
0.0032782554626464844
0.003168821334838867
0.003271341323852539
0.003300905227661133
0.0032608509063720703
0.003170013427734375
0.003267526626586914
0.0032427310943603516
0.003335714340209961
0.0032198429107666016
0.003281831741333008
0.003252744674682617
0.003165721893310547
0.0032455921173095703
0.003236532211303711
0.003360271453857422
0.003312826156616211
0.003295421600341797
0.0033216476440429688
0.0033125877380371094
0.0032885074615478516
0.0033631324768066406
0.00319671630859375
0.0032699108123779297
0.0031805038452148438
0.003301382064819336
0.0033075809478759766
0.003240823745727539
0.0033245086669921875
0.003388643264770508
0.0031871795654296875
0.0031957626342773438
0.003225088119506836
0.0033044815063476562
0.003313779830932617
0.003241300582885742
0.0031960010528564453
0.003284454345703125
0.00328826904296875
0.0032148361206054688
0.0032923221588134766
0.0032072067260742188
0.0031850337982177734
0.003191709518432617
0.003373861312866211
0.003152608871459961
0.0031676292419433594
0.003192901611328125
0.003333568572998047
0.0031006336212158203
0.003194093704223633
0.0031309127807617188
0.0032777786254882812
0.003115415573120117
0.0031757354736328125
0.0031545162200927734
0.0031921863555908203
0.0031037330627441406
0.003259897232055664
0.0033309459686279297
0.0032019615173339844
0.0033004283905029297
0.0031991004943847656
0.003216981887817383
0.0032243728637695312
0.0031740665435791016
0.003243684768676758
0.0032210350036621094
0.0031638145446777344
0.0031404495239257812
0.003210783004760742
0.0032186508178710938
0.0031685829162597656
0.003179311752319336
0.0034863948822021484
0.0034148693084716797
0.003317117691040039
0.0032792091369628906
0.003297090530395508
0.003291606903076172
0.0033485889434814453
0.0032749176025390625
0.0033702850341796875
0.0033111572265625
0.003342151641845703
0.003248929977416992
0.0034041404724121094
0.003365039825439453
0.003385305404663086
0.0033326148986816406
0.003267049789428711
0.0032215118408203125
0.003419637680053711
0.0034799575805664062
0.0032279491424560547
0.0033473968505859375
0.003279447555541992
0.0032339096069335938
0.0031807422637939453
0.003149271011352539
0.0032007694244384766
0.003226041793823242
0.003292083740234375
0.0031709671020507812
0.003276824951171875
0.003262042999267578
0.0031654834747314453
0.003179788589477539
0.0032019615173339844
0.003139972686767578
0.0031576156616210938
0.0031905174255371094
0.003219127655029297
0.0031228065490722656
0.0032320022583007812
0.003278017044067383
0.003258943557739258
0.003190755844116211
0.0033495426177978516
0.0032362937927246094
0.003190755844116211
0.0031363964080810547
0.0031998157501220703
0.003718852996826172
0.003541707992553711
0.0036284923553466797
0.003375530242919922
0.0034351348876953125
0.003362894058227539
0.003469705581665039
0.0033571720123291016
0.0033571720123291016
0.0033147335052490234
0.0033011436462402344
0.0033855438232421875
0.003363370895385742
0.003247976303100586
0.003233194351196289
0.0032036304473876953
0.003221750259399414
0.0031785964965820312
0.0031783580780029297
0.0032019615173339844
0.0033464431762695312
0.003337860107421875
0.003259897232055664
0.0033032894134521484
0.003371715545654297
0.0032646656036376953
0.003447294235229492
0.003326416015625
0.003311634063720703
0.0035147666931152344
0.0034673213958740234
0.0034592151641845703
0.0032737255096435547
0.003289937973022461
0.003376483917236328
0.0032892227172851562
0.0033206939697265625
0.003252744674682617
0.003339052200317383
0.0033066272735595703
0.0032770633697509766
0.0033693313598632812
0.003318309783935547
0.0031859874725341797
0.0032029151916503906
0.0032711029052734375
0.0033292770385742188
0.003287076950073242
0.003492593765258789
0.0035011768341064453
0.003387928009033203
0.003543853759765625
0.0035982131958007812
0.0033795833587646484
0.0035796165466308594
0.0033762454986572266
0.003480672836303711
0.00339508056640625
0.0033991336822509766
0.0035436153411865234
0.0035660266876220703
0.0033416748046875
0.0033724308013916016
0.003412008285522461
0.003261566162109375
0.003267049789428711
0.0032939910888671875
0.0033638477325439453
0.0032203197479248047
0.0033829212188720703
0.0031812191009521484
0.0032677650451660156
0.003236055374145508
0.003255128860473633
0.003217458724975586
0.003280162811279297
0.003131866455078125
0.0032351016998291016
0.00336456298828125
0.0032196044921875
0.0032753944396972656
0.0032720565795898438
0.003461122512817383
0.003319978713989258
0.003344297409057617
0.003325939178466797
0.0032804012298583984
0.003204822540283203
0.003197908401489258
0.0032529830932617188
0.0033159255981445312
0.003294706344604492
0.003334522247314453
0.003278017044067383
0.003349781036376953
0.0032913684844970703
0.0032806396484375
0.003314971923828125
0.0031948089599609375
0.0032863616943359375
0.0031843185424804688
0.0032088756561279297
0.003298044204711914
0.0033371448516845703
0.0033676624298095703
0.003273487091064453
0.0032253265380859375
0.0033686161041259766
0.003345966339111328
0.003231048583984375
0.0032901763916015625
0.0032606124877929688
0.003389120101928711
0.003373384475708008
0.0032401084899902344
0.0033736228942871094
0.0034341812133789062
0.003353118896484375
0.0033054351806640625
0.003451108932495117
0.0032432079315185547
0.0032393932342529297
0.0032744407653808594
0.0032846927642822266
0.0032846927642822266
0.003212451934814453
0.0033721923828125
0.0033969879150390625
0.0035314559936523438
0.0034253597259521484
0.0034127235412597656
0.003398418426513672
0.0033485889434814453
0.003227710723876953
0.0032563209533691406
0.003237485885620117
0.0032699108123779297
0.0032095909118652344
0.0033271312713623047
0.0031881332397460938
0.0032715797424316406
0.003251314163208008
0.0033347606658935547
0.0032792091369628906
0.0032079219818115234
0.0031876564025878906
0.0033130645751953125
0.0031499862670898438
0.003214120864868164
0.003308534622192383
0.0031998157501220703
0.003159761428833008
0.0032553672790527344
0.003268003463745117
0.003175020217895508
0.003229856491088867
0.00322723388671875
0.0032622814178466797
0.0032939910888671875
0.003269672393798828
0.003208160400390625
0.003162860870361328
0.0031898021697998047
0.003110170364379883
0.003254413604736328
0.003245115280151367
0.0031440258026123047
0.0031952857971191406
0.0032258033752441406
0.003132343292236328
0.003252744674682617
0.0031871795654296875
0.0032684803009033203
0.003185272216796875
0.0031516551971435547
0.0032172203063964844
0.003323793411254883
0.003252267837524414
0.0031621456146240234
0.0032918453216552734
0.003250598907470703
0.0032715797424316406
0.003267526626586914
0.0031766891479492188
0.003205537796020508
0.0032198429107666016
0.0032172203063964844
0.0032165050506591797
0.0032775402069091797
0.003225564956665039
0.003248453140258789
0.003175020217895508
0.0032088756561279297
0.0031964778900146484
0.0032203197479248047
0.0031778812408447266
0.0032243728637695312
0.003243684768676758
0.003250598907470703
0.0032100677490234375
0.003152132034301758
0.003501415252685547
0.003848552703857422
0.0036215782165527344
0.003382444381713867
0.003376007080078125
0.0034618377685546875
0.0034067630767822266
0.003406524658203125
0.0033674240112304688
0.003454446792602539
0.0033731460571289062
0.0032889842987060547
0.0031867027282714844
0.0033712387084960938
0.0032405853271484375
0.0032486915588378906
0.0031785964965820312
0.0032885074615478516
0.003173828125
0.003275632858276367
0.003290414810180664
0.003130197525024414
0.00315093994140625
0.0031883716583251953
0.003252744674682617
0.0031447410583496094
0.003203868865966797
0.0031807422637939453
0.0032265186309814453
0.003144979476928711
0.003286123275756836
0.00318145751953125
0.003404855728149414
0.0031735897064208984
0.003184080123901367
0.0031800270080566406
0.0033881664276123047
0.0031735897064208984
