0.015069007873535156
0.014971017837524414
0.014932394027709961
0.014861106872558594
0.014933109283447266
0.014877080917358398
0.01491236686706543
0.01487588882446289
0.0148162841796875
0.014881372451782227
0.015216827392578125
0.015110015869140625
0.014872074127197266
0.014892816543579102
0.014920711517333984
0.01497507095336914
0.015015840530395508
0.014972925186157227
0.015032291412353516
0.014973640441894531
0.015178918838500977
0.01495218276977539
0.015004873275756836
0.015013694763183594
0.015106916427612305
0.014977693557739258
0.015383720397949219
0.01554417610168457
0.015765905380249023
0.015091419219970703
0.015146493911743164
0.015534400939941406
0.01495981216430664
0.01498723030090332
0.015156030654907227
0.015069246292114258
0.015040397644042969
0.015081405639648438
0.015271425247192383
0.015017509460449219
0.014995813369750977
0.015197277069091797
0.014931917190551758
0.014893293380737305
0.014963626861572266
0.015006065368652344
0.015009164810180664
0.014922857284545898
0.01494455337524414
0.015057563781738281
0.015090703964233398
0.01522374153137207
0.015059709548950195
0.014951705932617188
0.015049934387207031
0.015133857727050781
0.015093564987182617
0.015035152435302734
0.015180587768554688
0.015022039413452148
0.014858007431030273
0.01488351821899414
0.014829874038696289
0.014974355697631836
0.01482391357421875
0.014887571334838867
0.0149383544921875
0.014833688735961914
0.014908790588378906
0.015203237533569336
0.015132904052734375
0.014908313751220703
0.014890432357788086
0.014855384826660156
0.015113592147827148
0.014886140823364258
0.014793634414672852
0.014929533004760742
0.014772653579711914
0.014963388442993164
0.014995813369750977
0.015023946762084961
0.014889001846313477
0.014935493469238281
0.015015840530395508
0.01491236686706543
0.014882326126098633
0.014896869659423828
0.014829635620117188
0.014782428741455078
0.014874935150146484
0.01486063003540039
0.014777183532714844
0.015130758285522461
0.014885425567626953
0.015032768249511719
0.014899730682373047
0.01499176025390625
0.015018224716186523
0.014971017837524414
0.014933347702026367
0.015098333358764648
0.01536417007446289
0.01500391960144043
0.015301227569580078
0.015154600143432617
0.015156745910644531
0.01496434211730957
0.015104055404663086
0.015115499496459961
0.015108585357666016
0.01496124267578125
0.014782905578613281
0.014850854873657227
0.014791727066040039
0.014817953109741211
0.015088796615600586
0.014873266220092773
0.014889955520629883
0.01496577262878418
0.015035152435302734
0.01497030258178711
0.015010356903076172
0.015005350112915039
0.01486659049987793
0.014924764633178711
0.015035867691040039
0.015129327774047852
0.015066146850585938
0.015338897705078125
0.014972925186157227
0.014960050582885742
0.0149383544921875
0.01497960090637207
0.01490020751953125
0.014971494674682617
0.014928817749023438
0.014856338500976562
0.015080928802490234
0.014954805374145508
0.015059947967529297
0.014737367630004883
0.015167951583862305
0.015064239501953125
0.014965295791625977
0.015039443969726562
0.014941692352294922
0.014145374298095703
0.01503443717956543
0.015072822570800781
0.014961004257202148
0.015056133270263672
0.01499485969543457
0.015036344528198242
0.015075445175170898
0.014960289001464844
0.015156030654907227
0.014913320541381836
0.014353752136230469
0.015079498291015625
0.01514124870300293
0.015140533447265625
0.014980792999267578
0.014995574951171875
0.015107393264770508
0.015002012252807617
0.015093088150024414
0.015050411224365234
0.014977455139160156
0.015186786651611328
0.015069961547851562
0.015123367309570312
0.014983177185058594
0.014981269836425781
0.014936685562133789
0.015285253524780273
0.014885663986206055
0.014980792999267578
0.015169620513916016
0.014957189559936523
0.015008926391601562
0.015054464340209961
0.015151262283325195
0.014971494674682617
0.015014410018920898
0.01496267318725586
0.015100717544555664
0.014981508255004883
0.014989614486694336
0.015698909759521484
0.015081405639648438
0.015026330947875977
0.015191078186035156
0.015180587768554688
0.015285730361938477
0.015278100967407227
0.01507425308227539
0.015038728713989258
0.015078067779541016
0.014992237091064453
0.014968156814575195
0.015031814575195312
0.015045404434204102
0.015047788619995117
0.015079736709594727
0.015060186386108398
0.015154123306274414
0.014997243881225586
0.015011072158813477
0.014975309371948242
0.014957427978515625
0.015000343322753906
0.01501321792602539
0.014986753463745117
0.01493215560913086
0.015041589736938477
0.015446901321411133
0.015009164810180664
0.014839887619018555
0.01514124870300293
0.015093088150024414
0.01496744155883789
0.015333414077758789
0.01497650146484375
0.015018463134765625
0.014981269836425781
0.015605688095092773
0.01551198959350586
0.015414237976074219
0.014964580535888672
0.015080451965332031
0.015004158020019531
0.01529836654663086
0.014976024627685547
0.014955759048461914
0.015104293823242188
0.015022754669189453
0.01502084732055664
0.015087604522705078
0.014991283416748047
0.01500082015991211
0.015001773834228516
0.015030145645141602
0.014983177185058594
0.015073060989379883
0.015193939208984375
0.014987945556640625
0.014997720718383789
0.015072107315063477
0.015400171279907227
0.015192031860351562
0.015188455581665039
0.015349388122558594
0.015201330184936523
0.015233755111694336
0.014989137649536133
0.015138387680053711
0.015008687973022461
0.015059471130371094
0.014988183975219727
0.015033960342407227
0.015343666076660156
0.015198945999145508
0.015217065811157227
0.015180110931396484
0.015274524688720703
0.01523900032043457
0.01522374153137207
0.015231132507324219
0.01512598991394043
0.015221118927001953
0.015047788619995117
0.015184640884399414
0.015006065368652344
0.015035390853881836
0.015102863311767578
0.015001296997070312
0.014991283416748047
0.0150299072265625
0.015062332153320312
0.015112161636352539
0.015150308609008789
0.015074491500854492
0.015197992324829102
0.015098810195922852
0.015012025833129883
0.015134096145629883
0.014737129211425781
0.01549839973449707
0.015413761138916016
0.015056133270263672
0.015181541442871094
0.015174627304077148
0.014977216720581055
0.014935493469238281
0.015256166458129883
0.015234231948852539
0.015212059020996094
0.015047311782836914
0.015028715133666992
0.014999628067016602
0.01505136489868164
0.015075445175170898
0.015053510665893555
0.015024900436401367
0.015059947967529297
0.015030145645141602
0.015039920806884766
0.015038013458251953
0.015802383422851562
0.014997720718383789
0.015010833740234375
0.015093326568603516
0.015006065368652344
0.015009641647338867
0.015047788619995117
0.015051126480102539
0.015007495880126953
0.014982223510742188
0.014988422393798828
0.014924764633178711
0.015024900436401367
0.015029430389404297
0.015007734298706055
0.014942407608032227
0.014980792999267578
0.015046358108520508
0.01498103141784668
0.015343904495239258
0.015887022018432617
0.015374898910522461
0.015369892120361328
0.015414714813232422
0.015035867691040039
0.015155315399169922
0.015031814575195312
0.015035390853881836
0.014997482299804688
0.01495361328125
0.015015840530395508
0.01505589485168457
0.015033245086669922
0.014995098114013672
0.014967679977416992
0.015067100524902344
0.015132665634155273
0.015088558197021484
0.015127182006835938
0.015061140060424805
0.01503133773803711
0.01504373550415039
0.014991044998168945
0.01503133773803711
0.01597452163696289
0.015027284622192383
0.015056371688842773
0.01529383659362793
0.015022516250610352
0.015074729919433594
0.015032768249511719
0.015120983123779297
0.015010833740234375
0.015009880065917969
0.015106439590454102
0.014983415603637695
0.015009403228759766
0.015000581741333008
0.015245914459228516
0.015517711639404297
0.0157318115234375
0.015270709991455078
0.015042304992675781
0.015218734741210938
0.014989137649536133
0.015011072158813477
0.014955997467041016
0.01504659652709961
0.015074014663696289
0.014978408813476562
0.014999866485595703
0.015041828155517578
0.015006780624389648
0.0149993896484375
0.015080928802490234
0.015060901641845703
0.015068531036376953
0.015254735946655273
0.015288591384887695
0.015188455581665039
0.015272378921508789
0.015250444412231445
0.015288829803466797
0.014895200729370117
0.014827251434326172
0.014998912811279297
0.014994382858276367
0.015094518661499023
0.015116214752197266
0.015080690383911133
0.01503753662109375
0.015014886856079102
0.015096426010131836
0.015057802200317383
0.015035390853881836
0.015000343322753906
0.015011787414550781
0.01501774787902832
0.01499176025390625
0.015315532684326172
0.015077590942382812
0.015015840530395508
0.015119791030883789
0.01507711410522461
0.015043973922729492
0.014969587326049805
0.014966487884521484
0.014967918395996094
0.014890909194946289
0.014969110488891602
0.015461444854736328
0.015005350112915039
0.014974117279052734
0.0151214599609375
0.015017032623291016
0.01501011848449707
0.015028238296508789
0.015027999877929688
0.015058755874633789
0.015025138854980469
0.015689373016357422
0.014984130859375
0.014984846115112305
0.015111446380615234
0.015044689178466797
0.015047550201416016
0.015116453170776367
0.015028715133666992
0.015207290649414062
0.015069961547851562
0.015039443969726562
0.015092611312866211
0.01504826545715332
0.014970064163208008
0.015015602111816406
0.01497507095336914
0.015043258666992188
0.014996051788330078
0.015073776245117188
0.015063762664794922
0.015096426010131836
0.015230655670166016
0.014989614486694336
0.014991044998168945
0.015045404434204102
0.014938831329345703
0.015352249145507812
0.014935970306396484
0.014849185943603516
0.01487874984741211
0.014868497848510742
0.015175104141235352
0.015207767486572266
0.014978647232055664
0.015526771545410156
0.014762163162231445
0.014970779418945312
0.014833927154541016
0.014928102493286133
0.014822244644165039
0.014933109283447266
0.014847993850708008
0.014883279800415039
0.014836788177490234
0.014823198318481445
0.014862537384033203
0.015194892883300781
0.014896154403686523
0.014859676361083984
0.014854669570922852
0.01491236686706543
0.014835834503173828
0.014862060546875
0.014895439147949219
0.014892816543579102
0.014876604080200195
0.0147857666015625
0.014876842498779297
0.01486349105834961
0.014774084091186523
0.014808177947998047
0.015024662017822266
0.01497030258178711
0.015032052993774414
0.015010595321655273
0.01495814323425293
0.014995574951171875
0.015035390853881836
0.015035867691040039
0.014924764633178711
0.015067100524902344
0.015141010284423828
0.015067100524902344
0.01505732536315918
0.014996528625488281
0.015000343322753906
0.014990806579589844
0.015084266662597656
0.01503133773803711
0.014988183975219727
0.015081167221069336
0.015019416809082031
0.015276432037353516
0.015216350555419922
0.015292644500732422
0.015272140502929688
0.015292167663574219
0.015287160873413086
0.015229225158691406
0.01564764976501465
0.015403032302856445
0.015037298202514648
0.015073060989379883
0.014866828918457031
0.014872312545776367
0.01494741439819336
0.015091180801391602
0.015189409255981445
0.01497197151184082
0.015012264251708984
0.015025615692138672
0.015028238296508789
0.014935493469238281
0.014985322952270508
0.015032052993774414
0.014993667602539062
0.01495671272277832
0.014911174774169922
0.014934539794921875
0.014998912811279297
0.014869213104248047
0.01491689682006836
0.014911174774169922
0.014982461929321289
0.014901876449584961
0.014782905578613281
0.014873743057250977
0.014885187149047852
0.014842987060546875
0.0149993896484375
0.015764951705932617
0.015050649642944336
0.015071630477905273
0.015588521957397461
0.015732765197753906
0.01534128189086914
0.015392780303955078
0.0150604248046875
0.015204906463623047
0.015087127685546875
0.015104055404663086
0.01513981819152832
0.014900445938110352
0.014930009841918945
0.015196561813354492
0.014989614486694336
0.01486063003540039
0.01485300064086914
0.015020370483398438
0.015009164810180664
0.01491856575012207
0.014976263046264648
0.015006303787231445
0.014619588851928711
0.014989852905273438
0.015052318572998047
0.015010595321655273
0.014966726303100586
0.015052556991577148
0.015057086944580078
0.015035867691040039
0.0153961181640625
0.015014410018920898
0.014994382858276367
0.015075922012329102
0.014918804168701172
0.01498556137084961
0.014952898025512695
0.015002965927124023
0.015005350112915039
0.015053510665893555
0.01506352424621582
0.014961719512939453
0.015175580978393555
0.01502680778503418
0.014964580535888672
0.014963150024414062
0.014964818954467773
0.014926671981811523
0.01501917839050293
0.015003681182861328
0.014971017837524414
0.015362977981567383
0.015032529830932617
0.01497507095336914
0.01513361930847168
0.015083074569702148
0.014998197555541992
0.015013694763183594
0.014984369277954102
0.01517486572265625
0.014994382858276367
0.015009641647338867
0.014941930770874023
0.014964580535888672
0.015023946762084961
0.015151500701904297
0.014944314956665039
0.015042304992675781
0.015014886856079102
0.015030860900878906
0.014937639236450195
0.014996528625488281
0.014955282211303711
0.014943838119506836
0.014955282211303711
0.014987945556640625
0.015006780624389648
0.014948606491088867
0.0149688720703125
0.015011310577392578
0.015137910842895508
0.015022039413452148
0.015110492706298828
0.015025138854980469
0.014979839324951172
0.015002250671386719
0.014982938766479492
0.015018939971923828
0.01489400863647461
0.015012502670288086
0.01501321792602539
0.014927864074707031
0.02952408790588379
0.031100749969482422
0.02099752426147461
0.015041828155517578
0.015161991119384766
0.015129566192626953
0.015176057815551758
0.015143394470214844
0.01668405532836914
0.015795230865478516
0.017151832580566406
0.01659107208251953
0.016932010650634766
0.016865968704223633
0.015844345092773438
0.014452934265136719
0.015054941177368164
0.015701770782470703
0.015039920806884766
0.015004873275756836
0.015036582946777344
0.01503896713256836
0.015076398849487305
0.015115737915039062
0.015161752700805664
0.01542043685913086
0.015081405639648438
0.015732288360595703
0.015057802200317383
0.014971256256103516
0.0150604248046875
0.015058279037475586
0.015363454818725586
0.015078306198120117
0.015272378921508789
0.015146732330322266
0.015126705169677734
0.015007972717285156
0.015085458755493164
0.015092849731445312
0.015038490295410156
0.015019416809082031
0.01498723030090332
0.015054941177368164
0.014991521835327148
0.014978647232055664
0.01554727554321289
0.014871358871459961
0.014824628829956055
0.01482701301574707
0.014915943145751953
0.01485586166381836
0.0148468017578125
0.015132427215576172
0.014853954315185547
0.01482844352722168
0.015062332153320312
0.015056848526000977
0.015051603317260742
0.01509857177734375
0.015049934387207031
0.015134096145629883
0.015180826187133789
0.015004873275756836
0.01515507698059082
0.015418529510498047
0.015163660049438477
0.015030145645141602
0.014968395233154297
0.015025615692138672
0.015065670013427734
0.015056610107421875
0.01503610610961914
0.015074491500854492
0.015130043029785156
0.014946699142456055
0.015225410461425781
0.015246152877807617
0.01523900032043457
0.015264272689819336
0.015306949615478516
0.015264272689819336
0.015216350555419922
0.015280723571777344
0.01519632339477539
0.01523900032043457
0.01583075523376465
0.015235185623168945
0.015317440032958984
0.015341520309448242
0.01599717140197754
0.015230894088745117
0.015226364135742188
0.015211820602416992
0.015171051025390625
0.015213251113891602
0.015248775482177734
0.015239715576171875
0.015239953994750977
0.01521444320678711
0.01520085334777832
0.015206336975097656
0.015116691589355469
0.015183687210083008
0.01524043083190918
0.015276193618774414
0.01521754264831543
0.015220165252685547
0.015215396881103516
0.015107154846191406
0.015291690826416016
0.015157222747802734
0.015176057815551758
0.01520848274230957
0.015349626541137695
0.015210390090942383
0.015148639678955078
0.015214920043945312
0.015296697616577148
0.015187263488769531
0.015255928039550781
0.015226125717163086
0.015224695205688477
0.015212535858154297
0.015123844146728516
0.01518702507019043
0.015192270278930664
0.015131473541259766
0.015003681182861328
0.015093803405761719
0.015040397644042969
0.015111207962036133
0.01504659652709961
0.015016555786132812
0.015057802200317383
0.014979362487792969
0.014957904815673828
0.014962196350097656
0.015091180801391602
0.015571355819702148
0.015021085739135742
0.015056610107421875
0.015034914016723633
0.015024900436401367
0.014987945556640625
0.015021800994873047
0.014986515045166016
0.015741825103759766
0.015006065368652344
0.015010833740234375
0.015401363372802734
0.015025854110717773
0.015173912048339844
0.014998197555541992
0.015053749084472656
0.015065670013427734
0.01501607894897461
0.014976739883422852
0.014961481094360352
0.015025854110717773
0.015035629272460938
0.015035867691040039
0.014996767044067383
0.015156984329223633
0.015041351318359375
0.015093326568603516
0.015060901641845703
0.015336275100708008
0.015074968338012695
0.015057563781738281
0.015085220336914062
0.015021800994873047
0.015064239501953125
0.014970541000366211
0.015001773834228516
0.015040397644042969
0.015094518661499023
0.015016317367553711
0.015132427215576172
0.01503753662109375
0.015020370483398438
0.015000581741333008
0.014996051788330078
0.0149993896484375
0.01501917839050293
0.015032052993774414
0.015003442764282227
0.014985322952270508
0.015059709548950195
0.015149116516113281
0.015089035034179688
0.01528787612915039
0.015152692794799805
0.015026330947875977
0.014968633651733398
0.014981746673583984
0.014998197555541992
0.015055418014526367
0.015025854110717773
0.014974594116210938
0.015282869338989258
0.015083551406860352
0.015127897262573242
0.01527857780456543
0.015104055404663086
0.015112638473510742
0.015064477920532227
0.015072345733642578
0.014986991882324219
0.01527261734008789
0.015086889266967773
0.015116453170776367
0.015062332153320312
0.015331506729125977
0.01520538330078125
0.01514577865600586
0.01518869400024414
0.015072822570800781
0.015270471572875977
0.015030145645141602
0.015065193176269531
0.01506495475769043
0.01508021354675293
0.015111923217773438
0.015034675598144531
0.015059232711791992
0.015118598937988281
0.015117883682250977
0.015110969543457031
0.015193462371826172
0.01524496078491211
0.015091419219970703
0.015063762664794922
0.015064239501953125
0.015036344528198242
0.014955759048461914
0.015023231506347656
0.014901876449584961
0.015085220336914062
0.014943122863769531
0.015033245086669922
0.015042781829833984
0.015210390090942383
0.015046834945678711
0.014986038208007812
0.015013933181762695
0.01513528823852539
0.015013694763183594
0.014967679977416992
0.014965295791625977
0.015358209609985352
0.015048503875732422
0.015061140060424805
0.014990806579589844
0.015009164810180664
0.015125751495361328
0.015049457550048828
0.015008687973022461
0.015012264251708984
0.015066146850585938
0.015069246292114258
0.01506185531616211
0.014991521835327148
0.015460491180419922
0.015053033828735352
0.014971494674682617
0.01514291763305664
0.015012741088867188
0.01514744758605957
0.015692710876464844
0.01503133773803711
0.015128374099731445
0.015264511108398438
0.015142679214477539
0.014920473098754883
0.014943361282348633
0.014886617660522461
0.014890432357788086
0.014958381652832031
0.014887332916259766
0.014950990676879883
0.015107870101928711
0.015007495880126953
0.014989614486694336
0.014989852905273438
0.014941692352294922
0.015029191970825195
0.014931678771972656
0.015054464340209961
0.014968156814575195
0.014946222305297852
0.014968156814575195
0.015063285827636719
0.014950037002563477
0.015089035034179688
0.01499485969543457
0.014944791793823242
0.015082359313964844
0.015019893646240234
0.01495504379272461
0.01494145393371582
0.015059471130371094
0.015018939971923828
0.01508021354675293
0.015027999877929688
0.015186309814453125
0.01499032974243164
0.014923095703125
0.015062332153320312
0.015288829803466797
0.015180826187133789
0.015260696411132812
0.015175342559814453
0.015265226364135742
0.015318870544433594
0.015189409255981445
0.015179157257080078
0.015169858932495117
0.015149116516113281
0.015158653259277344
0.015273094177246094
0.014951705932617188
0.0150604248046875
0.015003681182861328
0.014960050582885742
0.014957666397094727
0.014948606491088867
0.014899253845214844
0.014989614486694336
0.014940738677978516
0.014985799789428711
0.01518559455871582
0.015087604522705078
0.014991044998168945
0.01501154899597168
0.015010356903076172
0.015025854110717773
0.015012264251708984
0.015031099319458008
0.01503753662109375
0.015015840530395508
0.01497197151184082
0.015030145645141602
0.01525259017944336
0.015062332153320312
0.015148162841796875
0.014999628067016602
0.015055179595947266
0.015035152435302734
0.015045642852783203
0.015022754669189453
0.015066146850585938
0.015035867691040039
0.015078306198120117
0.014975547790527344
0.015089750289916992
0.015064239501953125
0.015027999877929688
