5.209861203653466
5.209861203653466
5.209861203653466
5.209861203653466
5.205342566373105
5.205342566373105
5.205342566373105
5.205342566373105
5.205342566373105
5.205342566373105
5.205342566373105
5.205342566373105
5.191516126074648
4.937799941522314
4.770902813725767
4.770902813725767
4.770902813725767
4.74526381834948
4.74526381834948
4.74526381834948
4.5896964866368375
4.5896964866368375
4.057794563072408
4.057794563072408
4.057794563072408
4.057794563072408
4.057794563072408
4.057794563072408
3.6989960318119195
3.6989960318119195
3.6989960318119195
3.6989960318119195
3.6989960318119195
3.6989960318119195
3.6989960318119195
3.6446479250580843
3.484383804371518
3.484383804371518
3.484383804371518
3.042104862880308
3.042104862880308
3.042104862880308
3.042104862880308
3.042104862880308
3.042104862880308
3.042104862880308
3.042104862880308
3.042104862880308
3.042104862880308
3.042104862880308
3.042104862880308
3.042104862880308
3.042104862880308
3.042104862880308
3.042104862880308
3.042104862880308
3.042104862880308
3.042104862880308
3.042104862880308
3.042104862880308
3.042104862880308
3.042104862880308
3.042104862880308
3.042104862880308
3.042104862880308
3.042104862880308
3.042104862880308
3.042104862880308
3.042104862880308
3.042104862880308
3.042104862880308
3.042104862880308
3.042104862880308
3.042104862880308
3.042104862880308
3.042104862880308
3.042104862880308
3.003862792673825
3.003862792673825
3.003862792673825
2.9908994984289663
2.9908994984289663
2.9908994984289663
2.810139811989483
2.810139811989483
2.810139811989483
2.810139811989483
2.6930008060260846
2.663653483488222
2.663653483488222
2.6068088556130284
2.6068088556130284
2.570554913365374
2.570554913365374
2.570554913365374
2.316797919964525
2.316797919964525
2.316797919964525
2.316797919964525
2.316797919964525
2.316797919964525
2.058629994557929
2.058629994557929
2.058629994557929
2.058629994557929
2.058629994557929
2.058629994557929
2.058629994557929
2.058629994557929
2.058629994557929
2.058629994557929
2.058629994557929
2.058629994557929
2.058629994557929
2.058629994557929
2.058629994557929
2.058629994557929
2.058629994557929
2.058629994557929
2.058629994557929
2.058629994557929
2.058629994557929
2.058629994557929
2.058629994557929
2.058629994557929
1.8414667849517379
1.8414667849517379
1.8414667849517379
1.8414667849517379
1.8414667849517379
1.8414667849517379
1.8414667849517379
1.8414667849517379
1.8414667849517379
1.8414667849517379
1.8414667849517379
1.8414667849517379
1.8414667849517379
1.684930446254846
1.684930446254846
1.684930446254846
1.684930446254846
1.684930446254846
1.684930446254846
1.684930446254846
1.684930446254846
1.684930446254846
1.684930446254846
1.684930446254846
1.684930446254846
1.684930446254846
1.684930446254846
1.684930446254846
1.6792954695122795
1.6792954695122795
1.6792954695122795
1.6744127523012295
1.6744127523012295
1.6744127523012295
1.6305520511938454
1.6305520511938454
1.6305520511938454
1.6305520511938454
1.6305520511938454
1.6305520511938454
1.6305520511938454
1.6305520511938454
1.6305520511938454
1.6305520511938454
1.6305520511938454
1.6305520511938454
1.6305520511938454
1.6305520511938454
1.6305520511938454
1.6305520511938454
1.6305520511938454
1.6305520511938454
1.6305520511938454
1.6305520511938454
1.6305520511938454
1.613978926257932
1.613978926257932
1.5766558142538436
1.5766558142538436
1.5766558142538436
1.4354966220562346
1.4354966220562346
1.4354966220562346
1.4354966220562346
1.4354966220562346
1.4354966220562346
1.4354966220562346
1.4354966220562346
1.4354966220562346
1.4354966220562346
1.4354966220562346
1.4354966220562346
1.4354966220562346
1.4354966220562346
1.4354966220562346
1.4354966220562346
1.4354966220562346
1.4354966220562346
1.4354966220562346
1.4354966220562346
1.4354966220562346
1.4354966220562346
1.4354966220562346
1.4354966220562346
1.4303962121915887
1.4303962121915887
1.4303962121915887
1.4303962121915887
1.4303962121915887
1.4303962121915887
1.4303962121915887
1.4303962121915887
1.4303962121915887
1.4303962121915887
1.403930010301405
1.353435304547272
1.353435304547272
1.353435304547272
1.2901704823362117
1.2901704823362117
1.2901704823362117
1.2901704823362117
1.2901704823362117
1.2547703663659
1.2547703663659
1.2547703663659
1.2547703663659
1.2002701057088174
1.2002701057088174
1.2002701057088174
1.2002701057088174
1.2002701057088174
1.2002701057088174
1.2002701057088174
1.2002701057088174
1.2002701057088174
1.2002701057088174
1.2002701057088174
1.2002701057088174
1.2002701057088174
1.2002701057088174
1.2002701057088174
1.2002701057088174
1.2002701057088174
1.2002701057088174
1.2002701057088174
1.2002701057088174
1.2002701057088174
1.2002701057088174
1.2002701057088174
1.2002701057088174
1.2002701057088174
1.2002701057088174
1.2002701057088174
1.2002701057088174
1.2002701057088174
1.2002701057088174
1.2002701057088174
1.1647130655575992
1.1647130655575992
1.1499912439620381
1.1499912439620381
1.1499912439620381
1.1499912439620381
1.1364529586866787
1.1364529586866787
1.1364529586866787
1.1364529586866787
1.1364529586866787
0.8871161024821106
0.8871161024821106
0.8871161024821106
0.8871161024821106
0.8871161024821106
0.8871161024821106
0.8871161024821106
0.8871161024821106
0.8871161024821106
0.8871161024821106
0.8871161024821106
0.8871161024821106
0.8871161024821106
0.8871161024821106
0.8871161024821106
0.8871161024821106
0.8871161024821106
0.8871161024821106
0.8871161024821106
0.8871161024821106
0.8871161024821106
0.8871161024821106
0.8871161024821106
0.8871161024821106
0.8871161024821106
0.8871161024821106
0.8871161024821106
0.8871161024821106
0.8871161024821106
0.8871161024821106
0.8871161024821106
0.8871161024821106
0.8871161024821106
0.8871161024821106
0.8871161024821106
0.8871161024821106
0.8871161024821106
0.8871161024821106
0.8871161024821106
0.8871161024821106
0.8871161024821106
0.8871161024821106
0.8871161024821106
0.8871161024821106
0.8871161024821106
0.8871161024821106
0.8871161024821106
0.8871161024821106
0.8871161024821106
0.8871161024821106
0.8871161024821106
0.8871161024821106
0.8871161024821106
0.8871161024821106
0.8871161024821106
0.8871161024821106
0.8871161024821106
0.8871161024821106
0.8871161024821106
0.8871161024821106
0.8871161024821106
0.8871161024821106
0.8254884789678378
0.8254884789678378
0.8254884789678378
0.8254884789678378
0.8254884789678378
0.8254884789678378
0.8254884789678378
0.8254884789678378
0.8254884789678378
0.8254884789678378
0.8254884789678378
0.7731384253799298
0.7731384253799298
0.7731384253799298
0.7731384253799298
0.7731384253799298
0.7731384253799298
0.7731384253799298
0.7731384253799298
0.7731384253799298
0.7731384253799298
0.7731384253799298
0.7731384253799298
0.7731384253799298
0.7731384253799298
0.7731384253799298
0.7514142421456107
0.7514142421456107
0.7514142421456107
0.7514142421456107
0.7514142421456107
0.7514142421456107
0.7514142421456107
0.7376000706307515
0.7376000706307515
0.7376000706307515
0.7376000706307515
0.7376000706307515
0.7376000706307515
0.7376000706307515
0.7376000706307515
0.7376000706307515
0.603731966305098
0.603731966305098
0.603731966305098
0.603731966305098
0.603731966305098
0.603731966305098
0.603731966305098
0.603731966305098
0.603731966305098
0.603731966305098
0.603731966305098
0.603731966305098
0.603731966305098
0.603731966305098
0.603731966305098
0.603731966305098
0.603731966305098
0.603731966305098
0.603731966305098
0.603731966305098
0.603731966305098
0.603731966305098
0.603731966305098
0.603731966305098
0.603731966305098
0.603731966305098
0.603731966305098
0.603731966305098
0.603731966305098
0.603731966305098
0.603731966305098
0.603731966305098
0.603731966305098
0.603731966305098
0.603731966305098
0.603731966305098
0.603731966305098
0.603731966305098
0.603731966305098
0.603731966305098
0.603731966305098
0.603731966305098
0.5995580230154793
0.5995580230154793
0.5995580230154793
0.5995580230154793
0.5995580230154793
0.5995580230154793
0.5995580230154793
0.5995580230154793
0.5995580230154793
0.5995580230154793
0.5995580230154793
0.5995580230154793
0.5995580230154793
0.5995580230154793
0.5995580230154793
0.5910054498814077
0.5910054498814077
0.5910054498814077
0.5910054498814077
0.5910054498814077
0.5910054498814077
0.5891706931409111
0.5891706931409111
0.5891706931409111
0.5891706931409111
0.5891706931409111
0.5891706931409111
0.5729355856108391
0.5729355856108391
0.5729355856108391
0.5729355856108391
0.5729355856108391
0.5729355856108391
0.5729355856108391
0.5729355856108391
0.5729355856108391
0.5729355856108391
0.5526536532507578
0.5526536532507578
0.5526536532507578
0.5526536532507578
0.5526536532507578
0.5526536532507578
0.5526536532507578
0.5526536532507578
0.5526536532507578
0.5526536532507578
0.5526536532507578
0.5526536532507578
0.5526536532507578
0.5526536532507578
0.5492312429325885
0.5259171323666259
0.5259171323666259
0.5259171323666259
0.5259171323666259
0.5259171323666259
0.5259171323666259
0.5259171323666259
0.5259171323666259
0.5259171323666259
0.5259171323666259
0.5259171323666259
0.5259171323666259
0.5259171323666259
0.5259171323666259
0.5259171323666259
0.5094353970482501
0.5094353970482501
0.5094353970482501
0.5094353970482501
0.5094353970482501
0.5094353970482501
0.5094353970482501
0.5094353970482501
0.5094353970482501
0.5094353970482501
0.5094353970482501
0.5094353970482501
0.5094353970482501
0.5094353970482501
0.5094353970482501
0.5094353970482501
0.5094353970482501
0.5094353970482501
0.5094353970482501
0.5094353970482501
0.5094353970482501
0.4928157050983124
0.4928157050983124
0.4928157050983124
0.4928157050983124
0.4928157050983124
0.4928157050983124
0.4928157050983124
0.4928157050983124
0.4928157050983124
0.4928157050983124
0.4928157050983124
0.4928157050983124
0.4928157050983124
0.4928157050983124
0.4928157050983124
0.4928157050983124
0.4928157050983124
0.46803177658391704
0.442074287524413
0.442074287524413
0.442074287524413
0.442074287524413
0.442074287524413
0.442074287524413
0.442074287524413
0.442074287524413
0.442074287524413
0.442074287524413
0.442074287524413
0.442074287524413
0.442074287524413
0.442074287524413
0.4352470603040359
0.4352470603040359
0.4254273330786056
0.4254273330786056
0.4254273330786056
0.4254273330786056
0.4254273330786056
0.4254273330786056
0.4254273330786056
0.4254273330786056
0.4254273330786056
0.4254273330786056
0.4254273330786056
0.4254273330786056
0.4254273330786056
0.4254273330786056
0.4254273330786056
0.4254273330786056
0.4254273330786056
0.4254273330786056
0.4254273330786056
0.3791161272134893
0.3791161272134893
0.3791161272134893
0.3791161272134893
0.3791161272134893
0.3791161272134893
0.3791161272134893
0.3791161272134893
0.3791161272134893
0.3791161272134893
0.3791161272134893
0.3791161272134893
0.3791161272134893
0.3791161272134893
0.3791161272134893
0.3791161272134893
0.3791161272134893
0.37686053995930635
0.37686053995930635
0.37686053995930635
0.3716080385914715
0.3716080385914715
0.3716080385914715
0.3716080385914715
0.3716080385914715
0.3716080385914715
0.3716080385914715
0.3716080385914715
0.3716080385914715
0.3716080385914715
0.3716080385914715
0.3716080385914715
0.36570426935791644
0.36136405007522043
0.36136405007522043
0.36136405007522043
0.36136405007522043
0.36136405007522043
0.3538695030143373
0.3538695030143373
0.32727915627827286
0.32727915627827286
0.32727915627827286
0.32727915627827286
0.32727915627827286
0.32727915627827286
0.32727915627827286
0.32727915627827286
0.32727915627827286
0.32727915627827286
0.32727915627827286
0.32727915627827286
0.32727915627827286
0.32727915627827286
0.32727915627827286
0.32727915627827286
0.32727915627827286
0.30729754812018584
0.30729754812018584
0.30729754812018584
0.30729754812018584
0.30729754812018584
0.30729754812018584
0.2880395586006621
0.2880395586006621
0.2880395586006621
0.2880395586006621
0.2880395586006621
0.2880395586006621
0.2880395586006621
0.2880395586006621
0.2880395586006621
0.2880395586006621
0.2880395586006621
0.2880395586006621
0.2880395586006621
0.2860251893233041
0.2860251893233041
0.2860251893233041
0.2688766761166832
0.2688766761166832
0.2688766761166832
0.2688766761166832
0.2688766761166832
0.2688766761166832
0.2385049389156748
0.2385049389156748
0.2385049389156748
0.2385049389156748
0.2385049389156748
0.2385049389156748
0.2385049389156748
0.2385049389156748
0.2385049389156748
0.2385049389156748
0.2385049389156748
0.23051100402177127
0.23051100402177127
0.23051100402177127
0.23051100402177127
0.23051100402177127
0.23051100402177127
0.23051100402177127
0.2197035995055714
0.2197035995055714
0.21944992425239107
0.21944992425239107
0.21856631119096193
0.21856631119096193
0.21856631119096193
0.21856631119096193
0.21856631119096193
0.21856631119096193
0.21856631119096193
0.21856631119096193
0.21856631119096193
0.21856631119096193
0.21856631119096193
0.21856631119096193
0.21856631119096193
0.21856631119096193
0.21856631119096193
0.21856631119096193
0.21856631119096193
0.21856631119096193
0.21856631119096193
0.21856631119096193
0.21856631119096193
0.21856631119096193
0.21856631119096193
0.21856631119096193
0.21856631119096193
0.2175024483548107
0.19145848917242958
0.19145848917242958
0.19145848917242958
0.19145848917242958
0.19145848917242958
0.19145848917242958
0.19145848917242958
0.19145848917242958
0.19145848917242958
0.19145848917242958
0.19145848917242958
0.19145848917242958
0.19145848917242958
0.19145848917242958
0.19145848917242958
0.19145848917242958
0.19145848917242958
0.19145848917242958
0.19145848917242958
0.19145848917242958
0.19145848917242958
0.19145848917242958
0.19145848917242958
0.19145848917242958
0.19145848917242958
0.1818840375714288
0.1818840375714288
0.1818840375714288
0.1818840375714288
0.1818840375714288
0.17333457046785838
0.17333457046785838
0.17333457046785838
0.17333457046785838
0.17333457046785838
0.16845935801302048
0.16845935801302048
0.16845935801302048
0.16845935801302048
0.16845935801302048
0.16845935801302048
0.16845935801302048
0.16845935801302048
0.16845935801302048
0.16845935801302048
0.16630275281215035
0.1652049150376662
0.1613813905678576
0.1613813905678576
0.1613813905678576
0.15950336888803918
0.15950336888803918
0.15950336888803918
0.15950336888803918
0.15950336888803918
0.15950336888803918
0.15950336888803918
0.15950336888803918
0.15950336888803918
0.15950336888803918
0.1591440654503451
0.1591440654503451
0.1559851546347204
0.1559851546347204
0.1559851546347204
0.1559851546347204
0.1559851546347204
0.1559851546347204
0.1559851546347204
0.1559851546347204
0.1559851546347204
0.1545915964957345
0.1545915964957345
0.1374026233853307
0.1374026233853307
0.1374026233853307
0.1374026233853307
0.1374026233853307
0.1374026233853307
0.1374026233853307
0.1374026233853307
0.1374026233853307
0.1374026233853307
0.1374026233853307
0.1374026233853307
0.1374026233853307
0.1374026233853307
0.1374026233853307
0.1374026233853307
0.1374026233853307
0.1374026233853307
0.1374026233853307
0.1374026233853307
0.1374026233853307
0.1374026233853307
0.1374026233853307
0.1374026233853307
0.1374026233853307
0.1374026233853307
0.1374026233853307
0.1374026233853307
0.1374026233853307
0.1374026233853307
0.1374026233853307
0.1374026233853307
0.1374026233853307
0.1374026233853307
0.1374026233853307
0.1374026233853307
0.1374026233853307
0.1374026233853307
0.1374026233853307
0.1374026233853307
0.1374026233853307
0.1374026233853307
0.1374026233853307
0.1374026233853307
0.1374026233853307
0.1374026233853307
0.13189378024643617
0.13189378024643617
0.13189378024643617
0.13189378024643617
0.13028701570428325
0.13028701570428325
0.13028701570428325
0.13028701570428325
0.1120612577474418
0.1120612577474418
0.1120612577474418
0.1120612577474418
0.1120612577474418
0.1120612577474418
0.1120612577474418
0.1120612577474418
0.1120612577474418
0.1120612577474418
0.1120612577474418
0.1120612577474418
0.1120612577474418
0.1120612577474418
0.1120612577474418
0.1120612577474418
0.1120612577474418
0.1087344049279082
0.1087344049279082
0.1087344049279082
0.0933957583473557
0.089052158517827
0.089052158517827
0.089052158517827
0.089052158517827
0.089052158517827
0.089052158517827
0.089052158517827
0.089052158517827
0.089052158517827
0.089052158517827
0.089052158517827
0.089052158517827
0.089052158517827
0.089052158517827
0.089052158517827
0.089052158517827
0.089052158517827
0.089052158517827
0.089052158517827
0.089052158517827
0.089052158517827
0.089052158517827
0.089052158517827
0.089052158517827
0.089052158517827
0.089052158517827
0.089052158517827
0.089052158517827
0.089052158517827
0.089052158517827
0.089052158517827
0.089052158517827
0.089052158517827
0.089052158517827
0.089052158517827
0.089052158517827
0.089052158517827
0.089052158517827
0.089052158517827
0.089052158517827
0.089052158517827
0.08658455653672803
0.08614356058090777
0.08614356058090777
0.08614356058090777
0.0857902984460246
0.0857902984460246
0.0857902984460246
0.0857902984460246
0.0857902984460246
0.0857902984460246
0.0857902984460246
0.0857902984460246
0.0857902984460246
0.0857902984460246
0.0857902984460246
0.0857902984460246
0.0857902984460246
0.0857902984460246
0.0857902984460246
0.08491198602468941
0.08491198602468941
0.07854772812176947
0.07854772812176947
0.07854772812176947
0.07854772812176947
0.07854772812176947
0.07854772812176947
0.07854772812176947
0.07854772812176947
0.07854772812176947
0.07854772812176947
0.07854772812176947
0.07854772812176947
0.07854772812176947
0.07854772812176947
0.07854772812176947
0.07854772812176947
0.07787794248638846
0.07713713738243655
0.07713713738243655
0.07713713738243655
0.07669460080106205
0.07669460080106205
0.07669460080106205
0.07669460080106205
0.07669460080106205
0.07669460080106205
0.07669460080106205
0.07564858488990467
0.07441778520601972
0.07441778520601972
0.07441778520601972
0.07441778520601972
0.07441778520601972
0.07441778520601972
0.07441778520601972
0.07384486869201723
0.07384486869201723
0.07384486869201723
0.07384486869201723
0.07384486869201723
0.07384486869201723
0.07384486869201723
0.07384486869201723
0.0727484855170637
0.0727484855170637
0.0727484855170637
0.0727484855170637
0.07201278751399087
0.06897825994948548
0.06897825994948548
0.06281377564418378
0.06281377564418378
0.06281377564418378
0.06281377564418378
0.06281377564418378
0.06281377564418378
0.06281377564418378
0.06281377564418378
0.06281377564418378
0.06281377564418378
0.06281377564418378
0.048675241888417986
0.048675241888417986
0.048675241888417986
0.048675241888417986
0.048675241888417986
0.048675241888417986
0.048675241888417986
0.048675241888417986
0.048675241888417986
0.048675241888417986
0.048675241888417986
0.048675241888417986
0.048675241888417986
0.048675241888417986
0.048675241888417986
0.048675241888417986
0.048675241888417986
0.048675241888417986
0.048675241888417986
0.048675241888417986
0.048675241888417986
0.048675241888417986
0.048675241888417986
0.048675241888417986
0.048675241888417986
0.048675241888417986
0.048675241888417986
0.048675241888417986
0.048675241888417986
0.048675241888417986
0.048675241888417986
0.048675241888417986
0.048675241888417986
0.048675241888417986
0.048675241888417986
