13.485884108990373
13.485884108990373
13.485884108990373
13.485884108990373
12.384550407690483
12.384550407690483
12.384550407690483
12.384550407690483
12.384550407690483
12.384550407690483
12.384550407690483
11.99624382281873
11.99624382281873
11.915764180130523
11.915764180130523
10.668897433802876
10.668897433802876
10.668897433802876
10.668897433802876
10.668897433802876
10.668897433802876
10.668897433802876
10.668897433802876
10.406894317800429
10.406894317800429
10.406894317800429
10.406894317800429
10.406894317800429
10.406894317800429
10.406894317800429
10.406894317800429
10.406894317800429
10.331942145961069
10.331942145961069
10.079581926379543
10.079581926379543
10.079581926379543
10.079581926379543
10.079581926379543
10.079581926379543
10.079581926379543
10.079581926379543
10.079581926379543
10.079581926379543
9.763062430680623
9.763062430680623
9.763062430680623
9.763062430680623
9.763062430680623
9.763062430680623
9.763062430680623
9.763062430680623
8.618503342908127
8.618503342908127
8.618503342908127
8.618503342908127
8.618503342908127
8.618503342908127
8.618503342908127
8.618503342908127
8.618503342908127
8.618503342908127
8.618503342908127
8.618503342908127
8.618503342908127
8.618503342908127
8.618503342908127
8.618503342908127
8.586819610521331
8.107721794194436
8.107721794194436
7.814186448699552
7.814186448699552
7.814186448699552
7.814186448699552
7.814186448699552
6.975510195221105
6.975510195221105
6.975510195221105
6.975510195221105
6.975510195221105
6.975510195221105
6.975510195221105
6.975510195221105
6.975510195221105
6.975510195221105
6.975510195221105
6.696621516148383
6.696621516148383
6.5738652606020125
6.5738652606020125
6.300026176348688
6.300026176348688
6.300026176348688
6.300026176348688
6.300026176348688
6.300026176348688
6.300026176348688
6.300026176348688
6.300026176348688
6.298545512593627
6.298545512593627
6.022499840328194
6.022499840328194
5.8810468273147265
5.8810468273147265
5.808612731723272
5.808612731723272
5.808612731723272
5.808612731723272
5.618941177063476
5.618941177063476
5.618941177063476
5.618941177063476
5.618941177063476
5.618941177063476
5.618941177063476
5.618941177063476
5.618941177063476
5.618941177063476
5.618941177063476
5.618941177063476
5.618941177063476
5.618941177063476
5.618941177063476
5.618941177063476
5.618941177063476
5.618941177063476
5.618941177063476
5.576261117316982
5.576261117316982
5.576261117316982
5.576261117316982
5.576261117316982
5.576261117316982
5.576261117316982
5.576261117316982
5.534807213499342
5.534807213499342
5.529903704427049
5.529903704427049
5.529903704427049
5.49492585982135
5.49492585982135
5.49492585982135
5.49492585982135
5.081420739477117
5.081420739477117
5.081420739477117
5.081420739477117
5.081420739477117
5.081420739477117
5.081420739477117
5.081420739477117
5.081420739477117
5.081420739477117
5.081420739477117
5.081420739477117
5.081420739477117
5.045935729973628
5.045935729973628
5.045935729973628
5.045935729973628
5.045935729973628
4.9925256249277865
4.9925256249277865
4.9925256249277865
4.9925256249277865
4.9925256249277865
4.9925256249277865
4.9925256249277865
4.9925256249277865
4.9925256249277865
4.5548728021841995
4.5548728021841995
4.5548728021841995
4.5548728021841995
4.5548728021841995
4.5548728021841995
4.5548728021841995
4.5548728021841995
4.5548728021841995
4.5548728021841995
4.5548728021841995
4.5548728021841995
4.414712239730761
4.414712239730761
4.414712239730761
4.303932856838465
4.303932856838465
4.303932856838465
4.303932856838465
4.303932856838465
4.185483996843345
4.185483996843345
4.185483996843345
4.185483996843345
4.185483996843345
4.185483996843345
4.185483996843345
4.185483996843345
4.185483996843345
4.185483996843345
4.185483996843345
4.185483996843345
4.185483996843345
4.185483996843345
4.185483996843345
4.185483996843345
4.185483996843345
4.185483996843345
4.064547897391137
4.064547897391137
3.3367380965954467
3.3367380965954467
3.3367380965954467
3.3367380965954467
3.3367380965954467
3.3367380965954467
3.3367380965954467
3.3367380965954467
3.3367380965954467
3.3367380965954467
3.3367380965954467
3.3367380965954467
3.3367380965954467
3.3367380965954467
3.3367380965954467
3.3367380965954467
3.3367380965954467
3.3367380965954467
3.3367380965954467
3.3367380965954467
3.3367380965954467
3.3367380965954467
3.3367380965954467
3.3367380965954467
3.3367380965954467
3.3367380965954467
3.3367380965954467
3.3367380965954467
3.2859304171222803
3.2369431761942877
3.2369431761942877
3.2369431761942877
3.2369431761942877
3.2369431761942877
3.2369431761942877
3.2369431761942877
3.2369431761942877
3.2369431761942877
3.2369431761942877
3.2369431761942877
3.2369431761942877
3.2369431761942877
3.2369431761942877
3.2369431761942877
3.2369431761942877
3.2369431761942877
3.2369431761942877
3.2369431761942877
3.2369431761942877
3.2369431761942877
3.2369431761942877
3.2369431761942877
3.2369431761942877
3.2369431761942877
3.2369431761942877
3.2369431761942877
3.2369431761942877
3.114213804435728
3.114213804435728
3.114213804435728
3.114213804435728
3.114213804435728
3.0213018681737296
3.0213018681737296
3.0213018681737296
3.0213018681737296
3.0213018681737296
3.0213018681737296
2.9193228953569843
2.9193228953569843
2.9193228953569843
2.9193228953569843
2.720721078195048
2.720721078195048
2.720721078195048
2.720721078195048
2.720721078195048
2.720721078195048
2.720721078195048
2.720721078195048
2.720721078195048
2.720721078195048
2.720721078195048
2.720721078195048
2.7001187041829198
2.7001187041829198
2.7001187041829198
2.7001187041829198
2.7001187041829198
2.600982848514292
2.600982848514292
2.600982848514292
2.600982848514292
2.600982848514292
2.600982848514292
2.600982848514292
2.4498252156938563
2.4498252156938563
2.4498252156938563
2.4498252156938563
2.4498252156938563
2.4498252156938563
2.4498252156938563
2.4498252156938563
2.4498252156938563
2.4498252156938563
2.4498252156938563
2.4498252156938563
2.4498252156938563
2.4498252156938563
2.4498252156938563
2.4498252156938563
2.4498252156938563
2.4498252156938563
2.4498252156938563
2.4498252156938563
2.4498252156938563
2.367022170505848
2.367022170505848
2.367022170505848
2.367022170505848
2.367022170505848
2.367022170505848
2.367022170505848
2.367022170505848
2.367022170505848
2.367022170505848
2.367022170505848
2.367022170505848
2.367022170505848
2.367022170505848
2.367022170505848
2.367022170505848
2.326506314697653
2.326506314697653
2.326506314697653
2.2736659650566793
2.2736659650566793
2.2736659650566793
2.2736659650566793
2.2736659650566793
2.2736659650566793
2.2736659650566793
2.2374796632888874
1.8533627796179317
1.8533627796179317
1.8533627796179317
1.8533627796179317
1.8533627796179317
1.8533627796179317
1.8533627796179317
1.8533627796179317
1.8533627796179317
1.8533627796179317
1.8533627796179317
1.8533627796179317
1.8533627796179317
1.8533627796179317
1.8533627796179317
1.8533627796179317
1.8533627796179317
1.8533627796179317
1.8533627796179317
1.8533627796179317
1.8533627796179317
1.8533627796179317
1.8533627796179317
1.8533627796179317
1.8533627796179317
1.8533627796179317
1.8533627796179317
1.8533627796179317
1.8533627796179317
1.8533627796179317
1.8533627796179317
1.8533627796179317
1.67285788606452
1.67285788606452
1.67285788606452
1.67285788606452
1.67285788606452
1.67285788606452
1.67285788606452
1.67285788606452
1.67285788606452
1.67285788606452
1.67285788606452
1.67285788606452
1.67285788606452
1.67285788606452
1.67285788606452
1.67285788606452
1.67285788606452
1.67285788606452
1.67285788606452
1.67285788606452
1.6444114898314623
1.6444114898314623
1.6444114898314623
1.6444114898314623
1.6444114898314623
1.6444114898314623
1.6444114898314623
1.6444114898314623
1.6444114898314623
1.6444114898314623
1.6444114898314623
1.6444114898314623
1.6444114898314623
1.6444114898314623
1.5132199526257537
1.5132199526257537
1.5132199526257537
1.5132199526257537
1.5132199526257537
1.5132199526257537
1.5132199526257537
1.5132199526257537
1.5132199526257537
1.5132199526257537
1.5132199526257537
1.5132199526257537
1.5132199526257537
1.5132199526257537
1.5132199526257537
1.5132199526257537
1.5132199526257537
1.5132199526257537
1.5132199526257537
1.5132199526257537
1.5132199526257537
1.5132199526257537
1.507973465117125
1.507973465117125
1.507973465117125
1.507973465117125
1.507973465117125
1.507973465117125
1.507973465117125
1.507973465117125
1.478523066031883
1.478523066031883
1.478523066031883
1.4499831819457967
1.4278726431465714
1.4278726431465714
1.4278726431465714
1.4278726431465714
1.4278726431465714
1.4278726431465714
1.4275165645271954
1.4275165645271954
1.4275165645271954
1.4275165645271954
1.4275165645271954
1.4275165645271954
1.4275165645271954
1.4275165645271954
1.4275165645271954
1.4275165645271954
1.4275165645271954
1.4275165645271954
1.4275165645271954
1.4275165645271954
1.395678858229445
1.395678858229445
1.395678858229445
1.395678858229445
1.395678858229445
1.3874714584807606
1.3874714584807606
1.3874714584807606
1.3874714584807606
1.2845301412741534
1.2845301412741534
1.2845301412741534
1.2845301412741534
1.2845301412741534
1.2845301412741534
1.2845301412741534
1.2845301412741534
1.2845301412741534
1.2845301412741534
1.2845301412741534
1.2845301412741534
1.2527831258280173
1.2527831258280173
1.2132483033800128
1.203881700903601
1.203881700903601
1.1753297557611404
1.1753297557611404
1.1753297557611404
1.1753297557611404
1.1753297557611404
1.1753297557611404
1.1753297557611404
1.1753297557611404
1.1753297557611404
1.1753297557611404
1.1649597209990503
1.1066693680377
1.1066693680377
1.1066693680377
1.1066693680377
1.1066693680377
1.0685177922928517
1.0685177922928517
1.0685177922928517
1.0685177922928517
1.0685177922928517
1.0685177922928517
1.0685177922928517
1.0685177922928517
1.0685177922928517
1.0685177922928517
1.023047875115104
1.023047875115104
1.023047875115104
1.023047875115104
1.0062474055052775
1.0062474055052775
1.0062474055052775
1.0062474055052775
1.0062474055052775
1.0062474055052775
1.0062474055052775
1.0062474055052775
1.0062474055052775
1.0062474055052775
0.9334894044428239
0.9334894044428239
0.9334894044428239
0.9334894044428239
0.9334894044428239
0.9007188015804815
0.9007188015804815
0.9007188015804815
0.9007188015804815
0.9007188015804815
0.9007188015804815
0.8834680390819472
0.8834680390819472
0.8834680390819472
0.8834680390819472
0.8834680390819472
0.8628198329448651
0.8628198329448651
0.8628198329448651
0.8628198329448651
0.8628198329448651
0.8628198329448651
0.8628198329448651
0.8628198329448651
0.8628198329448651
0.8628198329448651
0.8628198329448651
0.8628198329448651
0.8628198329448651
0.8534018860611852
0.8463708056857442
0.8463708056857442
0.8463708056857442
0.8463708056857442
0.8436798924128084
0.8434695103071093
0.8434695103071093
0.8434695103071093
0.8434695103071093
0.8434695103071093
0.8434695103071093
0.8434695103071093
0.8434695103071093
0.8434695103071093
0.7524873186157137
0.7524873186157137
0.7524873186157137
0.7524873186157137
0.7524873186157137
0.7524873186157137
0.7524873186157137
0.7524873186157137
0.731952675702189
0.731952675702189
0.7169906500205911
0.7169906500205911
0.7169906500205911
0.7169906500205911
0.7169906500205911
0.7169906500205911
0.7169906500205911
0.7019591414256112
0.6615579524665662
0.6615579524665662
0.6615579524665662
0.6615579524665662
0.6615579524665662
0.6615579524665662
0.6615579524665662
0.6615579524665662
0.6615579524665662
0.6615579524665662
0.6312313243000744
0.6312313243000744
0.6312313243000744
0.6312313243000744
0.6312313243000744
0.6312313243000744
0.6312313243000744
0.6292576105896757
0.6292576105896757
0.6292576105896757
0.6292576105896757
0.6292576105896757
0.6292576105896757
0.6292576105896757
0.6292576105896757
0.6292576105896757
0.6292576105896757
0.6292576105896757
0.6292576105896757
0.6292576105896757
0.6242347200546448
0.6242347200546448
0.6242347200546448
0.586460132947785
0.586460132947785
0.586460132947785
0.586460132947785
0.586460132947785
0.586460132947785
0.586460132947785
0.586460132947785
0.5714813087299859
0.5714813087299859
0.5714813087299859
0.5714813087299859
0.5714813087299859
0.5714813087299859
0.5714813087299859
0.5640899085354079
0.5640899085354079
0.5579102101489894
0.5579102101489894
0.5579102101489894
0.5579102101489894
0.5579102101489894
0.5579102101489894
0.5579102101489894
0.5579102101489894
0.5579102101489894
0.5579102101489894
0.5579102101489894
0.5579102101489894
0.5579102101489894
0.5579102101489894
0.5370989246428053
0.5370989246428053
0.5370989246428053
0.5236045261226252
0.5236045261226252
0.5236045261226252
0.5236045261226252
0.5236045261226252
0.5016241130847803
0.4206129940661043
0.4206129940661043
0.4206129940661043
0.4206129940661043
0.4206129940661043
0.4206129940661043
0.4206129940661043
0.4206129940661043
0.4206129940661043
0.4206129940661043
0.4206129940661043
0.4206129940661043
0.4206129940661043
0.4206129940661043
0.4206129940661043
0.4206129940661043
0.4206129940661043
0.4206129940661043
0.4206129940661043
0.4206129940661043
0.4206129940661043
0.4206129940661043
0.4206129940661043
0.4206129940661043
0.4206129940661043
0.4206129940661043
0.4206129940661043
0.4206129940661043
0.4206129940661043
0.4206129940661043
0.4206129940661043
0.4206129940661043
0.4206129940661043
0.4206129940661043
0.4206129940661043
0.4206129940661043
0.4206129940661043
0.4091837737035249
0.4091837737035249
0.4091837737035249
0.4091837737035249
0.4091837737035249
0.4091837737035249
0.4091837737035249
0.4091837737035249
0.4091837737035249
0.38356538474197066
0.38356538474197066
0.38356538474197066
0.37891436770839704
0.37891436770839704
0.37891436770839704
0.37891436770839704
0.37891436770839704
0.37891436770839704
0.37891436770839704
0.37891436770839704
0.37891436770839704
0.37891436770839704
0.37784652071536584
0.3638042003537407
0.3638042003537407
0.3638042003537407
0.3638042003537407
0.3638042003537407
0.3638042003537407
0.3638042003537407
0.3638042003537407
0.3638042003537407
0.3638042003537407
0.3638042003537407
0.3638042003537407
0.3638042003537407
0.3638042003537407
0.3638042003537407
0.3638042003537407
0.3638042003537407
0.3638042003537407
0.3638042003537407
0.3638042003537407
0.3638042003537407
0.3638042003537407
0.3638042003537407
0.3638042003537407
0.3638042003537407
0.3638042003537407
0.3638042003537407
0.3569572265549681
0.3569572265549681
0.3569572265549681
0.3569572265549681
0.3569572265549681
0.3569572265549681
0.3569572265549681
0.3569572265549681
0.3569572265549681
0.3569572265549681
0.3542446058026343
0.3542446058026343
0.3542446058026343
0.3542446058026343
0.348007451244861
0.348007451244861
0.348007451244861
0.348007451244861
0.34427003068162776
0.34427003068162776
0.34389220647335605
0.34389220647335605
0.34389220647335605
0.34389220647335605
0.34389220647335605
0.34389220647335605
0.3367708479885536
0.3367708479885536
0.3367708479885536
0.3367708479885536
0.3367708479885536
0.3311621283015995
0.3311621283015995
0.3311621283015995
0.31354577298620967
0.31354577298620967
0.31354577298620967
0.31354577298620967
0.31354577298620967
0.31354577298620967
0.31354577298620967
0.31354577298620967
0.31354577298620967
0.31354577298620967
0.298668541951308
0.298668541951308
0.29852909793230253
0.29852909793230253
0.29852909793230253
0.29852909793230253
0.29852909793230253
0.29852909793230253
0.29852909793230253
0.2926370172753394
0.2926370172753394
0.2926370172753394
0.28989549155227223
0.28989549155227223
0.28989549155227223
0.28989549155227223
0.28989549155227223
0.28989549155227223
0.28989549155227223
0.28689626678924185
0.28689626678924185
0.28689626678924185
0.28689626678924185
0.28689626678924185
0.28689626678924185
0.2725085488542547
0.2725085488542547
0.2725085488542547
0.2725085488542547
0.2725085488542547
0.2725085488542547
0.2725085488542547
0.2725085488542547
0.2725085488542547
0.2702339869678241
0.2702339869678241
0.2702339869678241
0.2702339869678241
0.2702339869678241
0.2702339869678241
0.2702339869678241
0.25908612212485593
0.24386167235705614
0.24386167235705614
0.24386167235705614
0.24386167235705614
0.2176378591911785
0.2176378591911785
0.2176378591911785
0.2176378591911785
0.2176378591911785
0.2176378591911785
0.2176378591911785
0.2176378591911785
0.2176378591911785
0.2176378591911785
0.2176378591911785
0.2176378591911785
0.2176378591911785
0.2176378591911785
0.2176378591911785
0.2176378591911785
0.2176378591911785
0.2176378591911785
0.2176378591911785
0.2176378591911785
0.2176378591911785
0.2176378591911785
0.2176378591911785
0.2176378591911785
0.2176378591911785
0.2176378591911785
0.2176378591911785
0.2176378591911785
0.21523373144073332
0.19607525444537544
0.19607525444537544
0.19607525444537544
0.19607525444537544
0.19607525444537544
0.19607525444537544
0.19607525444537544
0.19607525444537544
0.19607525444537544
0.19607525444537544
0.19607525444537544
0.19607525444537544
0.19607525444537544
0.19607525444537544
0.19607525444537544
0.19607525444537544
0.19607525444537544
0.19607525444537544
0.19607525444537544
0.19607525444537544
0.19607525444537544
0.19607525444537544
0.19607525444537544
0.19607525444537544
0.19607525444537544
0.1938215969649022
0.1938215969649022
0.1938215969649022
0.18416563315387435
0.18416563315387435
0.18416563315387435
0.18416563315387435
0.18416563315387435
0.18416563315387435
0.18416563315387435
0.17121509558503334
0.17121509558503334
0.17121509558503334
0.17121509558503334
0.17121509558503334
0.16930152296911416
0.16930152296911416
0.16930152296911416
0.16930152296911416
0.16930152296911416
0.16930152296911416
0.16930152296911416
0.16890126465779076
0.16890126465779076
0.16890126465779076
0.16890126465779076
0.16890126465779076
0.16890126465779076
0.16890126465779076
0.16890126465779076
0.16787280144299643
0.16787280144299643
0.16787280144299643
0.16787280144299643
0.16787280144299643
0.16787280144299643
0.16787280144299643
0.16787280144299643
0.16787280144299643
0.16787280144299643
0.16787280144299643
0.16787280144299643
0.16787280144299643
0.16787280144299643
0.16787280144299643
0.16787280144299643
0.16787280144299643
0.16787280144299643
0.16787280144299643
0.16787280144299643
0.16787280144299643
0.16787280144299643
0.16787280144299643
0.16770167428711602
0.16770167428711602
0.16188687124139278
0.16188687124139278
0.15721099610343003
0.15721099610343003
0.15721099610343003
0.15721099610343003
0.15721099610343003
0.15721099610343003
0.15721099610343003
0.15721099610343003
0.15721099610343003
0.15721099610343003
0.15721099610343003
0.15721099610343003
0.15721099610343003
0.15721099610343003
0.15721099610343003
0.15721099610343003
0.15721099610343003
0.15721099610343003
0.15586461471515634
0.15586461471515634
0.15586461471515634
0.15014108251217806
0.15014108251217806
0.15014108251217806
0.15014108251217806
0.15014108251217806
0.15014108251217806
0.15014108251217806
0.15014108251217806
0.15014108251217806
0.14468519563865812
0.14468519563865812
0.1391657907857038
0.13744758458963702
