0.017551422119140625
0.017461776733398438
0.017735719680786133
0.017337799072265625
0.017141342163085938
0.017261266708374023
0.01736760139465332
0.01693248748779297
0.01659393310546875
0.01679849624633789
0.016650676727294922
0.017288684844970703
0.01689314842224121
0.01649618148803711
0.016265869140625
0.015850067138671875
0.015971899032592773
0.015504121780395508
0.015955686569213867
0.01604294776916504
0.0167694091796875
0.016516447067260742
0.01690220832824707
0.016537189483642578
0.016214609146118164
0.016284465789794922
0.016271114349365234
0.016463279724121094
0.015984296798706055
0.016124725341796875
0.015617847442626953
0.01574993133544922
0.015841245651245117
0.0158998966217041
0.015959739685058594
0.015777587890625
0.015920162200927734
0.016129493713378906
0.01607060432434082
0.015435457229614258
0.015800952911376953
0.01561284065246582
0.015636682510375977
0.015516281127929688
0.0158846378326416
0.015655517578125
0.01576542854309082
0.015750646591186523
0.015456676483154297
0.015877723693847656
0.015810012817382812
0.01610541343688965
0.016425371170043945
0.016231775283813477
0.015749692916870117
0.015544652938842773
0.015898942947387695
0.016301631927490234
0.015906333923339844
0.01593780517578125
0.0161745548248291
0.01632976531982422
0.016010284423828125
0.01624774932861328
0.015724658966064453
0.016426801681518555
0.016595840454101562
0.01654815673828125
0.016620397567749023
0.016946792602539062
0.01631331443786621
0.01695847511291504
0.016998767852783203
0.017525911331176758
0.017530441284179688
0.018478870391845703
0.017921924591064453
0.01813650131225586
0.01763629913330078
0.01798558235168457
0.01801896095275879
0.01915884017944336
0.018062114715576172
0.017956972122192383
0.017502307891845703
0.01727581024169922
0.016431808471679688
0.0160372257232666
0.01661992073059082
0.016356945037841797
0.01677989959716797
0.01615428924560547
0.01645040512084961
0.016290903091430664
0.016518831253051758
0.016086816787719727
0.016331195831298828
0.01661992073059082
0.016232013702392578
0.016251087188720703
0.015899181365966797
0.015702009201049805
0.015587329864501953
0.015542268753051758
0.015719175338745117
0.015880823135375977
0.015683650970458984
0.01575779914855957
0.016162395477294922
0.016100645065307617
0.015855789184570312
0.016388416290283203
0.01573491096496582
0.01595282554626465
0.015885353088378906
0.015450716018676758
0.01537322998046875
0.015906333923339844
0.015810012817382812
0.01595139503479004
0.016144990921020508
0.01607799530029297
0.016162633895874023
0.016118288040161133
0.015958786010742188
0.0161745548248291
0.015691518783569336
0.01581096649169922
0.0161588191986084
0.015923023223876953
0.015805482864379883
0.01627659797668457
0.015923023223876953
0.01608753204345703
0.015935182571411133
0.016687870025634766
0.01670980453491211
0.016689300537109375
0.016418933868408203
0.0162355899810791
0.016255617141723633
0.016730070114135742
0.016803503036499023
0.016970396041870117
0.016439199447631836
0.016998291015625
0.016512393951416016
0.01718306541442871
0.017764568328857422
0.01737070083618164
0.017261266708374023
0.017764568328857422
0.01798272132873535
0.017547130584716797
0.01754593849182129
0.018024444580078125
0.01732325553894043
0.017060279846191406
0.01674509048461914
0.0164492130279541
0.0163729190826416
0.0159454345703125
0.015887737274169922
0.015495538711547852
0.0159609317779541
0.016451597213745117
0.015758752822875977
0.015803813934326172
0.01610708236694336
0.015858888626098633
0.01585841178894043
0.016037702560424805
0.01585841178894043
0.015737533569335938
0.016120433807373047
0.01608896255493164
0.016691207885742188
0.01686859130859375
0.0167849063873291
0.016492843627929688
0.016216516494750977
0.0161435604095459
0.015548467636108398
0.016185998916625977
0.016392230987548828
0.016191482543945312
0.016033649444580078
0.015952587127685547
0.016234636306762695
0.016013145446777344
0.016030311584472656
0.016568422317504883
0.016499042510986328
0.016474008560180664
0.015996932983398438
0.016190052032470703
0.015768766403198242
0.01597428321838379
0.01612710952758789
0.015946149826049805
0.0159757137298584
0.015904664993286133
0.01587200164794922
0.017489194869995117
0.017813444137573242
0.01726675033569336
0.01742863655090332
0.01752018928527832
0.01702404022216797
0.016765356063842773
0.016610383987426758
0.016472816467285156
0.0166168212890625
0.016542911529541016
0.01666402816772461
0.016848087310791016
0.016911745071411133
0.016648530960083008
0.017081737518310547
0.016687393188476562
0.016578197479248047
0.01701045036315918
0.01802849769592285
0.017315387725830078
0.016841888427734375
0.016980648040771484
0.01716160774230957
0.01708245277404785
0.017687320709228516
0.016712665557861328
0.017147541046142578
0.016737699508666992
0.01619577407836914
0.01621532440185547
0.016411781311035156
0.01619267463684082
0.01626873016357422
0.0162966251373291
0.016445636749267578
0.016492605209350586
0.01629638671875
0.016328096389770508
0.016365528106689453
0.016383647918701172
0.01623082160949707
0.015917062759399414
0.016101837158203125
0.015827655792236328
0.01629471778869629
0.016164302825927734
0.015789270401000977
0.01648736000061035
0.016356468200683594
0.015976905822753906
0.01613330841064453
0.015836238861083984
0.01597118377685547
0.0159304141998291
0.015690326690673828
0.015461444854736328
0.01543736457824707
0.01593303680419922
0.01656818389892578
0.016067981719970703
0.015898466110229492
0.01573491096496582
0.01589059829711914
0.015295743942260742
0.016117334365844727
0.016333818435668945
0.0164029598236084
0.01629495620727539
0.016384363174438477
0.016243934631347656
0.01630878448486328
0.01631951332092285
0.016187667846679688
0.01593017578125
0.01626729965209961
0.016994953155517578
0.016811132431030273
0.016530752182006836
0.016489267349243164
0.016469955444335938
0.016682863235473633
0.01680612564086914
0.016867876052856445
0.016706466674804688
0.016976356506347656
0.016954421997070312
0.017415285110473633
0.018587112426757812
0.0179288387298584
0.017450332641601562
0.017476797103881836
0.01713085174560547
0.01673722267150879
0.016589879989624023
0.017055511474609375
0.017472028732299805
0.017510175704956055
0.017085790634155273
0.016727447509765625
0.01685309410095215
0.01674342155456543
0.016394376754760742
0.016328811645507812
0.016277313232421875
0.01644754409790039
0.016070127487182617
0.01627945899963379
0.016432523727416992
0.016482114791870117
0.016342639923095703
0.016236305236816406
0.016585111618041992
0.016399383544921875
0.01660895347595215
0.016336679458618164
0.016370534896850586
0.01654815673828125
0.01610565185546875
0.0159912109375
0.016547441482543945
0.020256996154785156
0.017299890518188477
0.01758575439453125
0.016986846923828125
0.016544103622436523
0.01739215850830078
0.017467260360717773
0.017444610595703125
0.01787543296813965
0.018313169479370117
0.01796746253967285
0.017064809799194336
0.01673579216003418
0.016368627548217773
0.016705989837646484
0.016782522201538086
0.016843795776367188
0.0167388916015625
0.01848912239074707
0.019717931747436523
0.017646312713623047
0.017337799072265625
0.016918659210205078
0.01649188995361328
0.017656326293945312
0.017553329467773438
0.01747298240661621
0.01711583137512207
0.016627073287963867
0.017122507095336914
0.01745915412902832
0.01720881462097168
0.017475605010986328
0.017772674560546875
0.01723170280456543
0.0177919864654541
0.01797628402709961
0.01772451400756836
0.017661571502685547
0.017557144165039062
0.017304658889770508
0.01687002182006836
0.017117023468017578
0.01749396324157715
0.017197847366333008
0.0174105167388916
0.017248868942260742
0.016693115234375
0.016672134399414062
0.016647815704345703
0.01648259162902832
0.016292810440063477
0.01630544662475586
0.016237735748291016
0.016236305236816406
0.016515016555786133
0.016161203384399414
0.01612544059753418
0.016167640686035156
0.01624894142150879
0.01672196388244629
0.017830371856689453
0.018016576766967773
0.01740741729736328
0.016468524932861328
0.015770435333251953
0.01541900634765625
0.015538930892944336
0.01551055908203125
0.015692472457885742
0.01587677001953125
0.015585184097290039
0.01594257354736328
0.01591658592224121
0.015510797500610352
0.01589512825012207
0.016254186630249023
0.016319990158081055
0.016475439071655273
0.016315698623657227
0.016112089157104492
0.016201257705688477
0.01624131202697754
0.016292095184326172
0.016209840774536133
0.016193866729736328
0.016324520111083984
0.01625537872314453
0.016431808471679688
0.016156911849975586
0.016049623489379883
0.016045808792114258
0.016201496124267578
0.016241788864135742
0.01665043830871582
0.017297744750976562
0.0173492431640625
0.017880678176879883
0.017238140106201172
0.016852378845214844
0.016972780227661133
0.01690506935119629
0.016927003860473633
0.0169219970703125
0.01699233055114746
0.01753830909729004
0.017526626586914062
0.01735854148864746
0.017419099807739258
0.017117977142333984
0.016857624053955078
0.017078638076782227
0.016761302947998047
0.01657414436340332
0.016493558883666992
0.016663789749145508
0.017746925354003906
0.017421483993530273
0.0181732177734375
0.01691722869873047
0.016698360443115234
0.016615629196166992
0.016552209854125977
0.016453981399536133
0.016562700271606445
0.016511917114257812
0.016524553298950195
0.016501188278198242
0.016721725463867188
0.016570329666137695
0.016577482223510742
0.016526460647583008
0.016686201095581055
0.016559123992919922
0.01656031608581543
0.016373157501220703
0.016355514526367188
0.016571521759033203
0.0165708065032959
0.016480684280395508
0.017356395721435547
0.016297578811645508
0.016080141067504883
0.015585184097290039
0.015841245651245117
0.015747547149658203
0.016069889068603516
0.015966176986694336
0.016076087951660156
0.01625514030456543
0.016053438186645508
0.01607227325439453
0.015550374984741211
0.01622295379638672
0.016272306442260742
0.016683101654052734
0.016566991806030273
0.016574621200561523
0.016467809677124023
0.0160675048828125
0.016004562377929688
0.016046762466430664
0.015833139419555664
0.015860319137573242
0.015803098678588867
0.015955209732055664
0.016356945037841797
0.01673102378845215
0.01656794548034668
0.01666116714477539
0.016537189483642578
0.016355276107788086
0.016509294509887695
0.016594886779785156
0.016377925872802734
0.01683497428894043
0.016732454299926758
0.01661229133605957
0.016937255859375
0.017082929611206055
0.016988754272460938
0.01696157455444336
0.01942586898803711
0.017605304718017578
0.018093109130859375
0.018091678619384766
0.018039464950561523
0.017772197723388672
0.017286300659179688
0.016895055770874023
0.01664280891418457
0.016452312469482422
0.016551971435546875
0.016347646713256836
0.016396522521972656
0.016457319259643555
0.01673746109008789
0.01651763916015625
0.016304731369018555
0.016337156295776367
0.016257524490356445
0.016338348388671875
0.01644134521484375
0.016343116760253906
0.016261577606201172
0.017749309539794922
0.01673436164855957
0.016416311264038086
0.01660442352294922
0.016385316848754883
0.01625680923461914
0.016307353973388672
0.016368865966796875
0.016361236572265625
0.01653432846069336
0.01645636558532715
0.016366243362426758
0.016314029693603516
0.016405820846557617
0.01635122299194336
0.016341209411621094
0.016303539276123047
0.016436338424682617
0.01648116111755371
0.016278505325317383
0.01647353172302246
0.016301631927490234
0.016383647918701172
0.016454458236694336
0.016415119171142578
0.016293048858642578
0.01638936996459961
0.016216754913330078
0.016015052795410156
0.016089916229248047
0.01615285873413086
0.01697826385498047
0.017673730850219727
0.018345117568969727
0.018136262893676758
0.017148494720458984
0.017530441284179688
0.01709914207458496
0.017662763595581055
0.01843118667602539
0.01786017417907715
0.01760721206665039
0.017076730728149414
0.016728878021240234
0.017154216766357422
0.0177457332611084
0.017453908920288086
0.01736927032470703
0.017178058624267578
0.01733565330505371
0.01755690574645996
0.017835140228271484
0.01782846450805664
0.017893314361572266
0.0168914794921875
0.017015695571899414
0.01703500747680664
0.016770362854003906
0.016964197158813477
0.017091989517211914
0.016852855682373047
0.01666712760925293
0.016800642013549805
0.01654791831970215
0.016205549240112305
0.0162508487701416
0.016391754150390625
0.016596317291259766
0.016571998596191406
0.0171048641204834
0.016516685485839844
0.016954898834228516
0.016316890716552734
0.017086505889892578
0.01684427261352539
0.016642332077026367
0.01696014404296875
0.01645374298095703
0.016628503799438477
0.016566753387451172
0.016277551651000977
0.01636791229248047
0.016325712203979492
0.01648736000061035
0.01647663116455078
0.016177654266357422
0.01629185676574707
0.016246557235717773
0.016202449798583984
0.016314029693603516
0.01625370979309082
0.01639556884765625
0.016465425491333008
0.016155004501342773
0.016085147857666016
0.016481637954711914
0.01644611358642578
0.016583919525146484
0.016579389572143555
0.01624608039855957
0.01616978645324707
0.016204357147216797
0.016382694244384766
0.016486167907714844
0.016515254974365234
0.016031503677368164
0.016337156295776367
0.016325712203979492
0.01611804962158203
0.016460418701171875
0.01665949821472168
0.016568899154663086
0.016412734985351562
0.01639699935913086
0.016422510147094727
0.016347169876098633
0.01644611358642578
0.016519784927368164
0.016595840454101562
0.016582727432250977
0.01611781120300293
0.01590895652770996
0.016236305236816406
0.01600790023803711
0.016354799270629883
0.016247034072875977
0.01582622528076172
0.016010284423828125
0.01621270179748535
0.016308307647705078
0.016243696212768555
0.01623249053955078
0.015970468521118164
0.01579904556274414
0.0162961483001709
0.01598381996154785
0.015730619430541992
0.016042470932006836
0.015953540802001953
0.01604175567626953
0.016312360763549805
0.0161440372467041
0.01633167266845703
0.015949010848999023
0.016076326370239258
0.016213178634643555
0.01615285873413086
0.01616358757019043
0.016032695770263672
0.0160830020904541
0.016266822814941406
0.016266822814941406
0.016190290451049805
0.016214609146118164
0.01754927635192871
0.01693868637084961
0.016857624053955078
0.016897201538085938
0.016826152801513672
0.017194747924804688
0.0168306827545166
0.01691746711730957
0.016504526138305664
0.016238927841186523
0.016421079635620117
0.016811132431030273
0.01626729965209961
0.017072200775146484
0.016442298889160156
0.01627373695373535
0.016528844833374023
0.016474246978759766
0.016651630401611328
0.016666412353515625
0.01739788055419922
0.016977548599243164
0.01673150062561035
0.016396284103393555
0.016187667846679688
0.016292572021484375
0.017012834548950195
0.016788482666015625
0.016829490661621094
0.016560077667236328
0.01639389991760254
0.01667642593383789
0.016446352005004883
0.01648688316345215
0.016718387603759766
0.01687335968017578
0.01713418960571289
0.016590118408203125
0.016910076141357422
0.016336917877197266
0.01692795753479004
0.016561269760131836
0.016619443893432617
0.01623249053955078
0.016210317611694336
0.016170024871826172
0.016028404235839844
0.01588892936706543
0.015863418579101562
0.01563096046447754
0.01578974723815918
0.015464067459106445
0.015609025955200195
0.015321731567382812
0.015610218048095703
0.015334844589233398
0.015642881393432617
0.015661954879760742
0.01578044891357422
0.015741586685180664
0.015629053115844727
0.01555180549621582
0.015350341796875
0.016273021697998047
0.016043424606323242
0.016313791275024414
0.016420602798461914
0.016657590866088867
0.016815662384033203
0.01661825180053711
0.01666736602783203
0.01655888557434082
0.01648569107055664
0.016184091567993164
0.01641678810119629
0.016174793243408203
0.01622915267944336
0.01620316505432129
0.016372203826904297
0.01628279685974121
0.016260862350463867
0.016237497329711914
0.016285419464111328
0.01629638671875
0.01620197296142578
0.0163116455078125
0.016281604766845703
0.016324758529663086
0.016321897506713867
0.016330957412719727
0.016396760940551758
0.01636028289794922
0.0161283016204834
0.01613450050354004
0.016220569610595703
0.016553878784179688
0.016463518142700195
0.016452789306640625
0.016310930252075195
0.016356468200683594
0.016490936279296875
0.017010927200317383
0.017258644104003906
0.017098426818847656
0.017009735107421875
0.01705646514892578
0.016871929168701172
0.017454862594604492
0.017333507537841797
0.01720905303955078
0.016648292541503906
0.016680002212524414
0.016260385513305664
0.016364574432373047
0.016396522521972656
0.01583576202392578
0.015717744827270508
0.015899181365966797
0.01615619659423828
0.01623988151550293
0.01615428924560547
0.01578068733215332
0.017590761184692383
0.017868757247924805
0.017257213592529297
0.016598939895629883
0.016510725021362305
0.016665220260620117
0.016254901885986328
0.016173839569091797
0.016390085220336914
0.016407251358032227
0.016341447830200195
0.016170501708984375
0.01652693748474121
0.016434907913208008
0.016083717346191406
0.016469717025756836
0.016237974166870117
0.016454458236694336
0.016109228134155273
0.0162808895111084
0.016301870346069336
0.016437292098999023
0.016219139099121094
0.016260385513305664
0.01650261878967285
0.016322612762451172
0.016638994216918945
0.016104459762573242
0.016362905502319336
0.016562223434448242
0.016615629196166992
0.016685962677001953
0.01657557487487793
0.016607284545898438
0.016893386840820312
0.017207622528076172
0.01673102378845215
0.016724824905395508
0.016626834869384766
0.0165708065032959
0.016449928283691406
0.016556739807128906
0.01680469512939453
0.016600370407104492
0.016670703887939453
0.016554594039916992
0.016674518585205078
0.01674652099609375
0.016797780990600586
0.016758441925048828
0.01658010482788086
0.016774415969848633
0.016695022583007812
0.01671123504638672
0.01676630973815918
0.01669597625732422
0.016824007034301758
0.01696014404296875
0.016852855682373047
0.016202211380004883
0.01620340347290039
0.017044544219970703
0.01653432846069336
0.016690969467163086
0.016948938369750977
0.016812801361083984
0.016656160354614258
0.016276836395263672
0.016117334365844727
0.016484737396240234
0.01609349250793457
0.015639305114746094
0.016046524047851562
0.016170024871826172
0.016117572784423828
0.016316652297973633
0.016225099563598633
0.016329526901245117
0.0160672664642334
0.016158103942871094
0.01600503921508789
0.016052722930908203
0.016304969787597656
0.01625847816467285
0.016197919845581055
0.016488313674926758
0.016091346740722656
0.016273021697998047
0.016285419464111328
0.016306161880493164
0.016150951385498047
0.016178131103515625
0.016037702560424805
0.016248703002929688
0.016337871551513672
0.016328096389770508
0.01614665985107422
0.015689849853515625
0.016022443771362305
0.016276836395263672
0.016387462615966797
0.015955686569213867
0.01589798927307129
0.01648426055908203
0.016562700271606445
0.016452312469482422
0.01640772819519043
0.01604461669921875
0.016208410263061523
0.01629948616027832
0.01645374298095703
0.016336441040039062
0.016180753707885742
0.01613593101501465
0.016141891479492188
0.016310930252075195
0.01654195785522461
0.016323089599609375
0.016344785690307617
0.016457796096801758
0.016476154327392578
0.01756906509399414
0.018810510635375977
0.018027782440185547
0.018322467803955078
0.017066240310668945
0.016757965087890625
0.016895294189453125
0.017136812210083008
0.016903400421142578
0.017627239227294922
0.01712346076965332
0.01712512969970703
0.0173032283782959
0.01705622673034668
0.017029762268066406
0.01649785041809082
0.016707897186279297
0.01620650291442871
0.016231298446655273
0.01602482795715332
0.016147375106811523
0.016220569610595703
0.01600503921508789
0.016056537628173828
0.01613640785217285
0.016468524932861328
0.016104698181152344
0.016257047653198242
0.01615309715270996
0.01618814468383789
0.016149520874023438
0.015519380569458008
0.01612401008605957
0.016278505325317383
0.016431570053100586
0.016365766525268555
0.015665054321289062
0.01600790023803711
0.015961647033691406
0.016391992568969727
0.0162808895111084
0.016132116317749023
0.016419172286987305
0.016300439834594727
0.01620006561279297
0.016294002532958984
0.016027450561523438
0.01621532440185547
0.01639413833618164
0.016359806060791016
0.016123294830322266
0.01634049415588379
0.016317129135131836
0.016217708587646484
0.01637411117553711
0.016307830810546875
0.016297101974487305
0.016026735305786133
0.016461610794067383
0.016270160675048828
0.016182661056518555
0.016622066497802734
0.0162811279296875
0.016346454620361328
0.016730308532714844
0.01672649383544922
0.0166168212890625
0.0167081356048584
0.016613006591796875
0.016582012176513672
0.0168607234954834
0.016599416732788086
0.01697826385498047
0.016963720321655273
