0.020223617553710938
0.019680023193359375
0.01980733871459961
0.019649267196655273
0.01950550079345703
0.019242048263549805
0.01907658576965332
0.019941329956054688
0.020630359649658203
0.020352602005004883
0.020102500915527344
0.01943683624267578
0.019694089889526367
0.019681453704833984
0.020137786865234375
0.01938772201538086
0.019139766693115234
0.01935601234436035
0.019710063934326172
0.01982569694519043
0.019948482513427734
0.02012348175048828
0.019741058349609375
0.019563913345336914
0.019870996475219727
0.019647598266601562
0.019144535064697266
0.020041465759277344
0.019869565963745117
0.019674301147460938
0.019275188446044922
0.01970982551574707
0.019574403762817383
0.019119977951049805
0.019280672073364258
0.019534587860107422
0.019124746322631836
0.019495725631713867
0.019843578338623047
0.019333600997924805
0.019613265991210938
0.019316673278808594
0.019095420837402344
0.019063472747802734
0.018954038619995117
0.019306421279907227
0.019188642501831055
0.019427776336669922
0.01957988739013672
0.019455909729003906
0.021179914474487305
0.019826412200927734
0.019603252410888672
0.019437313079833984
0.019045114517211914
0.019374847412109375
0.019118070602416992
0.019074678421020508
0.019452810287475586
0.019979000091552734
0.01922917366027832
0.01925373077392578
0.018820524215698242
0.019361495971679688
0.019015073776245117
0.019356489181518555
0.019028902053833008
0.01899123191833496
0.018488407135009766
0.0193483829498291
0.019487857818603516
0.019550323486328125
0.019214153289794922
0.019315242767333984
0.019583702087402344
0.02010059356689453
0.020348310470581055
0.019927024841308594
0.019139528274536133
0.019246578216552734
0.01921701431274414
0.019440412521362305
0.01940155029296875
0.019139766693115234
0.019217729568481445
0.019341707229614258
0.019620656967163086
0.018947124481201172
0.01912379264831543
0.019144773483276367
0.020999670028686523
0.019858360290527344
0.019426584243774414
0.01915287971496582
0.01897883415222168
0.019205808639526367
0.019156455993652344
0.019585371017456055
0.019179105758666992
0.01931309700012207
0.019310951232910156
0.019623517990112305
0.01952338218688965
0.019216299057006836
0.019181013107299805
0.019437313079833984
0.019297361373901367
0.01940131187438965
0.019108295440673828
0.018935203552246094
0.019282817840576172
0.019701004028320312
0.019812822341918945
0.01963329315185547
0.019832849502563477
0.019736289978027344
0.019855976104736328
0.02019500732421875
0.01948380470275879
0.019687891006469727
0.019465923309326172
0.019356966018676758
0.01945185661315918
0.019128799438476562
0.019121646881103516
0.019454240798950195
0.019666194915771484
0.019669055938720703
0.0190279483795166
0.019303560256958008
0.019648075103759766
0.019438505172729492
0.01978611946105957
0.019083738327026367
0.01952528953552246
0.019788265228271484
0.020021438598632812
0.019606351852416992
0.019309520721435547
0.019835710525512695
0.019704580307006836
0.01973104476928711
0.019675731658935547
0.019361257553100586
0.019646167755126953
0.01983785629272461
0.0200653076171875
0.020035743713378906
0.020032882690429688
0.01984882354736328
0.01927351951599121
0.019684791564941406
0.019624948501586914
0.019156694412231445
0.01914191246032715
0.019229412078857422
0.01917886734008789
0.019081592559814453
0.019231557846069336
0.018962621688842773
0.0190432071685791
0.01915907859802246
0.019120454788208008
0.019031047821044922
0.019147634506225586
0.019105911254882812
0.01941204071044922
0.01939225196838379
0.01922297477722168
0.01877617835998535
0.018853425979614258
0.01916813850402832
0.019238948822021484
0.019565105438232422
0.019330978393554688
0.019365310668945312
0.019289731979370117
0.01947307586669922
0.01930856704711914
0.01923346519470215
0.019443988800048828
0.0198366641998291
0.0195310115814209
0.020222902297973633
0.020189523696899414
0.020332813262939453
0.020098209381103516
0.020001649856567383
0.02030205726623535
0.019720792770385742
0.019911527633666992
0.02032303810119629
0.021765470504760742
0.0211942195892334
0.020104169845581055
0.019928932189941406
0.019525766372680664
0.019608736038208008
0.01967144012451172
0.019379138946533203
0.01934671401977539
0.019059419631958008
0.019135475158691406
0.02039313316345215
0.02074432373046875
0.020034313201904297
0.019884586334228516
0.019518613815307617
0.019548654556274414
0.01916956901550293
0.019286394119262695
0.01943516731262207
0.01987481117248535
0.019142627716064453
0.01926255226135254
0.019260406494140625
0.01896834373474121
0.01890730857849121
0.01929330825805664
0.019231557846069336
0.01891326904296875
0.019240617752075195
0.0189669132232666
0.019315242767333984
0.01968979835510254
0.01923537254333496
0.019045114517211914
0.019315004348754883
0.018858671188354492
0.020161867141723633
0.01939558982849121
0.01944756507873535
0.019311904907226562
0.01907825469970703
0.019362926483154297
0.01917719841003418
0.018701791763305664
0.018900156021118164
0.019397735595703125
0.019294023513793945
0.019059419631958008
0.01888561248779297
0.019314050674438477
0.019539833068847656
0.019608020782470703
0.019269466400146484
0.019310951232910156
0.018996238708496094
0.019173860549926758
0.019008159637451172
0.019551515579223633
0.019188880920410156
0.019078493118286133
0.018977642059326172
0.019250869750976562
0.019649982452392578
0.019780397415161133
0.02022409439086914
0.019534587860107422
0.01931905746459961
0.019524097442626953
0.0194094181060791
0.019205570220947266
0.019437789916992188
0.02015089988708496
0.019696712493896484
0.019376277923583984
0.019461631774902344
0.01937580108642578
0.019559860229492188
0.020106077194213867
0.019581317901611328
0.01961994171142578
0.019543170928955078
0.019797325134277344
0.0198211669921875
0.019304513931274414
0.019380569458007812
0.019512176513671875
0.01920604705810547
0.019361257553100586
0.019279003143310547
0.019257783889770508
0.019449949264526367
0.01924729347229004
0.019264698028564453
0.01932501792907715
0.01905679702758789
0.01904749870300293
0.01903510093688965
0.019306659698486328
0.020018577575683594
0.019816875457763672
0.019844532012939453
0.019207239151000977
0.02140665054321289
0.02042841911315918
0.019579172134399414
0.019127607345581055
0.0190737247467041
0.01890873908996582
0.019186973571777344
0.0181121826171875
0.018796920776367188
0.018955469131469727
0.01866769790649414
0.02012777328491211
0.018724918365478516
0.01877760887145996
0.01891922950744629
0.019036531448364258
0.019168853759765625
0.018407583236694336
0.018644332885742188
0.018889904022216797
0.019542932510375977
0.01918768882751465
0.019364595413208008
0.019191503524780273
0.019420385360717773
0.019059181213378906
0.0205233097076416
0.020139217376708984
0.019934415817260742
0.020423173904418945
0.01964592933654785
0.01941204071044922
0.019208431243896484
0.019131898880004883
0.018684864044189453
0.01933884620666504
0.01881694793701172
0.018887758255004883
0.018417835235595703
0.018707990646362305
0.019062280654907227
0.01889634132385254
0.019011974334716797
0.01891636848449707
0.019124269485473633
0.018728971481323242
0.018529653549194336
0.018999099731445312
0.018189430236816406
0.018213748931884766
0.019017934799194336
0.018773555755615234
0.018967151641845703
0.019049406051635742
0.018896818161010742
0.01882791519165039
0.018973350524902344
0.01880812644958496
0.019186019897460938
0.018538475036621094
0.01836395263671875
0.018647432327270508
0.018486976623535156
0.019278764724731445
0.01883840560913086
0.018944740295410156
0.019117116928100586
0.019939899444580078
0.019164323806762695
0.018279314041137695
0.018672704696655273
0.018848419189453125
0.019304752349853516
0.01909017562866211
0.019448280334472656
0.019248008728027344
0.019269943237304688
0.019501447677612305
0.019265413284301758
0.01944732666015625
0.019093751907348633
0.019023418426513672
0.01926445960998535
0.019820690155029297
0.019971370697021484
0.01900172233581543
0.01962590217590332
0.01971602439880371
0.019480466842651367
0.01935720443725586
0.021471023559570312
0.020987510681152344
0.021904706954956055
0.021052122116088867
0.02064228057861328
0.019452810287475586
0.01999068260192871
0.019092798233032227
0.018789052963256836
0.018855571746826172
0.018949508666992188
0.018602371215820312
0.01926565170288086
0.019099712371826172
0.02175617218017578
0.019506454467773438
0.018999099731445312
0.019263744354248047
0.019440174102783203
0.020241737365722656
0.020009756088256836
0.019629240036010742
0.019932270050048828
0.019827842712402344
0.021335840225219727
0.019697904586791992
0.019791126251220703
0.019314289093017578
0.01949167251586914
0.019605636596679688
0.0192110538482666
0.019309043884277344
0.019384384155273438
0.019974708557128906
0.019370079040527344
0.019261598587036133
0.01930069923400879
0.019317150115966797
0.0195009708404541
0.01978611946105957
0.019524097442626953
0.019278764724731445
0.0193936824798584
0.019330739974975586
0.019213199615478516
0.019201993942260742
0.01933765411376953
0.01925373077392578
0.019263029098510742
0.019079923629760742
0.019283294677734375
0.01904129981994629
0.019133567810058594
0.019533157348632812
0.019490957260131836
0.019513607025146484
0.019327640533447266
0.019383907318115234
0.019596099853515625
0.019542694091796875
0.019737720489501953
0.01980900764465332
0.019715547561645508
0.019800424575805664
0.019986391067504883
0.019885540008544922
0.01995992660522461
0.019893407821655273
0.020258426666259766
0.020086050033569336
0.020292997360229492
0.019491910934448242
0.01907181739807129
0.019463062286376953
0.019257068634033203
0.019558429718017578
0.019829511642456055
0.019508838653564453
0.019591093063354492
0.019214630126953125
0.01914215087890625
0.01887798309326172
0.018944740295410156
0.01903986930847168
0.01943182945251465
0.0191195011138916
0.01913285255432129
0.019016265869140625
0.019447803497314453
0.01914811134338379
0.019464731216430664
0.01902151107788086
0.018767356872558594
0.019114971160888672
0.019118547439575195
0.01933741569519043
0.01920461654663086
0.01897430419921875
0.019199371337890625
0.01910257339477539
0.01926732063293457
0.019002199172973633
0.018975019454956055
0.019134521484375
0.019106149673461914
0.019218921661376953
0.019251108169555664
0.01930832862854004
0.01912403106689453
0.01912832260131836
0.019401073455810547
0.019242048263549805
0.019375085830688477
0.019550800323486328
0.02011871337890625
0.019934892654418945
0.019880056381225586
0.02204108238220215
0.019856691360473633
0.01977682113647461
0.019565820693969727
0.019394397735595703
0.019469261169433594
0.0194549560546875
0.019639968872070312
0.020193815231323242
0.021244287490844727
0.020050048828125
0.019754886627197266
0.019012928009033203
0.01856255531311035
0.018818140029907227
0.018396377563476562
0.018309593200683594
0.018016576766967773
0.019269466400146484
0.018731355667114258
0.018497943878173828
0.01805424690246582
0.018412351608276367
0.018316268920898438
0.01842808723449707
0.018524646759033203
0.01856088638305664
0.01836705207824707
0.01865363121032715
0.01835465431213379
0.01876664161682129
0.01873016357421875
0.01897597312927246
0.01900506019592285
0.018808364868164062
0.018555879592895508
0.018766164779663086
0.018772125244140625
0.018979549407958984
0.019142866134643555
0.01886153221130371
0.019814729690551758
0.01945042610168457
0.019377470016479492
0.019624948501586914
0.019478559494018555
0.020763635635375977
0.02179574966430664
0.020299911499023438
0.0199127197265625
0.02025747299194336
0.020070791244506836
0.019665002822875977
0.019296884536743164
0.019272565841674805
0.01966571807861328
0.019734859466552734
0.0197451114654541
0.019315719604492188
0.019161224365234375
0.019166946411132812
0.01911139488220215
0.01924920082092285
0.01933121681213379
0.019573211669921875
0.019079208374023438
0.019686460494995117
0.01953125
0.018942832946777344
0.01886892318725586
0.019904136657714844
0.019544363021850586
0.019614696502685547
0.01941704750061035
0.01930689811706543
0.0191190242767334
0.01939845085144043
0.0193023681640625
0.01891326904296875
0.01911783218383789
0.01918792724609375
0.01935410499572754
0.0196688175201416
0.019431114196777344
0.020459413528442383
0.019586563110351562
0.01888895034790039
0.019273042678833008
0.01904892921447754
0.019308805465698242
0.01898050308227539
0.01900005340576172
0.018620729446411133
0.019157886505126953
0.018913745880126953
0.018987178802490234
0.01914811134338379
0.019315481185913086
0.0196077823638916
0.019199848175048828
0.019078731536865234
0.01931452751159668
0.01934361457824707
0.02164602279663086
0.019695043563842773
0.019559860229492188
0.01904916763305664
0.019169092178344727
0.019195556640625
0.019176244735717773
0.01892995834350586
0.019490718841552734
0.020644664764404297
0.020023584365844727
0.019847393035888672
0.02004718780517578
0.02031397819519043
0.019904136657714844
0.019963502883911133
0.019997358322143555
0.019733428955078125
0.021169185638427734
0.020833253860473633
0.020835161209106445
0.021146774291992188
0.02106451988220215
0.020967721939086914
0.020977497100830078
0.020762920379638672
0.02060866355895996
0.021712541580200195
0.021443843841552734
0.020470380783081055
0.019604921340942383
0.019849061965942383
0.019477367401123047
0.019599437713623047
0.01945781707763672
0.019603490829467773
0.01990509033203125
0.01977992057800293
0.02012467384338379
0.020011186599731445
0.020443201065063477
0.019897937774658203
0.020044803619384766
0.020015239715576172
0.02122640609741211
0.020114898681640625
0.020145177841186523
0.019944190979003906
0.019977331161499023
0.020139455795288086
0.019726276397705078
0.01966238021850586
0.01956486701965332
0.019323348999023438
0.019341707229614258
0.019107580184936523
0.01933884620666504
0.019312143325805664
0.019591331481933594
0.019431114196777344
0.019478797912597656
0.01966547966003418
0.019484519958496094
0.019390106201171875
0.01931285858154297
0.01935863494873047
0.02010798454284668
0.020076274871826172
0.020905494689941406
0.02015852928161621
0.020006656646728516
0.020308494567871094
0.020347118377685547
0.020514488220214844
0.021078824996948242
0.021181583404541016
0.02105426788330078
0.02027130126953125
0.020519256591796875
0.021155595779418945
0.020922422409057617
0.020611047744750977
0.021152019500732422
0.019873857498168945
0.019972562789916992
0.019965410232543945
0.02075672149658203
0.020467281341552734
0.02031254768371582
0.020259857177734375
0.021120309829711914
0.020638704299926758
0.02059769630432129
0.019422531127929688
0.02002263069152832
0.020154714584350586
0.02003192901611328
0.019746065139770508
0.019618511199951172
0.02192854881286621
0.02032184600830078
0.01960301399230957
0.01936817169189453
0.019136667251586914
0.019697904586791992
0.020287513732910156
0.020116329193115234
0.019594430923461914
0.01947164535522461
0.01976323127746582
0.01928424835205078
0.0193634033203125
0.018823623657226562
0.019004344940185547
0.018880128860473633
0.018413066864013672
0.01884603500366211
0.019343137741088867
0.019109487533569336
0.019068002700805664
0.018847942352294922
0.01894068717956543
0.018753528594970703
0.019196033477783203
0.01883244514465332
0.019281387329101562
0.019788503646850586
0.019507408142089844
0.019837379455566406
0.019057512283325195
0.01897740364074707
0.01975250244140625
0.01949024200439453
0.020870208740234375
0.020989418029785156
0.02067875862121582
0.019757986068725586
0.01966547966003418
0.020021915435791016
0.020549774169921875
0.020801067352294922
0.020181655883789062
0.020117998123168945
0.019403934478759766
0.019344091415405273
0.020379066467285156
0.02043628692626953
0.019664287567138672
0.019353866577148438
0.0194394588470459
0.019402265548706055
0.01891183853149414
0.01919865608215332
0.019409894943237305
0.01906585693359375
0.01921987533569336
0.01890110969543457
0.01938009262084961
0.019117116928100586
0.01981973648071289
0.0191957950592041
0.01935601234436035
0.01930975914001465
0.01875901222229004
0.018673181533813477
0.018811464309692383
0.018609285354614258
0.01922893524169922
0.019634008407592773
0.019505739212036133
0.019291400909423828
0.018988370895385742
0.01899266242980957
0.018290042877197266
0.019110679626464844
0.018997669219970703
0.018936872482299805
0.018961191177368164
0.018860816955566406
0.018648862838745117
0.01873612403869629
0.018540143966674805
0.019063711166381836
0.01856517791748047
0.018683433532714844
0.018271684646606445
0.018854618072509766
0.01909494400024414
0.019182682037353516
0.019148588180541992
0.01943349838256836
0.01932239532470703
0.01933908462524414
0.01860666275024414
0.019107341766357422
0.019891977310180664
0.019780635833740234
0.019873619079589844
0.019163131713867188
0.019144296646118164
0.02022528648376465
0.02110147476196289
0.022711515426635742
0.0216214656829834
0.020457983016967773
0.019517183303833008
0.019988536834716797
0.02008366584777832
0.019949913024902344
0.019528865814208984
0.020573139190673828
0.01938939094543457
0.019138813018798828
0.018845319747924805
0.01815629005432129
0.01846456527709961
0.018009185791015625
0.01834559440612793
0.018324851989746094
0.018540620803833008
0.019034147262573242
0.0182797908782959
0.0184934139251709
0.017915010452270508
0.018497228622436523
0.018037080764770508
0.019461393356323242
0.018807649612426758
0.019042491912841797
0.018952369689941406
0.019524812698364258
0.020071029663085938
0.019522428512573242
0.01949477195739746
0.01958179473876953
0.019713640213012695
0.019413232803344727
0.020740032196044922
0.022011756896972656
0.020549774169921875
0.019970417022705078
0.01958322525024414
0.01967644691467285
0.019892454147338867
0.01941704750061035
0.019988536834716797
0.020386219024658203
0.020173311233520508
0.02001476287841797
0.019967079162597656
0.019973278045654297
0.02024674415588379
0.020146846771240234
0.019566774368286133
0.0191042423248291
0.019476652145385742
0.019673824310302734
0.019237518310546875
0.019582271575927734
0.019610881805419922
0.01972055435180664
0.020352602005004883
0.020105838775634766
0.020235300064086914
0.020067453384399414
0.021496295928955078
0.02014613151550293
0.019994258880615234
0.019887208938598633
0.019237756729125977
0.019725561141967773
0.019710302352905273
0.019580602645874023
0.019710779190063477
0.019255399703979492
0.019178390502929688
0.019485950469970703
0.019626855850219727
0.019544124603271484
0.019255876541137695
0.019295930862426758
0.01951885223388672
0.018932342529296875
0.019316673278808594
0.020583152770996094
0.020425081253051758
0.019765138626098633
0.019487619400024414
0.01955699920654297
0.02070307731628418
0.020107269287109375
0.019429922103881836
0.01918482780456543
0.019570112228393555
0.019390583038330078
0.019270896911621094
0.01965928077697754
0.019755840301513672
0.01938462257385254
0.018930912017822266
0.019110679626464844
0.01919102668762207
0.019446611404418945
0.019458293914794922
0.022422313690185547
0.02048015594482422
0.021165132522583008
0.02045917510986328
0.020430326461791992
0.01992177963256836
0.01988053321838379
0.020461082458496094
0.020482778549194336
0.02067732810974121
0.020813703536987305
0.02057361602783203
0.019764184951782227
0.019473791122436523
0.020143985748291016
0.019817590713500977
0.020755290985107422
0.021492481231689453
0.021153926849365234
0.019999027252197266
0.019763946533203125
0.020975351333618164
0.020668506622314453
0.02011871337890625
0.019840002059936523
0.019893884658813477
0.019563913345336914
0.019740819931030273
0.019771337509155273
0.019459247589111328
0.019549131393432617
0.01963186264038086
0.019531965255737305
0.01974964141845703
0.019436120986938477
0.01945805549621582
0.01943826675415039
0.019408226013183594
0.019423961639404297
0.019431114196777344
0.01920604705810547
0.020088911056518555
0.019410371780395508
0.019283294677734375
0.019928455352783203
0.019835948944091797
0.019701242446899414
0.019526004791259766
0.01977682113647461
0.019528865814208984
0.019371747970581055
0.019368648529052734
0.01961231231689453
0.01940608024597168
0.019063472747802734
0.018755197525024414
0.019169092178344727
0.02003765106201172
0.020114660263061523
0.021181106567382812
0.019891977310180664
0.019782066345214844
0.020246505737304688
0.0204312801361084
0.020069122314453125
0.019856691360473633
0.02045273780822754
0.019958019256591797
0.01935744285583496
0.020586490631103516
0.021238088607788086
0.02048015594482422
0.019747495651245117
0.0198366641998291
0.020615100860595703
0.02069687843322754
0.02027153968811035
0.0201566219329834
0.01985764503479004
0.019576072692871094
0.019651412963867188
0.02045726776123047
0.020673513412475586
0.019698619842529297
0.019526958465576172
0.019350528717041016
0.01943039894104004
0.019416093826293945
0.01945805549621582
0.019620418548583984
0.019237756729125977
