16.445514384915384
15.624766639495977
15.624766639495977
15.273631157159024
14.968197093445358
14.968197093445358
14.968197093445358
14.968197093445358
14.968197093445358
14.968197093445358
9.30927587943852
9.30927587943852
9.30927587943852
9.30927587943852
9.30927587943852
9.30927587943852
9.30927587943852
9.30927587943852
9.30927587943852
9.30927587943852
9.30927587943852
9.30927587943852
9.30927587943852
9.30927587943852
9.30927587943852
9.30927587943852
9.30927587943852
9.30927587943852
9.30927587943852
8.849152140817662
8.849152140817662
8.849152140817662
8.849152140817662
8.849152140817662
8.849152140817662
8.849152140817662
8.849152140817662
8.849152140817662
8.824526006487016
8.824526006487016
8.824526006487016
7.983379205933389
7.983379205933389
7.983379205933389
7.983379205933389
7.983379205933389
7.983379205933389
7.983379205933389
7.983379205933389
7.983379205933389
7.983379205933389
7.983379205933389
7.205067179643791
7.155371591145187
7.155371591145187
6.992485369989035
6.992485369989035
6.992485369989035
6.313697799707059
6.313697799707059
6.313697799707059
6.313697799707059
6.313697799707059
6.313697799707059
6.313697799707059
5.93324938182079
5.93324938182079
5.93324938182079
5.93324938182079
5.93324938182079
5.93324938182079
5.93324938182079
5.93324938182079
5.93324938182079
5.93324938182079
5.93324938182079
5.93324938182079
5.774697432428077
5.3697120006583425
5.3697120006583425
5.3697120006583425
4.650024736396453
4.650024736396453
4.650024736396453
4.650024736396453
4.650024736396453
4.650024736396453
4.650024736396453
4.650024736396453
4.650024736396453
4.195353185853904
4.195353185853904
3.7951398032828223
3.7951398032828223
3.7951398032828223
3.7951398032828223
3.7951398032828223
3.6813246188046236
3.1831199418870924
3.1831199418870924
3.1831199418870924
3.1831199418870924
3.1831199418870924
3.1831199418870924
3.1831199418870924
3.1831199418870924
3.1831199418870924
3.1831199418870924
3.1831199418870924
3.1831199418870924
3.1831199418870924
3.1831199418870924
3.1831199418870924
3.1831199418870924
2.5997282003220583
2.5997282003220583
2.5997282003220583
2.5997282003220583
2.5997282003220583
2.5997282003220583
2.5997282003220583
2.5997282003220583
2.5997282003220583
2.5997282003220583
2.5997282003220583
2.5997282003220583
2.4641209482124076
2.4641209482124076
2.4641209482124076
2.4641209482124076
2.4641209482124076
2.4641209482124076
2.4641209482124076
2.4641209482124076
2.4641209482124076
2.4641209482124076
2.4641209482124076
2.4157816258317872
2.4157816258317872
2.4157816258317872
2.4157816258317872
2.301509682104051
1.831532401704898
1.831532401704898
1.831532401704898
1.831532401704898
1.831532401704898
1.831532401704898
1.831532401704898
1.831532401704898
1.831532401704898
1.831532401704898
1.831532401704898
1.831532401704898
1.831532401704898
1.831532401704898
1.7616249696985484
1.650769283230904
1.650769283230904
1.522292927395707
1.522292927395707
1.522292927395707
1.522292927395707
1.522292927395707
1.522292927395707
1.522292927395707
1.522292927395707
1.522292927395707
1.522292927395707
1.4322970305829266
1.4133954927669592
1.4133954927669592
1.392270079854132
1.392270079854132
1.1624168296347825
1.1624168296347825
1.1624168296347825
1.1624168296347825
1.1331300733058676
1.1331300733058676
1.1331300733058676
1.1331300733058676
1.1331300733058676
1.1331300733058676
1.1331300733058676
1.1331300733058676
1.0770986097435191
1.0703907345902053
1.0703907345902053
1.0198672365288708
1.0019154634388379
1.0019154634388379
1.0019154634388379
1.0019154634388379
0.9857351206161233
0.9786089921055243
0.9786089921055243
0.7921562176138508
0.7921562176138508
0.7921562176138508
0.7921562176138508
0.7921562176138508
0.7921562176138508
0.7921562176138508
0.7921562176138508
0.7921562176138508
0.7921562176138508
0.7921562176138508
0.7921562176138508
0.7921562176138508
0.7921562176138508
0.7230532360294752
0.7230532360294752
0.7230532360294752
0.7230532360294752
0.7230532360294752
0.5478348795098249
0.5478348795098249
0.5478348795098249
0.5478348795098249
0.5478348795098249
0.5478348795098249
0.5207723046161732
0.5207723046161732
0.5079863756433944
0.5079863756433944
0.4972581735725221
0.4972581735725221
0.4972581735725221
0.44263558416968607
0.44263558416968607
0.44263558416968607
0.44263558416968607
0.43638461207982715
0.43638461207982715
0.4266215493838743
0.4266215493838743
0.361896494549125
0.361896494549125
0.361896494549125
0.361896494549125
0.361896494549125
0.361896494549125
0.3613573498328009
0.3079919864527412
0.3079919864527412
0.3079919864527412
0.3079919864527412
0.2763038326733991
0.2763038326733991
0.2763038326733991
0.270110509670598
0.270110509670598
0.270110509670598
0.270110509670598
0.270110509670598
0.25917361745526435
0.24867647691336714
0.24867647691336714
0.24867647691336714
0.24867647691336714
0.24867647691336714
0.24720859003804918
0.2301523848736018
0.20836195198721796
0.20836195198721796
0.20836195198721796
0.20420780711048536
0.20420780711048536
0.20420780711048536
0.18508632639506217
0.17797428034950258
0.17797428034950258
0.17797428034950258
0.16504558065178898
0.1464492919028757
0.09977586605323552
0.09977586605323552
0.09977586605323552
0.09977586605323552
0.09977586605323552
0.09977586605323552
0.06656901986792363
0.06656901986792363
0.06656901986792363
0.06656901986792363
0.06656901986792363
0.06656901986792363
0.06656901986792363
0.06656901986792363
0.06656901986792363
0.06656901986792363
0.06656901986792363
0.06656901986792363
0.06656901986792363
0.06656901986792363
0.06656901986792363
0.06656901986792363
0.03205077267524459
0.03205077267524459
0.03205077267524459
0.03205077267524459
0.03205077267524459
0.03205077267524459
0.03205077267524459
0.03205077267524459
0.03205077267524459
0.03205077267524459
0.03205077267524459
0.03205077267524459
0.03205077267524459
0.03205077267524459
0.03205077267524459
0.03205077267524459
0.03205077267524459
0.03205077267524459
0.03205077267524459
0.03205077267524459
0.03205077267524459
0.03205077267524459
0.03205077267524459
0.03205077267524459
0.030560909852308527
0.030560909852308527
0.030560909852308527
0.030560909852308527
0.030560909852308527
0.030560909852308527
0.030560909852308527
0.030560909852308527
0.030560909852308527
0.030560909852308527
0.030560909852308527
0.030560909852308527
0.030560909852308527
0.030560909852308527
0.030385795683720573
0.028207894455668736
0.027639406438062508
0.02697202823504341
0.02697202823504341
0.02697202823504341
0.02697202823504341
0.026589626270546063
0.026589626270546063
0.02588370867028189
0.025526548031272966
0.02448252694430053
0.02448252694430053
0.02448252694430053
0.02060954042019958
0.02060954042019958
0.02060954042019958
0.019815184928820173
0.019815184928820173
0.019815184928820173
0.019815184928820173
0.019815184928820173
0.01948381412402611
0.01948381412402611
0.01948381412402611
0.01948381412402611
0.01948381412402611
0.01948381412402611
0.01948381412402611
0.018883138740385164
0.018883138740385164
0.0182085612817815
0.0182085612817815
0.016169752720877284
0.016169752720877284
0.016169752720877284
0.016169752720877284
0.016169752720877284
0.016169752720877284
0.016169752720877284
0.016169752720877284
0.016169752720877284
0.016117098061762647
0.01583580186563438
0.01583580186563438
0.01583580186563438
0.01583580186563438
0.015004065434737868
0.015004065434737868
0.011355856761497307
0.011355856761497307
0.011355856761497307
0.011355856761497307
0.011355856761497307
0.011355856761497307
0.011355856761497307
0.011355856761497307
0.011355856761497307
0.010972838755161973
0.010641785010701454
0.010641785010701454
0.010641785010701454
0.010596779453127425
0.00829640668403897
0.00829640668403897
0.00829640668403897
0.00829640668403897
0.00829640668403897
0.00829640668403897
0.00829640668403897
0.00829640668403897
0.00794295866623429
0.00794295866623429
0.006050079510565354
0.006050079510565354
0.006050079510565354
0.006050079510565354
0.006050079510565354
0.006050079510565354
0.006050079510565354
0.005240567477681424
0.005240567477681424
0.005240567477681424
0.005240567477681424
0.005240567477681424
0.005240567477681424
0.005240567477681424
0.005240567477681424
0.005240567477681424
0.005240567477681424
0.005240567477681424
0.004178727416579875
0.004178727416579875
0.004178727416579875
0.004178727416579875
0.004178727416579875
0.004178727416579875
0.0035437350443814353
0.0035437350443814353
0.0035437350443814353
0.0035437350443814353
0.0035437350443814353
0.0034896867553690925
0.0034896867553690925
0.0034896867553690925
0.0034896867553690925
0.0034896867553690925
0.0034896867553690925
0.0034859552134030025
0.0033210880900895745
0.0033210880900895745
0.0030565939846169954
0.0030565939846169954
0.0030565939846169954
0.0030565939846169954
0.0030565939846169954
0.0030565939846169954
0.0030565939846169954
0.0030259009817115157
0.0027624707831250817
0.0027624707831250817
0.002215672658326895
0.002215672658326895
0.002215672658326895
0.002215672658326895
0.002215672658326895
0.002215672658326895
0.002215672658326895
0.002215672658326895
0.002215672658326895
0.002215672658326895
0.002215672658326895
0.002215672658326895
0.0013452475827548938
0.0013452475827548938
0.0013452475827548938
0.0013452475827548938
0.0013452475827548938
0.0013452475827548938
0.0013452475827548938
0.0013452475827548938
0.0013452475827548938
0.0013452475827548938
0.0013452475827548938
0.0013452475827548938
0.0013452475827548938
0.001227454771715486
0.001227454771715486
0.001227454771715486
0.001227454771715486
0.0011146638049019941
0.0011146638049019941
0.0011146638049019941
0.0011146638049019941
0.0011146638049019941
0.0010928858650984807
0.0010928858650984807
0.0010928858650984807
0.0010928858650984807
0.0010928858650984807
0.000852087903119525
0.000852087903119525
0.000852087903119525
0.000852087903119525
0.000852087903119525
0.0006253884818825384
0.0006253884818825384
0.0006253884818825384
0.0006253884818825384
0.0006253884818825384
0.0006253884818825384
0.0006253884818825384
0.0006253884818825384
0.0006253884818825384
0.0006253884818825384
0.0006253884818825384
0.0006253884818825384
0.0006253884818825384
0.0006253884818825384
0.0006253884818825384
0.0006253884818825384
0.0006253884818825384
0.0006253884818825384
0.0006253884818825384
0.0006253884818825384
0.0006253884818825384
0.0006253884818825384
0.0005706398399318857
0.0005383552122566471
0.0005383552122566471
0.0005383552122566471
0.0005383552122566471
0.0004937428065048266
0.0004937428065048266
0.0004937428065048266
0.0003734441198552929
0.0003734441198552929
0.0003734441198552929
0.0003734441198552929
0.0003734441198552929
0.0003734441198552929
0.0003734441198552929
0.0003734441198552929
0.0003734441198552929
0.0003734441198552929
0.0003734441198552929
0.0003734441198552929
0.0003734441198552929
0.0003734441198552929
0.00031523925521881324
0.00031523925521881324
0.00031523925521881324
0.00031523925521881324
0.00031523925521881324
0.00031489872604240077
0.00031489872604240077
0.00028487881857586217
0.00028487881857586217
0.00022627836407806967
0.00022627836407806967
0.00022627836407806967
0.00022627836407806967
0.00022627836407806967
0.00022627836407806967
0.00022627836407806967
0.00022627836407806967
0.00022627836407806967
0.00022145063732281756
0.00022145063732281756
0.00021594555500925594
0.0002121252572244714
0.0002121252572244714
0.0002121252572244714
0.0002121252572244714
0.00018758303237831342
0.00018758303237831342
0.00018758303237831342
0.00018758303237831342
0.00018262944229263667
0.00018262944229263667
0.00018262944229263667
0.00017941775110585922
0.00017941775110585922
0.00017941775110585922
0.0001718848159839581
0.0001718848159839581
0.0001718848159839581
0.0001718848159839581
0.0001718848159839581
0.0001718848159839581
0.0001718848159839581
0.0001718848159839581
0.0001718848159839581
0.0001718848159839581
0.0001718848159839581
0.00016257013036025114
0.00016107092892525543
0.00016107092892525543
0.00013915546967524506
0.00013915546967524506
0.00013744251878478053
0.00013744251878478053
0.00013535165596678667
0.00013535165596678667
0.00013535165596678667
0.00012906501004650295
0.00012906501004650295
0.00012906501004650295
0.00012906501004650295
0.00012906501004650295
0.0001290519405401369
0.00012449445674178605
0.00012449445674178605
0.00012449445674178605
0.00010705688813672509
0.00010705688813672509
0.00010705688813672509
0.00010705688813672509
0.00010705688813672509
0.00010705688813672509
0.00010705688813672509
0.00010705688813672509
0.00010705688813672509
0.00010705688813672509
9.983635727905948e-05
9.414935240670275e-05
9.414935240670275e-05
9.414935240670275e-05
9.414935240670275e-05
9.414935240670275e-05
9.414935240670275e-05
9.414935240670275e-05
5.644537204929634e-05
5.644537204929634e-05
5.644537204929634e-05
5.644537204929634e-05
5.644537204929634e-05
5.644537204929634e-05
5.644537204929634e-05
5.644537204929634e-05
5.644537204929634e-05
5.644537204929634e-05
5.644537204929634e-05
5.644537204929634e-05
5.644537204929634e-05
5.644537204929634e-05
5.644537204929634e-05
5.644537204929634e-05
5.644537204929634e-05
5.644537204929634e-05
5.644537204929634e-05
5.644537204929634e-05
5.589396602800889e-05
5.582002517101614e-05
5.582002517101614e-05
5.575719999484363e-05
4.4040128944544676e-05
4.4040128944544676e-05
4.4040128944544676e-05
4.4040128944544676e-05
4.4040128944544676e-05
4.4040128944544676e-05
4.4040128944544676e-05
4.4040128944544676e-05
4.4040128944544676e-05
4.4040128944544676e-05
3.4518932906735245e-05
3.4518932906735245e-05
3.4518932906735245e-05
3.4518932906735245e-05
3.4518932906735245e-05
3.4518932906735245e-05
3.4518932906735245e-05
3.4518932906735245e-05
3.4518932906735245e-05
3.4518932906735245e-05
3.4518932906735245e-05
3.4518932906735245e-05
3.4518932906735245e-05
3.4518932906735245e-05
3.4518932906735245e-05
2.991913397920598e-05
2.991913397920598e-05
2.991913397920598e-05
2.6347987077457447e-05
2.6347987077457447e-05
2.6347987077457447e-05
2.6347987077457447e-05
2.6347987077457447e-05
2.6347987077457447e-05
2.6347987077457447e-05
2.6347987077457447e-05
2.6347987077457447e-05
2.6347987077457447e-05
2.6347987077457447e-05
2.5518824269710194e-05
2.5518824269710194e-05
2.5518824269710194e-05
2.5518824269710194e-05
2.5518824269710194e-05
2.3272635733206926e-05
2.3272635733206926e-05
2.3272635733206926e-05
2.3272635733206926e-05
2.3272635733206926e-05
2.3272635733206926e-05
2.3272635733206926e-05
2.1440436377417882e-05
2.1440436377417882e-05
2.0062198970549616e-05
2.0062198970549616e-05
1.9111893934109503e-05
1.9111893934109503e-05
1.9111893934109503e-05
1.870109054991076e-05
1.870109054991076e-05
1.8356024678922722e-05
1.8356024678922722e-05
1.8356024678922722e-05
1.6896319589676523e-05
1.6896319589676523e-05
1.6896319589676523e-05
1.6896319589676523e-05
1.6896319589676523e-05
1.6896319589676523e-05
1.6304355803242743e-05
1.6304355803242743e-05
1.6304355803242743e-05
1.6304355803242743e-05
1.6304355803242743e-05
1.2282937447594122e-05
1.2282937447594122e-05
1.2282937447594122e-05
1.2282937447594122e-05
1.2282937447594122e-05
1.2282937447594122e-05
1.2282937447594122e-05
1.2282937447594122e-05
1.2282937447594122e-05
1.2282937447594122e-05
1.2282937447594122e-05
7.582748775547543e-06
7.582748775547543e-06
7.582748775547543e-06
7.582748775547543e-06
7.582748775547543e-06
6.969070813767075e-06
6.969070813767075e-06
6.969070813767075e-06
6.969070813767075e-06
6.969070813767075e-06
6.969070813767075e-06
6.969070813767075e-06
6.969070813767075e-06
6.223612523115207e-06
6.223612523115207e-06
3.1613519837492277e-06
3.1613519837492277e-06
3.1613519837492277e-06
3.1613519837492277e-06
3.1613519837492277e-06
3.1613519837492277e-06
3.1613519837492277e-06
3.1613519837492277e-06
3.1613519837492277e-06
3.1613519837492277e-06
3.1613519837492277e-06
3.1613519837492277e-06
3.1613519837492277e-06
3.1613519837492277e-06
3.1613519837492277e-06
3.1613519837492277e-06
3.1613519837492277e-06
3.1613519837492277e-06
3.1613519837492277e-06
3.1613519837492277e-06
3.1613519837492277e-06
3.1613519837492277e-06
3.1613519837492277e-06
3.1613519837492277e-06
3.1613519837492277e-06
3.1613519837492277e-06
3.1613519837492277e-06
3.1613519837492277e-06
3.1613519837492277e-06
3.1613519837492277e-06
3.1613519837492277e-06
3.1613519837492277e-06
3.1613519837492277e-06
2.858376436876142e-06
2.858376436876142e-06
2.858376436876142e-06
2.858376436876142e-06
2.858376436876142e-06
2.858376436876142e-06
2.854494265847052e-06
2.854494265847052e-06
2.5811117296825614e-06
2.5811117296825614e-06
2.523365203899175e-06
2.523365203899175e-06
2.523365203899175e-06
2.523365203899175e-06
2.523365203899175e-06
2.377827296839996e-06
2.377827296839996e-06
2.377827296839996e-06
2.377827296839996e-06
2.377827296839996e-06
1.9411922593803865e-06
1.9411922593803865e-06
1.9411922593803865e-06
1.9411922593803865e-06
1.9411922593803865e-06
1.9411922593803865e-06
1.8935185153168277e-06
1.8810068418417814e-06
1.7257762863209791e-06
1.7257762863209791e-06
1.7257762863209791e-06
1.7257762863209791e-06
1.7257762863209791e-06
1.7257762863209791e-06
1.7257762863209791e-06
1.7257762863209791e-06
1.7257762863209791e-06
1.625867916743573e-06
1.625867916743573e-06
1.625867916743573e-06
1.597292285993035e-06
1.4437918451903897e-06
1.4437918451903897e-06
1.4437918451903897e-06
1.4437918451903897e-06
1.4437918451903897e-06
1.4261683460858876e-06
1.2447476436250327e-06
7.132832493539354e-07
7.132832493539354e-07
7.132832493539354e-07
7.132832493539354e-07
7.132832493539354e-07
7.132832493539354e-07
7.132832493539354e-07
7.132832493539354e-07
7.132832493539354e-07
7.132832493539354e-07
7.132832493539354e-07
7.132832493539354e-07
7.132832493539354e-07
7.132832493539354e-07
6.700496086864405e-07
5.578336548239804e-07
5.578336548239804e-07
5.578336548239804e-07
5.578336548239804e-07
5.578336548239804e-07
5.578336548239804e-07
5.578336548239804e-07
5.578336548239804e-07
5.578336548239804e-07
5.578336548239804e-07
4.826066835050824e-07
4.826066835050824e-07
4.826066835050824e-07
4.826066835050824e-07
4.826066835050824e-07
4.826066835050824e-07
4.826066835050824e-07
4.826066835050824e-07
4.826066835050824e-07
4.826066835050824e-07
4.826066835050824e-07
4.826066835050824e-07
4.826066835050824e-07
4.782925628887824e-07
4.782925628887824e-07
4.782925628887824e-07
4.782925628887824e-07
4.555850452447885e-07
4.555850452447885e-07
4.555850452447885e-07
4.555850452447885e-07
4.555850452447885e-07
4.555850452447885e-07
4.555850452447885e-07
4.555850452447885e-07
4.4220707451358976e-07
4.4220707451358976e-07
4.4220707451358976e-07
4.4220707451358976e-07
4.4220707451358976e-07
4.4220707451358976e-07
4.4220707451358976e-07
4.4220707451358976e-07
4.3651559522572825e-07
4.0795512035174397e-07
4.0795512035174397e-07
4.0795512035174397e-07
4.0795512035174397e-07
4.0795512035174397e-07
4.0795512035174397e-07
3.699312678406841e-07
3.699312678406841e-07
3.699312678406841e-07
3.699312678406841e-07
3.2162030194626823e-07
3.2162030194626823e-07
3.2162030194626823e-07
3.2162030194626823e-07
3.2162030194626823e-07
3.2162030194626823e-07
3.1881896944696564e-07
3.1881896944696564e-07
3.1881896944696564e-07
3.089529414523895e-07
2.8653368744357977e-07
2.8653368744357977e-07
2.774955625284292e-07
2.774955625284292e-07
2.774955625284292e-07
2.774955625284292e-07
2.774955625284292e-07
2.7530194302016753e-07
2.7530194302016753e-07
2.6661761154400665e-07
2.5811397463826324e-07
2.5778848922186626e-07
2.5778848922186626e-07
2.5778848922186626e-07
2.558950562558948e-07
2.558950562558948e-07
2.558950562558948e-07
2.3490702005801722e-07
2.3490702005801722e-07
2.1183712917149933e-07
2.1183712917149933e-07
2.1183712917149933e-07
2.1183712917149933e-07
2.0641361331286134e-07
2.045923572779884e-07
1.5556910781810984e-07
1.5556910781810984e-07
1.5556910781810984e-07
1.46399141698339e-07
1.46399141698339e-07
1.46399141698339e-07
1.374698399558838e-07
1.374698399558838e-07
1.374698399558838e-07
1.3389033526323146e-07
1.3389033526323146e-07
1.3389033526323146e-07
1.2679716476782232e-07
1.2679716476782232e-07
1.2586280462301147e-07
1.2586280462301147e-07
1.1664900156915792e-07
1.0023929419844535e-07
1.0023929419844535e-07
1.0023929419844535e-07
1.0023929419844535e-07
1.0023929419844535e-07
1.0023929419844535e-07
7.576342753168319e-08
7.576342753168319e-08
7.576342753168319e-08
7.576342753168319e-08
7.576342753168319e-08
7.576342753168319e-08
7.576342753168319e-08
7.576342753168319e-08
7.576342753168319e-08
7.085831654762842e-08
7.085831654762842e-08
7.085831654762842e-08
7.085831654762842e-08
7.085831654762842e-08
6.7676403148198e-08
6.63239099196744e-08
6.610883573898718e-08
6.610883573898718e-08
6.610883573898718e-08
6.3894770363504e-08
6.3894770363504e-08
6.3894770363504e-08
6.153505083261734e-08
5.357401633432346e-08
4.4073427574176094e-08
4.4073427574176094e-08
4.4073427574176094e-08
4.4073427574176094e-08
4.4073427574176094e-08
4.4073427574176094e-08
4.4073427574176094e-08
4.4073427574176094e-08
4.370585315882636e-08
4.370585315882636e-08
4.370585315882636e-08
4.100137829254891e-08
4.100137829254891e-08
4.100137829254891e-08
4.100137829254891e-08
4.100137829254891e-08
