16.76843112342115
16.76843112342115
16.76843112342115
16.76843112342115
16.76843112342115
16.76843112342115
16.16201729381146
16.16201729381146
14.9014276849666
14.9014276849666
14.9014276849666
14.9014276849666
14.9014276849666
14.9014276849666
14.9014276849666
14.52911550511888
14.52911550511888
14.52911550511888
14.52911550511888
14.52911550511888
14.52911550511888
14.130609034523005
14.130609034523005
13.762083076178577
13.762083076178577
13.542751236028634
13.542751236028634
13.24010126309068
13.24010126309068
13.24010126309068
10.060149832245337
10.060149832245337
10.060149832245337
10.060149832245337
10.060149832245337
10.060149832245337
10.060149832245337
10.060149832245337
10.060149832245337
10.060149832245337
9.759409301339659
9.759409301339659
9.759409301339659
9.759409301339659
9.759409301339659
9.759409301339659
9.759409301339659
9.759409301339659
9.759409301339659
9.759409301339659
9.759409301339659
9.759409301339659
9.759409301339659
9.759409301339659
9.759409301339659
9.759409301339659
9.540466265716235
9.313972662527657
9.313972662527657
9.313972662527657
9.313972662527657
9.313972662527657
9.275509142136576
9.181409149876941
9.155364883646227
9.155364883646227
9.155364883646227
8.565990634281171
5.774720168672728
5.774720168672728
5.774720168672728
5.774720168672728
5.774720168672728
5.774720168672728
5.774720168672728
5.774720168672728
5.774720168672728
5.774720168672728
5.612053361941598
5.399541425800706
5.399541425800706
5.399541425800706
5.399541425800706
5.399541425800706
5.399541425800706
4.967681586785044
4.967681586785044
4.967681586785044
4.967681586785044
4.967681586785044
4.967681586785044
4.967681586785044
4.967681586785044
4.807992039846987
4.807992039846987
4.802042124383977
4.802042124383977
4.374116618799949
4.374116618799949
4.374116618799949
4.374116618799949
4.374116618799949
4.374116618799949
4.374116618799949
4.374116618799949
4.374116618799949
4.374116618799949
4.374116618799949
4.374116618799949
4.374116618799949
4.374116618799949
4.374116618799949
4.374116618799949
4.374116618799949
4.374116618799949
4.374116618799949
4.374116618799949
4.374116618799949
4.374116618799949
4.374116618799949
4.374116618799949
4.374116618799949
4.374116618799949
4.374116618799949
4.374116618799949
4.374116618799949
4.374116618799949
4.374116618799949
4.374116618799949
4.374116618799949
4.374116618799949
4.374116618799949
4.374116618799949
4.374116618799949
4.374116618799949
4.374116618799949
4.374116618799949
4.374116618799949
4.374116618799949
4.374116618799949
4.374116618799949
4.374116618799949
4.374116618799949
4.374116618799949
3.7368271764520387
3.7368271764520387
3.7368271764520387
3.7368271764520387
3.7368271764520387
3.7368271764520387
3.7368271764520387
3.7368271764520387
3.7368271764520387
3.7368271764520387
3.7368271764520387
3.7368271764520387
3.7368271764520387
3.7368271764520387
3.7368271764520387
3.7368271764520387
3.7368271764520387
3.7368271764520387
3.7368271764520387
3.7368271764520387
3.7368271764520387
3.7368271764520387
3.705970873319412
3.575497209988857
3.575497209988857
3.575497209988857
3.506163062126312
3.506163062126312
3.506163062126312
3.506163062126312
3.506163062126312
3.4707092721675536
3.4707092721675536
3.4707092721675536
3.4707092721675536
3.4707092721675536
3.4707092721675536
3.4707092721675536
3.4707092721675536
3.4707092721675536
3.3658785785521097
3.3658785785521097
3.00083813535937
3.00083813535937
3.00083813535937
3.00083813535937
3.00083813535937
3.00083813535937
3.00083813535937
3.00083813535937
3.00083813535937
3.00083813535937
3.00083813535937
3.00083813535937
3.00083813535937
3.00083813535937
3.00083813535937
3.00083813535937
3.00083813535937
3.00083813535937
3.00083813535937
3.00083813535937
3.00083813535937
3.00083813535937
3.00083813535937
3.00083813535937
2.980313421366418
2.980313421366418
2.980313421366418
2.8886245598019435
2.8886245598019435
2.8886245598019435
2.8886245598019435
2.8886245598019435
2.8886245598019435
2.7092437505908684
2.7092437505908684
2.7092437505908684
2.7092437505908684
2.7092437505908684
2.7092437505908684
2.6789513942477434
2.543773978237869
2.301418939506693
2.301418939506693
2.301418939506693
2.301418939506693
2.301418939506693
2.301418939506693
2.301418939506693
2.301418939506693
2.2978160379124652
2.2978160379124652
2.2978160379124652
2.2978160379124652
2.2978160379124652
2.220378460730071
2.220378460730071
1.8637650106554489
1.8637650106554489
1.8637650106554489
1.8637650106554489
1.8637650106554489
1.8637650106554489
1.8637650106554489
1.8637650106554489
1.8637650106554489
1.7386527186121263
1.7386527186121263
1.7386527186121263
1.5140851378163163
1.5140851378163163
1.5140851378163163
1.5140851378163163
1.5140851378163163
1.5140851378163163
1.4750682545526566
1.4750682545526566
1.36325533044403
1.36325533044403
1.36325533044403
1.36325533044403
1.36325533044403
1.36325533044403
1.36325533044403
1.36325533044403
1.36325533044403
1.36325533044403
1.36325533044403
1.36325533044403
1.36325533044403
1.279762717331412
1.279762717331412
1.2604931754380608
1.2604931754380608
1.2503134171894423
1.2503134171894423
1.2109033576689328
1.2109033576689328
1.2109033576689328
1.2109033576689328
1.2109033576689328
1.2109033576689328
1.1747419234847278
1.1747419234847278
1.1747419234847278
1.1747419234847278
1.0394646057348282
1.0394646057348282
1.0394646057348282
1.0394646057348282
0.7987590240719555
0.7987590240719555
0.7987590240719555
0.7987590240719555
0.7987590240719555
0.7987590240719555
0.7987590240719555
0.7987590240719555
0.7987590240719555
0.7987590240719555
0.7987590240719555
0.7987590240719555
0.7987590240719555
0.7987590240719555
0.7987590240719555
0.7987590240719555
0.6931606759195326
0.6931606759195326
0.6931606759195326
0.6931606759195326
0.6931606759195326
0.6931606759195326
0.6173838798227145
0.6173838798227145
0.6173838798227145
0.6173838798227145
0.6173838798227145
0.6173838798227145
0.6173838798227145
0.6173838798227145
0.5362825572237959
0.5362825572237959
0.5362825572237959
0.4490131626975291
0.4490131626975291
0.4490131626975291
0.4490131626975291
0.3683828678523007
0.3683828678523007
0.3396994352332108
0.3396994352332108
0.3396994352332108
0.3396994352332108
0.3396994352332108
0.3396994352332108
0.3396994352332108
0.3396994352332108
0.3299923428513587
0.3299923428513587
0.3299923428513587
0.3174808824612789
0.3174808824612789
0.3174808824612789
0.3039707848007218
0.3039707848007218
0.3039707848007218
0.2142996192369928
0.2142996192369928
0.2142996192369928
0.2142996192369928
0.2142996192369928
0.2142996192369928
0.2142996192369928
0.2142996192369928
0.1857937470230091
0.1857937470230091
0.1857937470230091
0.1857937470230091
0.1857937470230091
0.1669527632783563
0.1446758547605569
0.1446758547605569
0.12874331294935715
0.12874331294935715
0.12263979905439726
0.12263979905439726
0.12263979905439726
0.12263979905439726
0.12263979905439726
0.12263979905439726
0.12263979905439726
0.12263979905439726
0.12263979905439726
0.12263979905439726
0.12263979905439726
0.12263979905439726
0.12263979905439726
0.12020404264606555
0.11952349951232222
0.10927952200828273
0.10927952200828273
0.10927952200828273
0.10927952200828273
0.10927952200828273
0.10927952200828273
0.10927952200828273
0.1077284355669903
0.1077284355669903
0.1077284355669903
0.1077284355669903
0.1077284355669903
0.10547986966349399
0.08467548591270457
0.08467548591270457
0.07388042410800111
0.07388042410800111
0.07388042410800111
0.07388042410800111
0.07388042410800111
0.07388042410800111
0.07388042410800111
0.07388042410800111
0.07388042410800111
0.07388042410800111
0.07388042410800111
0.07388042410800111
0.07388042410800111
0.07388042410800111
0.05241683963893706
0.05241683963893706
0.05241683963893706
0.05241683963893706
0.05241683963893706
0.05241683963893706
0.05241683963893706
0.05241683963893706
0.05241683963893706
0.05241683963893706
0.05241683963893706
0.05241683963893706
0.05241683963893706
0.04556569178413028
0.04556569178413028
0.04556569178413028
0.04556569178413028
0.04556569178413028
0.04556569178413028
0.044347015209815766
0.043878401123606636
0.043878401123606636
0.043878401123606636
0.043878401123606636
0.043878401123606636
0.03731312468926973
0.03731312468926973
0.03731312468926973
0.03731312468926973
0.03731312468926973
0.03731312468926973
0.03731312468926973
0.03731312468926973
0.03731312468926973
0.03731312468926973
0.03731312468926973
0.03731312468926973
0.03731312468926973
0.03731312468926973
0.03731312468926973
0.03731312468926973
0.03653184563864187
0.03549202489514158
0.03513013077813554
0.03513013077813554
0.03513013077813554
0.033313421827383394
0.033313421827383394
0.033313421827383394
0.033313421827383394
0.033313421827383394
0.03128806827789887
0.03128806827789887
0.03128806827789887
0.030701545667298547
0.025371602600753107
0.025371602600753107
0.025371602600753107
0.023873176855090605
0.023873176855090605
0.023873176855090605
0.023873176855090605
0.023873176855090605
0.02240985815009111
0.02240985815009111
0.02240985815009111
0.021726129702209107
0.021726129702209107
0.020401025337680068
0.017962897642970432
0.017962897642970432
0.017962897642970432
0.017962897642970432
0.017962897642970432
0.017962897642970432
0.017962897642970432
0.017962897642970432
0.017962897642970432
0.017757619775714772
0.017757619775714772
0.015029392153170562
0.015029392153170562
0.015029392153170562
0.015029392153170562
0.015029392153170562
0.015029392153170562
0.015029392153170562
0.015029392153170562
0.015029392153170562
0.015029392153170562
0.015029392153170562
0.015029392153170562
0.015029392153170562
0.015029392153170562
0.014966807023398587
0.01483269667252074
0.012678697086606405
0.012678697086606405
0.012678697086606405
0.012678697086606405
0.012009907280290832
0.012009907280290832
0.012009907280290832
0.012009907280290832
0.012009907280290832
0.012009907280290832
0.012009907280290832
0.012009907280290832
0.012009907280290832
0.012009907280290832
0.012009907280290832
0.011004149095217741
0.011004149095217741
0.011004149095217741
0.011004149095217741
0.011004149095217741
0.011004149095217741
0.011004149095217741
0.011004149095217741
0.011004149095217741
0.011004149095217741
0.011004149095217741
0.009717102049080495
0.00920938995065157
0.009035453983951669
0.009035453983951669
0.00794911648022989
0.007333677897719326
0.007333677897719326
0.007333677897719326
0.007333677897719326
0.007333677897719326
0.007092790241195246
0.007092790241195246
0.007092790241195246
0.007092790241195246
0.007092790241195246
0.007092790241195246
0.006826439598679457
0.006826439598679457
0.006826439598679457
0.006826439598679457
0.006826439598679457
0.006596826194407157
0.006596826194407157
0.006596826194407157
0.005108405645636083
0.005108405645636083
0.005108405645636083
0.005108405645636083
0.005108405645636083
0.005108405645636083
0.005108405645636083
0.005108405645636083
0.005108405645636083
0.005108405645636083
0.005108405645636083
0.005108405645636083
0.005108405645636083
0.005108405645636083
0.004734433562344265
0.004734433562344265
0.004734433562344265
0.004704118470723273
0.004704118470723273
0.004704118470723273
0.004704118470723273
0.004704118470723273
0.004690876120637455
0.004690876120637455
0.004690876120637455
0.0038620399348907597
0.0038620399348907597
0.0035797867283697826
0.0035797867283697826
0.0035797867283697826
0.0035797867283697826
0.0035797867283697826
0.0035797867283697826
0.0035797867283697826
0.0035797867283697826
0.0035797867283697826
0.0035797867283697826
0.0034923294721735942
0.003410114684410104
0.0029707660345330567
0.0025981078387822265
0.0025981078387822265
0.0025981078387822265
0.0025981078387822265
0.0025981078387822265
0.0025981078387822265
0.0025981078387822265
0.0025981078387822265
0.0025981078387822265
0.0025981078387822265
0.0025981078387822265
0.002292336017507779
0.002292336017507779
0.002292336017507779
0.002292336017507779
0.002292336017507779
0.002292336017507779
0.002292336017507779
0.002152784799097418
0.002152784799097418
0.002145487341945085
0.0020478980530995727
0.002017782087047948
0.001534460466817933
0.001534460466817933
0.001534460466817933
0.001534460466817933
0.001534460466817933
0.001534460466817933
0.001534460466817933
0.001534460466817933
0.001534460466817933
0.001534460466817933
0.001534460466817933
0.001534460466817933
0.001534460466817933
0.001534460466817933
0.001534460466817933
0.00140671884389576
0.00140671884389576
0.00140671884389576
0.00140671884389576
0.00140671884389576
0.00140671884389576
0.00140671884389576
0.00140671884389576
0.00140671884389576
0.00140671884389576
0.00140671884389576
0.00140671884389576
0.0013996775538274164
0.0013996775538274164
0.0013285911275211504
0.0013285911275211504
0.0012606795075242871
0.0011707232222519792
0.0011707232222519792
0.0011707232222519792
0.0011707232222519792
0.0011707232222519792
0.0011707232222519792
0.0011707232222519792
0.0011707232222519792
0.0011707232222519792
0.0011707232222519792
0.0011707232222519792
0.0011707232222519792
0.0011707232222519792
0.0011707232222519792
0.0011707232222519792
0.0011707232222519792
0.0011707232222519792
0.0010085749987283066
0.0010085749987283066
0.0008754158683039748
0.0008754158683039748
0.0008754158683039748
0.0008754158683039748
0.0008754158683039748
0.0008613607077663232
0.0008393463146916247
0.0008393463146916247
0.0008393463146916247
0.0008393463146916247
0.0008035775940129497
0.0006843009116330734
0.0006843009116330734
0.0006843009116330734
0.0006843009116330734
0.0006843009116330734
0.0006843009116330734
0.0006843009116330734
0.0006843009116330734
0.0006843009116330734
0.000661680705452028
0.000661680705452028
0.000661680705452028
0.000571670010582892
0.000571670010582892
0.000571670010582892
0.000571670010582892
0.000571670010582892
0.000571670010582892
0.000571670010582892
0.000571670010582892
0.000571670010582892
0.0005664192972290039
0.0005664192972290039
0.0005664192972290039
0.0005664192972290039
0.0005664192972290039
0.0005321221787255581
0.0004793998234013941
0.0004793998234013941
0.0004793998234013941
0.0004793998234013941
0.0004793998234013941
0.0004793998234013941
0.0004515825376678606
0.0004515825376678606
0.0004515825376678606
0.0004515825376678606
0.0004426629814524574
0.0003434327361091505
0.0003434327361091505
0.0003434327361091505
0.0003434327361091505
0.0003434327361091505
0.0003434327361091505
0.0003211328889776155
0.0003211328889776155
0.0003211328889776155
0.0003211328889776155
0.0003211328889776155
0.0003211328889776155
0.0003211328889776155
0.0003211328889776155
0.0003211328889776155
0.00031348736829528434
0.00031348736829528434
0.0002320528134411859
0.0002320528134411859
0.0002320528134411859
0.0002320528134411859
0.0002320528134411859
0.0002320528134411859
0.0002320528134411859
0.0002320528134411859
0.0002320528134411859
0.0002320528134411859
0.0002320528134411859
0.0002320528134411859
0.0002320528134411859
0.0001806490739610922
0.0001806490739610922
0.0001806490739610922
0.0001806490739610922
0.0001806490739610922
0.0001806490739610922
0.0001806490739610922
0.0001806490739610922
0.00017599313833827068
0.00017599313833827068
0.00017599313833827068
0.00017599313833827068
0.00017440493582654426
0.00017440493582654426
0.00017440493582654426
0.00017440493582654426
0.00017440493582654426
0.00017440493582654426
0.0001707586270853767
0.0001707586270853767
0.0001707586270853767
0.00016767676244455743
0.00016767676244455743
0.00016767676244455743
0.00016767676244455743
0.00016767676244455743
0.00016767676244455743
0.00016767676244455743
0.00016767676244455743
0.0001609473355053126
0.0001609473355053126
0.0001609473355053126
0.0001609473355053126
0.00015536146231909242
0.00015536146231909242
0.00015536146231909242
0.00015536146231909242
0.00015536146231909242
0.00015536146231909242
0.0001533198762828647
0.00013028353692945416
0.00013028353692945416
0.00013028353692945416
0.00013028353692945416
0.00013028353692945416
0.00013028353692945416
0.00012983982771430647
0.00010707588286962277
0.00010707588286962277
0.00010707588286962277
0.00010707588286962277
0.00010707588286962277
9.555713003095434e-05
9.555713003095434e-05
9.555713003095434e-05
9.555713003095434e-05
9.555713003095434e-05
9.555713003095434e-05
8.945022172568429e-05
8.844536780472367e-05
8.844536780472367e-05
8.844536780472367e-05
7.806060412463012e-05
7.806060412463012e-05
7.806060412463012e-05
7.806060412463012e-05
7.806060412463012e-05
7.806060412463012e-05
7.806060412463012e-05
7.806060412463012e-05
7.806060412463012e-05
7.741987375453618e-05
7.741987375453618e-05
7.74135055330305e-05
6.794246295527273e-05
6.794246295527273e-05
6.794246295527273e-05
6.794246295527273e-05
6.794246295527273e-05
6.794246295527273e-05
6.794246295527273e-05
5.464737018812116e-05
5.464737018812116e-05
5.464737018812116e-05
5.464737018812116e-05
5.464737018812116e-05
5.464737018812116e-05
5.464737018812116e-05
5.464737018812116e-05
5.464737018812116e-05
5.464737018812116e-05
5.4162761031761875e-05
4.995493095805159e-05
4.995493095805159e-05
4.995493095805159e-05
4.9664487271172675e-05
4.878886134207505e-05
4.878886134207505e-05
4.878886134207505e-05
4.878886134207505e-05
4.390078958493859e-05
4.390078958493859e-05
4.390078958493859e-05
4.390078958493859e-05
4.390078958493859e-05
4.390078958493859e-05
4.390078958493859e-05
4.390078958493859e-05
4.390078958493859e-05
4.390078958493859e-05
4.390078958493859e-05
4.241154755391108e-05
4.241154755391108e-05
4.241154755391108e-05
4.175237742387594e-05
3.9254291731793955e-05
3.9254291731793955e-05
3.9254291731793955e-05
3.9254291731793955e-05
3.9254291731793955e-05
3.9254291731793955e-05
3.9254291731793955e-05
3.7661718479853334e-05
3.394735876938171e-05
3.394735876938171e-05
3.394735876938171e-05
2.9664235714932374e-05
2.9664235714932374e-05
2.9664235714932374e-05
2.9664235714932374e-05
2.9664235714932374e-05
2.9664235714932374e-05
2.9664235714932374e-05
2.9664235714932374e-05
2.9664235714932374e-05
2.9664235714932374e-05
2.5443285590398546e-05
2.5443285590398546e-05
2.5443285590398546e-05
2.5443285590398546e-05
2.5443285590398546e-05
2.5443285590398546e-05
2.5443285590398546e-05
2.5443285590398546e-05
2.5443285590398546e-05
2.3329070099720184e-05
2.3329070099720184e-05
2.3329070099720184e-05
2.3329070099720184e-05
2.3329070099720184e-05
2.3329070099720184e-05
2.3329070099720184e-05
2.313755677718632e-05
1.8779414450165177e-05
1.8779414450165177e-05
1.8779414450165177e-05
1.8779414450165177e-05
1.8779414450165177e-05
1.8779414450165177e-05
1.8779414450165177e-05
1.1134533409062897e-05
1.1134533409062897e-05
1.1134533409062897e-05
1.1134533409062897e-05
1.1134533409062897e-05
1.1134533409062897e-05
1.1134533409062897e-05
1.1134533409062897e-05
1.1134533409062897e-05
1.1134533409062897e-05
1.1134533409062897e-05
1.1134533409062897e-05
1.1134533409062897e-05
1.1134533409062897e-05
9.577931155746455e-06
9.577931155746455e-06
9.577931155746455e-06
9.577931155746455e-06
9.577931155746455e-06
9.577931155746455e-06
9.577931155746455e-06
9.577931155746455e-06
9.577931155746455e-06
9.174724848293181e-06
9.174724848293181e-06
9.041224327432928e-06
9.041224327432928e-06
9.041224327432928e-06
8.236585212983982e-06
8.236585212983982e-06
8.236585212983982e-06
8.236585212983982e-06
8.236585212983982e-06
8.236585212983982e-06
8.236585212983982e-06
8.236585212983982e-06
8.236585212983982e-06
8.236585212983982e-06
7.830809856557153e-06
7.830809856557153e-06
7.830809856557153e-06
7.830809856557153e-06
7.801951223740389e-06
7.801951223740389e-06
7.475818197377748e-06
7.475818197377748e-06
7.475818197377748e-06
7.23528061641332e-06
7.23528061641332e-06
7.23528061641332e-06
7.23528061641332e-06
7.23528061641332e-06
6.1632995596028195e-06
6.1632995596028195e-06
6.1632995596028195e-06
6.1632995596028195e-06
6.1632995596028195e-06
6.1632995596028195e-06
6.1632995596028195e-06
6.1632995596028195e-06
6.1632995596028195e-06
6.1632995596028195e-06
6.1632995596028195e-06
6.1632995596028195e-06
6.1632995596028195e-06
6.096321648385583e-06
6.096321648385583e-06
6.096321648385583e-06
5.25961642239281e-06
5.25961642239281e-06
5.049763775133442e-06
5.049763775133442e-06
5.049763775133442e-06
5.049763775133442e-06
5.049763775133442e-06
5.049763775133442e-06
4.8236961198711015e-06
4.8236961198711015e-06
4.8236961198711015e-06
4.8236961198711015e-06
4.716405772597909e-06
4.716405772597909e-06
4.716405772597909e-06
4.716405772597909e-06
4.716405772597909e-06
4.716405772597909e-06
4.716405772597909e-06
4.716405772597909e-06
