18.734214470562016
18.734214470562016
18.62187072157926
18.62187072157926
18.62187072157926
18.62187072157926
18.62187072157926
18.62187072157926
18.62187072157926
18.62187072157926
18.62187072157926
18.62187072157926
18.281136686262396
17.88748845973476
17.88748845973476
17.88748845973476
17.88748845973476
17.88748845973476
17.88748845973476
17.88748845973476
17.88748845973476
17.88748845973476
17.88748845973476
17.52882259460893
17.52882259460893
17.52882259460893
17.52882259460893
17.52882259460893
17.52882259460893
17.52882259460893
17.52882259460893
17.52882259460893
17.52882259460893
17.52882259460893
17.52882259460893
17.52882259460893
16.44982255051419
16.44982255051419
16.44982255051419
16.44982255051419
16.44982255051419
16.44982255051419
16.44982255051419
16.44982255051419
14.9671665696957
14.9671665696957
14.9671665696957
14.9671665696957
14.9671665696957
14.9671665696957
14.9671665696957
14.9671665696957
14.9671665696957
14.9671665696957
14.720843031661559
14.720843031661559
14.720843031661559
14.720843031661559
14.720843031661559
14.720843031661559
14.720843031661559
14.720843031661559
14.720843031661559
14.720843031661559
14.720843031661559
14.720843031661559
14.720843031661559
14.720843031661559
14.720843031661559
14.720843031661559
14.720843031661559
14.720843031661559
14.720843031661559
14.683554384266232
14.683554384266232
14.66902860843534
14.61649968786126
14.61649968786126
14.61649968786126
13.228102496127557
13.228102496127557
13.208859277195453
13.208859277195453
12.890343629469669
12.890343629469669
12.890343629469669
12.829805507062101
12.829805507062101
12.829805507062101
12.829805507062101
12.829805507062101
12.829805507062101
12.829805507062101
12.776051759180437
12.776051759180437
12.776051759180437
12.776051759180437
12.776051759180437
12.776051759180437
12.776051759180437
12.776051759180437
12.776051759180437
12.776051759180437
12.399604052537812
12.399604052537812
12.399604052537812
12.300008479582145
12.300008479582145
12.300008479582145
11.444236165167597
11.444236165167597
11.444236165167597
11.444236165167597
11.444236165167597
11.444236165167597
11.444236165167597
11.444236165167597
11.444236165167597
11.444236165167597
11.361261549307793
11.361261549307793
11.279585630513525
11.279585630513525
11.279585630513525
11.279585630513525
10.866049573787677
10.866049573787677
10.866049573787677
10.866049573787677
10.866049573787677
10.866049573787677
10.757994305313703
10.757994305313703
10.757994305313703
10.757994305313703
10.757994305313703
10.757994305313703
10.757994305313703
10.757994305313703
10.757994305313703
10.757994305313703
10.513499120139802
9.896864576234048
9.896864576234048
9.896864576234048
9.896864576234048
9.896864576234048
9.896864576234048
9.896864576234048
9.896864576234048
9.780279286308527
9.46402064891377
9.46402064891377
9.46402064891377
9.46402064891377
9.46402064891377
9.406541603392942
9.406541603392942
9.034319286904926
9.034319286904926
9.034319286904926
9.034319286904926
9.034319286904926
8.307672473874012
8.307672473874012
8.307672473874012
8.307672473874012
8.307672473874012
8.307672473874012
8.031036711534222
8.031036711534222
7.784122563211092
7.784122563211092
7.784122563211092
7.784122563211092
7.784122563211092
7.784122563211092
7.704508373571947
7.704508373571947
7.704508373571947
7.704508373571947
7.704508373571947
7.704508373571947
7.704508373571947
7.704508373571947
7.645416746170323
7.418700046693088
7.418700046693088
7.418700046693088
7.418700046693088
7.418700046693088
7.418700046693088
7.418700046693088
7.006925300072258
7.006925300072258
7.006925300072258
7.006925300072258
7.006925300072258
6.944501946309044
6.944501946309044
6.944501946309044
6.944501946309044
6.944501946309044
6.944501946309044
6.944501946309044
6.944501946309044
6.944501946309044
6.944501946309044
6.944501946309044
6.944501946309044
6.944501946309044
6.944501946309044
6.944501946309044
6.944501946309044
6.944501946309044
6.944501946309044
6.944501946309044
6.944501946309044
6.944501946309044
6.944501946309044
6.944501946309044
6.944501946309044
6.944501946309044
6.944501946309044
6.944501946309044
6.944501946309044
6.890996497595314
6.890996497595314
6.890996497595314
6.890996497595314
6.890996497595314
6.801964671528216
6.801964671528216
6.801964671528216
6.801964671528216
6.801964671528216
6.149366070085328
6.149366070085328
6.149366070085328
6.149366070085328
6.149366070085328
6.149366070085328
6.149366070085328
6.149366070085328
6.149366070085328
6.149366070085328
6.149366070085328
6.149366070085328
6.149366070085328
6.149366070085328
6.149366070085328
6.149366070085328
6.149366070085328
6.149366070085328
6.149366070085328
6.149366070085328
6.149366070085328
6.149366070085328
6.149366070085328
6.149366070085328
6.149366070085328
6.149366070085328
6.149366070085328
6.149366070085328
6.042016256578954
6.042016256578954
6.042016256578954
6.042016256578954
6.042016256578954
6.042016256578954
6.042016256578954
6.042016256578954
6.028178982132879
6.028178982132879
6.028178982132879
5.892825766396816
5.892825766396816
5.892825766396816
5.892825766396816
5.892825766396816
5.892825766396816
5.892825766396816
5.469424300598881
5.469424300598881
5.469424300598881
5.469424300598881
5.469424300598881
5.469424300598881
5.469424300598881
5.46797471001414
5.371057285434535
5.371057285434535
5.371057285434535
5.371057285434535
5.191743964368516
5.191743964368516
5.191743964368516
5.191743964368516
5.191743964368516
5.191743964368516
5.191743964368516
4.803461484982215
4.803461484982215
4.803461484982215
4.803461484982215
4.803461484982215
4.803461484982215
4.803461484982215
4.803461484982215
4.803461484982215
4.803461484982215
4.803461484982215
4.434813001217115
4.434813001217115
4.434813001217115
4.434813001217115
4.434813001217115
4.434813001217115
4.434813001217115
4.434813001217115
4.434813001217115
4.434813001217115
4.434813001217115
4.434813001217115
4.434813001217115
4.434813001217115
4.434813001217115
4.434813001217115
4.434813001217115
4.434813001217115
4.434813001217115
4.434813001217115
4.434813001217115
4.434472173436806
4.192998896550463
4.009978024256682
4.009978024256682
4.009978024256682
4.009978024256682
4.009978024256682
4.009978024256682
4.009978024256682
3.799804251561987
3.799804251561987
3.799804251561987
3.799804251561987
3.799804251561987
3.799804251561987
3.799804251561987
3.6244224542698653
3.6244224542698653
3.6244224542698653
3.6244224542698653
3.6244224542698653
3.6244224542698653
3.6244224542698653
3.6244224542698653
3.6244224542698653
3.6244224542698653
3.6244224542698653
3.6244224542698653
3.6244224542698653
3.6244224542698653
3.6244224542698653
3.6244224542698653
3.6244224542698653
3.6244224542698653
3.6244224542698653
3.6244224542698653
3.6244224542698653
3.6244224542698653
3.619019510936102
3.619019510936102
3.619019510936102
3.619019510936102
3.619019510936102
3.619019510936102
3.619019510936102
3.619019510936102
3.5853554143070525
3.5853554143070525
3.5853554143070525
3.5853554143070525
3.553893323406772
3.553893323406772
3.553893323406772
3.4247437921181962
3.4247437921181962
3.4247437921181962
3.4247437921181962
3.4247437921181962
3.4247437921181962
3.4247437921181962
3.4247437921181962
3.4247437921181962
3.4247437921181962
3.4247437921181962
3.4247437921181962
3.4247437921181962
3.4247437921181962
3.4247437921181962
3.4247437921181962
3.4247437921181962
3.181005028621172
3.181005028621172
3.181005028621172
3.181005028621172
3.181005028621172
3.181005028621172
3.181005028621172
3.181005028621172
3.181005028621172
3.181005028621172
3.181005028621172
3.154632773842632
3.0663119460983843
3.0663119460983843
3.0663119460983843
3.0462070168847326
3.0462070168847326
3.043120878971724
3.0057295497108747
3.0057295497108747
3.0057295497108747
3.003041457109912
2.692913332290754
2.692913332290754
2.692913332290754
2.692913332290754
2.692913332290754
2.692913332290754
2.692913332290754
2.692913332290754
2.692913332290754
2.692913332290754
2.692913332290754
2.6448827787331126
2.6448827787331126
2.6448827787331126
2.6448827787331126
2.6448827787331126
2.530935616208186
2.530935616208186
2.530935616208186
2.530935616208186
2.530935616208186
2.530935616208186
2.530935616208186
2.257875477607083
2.257875477607083
2.257875477607083
2.257875477607083
2.257875477607083
2.257875477607083
2.257875477607083
2.257875477607083
2.257875477607083
2.257875477607083
2.257875477607083
2.257875477607083
2.257875477607083
2.257875477607083
2.257875477607083
2.257875477607083
2.257875477607083
2.257875477607083
2.257875477607083
2.257875477607083
2.257875477607083
2.257875477607083
2.257875477607083
2.257875477607083
2.257875477607083
2.257875477607083
2.257875477607083
2.257875477607083
2.257875477607083
2.257875477607083
2.257875477607083
2.257875477607083
2.257875477607083
2.257875477607083
2.257875477607083
2.257875477607083
2.257875477607083
2.2143303275540767
2.2143303275540767
2.201097182607704
2.1905224636540375
2.1905224636540375
2.0321030638113378
2.0321030638113378
2.0321030638113378
2.0321030638113378
2.0321030638113378
2.0321030638113378
2.0321030638113378
2.0321030638113378
2.0321030638113378
2.0321030638113378
2.026495745741169
1.6980369132665807
1.6980369132665807
1.6980369132665807
1.6980369132665807
1.6980369132665807
1.6980369132665807
1.6980369132665807
1.6980369132665807
1.6980369132665807
1.6980369132665807
1.6980369132665807
1.6980369132665807
1.6980369132665807
1.6980369132665807
1.6980369132665807
1.6980369132665807
1.6980369132665807
1.6980369132665807
1.6980369132665807
1.6980369132665807
1.6980369132665807
1.6980369132665807
1.6980369132665807
1.6980369132665807
1.6980369132665807
1.6980369132665807
1.6980369132665807
1.6980369132665807
1.6620423869236838
1.6620423869236838
1.6620423869236838
1.407410249222309
1.407410249222309
1.407410249222309
1.129952649371063
1.129952649371063
1.129952649371063
1.129952649371063
1.129952649371063
1.129952649371063
1.129952649371063
1.129952649371063
1.129952649371063
1.129952649371063
1.129952649371063
1.129952649371063
1.129952649371063
1.129952649371063
1.129952649371063
1.129952649371063
1.129952649371063
1.0528909915991278
1.0528909915991278
0.8821218925528171
0.8821218925528171
0.8821218925528171
0.8821218925528171
0.8821218925528171
0.8821218925528171
0.8821218925528171
0.8821218925528171
0.8821218925528171
0.8821218925528171
0.8271968884386602
0.8271968884386602
0.8271968884386602
0.8271968884386602
0.8271968884386602
0.8271968884386602
0.8271968884386602
0.8271968884386602
0.8126001838116217
0.8126001838116217
0.8126001838116217
0.8126001838116217
0.7967584366748213
0.7967584366748213
0.7967584366748213
0.7967584366748213
0.7967584366748213
0.7368448110148869
0.7368448110148869
0.7368448110148869
0.7368448110148869
0.7368448110148869
0.7368448110148869
0.7368448110148869
0.7368448110148869
0.7368448110148869
0.7368448110148869
0.7368448110148869
0.7368448110148869
0.7368448110148869
0.7368448110148869
0.7368448110148869
0.7368448110148869
0.7368448110148869
0.7368448110148869
0.7368448110148869
0.7368448110148869
0.6554963951540103
0.6554963951540103
0.6554963951540103
0.5164365064333047
0.5164365064333047
0.5164365064333047
0.5164365064333047
0.5164365064333047
0.5164365064333047
0.5164365064333047
0.5164365064333047
0.5164365064333047
0.5164365064333047
0.5164365064333047
0.5164365064333047
0.5164365064333047
0.5164365064333047
0.5164365064333047
0.5164365064333047
0.5164365064333047
0.5164365064333047
0.5164365064333047
0.5164365064333047
0.5164365064333047
0.5164365064333047
0.5164365064333047
0.5164365064333047
0.5164365064333047
0.5164365064333047
0.5164365064333047
0.4325750327554019
0.4325750327554019
0.4325750327554019
0.4325750327554019
0.4325750327554019
0.4325750327554019
0.4325750327554019
0.4325750327554019
0.4325750327554019
0.4325750327554019
0.4325750327554019
0.4325750327554019
0.4325750327554019
0.4325750327554019
0.4325750327554019
0.4325750327554019
0.4325750327554019
0.4183292098701017
0.41596852026464504
0.41596852026464504
0.41596852026464504
0.41596852026464504
0.4042585805945933
0.4042585805945933
0.39053699118901264
0.39053699118901264
0.39053699118901264
0.39053699118901264
0.39053699118901264
0.39053699118901264
0.39053699118901264
0.39053699118901264
0.39053699118901264
0.373133706012144
0.373133706012144
0.373133706012144
0.3559102326317891
0.3559102326317891
0.34740675695647383
0.34740675695647383
0.3034431981586003
0.3034431981586003
0.3034431981586003
0.3034431981586003
0.3034431981586003
0.2876250513990186
0.2876250513990186
0.2876250513990186
0.2876250513990186
0.24633385236286287
0.24633385236286287
0.24633385236286287
0.24633385236286287
0.24633385236286287
0.24633385236286287
0.24633385236286287
0.24633385236286287
0.24633385236286287
0.24633385236286287
0.24633385236286287
0.24233550833560713
0.24233550833560713
0.24233550833560713
0.24233550833560713
0.24233550833560713
0.24233550833560713
0.24233550833560713
0.2422476291425255
0.2422476291425255
0.24104468051953987
0.24104468051953987
0.24104468051953987
0.23909331973755954
0.21571331496650004
0.21571331496650004
0.21571331496650004
0.21571331496650004
0.21571331496650004
0.19773407504347063
0.19773407504347063
0.19773407504347063
0.19773407504347063
0.19773407504347063
0.19163892263463111
0.19163892263463111
0.19163892263463111
0.17522128050296004
0.17522128050296004
0.17522128050296004
0.17522128050296004
0.17522128050296004
0.17522128050296004
0.17522128050296004
0.17522128050296004
0.17522128050296004
0.17522128050296004
0.14898925899830218
0.14898925899830218
0.14898925899830218
0.14898925899830218
0.14898925899830218
0.14898925899830218
0.14898925899830218
0.14898925899830218
0.14898925899830218
0.14898925899830218
0.14898925899830218
0.1422619116709214
0.1422619116709214
0.1422619116709214
0.1422619116709214
0.1422619116709214
0.13075059335362837
0.13075059335362837
0.13075059335362837
0.13075059335362837
0.13075059335362837
0.13075059335362837
0.13075059335362837
0.13075059335362837
0.13075059335362837
0.13075059335362837
0.13075059335362837
0.13075059335362837
0.13075059335362837
0.13075059335362837
0.13075059335362837
0.13075059335362837
0.13075059335362837
0.13075059335362837
0.13075059335362837
0.13075059335362837
0.13075059335362837
0.13075059335362837
0.12839274337489215
0.12217125715451616
0.12217125715451616
0.12217125715451616
0.12217125715451616
0.12217125715451616
0.12217125715451616
0.12162250161408394
0.12162250161408394
0.12162250161408394
0.12140942353653017
0.10497840633788158
0.10497840633788158
0.10497840633788158
0.10497840633788158
0.10497840633788158
0.10497840633788158
0.10497840633788158
0.10497840633788158
0.10497840633788158
0.10497840633788158
0.10497840633788158
0.10497840633788158
0.10497840633788158
0.10497840633788158
0.09617076044802175
0.09617076044802175
0.09617076044802175
0.09244280701383545
0.09244280701383545
0.09244280701383545
0.09244280701383545
0.09244280701383545
0.09244280701383545
0.09139489985576432
0.09139489985576432
0.09139489985576432
0.09139489985576432
0.09139489985576432
0.09139489985576432
0.0905716096801612
0.08920527921511834
0.08920527921511834
0.08680879373391548
0.0836518203151293
0.0836518203151293
0.0836518203151293
0.0836518203151293
0.0836518203151293
0.0836518203151293
0.0836518203151293
0.0770303181709373
0.0770303181709373
0.0770303181709373
0.0770303181709373
0.0770303181709373
0.0770303181709373
0.0770303181709373
0.0770303181709373
0.0770303181709373
0.0770303181709373
0.0770303181709373
0.06793981045755615
0.06793981045755615
0.06793981045755615
0.06793981045755615
0.06793981045755615
0.06793981045755615
0.06793981045755615
0.06793981045755615
0.06793981045755615
0.05687542729587136
0.05687542729587136
0.05687542729587136
0.05687542729587136
0.05687542729587136
0.05687542729587136
0.05687542729587136
0.05687542729587136
0.05687542729587136
0.05687542729587136
0.05687542729587136
0.05687542729587136
0.05687542729587136
0.05687542729587136
0.05651722173694651
0.055749749153164885
0.055749749153164885
0.055749749153164885
0.05512235877455751
0.05512235877455751
0.05512235877455751
0.05426010677705406
0.05426010677705406
0.05426010677705406
0.05339570898118495
0.05250493801732148
0.050133773695833383
0.050133773695833383
0.049942963011485375
0.049942963011485375
0.04627213340406655
0.04627213340406655
0.042525152038873415
0.042525152038873415
0.042525152038873415
0.042525152038873415
0.042525152038873415
0.042525152038873415
0.042525152038873415
0.042525152038873415
0.042525152038873415
0.042525152038873415
0.042525152038873415
0.042525152038873415
0.039087603751461586
0.03589040216693462
0.03589040216693462
0.03589040216693462
0.03589040216693462
0.03589040216693462
0.03589040216693462
0.03589040216693462
0.03589040216693462
0.03589040216693462
0.03260204877321371
0.03260204877321371
0.03260204877321371
0.03260204877321371
0.03260204877321371
0.03260204877321371
0.03260204877321371
0.03260204877321371
0.032500638845188945
0.03157897334334692
0.03157897334334692
0.03157897334334692
0.03157897334334692
0.030879321269921434
0.030879321269921434
0.030879321269921434
0.030879321269921434
0.030879321269921434
0.030879321269921434
0.030879321269921434
0.030879321269921434
0.030879321269921434
0.02999492275380078
0.02999492275380078
0.02999492275380078
0.02999492275380078
0.02999492275380078
0.02999492275380078
0.02999492275380078
0.02850217452228776
0.02542236007802856
0.02542236007802856
0.02542236007802856
0.022686998086857812
0.022686998086857812
0.022686998086857812
0.022686998086857812
0.022686998086857812
0.022686998086857812
0.022686998086857812
0.022686998086857812
0.022686998086857812
0.022686998086857812
0.022686998086857812
0.022686998086857812
0.022686998086857812
0.022686998086857812
0.022686998086857812
0.021617500199216266
0.021617500199216266
0.021617500199216266
0.021617500199216266
0.021617500199216266
0.021617500199216266
0.021617500199216266
0.021617500199216266
0.021617500199216266
0.021617500199216266
0.021617500199216266
0.021617500199216266
0.021617500199216266
0.021617500199216266
0.0209998855874467
0.0209998855874467
0.0209998855874467
0.0209998855874467
0.0209998855874467
0.01913930248874607
0.01913930248874607
0.01913930248874607
0.01913930248874607
0.01913930248874607
0.01913930248874607
0.01913930248874607
0.01913930248874607
0.01913930248874607
0.01913930248874607
0.01913930248874607
0.018627788602969986
0.018502142142576616
0.018502142142576616
0.018502142142576616
0.018502142142576616
0.018502142142576616
0.015936552024008677
0.015936552024008677
0.015936552024008677
0.015936552024008677
0.015936552024008677
0.015936552024008677
0.015936552024008677
0.015936552024008677
0.015936552024008677
0.015936552024008677
0.015936552024008677
0.015936552024008677
0.015936552024008677
0.015936552024008677
0.015936552024008677
0.015936552024008677
0.015568197197147526
0.015521404669200933
0.015503090275846176
0.015503090275846176
0.015204242756247766
0.015164156071485024
0.015164156071485024
0.015164156071485024
0.015164156071485024
0.015164156071485024
