0.0450282096862793
0.048668622970581055
0.06067395210266113
0.04467201232910156
0.028745651245117188
0.028794050216674805
0.028766393661499023
0.02875971794128418
0.0287933349609375
0.028762102127075195
0.028742313385009766
0.0286257266998291
0.028682231903076172
0.02880859375
0.02973318099975586
0.029697418212890625
0.02881908416748047
0.028766870498657227
0.028710126876831055
0.028716564178466797
0.028731107711791992
0.02866816520690918
0.02987813949584961
0.03008413314819336
0.02976846694946289
0.029781579971313477
0.029761552810668945
0.028658390045166016
0.028980731964111328
0.028919696807861328
0.029666900634765625
0.02982330322265625
0.02907705307006836
0.028959035873413086
0.02908778190612793
0.02891230583190918
0.02899932861328125
0.02904343605041504
0.02905440330505371
0.028830766677856445
0.028792381286621094
0.02874922752380371
0.030151844024658203
0.030143022537231445
0.029172182083129883
0.02907276153564453
0.028949975967407227
0.028788328170776367
0.0318756103515625
0.02938699722290039
0.028978824615478516
0.029105424880981445
0.02905416488647461
0.028733253479003906
0.030955076217651367
0.028719186782836914
0.028692245483398438
0.02866363525390625
0.028775691986083984
0.028723478317260742
0.028689861297607422
0.028783798217773438
0.02886962890625
0.028828144073486328
0.029082298278808594
0.029214143753051758
0.02930450439453125
0.029102802276611328
0.029160737991333008
0.02887892723083496
0.029699087142944336
0.029098987579345703
0.029001235961914062
0.02886056900024414
0.029010295867919922
0.029004573822021484
0.029053211212158203
0.028890371322631836
0.029140710830688477
0.02893376350402832
0.028902292251586914
0.029104948043823242
0.028878211975097656
0.028815031051635742
0.028845787048339844
0.028843164443969727
0.030704975128173828
0.03151702880859375
0.030455589294433594
0.03003215789794922
0.030557632446289062
0.02892136573791504
0.03081059455871582
0.04436993598937988
0.032537221908569336
0.033371686935424805
0.03848552703857422
0.028857946395874023
0.0691521167755127
0.028880834579467773
0.0287778377532959
0.02881312370300293
0.02875685691833496
0.028859376907348633
0.028737545013427734
0.028699636459350586
0.028741836547851562
0.028764963150024414
0.028737306594848633
0.02871990203857422
0.0287020206451416
0.028702735900878906
0.02863335609436035
0.02875375747680664
0.02906346321105957
0.028811931610107422
0.028802871704101562
0.028867006301879883
0.02877187728881836
0.028812885284423828
0.028759479522705078
0.02872943878173828
0.030319690704345703
0.028767108917236328
0.028720855712890625
0.02877521514892578
0.02926492691040039
0.029991626739501953
0.029551982879638672
0.029251575469970703
0.028789520263671875
0.028759241104125977
0.028635263442993164
0.028722763061523438
0.029859066009521484
0.029099702835083008
0.028751134872436523
0.02881336212158203
0.028838634490966797
0.029142141342163086
0.02882981300354004
0.02875828742980957
0.028713226318359375
0.028810739517211914
0.028789281845092773
0.028801918029785156
0.028851032257080078
0.0287625789642334
0.028749465942382812
0.02894902229309082
0.028746843338012695
0.044806718826293945
0.06076765060424805
0.0339815616607666
0.028856992721557617
0.028751850128173828
0.028802156448364258
0.028743743896484375
0.02896881103515625
0.02879643440246582
0.028751611709594727
0.02926802635192871
0.02876758575439453
0.029450654983520508
0.03058767318725586
0.028715848922729492
0.028739452362060547
0.028786420822143555
0.028796911239624023
0.028635740280151367
0.028719663619995117
0.028856515884399414
0.028775691986083984
0.02890157699584961
0.028872013092041016
0.028771162033081055
0.028655529022216797
0.028800010681152344
0.028848648071289062
0.028778076171875
0.02878403663635254
0.028739213943481445
0.028917551040649414
0.029155969619750977
0.02956104278564453
0.029682397842407227
0.029865741729736328
0.029036760330200195
0.030622005462646484
0.028754234313964844
0.02967381477355957
0.029674530029296875
0.031249284744262695
0.0307466983795166
0.02990126609802246
0.029950618743896484
0.0299074649810791
0.030052900314331055
0.029965639114379883
0.030129194259643555
0.02992105484008789
0.029977798461914062
0.02998971939086914
0.029836177825927734
0.02879810333251953
0.030071258544921875
0.02890324592590332
0.02883601188659668
0.02866220474243164
0.028690814971923828
0.02876114845275879
0.02869725227355957
0.028795480728149414
0.02870941162109375
0.028731107711791992
0.029532194137573242
0.028822898864746094
0.028685331344604492
0.02875232696533203
0.028775691986083984
0.03068375587463379
0.029459238052368164
0.03066277503967285
0.02886343002319336
0.02880263328552246
0.02944183349609375
0.028845787048339844
0.02880263328552246
0.029035091400146484
0.028937578201293945
0.02876448631286621
0.028726816177368164
0.028670072555541992
0.028744220733642578
0.02884960174560547
0.028707027435302734
0.028795242309570312
0.028760194778442383
0.029420852661132812
0.028838634490966797
0.0288546085357666
0.028723478317260742
0.029248952865600586
0.02897357940673828
0.02898383140563965
0.029376506805419922
0.029732942581176758
0.028951168060302734
0.028840065002441406
0.02872443199157715
0.029599666595458984
0.02938556671142578
0.02954721450805664
0.029376745223999023
0.028810501098632812
0.029343605041503906
0.029190540313720703
0.028674602508544922
0.028667211532592773
0.028820514678955078
0.02882099151611328
0.028980016708374023
0.031223773956298828
0.02877211570739746
0.02888798713684082
0.028684377670288086
0.03075551986694336
0.03119635581970215
0.02979564666748047
0.030377864837646484
0.03131389617919922
0.031941890716552734
0.030191898345947266
0.028687477111816406
0.031510114669799805
0.03176259994506836
0.030292749404907227
0.031030893325805664
0.029083251953125
0.028610706329345703
0.02846050262451172
0.028630495071411133
0.02869272232055664
0.028763532638549805
0.028608322143554688
0.02868056297302246
0.02955007553100586
0.028665781021118164
0.028604984283447266
0.02870798110961914
0.028518199920654297
0.02952122688293457
0.029187917709350586
0.028754711151123047
0.028785228729248047
0.028852462768554688
0.028792619705200195
0.028751373291015625
0.028705835342407227
0.028813600540161133
0.028704166412353516
0.028803110122680664
0.028621196746826172
0.028615236282348633
0.028513193130493164
0.028641462326049805
0.028583049774169922
0.02869868278503418
0.028532028198242188
0.02868795394897461
0.028705120086669922
0.02861499786376953
0.028525829315185547
0.028660297393798828
0.030519485473632812
0.03156542778015137
0.02898263931274414
0.028789043426513672
0.03151249885559082
0.02959299087524414
0.028733015060424805
0.028617143630981445
0.0313723087310791
0.028613805770874023
0.028687000274658203
0.028616666793823242
0.02942800521850586
0.027991294860839844
0.0287172794342041
0.028728485107421875
0.02837991714477539
0.028842449188232422
0.028662919998168945
0.029026269912719727
0.02937483787536621
0.028732776641845703
0.02860116958618164
0.028760671615600586
0.028714895248413086
0.0286257266998291
0.028645992279052734
0.02855515480041504
0.028685569763183594
0.028629064559936523
0.028560876846313477
0.028618812561035156
0.0286102294921875
0.028629064559936523
0.0286104679107666
0.028647422790527344
0.02889728546142578
0.02867889404296875
0.031113862991333008
0.029097318649291992
0.028716087341308594
0.028604984283447266
0.028669118881225586
0.02872323989868164
0.028749704360961914
0.028623580932617188
0.028668880462646484
0.02860403060913086
0.02868938446044922
0.029746294021606445
0.029706239700317383
0.02962946891784668
0.029742956161499023
0.028703689575195312
0.028655290603637695
0.028618574142456055
0.029115915298461914
0.028552532196044922
0.02864384651184082
0.02898240089416504
0.028698205947875977
0.028664350509643555
0.028601646423339844
0.028553485870361328
0.028665781021118164
0.028582096099853516
0.028661489486694336
0.02862858772277832
0.02873086929321289
0.028604745864868164
0.02863788604736328
0.028592824935913086
0.029531478881835938
0.02906632423400879
0.028676986694335938
0.02861785888671875
0.028638601303100586
0.028681278228759766
0.028517723083496094
0.028580427169799805
0.03047943115234375
0.03264260292053223
0.028739213943481445
0.028614044189453125
0.029153108596801758
0.028692245483398438
0.028672456741333008
0.029294252395629883
0.029153823852539062
0.0286104679107666
0.028579235076904297
0.028608083724975586
0.028733253479003906
0.02932572364807129
0.028641700744628906
0.02856755256652832
0.028643131256103516
0.02857518196105957
0.028696060180664062
0.028590679168701172
0.02897334098815918
0.028664588928222656
0.028717756271362305
0.028593063354492188
0.028629541397094727
0.028578996658325195
0.02851724624633789
0.028565168380737305
0.02856588363647461
0.028582096099853516
0.02864551544189453
0.02870464324951172
0.028716325759887695
0.0287320613861084
0.029972076416015625
0.029325485229492188
0.02863931655883789
0.028539180755615234
0.02865457534790039
0.02865314483642578
0.028603792190551758
0.03020334243774414
0.02963089942932129
0.028568506240844727
0.02863764762878418
0.02861189842224121
0.029389619827270508
0.029201984405517578
0.028810977935791016
0.02875518798828125
0.02867579460144043
0.0286407470703125
0.028653621673583984
0.02850627899169922
0.028662681579589844
0.028530359268188477
0.028650760650634766
0.029782772064208984
0.028715848922729492
0.0285189151763916
0.028223037719726562
0.028539180755615234
0.028635740280151367
0.028642654418945312
0.029036283493041992
0.028627872467041016
0.02866196632385254
0.02855992317199707
0.02862691879272461
0.028585433959960938
0.028556346893310547
0.028647899627685547
0.029744625091552734
0.028829336166381836
0.02864670753479004
0.02868485450744629
0.02859807014465332
0.029716968536376953
0.0294342041015625
0.02887868881225586
0.028522253036499023
0.02850818634033203
0.02853846549987793
0.02848076820373535
0.02868032455444336
0.028613805770874023
0.028620004653930664
0.028652429580688477
0.029399633407592773
0.029505014419555664
0.02928900718688965
0.0291292667388916
0.029365062713623047
0.028613805770874023
0.028566360473632812
0.02852010726928711
0.028622150421142578
0.02868175506591797
0.029120922088623047
0.02946329116821289
0.02984619140625
0.028882980346679688
0.028642654418945312
0.029494047164916992
0.028655290603637695
0.028502702713012695
0.02855658531188965
0.028584003448486328
0.029116392135620117
0.028635501861572266
0.02852320671081543
0.027782440185546875
0.02880692481994629
0.028709888458251953
0.028552770614624023
0.028636455535888672
0.028749942779541016
0.028616905212402344
0.02855372428894043
0.031885385513305664
0.029757022857666016
0.028894424438476562
0.028597116470336914
0.028624773025512695
0.028633832931518555
0.028566837310791016
0.028446197509765625
0.028456449508666992
0.028621196746826172
0.028551578521728516
0.028519392013549805
0.028850555419921875
0.02869272232055664
0.028595924377441406
0.02859783172607422
0.02856135368347168
0.028678417205810547
0.028731346130371094
0.028465747833251953
0.028503894805908203
0.028531312942504883
0.028784513473510742
0.029389619827270508
0.02953171730041504
0.03108835220336914
0.029553651809692383
0.029696941375732422
0.029506444931030273
0.02927565574645996
0.02958989143371582
0.028984785079956055
0.028650760650634766
0.028753280639648438
0.02876138687133789
0.028590679168701172
0.02870011329650879
0.028728485107421875
0.028707027435302734
0.028590917587280273
0.028604984283447266
0.028491497039794922
0.028520584106445312
0.028510093688964844
0.028507471084594727
0.02944469451904297
0.02976846694946289
0.028676509857177734
0.02863144874572754
0.028615236282348633
0.028528213500976562
0.028415679931640625
0.02861952781677246
0.02991771697998047
0.028250455856323242
0.028615951538085938
0.028610706329345703
0.028552770614624023
0.028604984283447266
0.028507471084594727
0.028760671615600586
0.028570175170898438
0.028432846069335938
0.0285947322845459
0.028659582138061523
0.02855086326599121
0.028713703155517578
0.0287015438079834
0.028619050979614258
0.02866840362548828
0.02853870391845703
0.028608083724975586
0.02842092514038086
0.028632640838623047
0.028504610061645508
0.028454303741455078
0.028469085693359375
0.02847456932067871
0.028464317321777344
0.02849578857421875
0.028560638427734375
0.029166460037231445
0.028558731079101562
0.02859187126159668
0.029732704162597656
0.029425621032714844
0.028458595275878906
0.028475046157836914
0.0285336971282959
0.028595685958862305
0.028604507446289062
0.02858757972717285
0.028432130813598633
0.028746366500854492
0.02868819236755371
0.028555631637573242
0.028499126434326172
0.03275012969970703
0.028966426849365234
0.028619050979614258
0.02877068519592285
0.028651714324951172
0.02853250503540039
0.029035568237304688
0.02922677993774414
0.028957366943359375
0.02857041358947754
0.028532028198242188
0.031185388565063477
0.029155969619750977
0.031082868576049805
0.028934240341186523
0.02900218963623047
0.028499126434326172
0.02853846549987793
0.03013920783996582
0.029291629791259766
0.028909921646118164
0.02863764762878418
0.02854466438293457
0.028733253479003906
0.028693199157714844
0.028835058212280273
0.028524398803710938
0.028594493865966797
0.029456615447998047
0.0293734073638916
0.02904200553894043
0.02968454360961914
0.029497623443603516
0.028678178787231445
0.028495073318481445
0.02847433090209961
0.028783798217773438
0.02862548828125
0.02859187126159668
0.02861642837524414
0.028520822525024414
0.028662443161010742
0.028530359268188477
0.02849578857421875
0.029263019561767578
0.029573678970336914
0.028609752655029297
0.028515100479125977
0.029301881790161133
0.029363632202148438
0.02942490577697754
0.029498815536499023
0.029558897018432617
0.02937769889831543
0.02957773208618164
0.029388427734375
0.028674840927124023
0.028564453125
0.028589487075805664
0.02861952781677246
0.028658390045166016
0.02853560447692871
0.028587818145751953
0.028573274612426758
0.028455734252929688
0.028522014617919922
0.028670549392700195
0.028594970703125
0.028591394424438477
0.028576374053955078
0.028567790985107422
0.028503894805908203
0.028638124465942383
0.029023170471191406
0.028731346130371094
0.02872443199157715
0.030611276626586914
0.028556108474731445
0.028882503509521484
0.02850627899169922
0.030974864959716797
0.028872013092041016
0.02855682373046875
0.02851128578186035
0.029065608978271484
0.02859663963317871
0.028535842895507812
0.028552770614624023
0.02855992317199707
0.02858734130859375
0.028543949127197266
0.028441190719604492
0.02849721908569336
0.02846527099609375
0.028616905212402344
0.028531789779663086
0.028589725494384766
0.028450489044189453
0.02855706214904785
0.028577327728271484
0.028745412826538086
0.02858567237854004
0.028601408004760742
0.02857494354248047
0.02866506576538086
0.028534412384033203
0.028502464294433594
0.028599262237548828
0.02862548828125
0.028606414794921875
0.028629541397094727
0.02850794792175293
0.031017541885375977
0.029385805130004883
0.02870917320251465
0.02846550941467285
0.02907395362854004
0.028748035430908203
0.028507232666015625
0.02843761444091797
0.029582738876342773
0.029862403869628906
0.029514312744140625
0.02959275245666504
0.029732704162597656
0.02875208854675293
0.028548479080200195
0.028353214263916016
0.028542041778564453
0.02860736846923828
0.02866053581237793
0.028526782989501953
0.028766393661499023
0.028522253036499023
0.04469633102416992
0.02984786033630371
0.028698205947875977
0.028706789016723633
0.0286409854888916
0.02861642837524414
0.02884221076965332
0.028682708740234375
0.02864813804626465
0.02848649024963379
0.028754234313964844
0.031465768814086914
0.02938985824584961
0.028618812561035156
0.029465913772583008
0.029483556747436523
0.029570817947387695
0.029338836669921875
0.029425382614135742
0.029513120651245117
0.028975963592529297
0.029102802276611328
0.02978968620300293
0.029587507247924805
0.02938985824584961
0.028563499450683594
0.028608322143554688
0.029384374618530273
0.029729127883911133
0.02996206283569336
0.0299530029296875
0.029576539993286133
0.028550386428833008
0.028624773025512695
0.028760671615600586
0.028621196746826172
0.02862858772277832
0.028649568557739258
0.029671669006347656
0.02977895736694336
0.029498815536499023
0.029972314834594727
0.02962636947631836
0.02900099754333496
0.028525114059448242
0.028937101364135742
0.028621435165405273
0.028644800186157227
0.028474092483520508
0.02867865562438965
0.028668642044067383
0.028553247451782227
0.02844524383544922
0.028461694717407227
0.028841495513916016
0.028519868850708008
0.028462648391723633
0.028636932373046875
0.029519319534301758
0.0285952091217041
0.028516530990600586
0.028479337692260742
0.028653860092163086
0.0338132381439209
0.029096126556396484
0.02868199348449707
0.0287015438079834
0.028781414031982422
0.028643131256103516
0.028774261474609375
0.028822898864746094
0.028705835342407227
0.028552770614624023
0.028612375259399414
0.028517961502075195
0.02852320671081543
0.028565168380737305
0.028596878051757812
0.028836727142333984
0.02849721908569336
0.028854846954345703
0.028593063354492188
0.02957773208618164
0.02937936782836914
0.029404401779174805
0.03113722801208496
0.028604507446289062
0.028555870056152344
0.028607845306396484
0.028453350067138672
0.029337644577026367
0.029355525970458984
0.029305219650268555
0.028627634048461914
0.029355764389038086
0.02853226661682129
0.02853560447692871
0.028535842895507812
0.028496265411376953
0.028989553451538086
0.028589725494384766
0.028499364852905273
0.028580188751220703
0.02850818634033203
0.02912306785583496
0.028597116470336914
0.02878284454345703
0.028505325317382812
0.02854323387145996
0.028462886810302734
0.02852606773376465
0.028464794158935547
0.028466224670410156
0.028400897979736328
0.028906583786010742
0.0284576416015625
0.02858138084411621
0.02859807014465332
0.030777454376220703
0.028609275817871094
0.02862691879272461
0.028629541397094727
0.028522253036499023
0.02858424186706543
0.02872323989868164
0.029471158981323242
0.0286712646484375
0.029937028884887695
0.02841496467590332
0.028475522994995117
0.028589725494384766
0.029616832733154297
0.028556108474731445
0.028554201126098633
0.028601408004760742
0.028516769409179688
0.028553247451782227
0.028563499450683594
0.02941417694091797
0.028819561004638672
0.02986001968383789
0.029580354690551758
0.029709339141845703
0.029762983322143555
0.02978205680847168
0.029411792755126953
0.029788732528686523
0.02986884117126465
0.04518771171569824
0.05594158172607422
0.04215812683105469
0.02956104278564453
0.029169797897338867
0.02868342399597168
0.02858877182006836
0.029256820678710938
0.02972722053527832
0.029519319534301758
0.029304027557373047
0.02861642837524414
0.02853107452392578
0.02857065200805664
0.02927422523498535
0.030981779098510742
0.031151771545410156
0.029371976852416992
0.028708696365356445
0.02869129180908203
0.028556108474731445
0.02875828742980957
0.02855992317199707
0.028578758239746094
0.028622150421142578
0.028533220291137695
0.029453277587890625
0.028645992279052734
0.028548240661621094
0.028609514236450195
0.028554201126098633
0.028629064559936523
0.02859354019165039
0.0285952091217041
0.02946949005126953
0.031369924545288086
0.03012847900390625
0.028484344482421875
0.029490232467651367
0.029711484909057617
0.030884742736816406
0.03102898597717285
0.032602548599243164
0.030069589614868164
0.03001999855041504
0.029931306838989258
0.028627634048461914
0.02855229377746582
0.02853870391845703
0.028507232666015625
0.02858710289001465
0.02865457534790039
0.028626441955566406
0.028545379638671875
0.028595447540283203
0.028566360473632812
0.028593778610229492
0.028783798217773438
0.028543949127197266
0.028601408004760742
0.028538942337036133
0.02853107452392578
0.028514862060546875
0.028602123260498047
0.028543710708618164
0.028549909591674805
0.028865337371826172
0.028505802154541016
0.02780437469482422
0.028646230697631836
0.028872966766357422
0.028674602508544922
0.02860713005065918
0.029138803482055664
0.028544902801513672
0.02864861488342285
0.029498815536499023
0.029345989227294922
0.028573989868164062
0.02854442596435547
0.02862691879272461
0.02867293357849121
0.027807235717773438
0.028482437133789062
0.028569698333740234
0.02879166603088379
0.02887129783630371
0.028809547424316406
0.028754711151123047
0.028590917587280273
0.028546571731567383
0.02862834930419922
0.028656959533691406
0.028724193572998047
0.028598308563232422
0.028606414794921875
0.028479814529418945
0.028420686721801758
0.028568029403686523
0.028575897216796875
0.028568267822265625
0.03220319747924805
0.030600786209106445
0.03001546859741211
0.028805971145629883
0.027866363525390625
0.028577804565429688
0.02862071990966797
