0.0024335384368896484
0.002378702163696289
0.002416372299194336
0.002434253692626953
0.0024139881134033203
0.0024161338806152344
0.0031490325927734375
0.002419710159301758
0.002414226531982422
0.0023899078369140625
0.002382516860961914
0.0024111270904541016
0.0024182796478271484
0.0023925304412841797
0.0023910999298095703
0.0028619766235351562
0.0024194717407226562
0.0031690597534179688
0.0025129318237304688
0.0025205612182617188
0.003000497817993164
0.002489328384399414
0.002439260482788086
0.0024988651275634766
0.002464771270751953
0.0031991004943847656
0.0029647350311279297
0.002777576446533203
0.002771139144897461
0.0029726028442382812
0.0023920536041259766
0.0023806095123291016
0.002403736114501953
0.002373933792114258
0.002388477325439453
0.0023801326751708984
0.0024390220642089844
0.002435922622680664
0.002422332763671875
0.0023849010467529297
0.002424478530883789
0.0024051666259765625
0.0024275779724121094
0.0024080276489257812
0.0023844242095947266
0.0024089813232421875
0.002453327178955078
0.0023996829986572266
0.002428770065307617
0.0024101734161376953
0.002398252487182617
0.0023970603942871094
0.0024497509002685547
0.0023581981658935547
0.0023698806762695312
0.0023849010467529297
0.0024061203002929688
0.002385377883911133
0.002435922622680664
0.0025572776794433594
0.002468109130859375
0.0025441646575927734
0.0024509429931640625
0.0025069713592529297
0.0025177001953125
0.0025496482849121094
0.0025370121002197266
0.002419710159301758
0.0024378299713134766
0.002423524856567383
0.0024673938751220703
0.0024127960205078125
0.0024271011352539062
0.0023975372314453125
0.0023794174194335938
0.0024156570434570312
0.002349853515625
0.0024595260620117188
0.0024042129516601562
0.002424001693725586
0.002418041229248047
0.0025331974029541016
0.0024199485778808594
0.002365589141845703
0.0024080276489257812
0.0023784637451171875
0.0023865699768066406
0.002416372299194336
0.0024216175079345703
0.0024633407592773438
0.0024254322052001953
0.002409696578979492
0.002468585968017578
0.0024149417877197266
0.002434968948364258
0.002391815185546875
0.002379894256591797
0.002391815185546875
0.002420663833618164
0.0024161338806152344
0.0024328231811523438
0.0024099349975585938
0.002440214157104492
0.0026466846466064453
0.0024161338806152344
0.0026433467864990234
0.002545595169067383
0.0024368762969970703
0.0024156570434570312
0.0023980140686035156
0.0024139881134033203
0.0024216175079345703
0.0024199485778808594
0.002384662628173828
0.0026786327362060547
0.002466440200805664
0.002561330795288086
0.0024309158325195312
0.0025343894958496094
0.0024383068084716797
0.0024814605712890625
0.0024383068084716797
0.002511739730834961
0.002480745315551758
0.002544879913330078
0.002444028854370117
0.002517223358154297
0.0025482177734375
0.002466440200805664
0.0025882720947265625
0.002429962158203125
0.0025124549865722656
0.0025992393493652344
0.002433300018310547
0.0025060176849365234
0.0025475025177001953
0.002429485321044922
0.0024194717407226562
0.002570629119873047
0.0025053024291992188
0.002461671829223633
0.0024628639221191406
0.0025758743286132812
0.00258636474609375
0.002430438995361328
0.0027577877044677734
0.0024209022521972656
0.0024590492248535156
0.0024275779724121094
0.0025293827056884766
0.0025093555450439453
0.0024871826171875
0.0024344921112060547
0.002444744110107422
0.0025277137756347656
0.0024161338806152344
0.002442598342895508
0.0024416446685791016
0.0024230480194091797
0.002424478530883789
0.002382040023803711
0.0023956298828125
0.002389192581176758
0.0024628639221191406
0.0023946762084960938
0.002441883087158203
0.0024137496948242188
0.0024385452270507812
0.0024504661560058594
0.0023975372314453125
0.0024230480194091797
0.0024366378784179688
0.0023851394653320312
0.002434253692626953
0.0023767948150634766
0.002382040023803711
0.0024178028106689453
0.0023763179779052734
0.002435445785522461
0.0023987293243408203
0.0023763179779052734
0.0023965835571289062
0.0024099349975585938
0.0024051666259765625
0.0024034976959228516
0.002390146255493164
0.0023932456970214844
0.0025599002838134766
0.0023956298828125
0.0023832321166992188
0.0024068355560302734
0.0024116039276123047
0.0023980140686035156
0.002416372299194336
0.0024030208587646484
0.0023534297943115234
0.0023784637451171875
0.002397298812866211
0.0024280548095703125
0.0023615360260009766
0.0024209022521972656
0.0023698806762695312
0.0023946762084960938
0.002423524856567383
0.0023741722106933594
0.002384662628173828
0.002437114715576172
0.0024063587188720703
0.002424001693725586
0.002435922622680664
0.0023832321166992188
0.0024116039276123047
0.002400636672973633
0.0024118423461914062
0.0024471282958984375
0.0023941993713378906
0.0024344921112060547
0.002402067184448242
0.0023992061614990234
0.0023822784423828125
0.0025475025177001953
0.0024766921997070312
0.002485990524291992
0.0025687217712402344
0.0024280548095703125
0.0026175975799560547
0.002422809600830078
0.002361774444580078
0.0024232864379882812
0.0025320053100585938
0.002450227737426758
0.0025510787963867188
0.002475738525390625
0.00241851806640625
0.0023789405822753906
0.0024077892303466797
0.0023813247680664062
0.002410411834716797
0.0023856163024902344
0.002379179000854492
0.0023953914642333984
0.002399444580078125
0.002362489700317383
0.0023941993713378906
0.002382516860961914
0.00240325927734375
0.0024094581604003906
0.002406597137451172
0.0024590492248535156
0.002412080764770508
0.0023941993713378906
0.002424955368041992
0.0024061203002929688
0.002400636672973633
0.002395153045654297
0.0024209022521972656
0.0024461746215820312
0.002417325973510742
0.0024030208587646484
0.0024335384368896484
0.0024268627166748047
0.0023958683013916016
0.002390623092651367
0.0024509429931640625
0.0024077892303466797
0.002481698989868164
0.002583026885986328
0.0026013851165771484
0.0025298595428466797
0.002492666244506836
0.0024526119232177734
0.0024640560150146484
0.002507448196411133
0.0024268627166748047
0.0025739669799804688
0.002411365509033203
0.0024175643920898438
0.0024099349975585938
0.0025489330291748047
0.002477407455444336
0.002457857131958008
0.002439260482788086
0.0024878978729248047
0.0025238990783691406
0.0024480819702148438
0.002412080764770508
0.0024247169494628906
0.002387523651123047
0.002415180206298828
0.002397775650024414
0.0024459362030029297
0.0024454593658447266
0.0025339126586914062
0.002471923828125
0.0025703907012939453
0.0024127960205078125
0.00249481201171875
0.0024487972259521484
0.0024271011352539062
0.0026061534881591797
0.002416372299194336
0.002556324005126953
0.0024290084838867188
0.0024955272674560547
0.0024209022521972656
0.0025987625122070312
0.002439260482788086
0.002504587173461914
0.0024199485778808594
0.0026094913482666016
0.0025281906127929688
0.0024628639221191406
0.0024678707122802734
0.002505064010620117
0.002446889877319336
0.0024912357330322266
0.0025298595428466797
0.0024416446685791016
0.0024323463439941406
0.002393484115600586
0.002402067184448242
0.002397298812866211
0.002382993698120117
0.0023763179779052734
0.0024003982543945312
0.0023839473724365234
0.002442598342895508
0.002392292022705078
0.0024154186248779297
0.0024967193603515625
0.002428293228149414
0.0024025440216064453
0.002384185791015625
0.0024166107177734375
0.002414226531982422
0.0024526119232177734
0.0023872852325439453
0.0024390220642089844
0.002411365509033203
0.002374410629272461
0.002408742904663086
0.002401590347290039
0.002379179000854492
0.0023865699768066406
0.002385854721069336
0.0023992061614990234
0.0025124549865722656
0.0024950504302978516
0.002491474151611328
0.002505064010620117
0.002435445785522461
0.002409219741821289
0.0024251937866210938
0.0024628639221191406
0.0023665428161621094
0.002486705780029297
0.0024497509002685547
0.0025081634521484375
0.0026197433471679688
0.002431631088256836
0.002454042434692383
0.0026907920837402344
0.00255584716796875
0.002396821975708008
0.002412080764770508
0.0024139881134033203
0.0023772716522216797
0.002393960952758789
0.0024199485778808594
0.0023682117462158203
0.002376556396484375
0.0024144649505615234
0.002393007278442383
0.002385377883911133
0.0024881362915039062
0.002397298812866211
0.0022735595703125
0.0024056434631347656
0.002404451370239258
0.002410888671875
0.0023810863494873047
0.002444028854370117
0.0024042129516601562
0.002396821975708008
0.002393960952758789
0.002391338348388672
0.0023937225341796875
0.0024178028106689453
0.0023772716522216797
0.0023679733276367188
0.002431154251098633
0.002388477325439453
0.0023915767669677734
0.002431154251098633
0.0024099349975585938
0.002454996109008789
0.002468585968017578
0.0026934146881103516
0.0024912357330322266
0.0024995803833007812
0.0024178028106689453
0.0024220943450927734
0.002448558807373047
0.0024204254150390625
0.0024271011352539062
0.002414226531982422
0.0024018287658691406
0.0024480819702148438
0.0028200149536132812
0.002405881881713867
0.0024225711822509766
0.00244903564453125
0.0023927688598632812
0.0024166107177734375
0.002583026885986328
0.002499103546142578
0.0024003982543945312
0.0023653507232666016
0.002394437789916992
0.002402782440185547
0.002346038818359375
0.002396106719970703
0.002424478530883789
0.002413511276245117
0.0025005340576171875
0.0024487972259521484
0.002393484115600586
0.0023860931396484375
0.002415895462036133
0.002418994903564453
0.002553224563598633
0.0025272369384765625
0.002473592758178711
0.002503633499145508
0.0024764537811279297
0.00238800048828125
0.002571582794189453
0.0024199485778808594
0.002460002899169922
0.0024383068084716797
0.002425670623779297
0.0025358200073242188
0.00247955322265625
0.0025603771209716797
0.0024645328521728516
0.0024640560150146484
0.0024547576904296875
0.0025696754455566406
0.0025072097778320312
0.0024650096893310547
0.0024530887603759766
0.002643585205078125
0.0025174617767333984
0.002481698989868164
0.0024673938751220703
0.0024721622467041016
0.002404451370239258
0.0024383068084716797
0.002443552017211914
0.0024509429931640625
0.0023827552795410156
0.00241851806640625
0.002381563186645508
0.002402067184448242
0.0024116039276123047
0.0023908615112304688
0.0024175643920898438
0.0024423599243164062
0.002424001693725586
0.0023980140686035156
0.0024061203002929688
0.0024118423461914062
0.002413511276245117
0.002407550811767578
0.0023887157440185547
0.00240325927734375
0.0024275779724121094
0.0023751258850097656
0.0023839473724365234
0.002357959747314453
0.002367258071899414
0.002427816390991211
0.0023505687713623047
0.002406597137451172
0.0023956298828125
0.0023794174194335938
0.0024094581604003906
0.0024251937866210938
0.0023870468139648438
0.002401113510131836
0.002391338348388672
0.0023958683013916016
0.0024421215057373047
0.002396106719970703
0.002420663833618164
0.0023987293243408203
0.002405881881713867
0.0024175643920898438
0.002418994903564453
0.002401590347290039
0.002402067184448242
0.0024433135986328125
0.002449512481689453
0.002413034439086914
0.002407073974609375
0.0024445056915283203
0.0024123191833496094
0.002424001693725586
0.0024347305297851562
0.0024001598358154297
0.002428770065307617
0.0024094581604003906
0.002405881881713867
0.0024080276489257812
0.002432107925415039
0.0024213790893554688
0.002442598342895508
0.0023992061614990234
0.002446889877319336
0.0024001598358154297
0.0024225711822509766
0.0024063587188720703
0.002497434616088867
0.0023980140686035156
0.0024018287658691406
0.002445220947265625
0.0023965835571289062
0.002402067184448242
0.0024154186248779297
0.0024433135986328125
0.002438783645629883
0.0023822784423828125
0.002426624298095703
0.0024521350860595703
0.0025250911712646484
0.002439260482788086
0.0025098323822021484
0.0024712085723876953
0.0025169849395751953
0.002406597137451172
0.0024042129516601562
0.0023839473724365234
0.002408266067504883
0.00240325927734375
0.0023903846740722656
0.0024046897888183594
0.002407550811767578
0.002408266067504883
0.00240325927734375
0.0023970603942871094
0.0025289058685302734
0.0026030540466308594
0.002525806427001953
0.002685546875
0.0024743080139160156
0.002413511276245117
0.002413511276245117
0.0025560855865478516
0.0024797916412353516
0.0024526119232177734
0.0024819374084472656
0.0024268627166748047
0.0026366710662841797
0.002526521682739258
0.0025289058685302734
0.002429485321044922
0.0024607181549072266
0.0024144649505615234
0.002490520477294922
0.002446413040161133
0.002588987350463867
0.002421140670776367
0.0024967193603515625
0.0024306774139404297
0.002408266067504883
0.002379179000854492
0.0024149417877197266
0.0023996829986572266
0.0024056434631347656
0.002393960952758789
0.002385377883911133
0.0024220943450927734
0.0024001598358154297
0.0024344921112060547
0.0023920536041259766
0.002413511276245117
0.002402782440185547
0.002382516860961914
0.0024089813232421875
0.002394437789916992
0.0023980140686035156
0.0024170875549316406
0.002412080764770508
0.0023832321166992188
0.002397775650024414
0.0023992061614990234
0.0024347305297851562
0.0024378299713134766
0.002421855926513672
0.0024406909942626953
0.002401590347290039
0.0024001598358154297
0.0024499893188476562
0.002429485321044922
0.0024111270904541016
0.002434968948364258
0.002454996109008789
0.002414703369140625
0.0024116039276123047
0.0024442672729492188
0.0023946762084960938
0.0024261474609375
0.00238800048828125
0.002408266067504883
0.0024487972259521484
0.0024001598358154297
0.002430438995361328
0.0024857521057128906
0.0024080276489257812
0.002426624298095703
0.0025479793548583984
0.002437591552734375
0.0024857521057128906
0.002435445785522461
0.0024449825286865234
0.0025911331176757812
0.0024721622467041016
0.002545595169067383
0.0026848316192626953
0.002412080764770508
0.0024199485778808594
0.0024149417877197266
0.0024025440216064453
0.0024063587188720703
0.0024137496948242188
0.0024619102478027344
0.002367734909057617
0.0023741722106933594
0.002420186996459961
0.0024094581604003906
0.0023963451385498047
0.002419710159301758
0.0024170875549316406
0.002431154251098633
0.002410888671875
0.002441883087158203
0.002417325973510742
0.0024025440216064453
0.002408266067504883
0.002395153045654297
0.0026509761810302734
0.0024509429931640625
0.002414703369140625
0.002401113510131836
0.002417325973510742
0.002417325973510742
0.0024962425231933594
0.0024330615997314453
0.0024764537811279297
0.002501964569091797
0.002468109130859375
0.0025985240936279297
0.0024657249450683594
0.0025005340576171875
0.002460002899169922
0.002506732940673828
0.0024843215942382812
0.0024356842041015625
0.002489328384399414
0.0024271011352539062
0.0025997161865234375
0.002420663833618164
0.002750396728515625
0.0026509761810302734
0.002469778060913086
0.002589702606201172
0.002493143081665039
0.0025343894958496094
0.002436399459838867
0.002444744110107422
0.00241851806640625
0.0025093555450439453
0.0026111602783203125
0.0024924278259277344
0.0025272369384765625
0.0024428367614746094
0.002435922622680664
0.0024213790893554688
0.0025048255920410156
0.0024428367614746094
0.0024003982543945312
0.002381563186645508
0.0024166107177734375
0.002439737319946289
0.0024046897888183594
0.0024216175079345703
0.002377748489379883
0.002374410629272461
0.0025424957275390625
0.0024971961975097656
0.0023920536041259766
0.002393484115600586
0.0024089813232421875
0.002412080764770508
0.0024573802947998047
0.0024073123931884766
0.0024046897888183594
0.002386808395385742
0.0024003982543945312
0.002427339553833008
0.002380847930908203
0.002418041229248047
0.0024194717407226562
0.0024149417877197266
0.0024309158325195312
0.002765178680419922
0.0024352073669433594
0.002566814422607422
0.0025014877319335938
0.0024025440216064453
0.0024034976959228516
0.002509593963623047
0.002413511276245117
0.002438783645629883
0.002393960952758789
0.0024101734161376953
0.002539396286010742
0.002591371536254883
0.0023784637451171875
0.0024383068084716797
0.0024237632751464844
0.002419710159301758
0.0024137496948242188
0.002419710159301758
0.002428293228149414
0.002427339553833008
0.0024001598358154297
0.0024137496948242188
0.0024220943450927734
0.0023996829986572266
0.0023946762084960938
0.0024607181549072266
0.0024328231811523438
0.0025103092193603516
0.0024766921997070312
0.002504587173461914
0.0024099349975585938
0.0023996829986572266
0.0024912357330322266
0.0023784637451171875
0.0024039745330810547
0.0023899078369140625
0.0024166107177734375
0.0024161338806152344
0.002398967742919922
0.0024030208587646484
0.0024406909942626953
0.002397775650024414
0.0024323463439941406
0.0024216175079345703
0.002398252487182617
0.002414703369140625
0.0024368762969970703
0.002452850341796875
0.0024309158325195312
0.002397298812866211
0.002417325973510742
0.0024385452270507812
0.0024275779724121094
0.0024259090423583984
0.002416372299194336
0.0025839805603027344
0.002437114715576172
0.002399444580078125
0.0024182796478271484
0.0024499893188476562
0.0024313926696777344
0.0024480819702148438
0.002424955368041992
0.0024123191833496094
0.002435922622680664
0.0024111270904541016
0.0023953914642333984
0.0024156570434570312
0.0024149417877197266
0.0024385452270507812
0.002431631088256836
0.002462148666381836
0.002414226531982422
0.0024137496948242188
0.0024366378784179688
0.0024225711822509766
0.0024237632751464844
0.002386808395385742
0.0024175643920898438
0.0023627281188964844
0.002414226531982422
0.0024292469024658203
0.0024254322052001953
0.002417325973510742
0.002460479736328125
0.0024034976959228516
0.0023984909057617188
0.0025479793548583984
0.0024106502532958984
0.002388477325439453
0.002401590347290039
0.0024030208587646484
0.002414703369140625
0.0024106502532958984
0.002423524856567383
0.0023987293243408203
0.0024068355560302734
0.0024175643920898438
0.002398252487182617
0.00241851806640625
0.0024023056030273438
0.002376079559326172
0.002386808395385742
0.002437114715576172
0.0024743080139160156
0.002374887466430664
0.0024335384368896484
0.0024139881134033203
0.0024018287658691406
0.002394437789916992
0.0023872852325439453
0.0023849010467529297
0.0023946762084960938
0.002388477325439453
0.0024476051330566406
0.0024764537811279297
0.0023956298828125
0.002413034439086914
0.0023794174194335938
0.002432584762573242
0.0025975704193115234
0.0024678707122802734
0.0026280879974365234
0.002452850341796875
0.00244140625
0.0024547576904296875
0.002519369125366211
0.002476930618286133
0.002459287643432617
0.0024580955505371094
0.002432107925415039
0.0025420188903808594
0.0026175975799560547
0.002518892288208008
0.0025238990783691406
0.002453327178955078
0.0024542808532714844
0.002534151077270508
0.0024366378784179688
0.0025031566619873047
0.0024509429931640625
0.002463102340698242
0.0024988651275634766
0.002557992935180664
0.0024518966674804688
0.0024619102478027344
0.0024721622467041016
0.0024149417877197266
0.002557039260864258
0.0023970603942871094
0.002438068389892578
0.002400636672973633
0.002633333206176758
0.0025796890258789062
0.002505064010620117
0.0025653839111328125
0.0024161338806152344
0.002499818801879883
0.002485990524291992
0.0026128292083740234
0.0024073123931884766
0.0024802684783935547
0.0024073123931884766
0.002471923828125
0.0025177001953125
0.002399444580078125
0.002361297607421875
0.0023953914642333984
0.002471446990966797
0.002421140670776367
0.002535104751586914
0.0024220943450927734
0.0024271011352539062
0.0024635791778564453
0.002418041229248047
0.0024352073669433594
0.002440214157104492
0.0025620460510253906
0.002436399459838867
0.0024149417877197266
0.0024137496948242188
0.0024383068084716797
0.0024085044860839844
0.002499818801879883
0.002418994903564453
0.002524852752685547
0.0025243759155273438
0.002645254135131836
0.0025005340576171875
0.0024404525756835938
0.0026824474334716797
0.0024187564849853516
0.002566814422607422
0.0024018287658691406
0.002535104751586914
0.002449512481689453
0.0023832321166992188
0.0023920536041259766
0.0024187564849853516
0.0023970603942871094
0.002411365509033203
0.0024459362030029297
0.002393960952758789
0.0024955272674560547
0.002406597137451172
0.002396106719970703
0.0024046897888183594
0.0024051666259765625
0.0024394989013671875
0.002539396286010742
0.002428770065307617
0.002466440200805664
0.0024309158325195312
0.0024881362915039062
0.002495288848876953
0.0024709701538085938
0.002410888671875
0.002408742904663086
0.002532482147216797
0.0024154186248779297
0.002389669418334961
0.002405405044555664
0.0023889541625976562
0.002369403839111328
0.0024199485778808594
0.002421140670776367
0.002420663833618164
0.0024347305297851562
0.002418994903564453
0.0024721622467041016
0.0024073123931884766
0.002377748489379883
0.002408742904663086
0.0023941993713378906
0.0023763179779052734
0.002422332763671875
0.0023796558380126953
0.002415895462036133
0.0023946762084960938
0.002417325973510742
0.0023844242095947266
0.002405881881713867
0.0024678707122802734
0.002407073974609375
0.002386331558227539
0.00240325927734375
0.002415180206298828
0.002422809600830078
0.002433300018310547
0.0024144649505615234
0.0023910999298095703
0.0023763179779052734
0.0024170875549316406
0.0024373531341552734
0.0023956298828125
0.0025136470794677734
0.002621173858642578
0.002515077590942383
0.002554178237915039
0.0025298595428466797
0.002515554428100586
0.002618074417114258
0.0025446414947509766
0.0025446414947509766
0.0032243728637695312
0.0027620792388916016
0.003042459487915039
0.00270843505859375
0.0027565956115722656
0.0027742385864257812
0.002780437469482422
0.0030944347381591797
0.0027773380279541016
0.0028142929077148438
0.002619028091430664
0.00240325927734375
0.002393484115600586
0.00241851806640625
0.002553701400756836
0.002437114715576172
0.002436399459838867
0.002456188201904297
0.0025415420532226562
0.0024170875549316406
