0.0028591156005859375
0.0026917457580566406
0.0026128292083740234
0.002599954605102539
0.0026693344116210938
0.0026268959045410156
0.002651214599609375
0.0026886463165283203
0.0025911331176757812
0.002629995346069336
0.002665996551513672
0.002621173858642578
0.0027284622192382812
0.0026259422302246094
0.002618551254272461
0.002520322799682617
0.002573251724243164
0.0025246143341064453
0.0025148391723632812
0.002573251724243164
0.002567768096923828
0.0025756359100341797
0.0026092529296875
0.002541065216064453
0.0026586055755615234
0.0026099681854248047
0.0026760101318359375
0.002634286880493164
0.0027599334716796875
0.0027382373809814453
0.0026845932006835938
0.0027599334716796875
0.002738475799560547
0.0026731491088867188
0.0025787353515625
0.0026998519897460938
0.0026574134826660156
0.0026993751525878906
0.002692699432373047
0.00264739990234375
0.0025932788848876953
0.0026836395263671875
0.0027959346771240234
0.003047943115234375
0.002675771713256836
0.0027055740356445312
0.0026595592498779297
0.002610445022583008
0.0026826858520507812
0.0026564598083496094
0.0025815963745117188
0.0026886463165283203
0.0025987625122070312
0.0025882720947265625
0.0026733875274658203
0.002586841583251953
0.0025942325592041016
0.002668619155883789
0.002663135528564453
0.0025963783264160156
0.002613067626953125
0.002710580825805664
0.0025839805603027344
0.0025730133056640625
0.002590179443359375
0.0025892257690429688
0.0025827884674072266
0.0025942325592041016
0.002588510513305664
0.0027627944946289062
0.002672433853149414
0.0028285980224609375
0.002730131149291992
0.0028247833251953125
0.0027723312377929688
0.0028214454650878906
0.0027947425842285156
0.0028324127197265625
0.002878427505493164
0.00272369384765625
0.0029571056365966797
0.0030035972595214844
0.003038644790649414
0.002966165542602539
0.0026934146881103516
0.0026891231536865234
0.002647876739501953
0.0026950836181640625
0.0028014183044433594
0.002794027328491211
0.0026350021362304688
0.0027205944061279297
0.002677440643310547
0.0026047229766845703
0.0028815269470214844
0.002883434295654297
0.003058195114135742
0.002962350845336914
0.0028810501098632812
0.0029096603393554688
0.0029838085174560547
0.0030145645141601562
0.002871990203857422
0.0029065608978271484
0.0029344558715820312
0.0029077529907226562
0.0028808116912841797
0.0028846263885498047
0.0028982162475585938
0.002741575241088867
0.002683877944946289
0.0028247833251953125
0.0026886463165283203
0.0027043819427490234
0.0027642250061035156
0.002698183059692383
0.002659320831298828
0.002655506134033203
0.0026977062225341797
0.0026161670684814453
0.0026483535766601562
0.0028471946716308594
0.002610445022583008
0.002574443817138672
0.002607107162475586
0.002605915069580078
0.0026314258575439453
0.0027189254760742188
0.0026493072509765625
0.002666950225830078
0.0026366710662841797
0.002701997756958008
0.0026297569274902344
0.0027840137481689453
0.002740621566772461
0.0027618408203125
0.0027763843536376953
0.0027687549591064453
0.002779722213745117
0.002763032913208008
0.002677440643310547
0.0028243064880371094
0.002690553665161133
0.0028166770935058594
0.0027654170989990234
0.002866506576538086
0.002780914306640625
0.002810239791870117
0.0028922557830810547
0.002909421920776367
0.0029511451721191406
0.002806425094604492
0.002883434295654297
0.0028755664825439453
0.002777576446533203
0.002819538116455078
0.002862215042114258
0.002836465835571289
0.0028455257415771484
0.0028734207153320312
0.0028471946716308594
0.002674579620361328
0.002660036087036133
0.0029709339141845703
0.0028028488159179688
0.0026199817657470703
0.002734661102294922
0.0028235912322998047
0.0027010440826416016
0.002631664276123047
0.0027875900268554688
0.002799510955810547
0.002579212188720703
0.0028257369995117188
0.0028162002563476562
0.0026950836181640625
0.0027327537536621094
0.0028460025787353516
0.0028727054595947266
0.0025773048400878906
0.0027594566345214844
0.0027625560760498047
0.0027039051055908203
0.0028314590454101562
0.0028667449951171875
0.0028853416442871094
0.0027132034301757812
0.0027539730072021484
0.002849102020263672
0.002870798110961914
0.0027108192443847656
0.0027008056640625
0.002782106399536133
0.0027904510498046875
0.0027425289154052734
0.002729177474975586
0.0027265548706054688
0.0026471614837646484
0.002858400344848633
0.002785921096801758
0.0028982162475585938
0.0027701854705810547
0.002869844436645508
0.0030345916748046875
0.002998828887939453
0.0035326480865478516
0.0031223297119140625
0.0029785633087158203
0.0029573440551757812
0.002644777297973633
0.0028192996978759766
0.002931833267211914
0.002996683120727539
0.0027189254760742188
0.0028162002563476562
0.002950429916381836
0.0028302669525146484
0.0027005672454833984
0.0030312538146972656
0.0029647350311279297
0.002895832061767578
0.0027086734771728516
0.0028955936431884766
0.0029332637786865234
0.002862691879272461
0.0028007030487060547
0.0028710365295410156
0.002916574478149414
0.002892017364501953
0.002747058868408203
0.002877950668334961
0.002974271774291992
0.0027701854705810547
0.00278472900390625
0.0029196739196777344
0.0029320716857910156
0.0026521682739257812
0.002899646759033203
0.0029876232147216797
0.003000974655151367
0.002769947052001953
0.0029299259185791016
0.002773284912109375
0.0028798580169677734
0.002634763717651367
0.0028324127197265625
0.0028619766235351562
0.0026836395263671875
0.002708911895751953
0.002824544906616211
0.0028755664825439453
0.002689838409423828
0.002885580062866211
0.002736806869506836
0.002813100814819336
0.0026311874389648438
0.0028107166290283203
0.002675771713256836
0.0026922225952148438
0.0026607513427734375
0.002715587615966797
0.0027151107788085938
0.002646207809448242
0.0026602745056152344
0.0025920867919921875
0.0026390552520751953
0.002720355987548828
0.002664804458618164
0.0026345252990722656
0.002730131149291992
0.002628803253173828
0.0025539398193359375
0.0026051998138427734
0.0026323795318603516
0.002554655075073242
0.0025849342346191406
0.0026772022247314453
0.0027000904083251953
0.0025806427001953125
0.0026290416717529297
0.0026710033416748047
0.0026001930236816406
0.0026607513427734375
0.002479076385498047
0.002690553665161133
0.0027074813842773438
0.0026807785034179688
0.002729654312133789
0.0026531219482421875
0.002638578414916992
0.002574443817138672
0.0025992393493652344
0.0026748180389404297
0.0025582313537597656
0.002671957015991211
0.0026001930236816406
0.0026650428771972656
0.0026128292083740234
0.002644062042236328
0.0025844573974609375
0.002579927444458008
0.002604961395263672
0.0025718212127685547
0.0025975704193115234
0.002621889114379883
0.0025794506072998047
0.0027647018432617188
0.0027027130126953125
0.0026044845581054688
0.0026416778564453125
0.0026235580444335938
0.0026204586029052734
0.0025360584259033203
0.002586841583251953
0.0026428699493408203
0.002577543258666992
0.0026159286499023438
0.0025801658630371094
0.002621173858642578
0.0025908946990966797
0.0025844573974609375
0.002568483352661133
0.0025916099548339844
0.002619028091430664
0.0025856494903564453
0.0025887489318847656
0.002603769302368164
0.0026123523712158203
0.002585172653198242
0.002613544464111328
0.00257110595703125
0.002573251724243164
0.0025949478149414062
0.0025920867919921875
0.0026013851165771484
0.0026013851165771484
0.00269317626953125
0.0026352405548095703
0.002684354782104492
0.002576589584350586
0.0027000904083251953
0.002549409866333008
0.0026502609252929688
0.0026493072509765625
0.0027735233306884766
0.002588510513305664
0.0025796890258789062
0.002603769302368164
0.0026082992553710938
0.002549886703491211
0.0025904178619384766
0.0026025772094726562
0.002550840377807617
0.0026967525482177734
0.002588987350463867
0.0025970935821533203
0.0025866031646728516
0.0026323795318603516
0.0025382041931152344
0.002585887908935547
0.0025577545166015625
0.002610445022583008
0.0025539398193359375
0.0025482177734375
0.0024929046630859375
0.0025234222412109375
0.002629995346069336
0.002709627151489258
0.0026068687438964844
0.002511739730834961
0.002553701400756836
0.002521991729736328
0.0024716854095458984
0.0025720596313476562
0.002644062042236328
0.0025374889373779297
0.0025217533111572266
0.002553701400756836
0.002596616744995117
0.0025517940521240234
0.0026421546936035156
0.0025391578674316406
0.0025331974029541016
0.002588510513305664
0.002454519271850586
0.0025701522827148438
0.002565145492553711
0.002498149871826172
0.002485513687133789
0.0024802684783935547
0.0024652481079101562
0.002596139907836914
0.002565622329711914
0.002548694610595703
0.0025179386138916016
0.002620697021484375
0.002482175827026367
0.0025322437286376953
0.002661466598510742
0.002610921859741211
0.0024895668029785156
0.002469778060913086
0.0024704933166503906
0.002461671829223633
0.0024580955505371094
0.002453327178955078
0.0026323795318603516
0.002551555633544922
0.002513885498046875
0.0025789737701416016
0.0025386810302734375
0.0025110244750976562
0.0025310516357421875
0.002561807632446289
0.0025413036346435547
0.0025691986083984375
0.0026388168334960938
0.0025632381439208984
0.002599000930786133
0.0025708675384521484
0.0025358200073242188
0.0025517940521240234
0.002558469772338867
0.002561807632446289
0.0025606155395507812
0.0025589466094970703
0.002579212188720703
0.0025169849395751953
0.002601146697998047
0.0025818347930908203
0.0025534629821777344
0.002607107162475586
0.002657651901245117
0.002585887908935547
0.0026204586029052734
0.0025315284729003906
0.002596616744995117
0.002607583999633789
0.0026242733001708984
0.0026001930236816406
0.0026264190673828125
0.0026276111602783203
0.0025794506072998047
0.002509593963623047
0.0025169849395751953
0.002572774887084961
0.0025577545166015625
0.0025115013122558594
0.002547740936279297
0.002547740936279297
0.0025701522827148438
0.0025587081909179688
0.002572774887084961
0.002618074417114258
0.002618551254272461
0.002613544464111328
0.002621173858642578
0.002539396286010742
0.002568960189819336
0.0025599002838134766
0.0025691986083984375
0.0025603771209716797
0.0025606155395507812
0.002659320831298828
0.0025787353515625
0.0025370121002197266
0.0026247501373291016
0.0026092529296875
0.0025281906127929688
0.002665996551513672
0.002570629119873047
0.002608060836791992
0.0026521682739257812
0.0025513172149658203
0.002558469772338867
0.0025892257690429688
0.0025911331176757812
0.0027322769165039062
0.002978086471557617
0.0029468536376953125
0.0027043819427490234
0.002559661865234375
0.002570629119873047
0.0026144981384277344
0.002544879913330078
0.0025870800018310547
0.0025866031646728516
0.002536296844482422
0.00260162353515625
0.0026497840881347656
0.0026051998138427734
0.0025925636291503906
0.002579212188720703
0.0025756359100341797
0.0026750564575195312
0.002612590789794922
0.0025491714477539062
0.002544403076171875
0.0025720596313476562
0.002526998519897461
0.002550840377807617
0.002538919448852539
0.002576112747192383
0.002542734146118164
0.0025453567504882812
0.002537965774536133
0.00260162353515625
0.0025129318237304688
0.002592802047729492
0.002542257308959961
0.0025177001953125
0.002570629119873047
0.0025522708892822266
0.002515077590942383
0.0025701522827148438
0.0025131702423095703
0.002504110336303711
0.0025224685668945312
0.0025420188903808594
0.002510547637939453
0.0025398731231689453
0.0025739669799804688
0.0026128292083740234
0.002505064010620117
0.0025131702423095703
0.002532958984375
0.0026235580444335938
0.0024461746215820312
0.0025703907012939453
0.002477884292602539
0.002443075180053711
0.002507925033569336
0.0025773048400878906
0.002438068389892578
0.002449512481689453
0.0024518966674804688
0.0024394989013671875
0.002530813217163086
0.002460479736328125
0.0024509429931640625
0.0025284290313720703
0.0024442672729492188
0.0025343894958496094
0.0024747848510742188
0.002556324005126953
0.0025510787963867188
0.0025415420532226562
0.0025479793548583984
0.002503633499145508
0.002565145492553711
0.0026671886444091797
0.0025255680084228516
0.002531766891479492
0.002499103546142578
0.0025281906127929688
0.0025529861450195312
0.002536773681640625
0.002594470977783203
0.0025751590728759766
0.002546548843383789
0.002608776092529297
0.002568960189819336
0.002541780471801758
0.0025534629821777344
0.0026106834411621094
0.002547025680541992
0.0025365352630615234
0.002588510513305664
0.0025527477264404297
0.0025854110717773438
0.002505779266357422
0.002521514892578125
0.0025076866149902344
0.002509593963623047
0.0024726390838623047
0.0025434494018554688
0.0024869441986083984
0.0024602413177490234
0.0025475025177001953
0.0024900436401367188
0.002568960189819336
0.0025463104248046875
0.0026216506958007812
0.002557992935180664
0.0025506019592285156
0.0026161670684814453
0.0026056766510009766
0.002554178237915039
0.002683401107788086
0.002496004104614258
0.0026171207427978516
0.002590656280517578
0.0026702880859375
0.002764463424682617
0.0027174949645996094
0.002629995346069336
0.002671480178833008
0.002797365188598633
0.002726316452026367
0.0027577877044677734
0.0026521682739257812
0.002601146697998047
0.002603769302368164
0.00264739990234375
0.0025980472564697266
0.002482891082763672
0.0026769638061523438
0.0025801658630371094
0.002621889114379883
0.0025641918182373047
0.0025703907012939453
0.0025870800018310547
0.002549886703491211
0.002584695816040039
0.0026221275329589844
0.0026488304138183594
0.0026535987854003906
0.002516508102416992
0.0026998519897460938
0.0027332305908203125
0.002641439437866211
0.002691507339477539
0.0027608871459960938
0.002645730972290039
0.0027894973754882812
0.0027513504028320312
0.002765655517578125
0.0026900768280029297
0.002877950668334961
0.0029449462890625
0.0026826858520507812
0.002838134765625
0.002862691879272461
0.0027420520782470703
0.002635955810546875
0.002799510955810547
0.0027463436126708984
0.002628803253173828
0.002814769744873047
0.002735614776611328
0.002866506576538086
0.0027742385864257812
0.002885580062866211
0.002840757369995117
0.0028769969940185547
0.002689838409423828
0.0027434825897216797
0.002739429473876953
0.002600431442260742
0.002804279327392578
0.002894163131713867
0.002572298049926758
0.0027620792388916016
0.0027027130126953125
0.0028314590454101562
0.0025429725646972656
0.0028204917907714844
0.002874612808227539
0.002572298049926758
0.002773761749267578
0.0028018951416015625
0.0026383399963378906
0.0025954246520996094
0.0028209686279296875
0.002696514129638672
0.00257110595703125
0.002750396728515625
0.002748250961303711
0.0027556419372558594
0.002783060073852539
0.0028543472290039062
0.002709627151489258
0.002625703811645508
0.0028235912322998047
0.0027544498443603516
0.0027937889099121094
0.002799510955810547
0.002997875213623047
0.0028493404388427734
0.0026504993438720703
0.0028007030487060547
0.0027544498443603516
0.002618074417114258
0.0027618408203125
0.002859830856323242
0.0027091503143310547
0.0025980472564697266
0.0027709007263183594
0.00276947021484375
0.002562999725341797
0.0027108192443847656
0.0026702880859375
0.002615213394165039
0.002669811248779297
0.0026819705963134766
0.0026750564575195312
0.002632617950439453
0.0026421546936035156
0.002577543258666992
0.002612590789794922
0.0026595592498779297
0.0025691986083984375
0.0024733543395996094
0.0026116371154785156
0.002583026885986328
0.002496957778930664
0.002637147903442383
0.0025653839111328125
0.0026068687438964844
0.002679586410522461
0.0026938915252685547
0.0026068687438964844
0.002630949020385742
0.002666950225830078
0.0027108192443847656
0.002635478973388672
0.0025649070739746094
0.0024962425231933594
0.0025186538696289062
0.00254058837890625
0.002521038055419922
0.002510547637939453
0.002555370330810547
0.0024979114532470703
0.002523660659790039
0.0026183128356933594
0.0024428367614746094
0.0026552677154541016
0.002463102340698242
0.0024466514587402344
0.0025043487548828125
0.002438783645629883
0.002537965774536133
0.0024433135986328125
0.002407073974609375
0.0025119781494140625
0.0024394989013671875
0.0024824142456054688
0.0025224685668945312
0.0026187896728515625
0.0024967193603515625
0.002508878707885742
0.0024938583374023438
0.002506732940673828
0.0025300979614257812
0.0025055408477783203
0.0025010108947753906
0.0025148391723632812
0.0025339126586914062
0.0025053024291992188
0.0025718212127685547
0.0025691986083984375
0.0026121139526367188
0.0025234222412109375
0.002552509307861328
0.002557516098022461
0.002553701400756836
0.0025501251220703125
0.0025370121002197266
0.00255584716796875
0.002546548843383789
0.0025482177734375
0.0025680065155029297
0.0025942325592041016
0.0025472640991210938
0.0025730133056640625
0.002522706985473633
0.002554655075073242
0.0025582313537597656
0.0025801658630371094
0.0025687217712402344
0.0025529861450195312
0.0025146007537841797
0.002504587173461914
0.002501964569091797
0.0025153160095214844
0.0025229454040527344
0.002610921859741211
0.0025331974029541016
0.0024995803833007812
0.002505779266357422
0.002507925033569336
0.0025272369384765625
0.0025136470794677734
0.0024955272674560547
0.0025522708892822266
0.002500772476196289
0.0025637149810791016
0.002619028091430664
0.0025587081909179688
0.002583026885986328
0.0025589466094970703
0.0025491714477539062
0.0025434494018554688
0.002537965774536133
0.0025484561920166016
0.0025637149810791016
0.002559661865234375
0.0025310516357421875
0.0025894641876220703
0.0025141239166259766
0.0025413036346435547
0.002498626708984375
0.0026159286499023438
0.002637147903442383
0.0026192665100097656
0.0026645660400390625
0.0025451183319091797
0.002549409866333008
0.002613067626953125
0.0026161670684814453
0.002732515335083008
0.002866983413696289
0.002605915069580078
0.0026557445526123047
0.002603769302368164
0.0025877952575683594
0.0026416778564453125
0.002646923065185547
0.002682924270629883
0.0026390552520751953
0.0025458335876464844
0.0025739669799804688
0.002547025680541992
0.0025925636291503906
0.002576112747192383
0.002558469772338867
0.0027031898498535156
0.002565145492553711
0.002549409866333008
0.002755880355834961
0.0028808116912841797
0.0030090808868408203
0.0030050277709960938
0.0029778480529785156
0.0029723644256591797
0.0029447078704833984
0.002880573272705078
0.0028460025787353516
0.00302886962890625
0.0027968883514404297
0.002679109573364258
0.0028121471405029297
0.0028684139251708984
0.002819061279296875
0.0026760101318359375
0.002763986587524414
0.002697467803955078
0.0025751590728759766
0.002671957015991211
0.0026149749755859375
0.0025947093963623047
0.0026366710662841797
0.0026884078979492188
0.002494335174560547
0.002635478973388672
0.002599000930786133
0.002555370330810547
0.002582073211669922
0.0025429725646972656
0.0025453567504882812
0.0026116371154785156
0.0026121139526367188
0.0025415420532226562
0.002649068832397461
0.0025413036346435547
0.0025000572204589844
0.0026750564575195312
0.0025787353515625
0.002546548843383789
0.002590656280517578
0.0025980472564697266
0.0026044845581054688
0.002576112747192383
0.00260162353515625
0.0025146007537841797
0.002624988555908203
0.0025641918182373047
0.0025453567504882812
0.002565145492553711
0.0024411678314208984
0.002567768096923828
0.002594470977783203
0.0025246143341064453
0.0025463104248046875
0.0025205612182617188
0.0025534629821777344
0.0025627613067626953
0.0025510787963867188
0.002511739730834961
0.002554178237915039
0.0025272369384765625
0.0025358200073242188
0.002508401870727539
0.002518177032470703
0.002533435821533203
0.0025420188903808594
0.0025207996368408203
0.002595663070678711
0.002568960189819336
0.0025086402893066406
0.002604961395263672
0.0025644302368164062
0.0025644302368164062
0.002509593963623047
0.0025031566619873047
0.002510547637939453
0.002493143081665039
0.0025568008422851562
0.002516508102416992
0.0024917125701904297
0.0025315284729003906
0.0026350021362304688
0.002559185028076172
0.002648591995239258
0.002562284469604492
0.0025358200073242188
0.0025353431701660156
0.002544403076171875
0.0026166439056396484
0.0025167465209960938
0.0024619102478027344
0.0024178028106689453
0.0025212764739990234
0.002437591552734375
0.0024209022521972656
0.0025200843811035156
0.0024726390838623047
0.0024864673614501953
0.002445220947265625
0.002477407455444336
0.0024847984313964844
0.00255584716796875
0.0025267601013183594
0.002515077590942383
0.0025305747985839844
0.002485036849975586
0.0026640892028808594
0.0026290416717529297
0.002525806427001953
0.002573251724243164
0.002538442611694336
0.002526521682739258
0.002567768096923828
0.0025627613067626953
0.002559661865234375
0.0026061534881591797
0.0026040077209472656
0.002617359161376953
0.002721548080444336
0.0027282238006591797
0.0026149749755859375
0.002987384796142578
0.0027463436126708984
0.002762317657470703
0.0027027130126953125
0.002889871597290039
0.0029761791229248047
0.0028061866760253906
0.0027370452880859375
0.002828359603881836
0.002872943878173828
0.0025453567504882812
0.0027687549591064453
0.002902507781982422
0.002877950668334961
0.002733469009399414
0.002847433090209961
0.0028896331787109375
0.002750873565673828
0.0027146339416503906
0.002859830856323242
0.0028960704803466797
0.0026535987854003906
0.0028076171875
0.002805948257446289
0.0026848316192626953
0.002637147903442383
0.0027916431427001953
0.002782106399536133
0.002624988555908203
0.002669095993041992
0.0026285648345947266
0.0026388168334960938
0.0026006698608398438
0.002658367156982422
0.002534151077270508
0.002834320068359375
0.0025975704193115234
0.0025479793548583984
0.0026226043701171875
0.002619028091430664
0.0026650428771972656
0.0026502609252929688
0.0026826858520507812
0.0027179718017578125
0.002709627151489258
0.002794981002807617
0.0026559829711914062
0.0026056766510009766
