13.976313945344923
13.976313945344923
13.134277681570545
13.134277681570545
13.134277681570545
13.134277681570545
13.134277681570545
13.134277681570545
12.39820121358343
12.39820121358343
12.171344706159186
12.171344706159186
12.171344706159186
12.171344706159186
12.171344706159186
10.917779943860044
10.917779943860044
10.832193277358215
10.832193277358215
10.832193277358215
10.832193277358215
10.184844860544217
10.184844860544217
10.184844860544217
10.184844860544217
10.184844860544217
10.184844860544217
10.184844860544217
10.184844860544217
10.184844860544217
10.184844860544217
10.184844860544217
10.184844860544217
10.184844860544217
10.184844860544217
10.184844860544217
10.184844860544217
10.184844860544217
10.184844860544217
10.184844860544217
10.184844860544217
10.184844860544217
10.184844860544217
10.184844860544217
10.184844860544217
10.184844860544217
10.184844860544217
10.184844860544217
10.184844860544217
10.169410306234585
10.169410306234585
10.169410306234585
10.169410306234585
10.169410306234585
10.169410306234585
10.169410306234585
10.169410306234585
10.169410306234585
10.169410306234585
10.169410306234585
9.937126463681164
9.937126463681164
9.937126463681164
9.937126463681164
9.937126463681164
9.937126463681164
9.937126463681164
9.937126463681164
9.008985666390245
9.008985666390245
9.008985666390245
9.008985666390245
7.117578476975474
7.117578476975474
7.117578476975474
7.117578476975474
7.117578476975474
7.117578476975474
7.117578476975474
7.117578476975474
7.117578476975474
7.117578476975474
7.117578476975474
7.117578476975474
7.117578476975474
7.117578476975474
7.117578476975474
7.117578476975474
7.117578476975474
7.117578476975474
7.117578476975474
7.117578476975474
7.117578476975474
7.117578476975474
7.117578476975474
7.117578476975474
7.117578476975474
7.117578476975474
7.117578476975474
7.117578476975474
7.117578476975474
7.117578476975474
7.117578476975474
7.117578476975474
7.117578476975474
7.117578476975474
7.117578476975474
7.117578476975474
7.117578476975474
7.117578476975474
7.117578476975474
7.117578476975474
7.117578476975474
7.117578476975474
7.117578476975474
7.117578476975474
7.117578476975474
7.117578476975474
6.998903815231415
6.998903815231415
6.998903815231415
6.998903815231415
6.998903815231415
6.878012795087102
6.878012795087102
6.620733499497419
6.620733499497419
6.620733499497419
6.620733499497419
6.620733499497419
6.620733499497419
6.620733499497419
6.620733499497419
6.620733499497419
6.620733499497419
6.620733499497419
6.481323079383493
6.481323079383493
6.481323079383493
6.481323079383493
6.470457451307119
6.470457451307119
6.470457451307119
6.470457451307119
6.470457451307119
6.470457451307119
6.470457451307119
6.470457451307119
5.179971103670852
5.179971103670852
5.179971103670852
5.179971103670852
5.179971103670852
5.179971103670852
5.179971103670852
5.179971103670852
5.179971103670852
5.179971103670852
5.179971103670852
5.179971103670852
5.179971103670852
5.179971103670852
5.179971103670852
5.179971103670852
5.179971103670852
5.179971103670852
5.179971103670852
5.179971103670852
5.027122344647765
5.027122344647765
5.027122344647765
5.027122344647765
5.027122344647765
5.027122344647765
5.027122344647765
4.468349627525114
4.468349627525114
4.468349627525114
4.468349627525114
4.468349627525114
4.468349627525114
4.468349627525114
4.468349627525114
4.468349627525114
4.468349627525114
4.468349627525114
4.468349627525114
4.468349627525114
4.468349627525114
4.468349627525114
4.468349627525114
4.468349627525114
4.468349627525114
4.468349627525114
4.468349627525114
4.468349627525114
4.468349627525114
4.405162106713526
4.405162106713526
4.405162106713526
4.405162106713526
4.3987815034666085
4.3987815034666085
4.3987815034666085
4.3987815034666085
4.3987815034666085
4.3987815034666085
4.359973697083603
4.359973697083603
4.343052185605799
4.343052185605799
4.343052185605799
4.343052185605799
4.14037093322316
4.14037093322316
4.14037093322316
4.14037093322316
4.14037093322316
4.14037093322316
4.14037093322316
4.14037093322316
4.14037093322316
3.874962549962518
3.874962549962518
3.874962549962518
3.874962549962518
3.874962549962518
3.874962549962518
3.874962549962518
3.874962549962518
3.874962549962518
3.874962549962518
3.868605084565935
3.868605084565935
3.868605084565935
3.868605084565935
3.868605084565935
3.868605084565935
3.868605084565935
3.7774271875971976
3.7774271875971976
3.7774271875971976
3.7774271875971976
3.7774271875971976
3.7674767283886936
3.7674767283886936
3.7674767283886936
3.7674767283886936
3.7674767283886936
3.7674767283886936
3.7674767283886936
3.7674767283886936
3.7674767283886936
3.7674767283886936
3.7671077626732554
3.7290598198005824
3.7290598198005824
3.567518064626796
3.567518064626796
3.567518064626796
3.567518064626796
3.567518064626796
3.567518064626796
3.567518064626796
3.5370769169310208
3.402072830372397
3.402072830372397
3.402072830372397
2.9882162698130585
2.9882162698130585
2.9882162698130585
2.9882162698130585
2.9882162698130585
2.9882162698130585
2.9882162698130585
2.9882162698130585
2.9882162698130585
2.9882162698130585
2.9882162698130585
2.9882162698130585
2.9882162698130585
2.9882162698130585
2.9882162698130585
2.9882162698130585
2.9882162698130585
2.9882162698130585
2.9882162698130585
2.9882162698130585
2.9882162698130585
2.9882162698130585
2.9882162698130585
2.9882162698130585
2.9882162698130585
2.9882162698130585
2.9882162698130585
2.9882162698130585
2.9882162698130585
2.9882162698130585
2.9882162698130585
2.9882162698130585
2.9882162698130585
2.9882162698130585
2.9882162698130585
2.9882162698130585
2.9882162698130585
2.8466505733046503
2.8466505733046503
2.8466505733046503
2.8466505733046503
2.8466505733046503
2.8466505733046503
2.8466505733046503
2.8466505733046503
2.8466505733046503
2.8466505733046503
2.8466505733046503
2.8466505733046503
2.8466505733046503
2.8466505733046503
2.733320888651228
2.733320888651228
2.733320888651228
2.733320888651228
2.720271714161214
2.720271714161214
2.720271714161214
2.6722641390106077
2.6722641390106077
2.6722641390106077
2.6722641390106077
2.6722641390106077
2.6722641390106077
2.5974388735588008
2.5974388735588008
2.5974388735588008
2.5974388735588008
2.5974388735588008
2.369485295017782
2.369485295017782
2.369485295017782
2.369485295017782
2.369485295017782
2.369485295017782
2.369485295017782
2.369485295017782
2.369485295017782
2.369485295017782
2.140593821024062
2.140593821024062
2.140593821024062
2.140593821024062
2.140593821024062
2.140593821024062
2.140593821024062
2.140593821024062
2.140593821024062
1.9712476095227132
1.9712476095227132
1.9712476095227132
1.9712476095227132
1.9712476095227132
1.9712476095227132
1.9712476095227132
1.9712476095227132
1.9712476095227132
1.9712476095227132
1.9712476095227132
1.9712476095227132
1.9712476095227132
1.9712476095227132
1.9712476095227132
1.9712476095227132
1.9712476095227132
1.9712476095227132
1.9712476095227132
1.9712476095227132
1.9712476095227132
1.9712476095227132
1.9712476095227132
1.9712476095227132
1.9712476095227132
1.9712476095227132
1.9133614991182029
1.9133614991182029
1.9133614991182029
1.9133614991182029
1.9133614991182029
1.9133614991182029
1.7545218888398821
1.7545218888398821
1.7545218888398821
1.7545218888398821
1.7545218888398821
1.7545218888398821
1.7545218888398821
1.7545218888398821
1.7545218888398821
1.733544731823649
1.733544731823649
1.667103975361293
1.6490971035637472
1.6490971035637472
1.6490971035637472
1.6490971035637472
1.6490971035637472
1.6490971035637472
1.6490971035637472
1.6490971035637472
1.6490971035637472
1.6490971035637472
1.6490971035637472
1.5085428991093366
1.5085428991093366
1.5085428991093366
1.5085428991093366
1.5085428991093366
1.5085428991093366
1.5085428991093366
1.5085428991093366
1.5085428991093366
1.5085428991093366
1.5085428991093366
1.5085428991093366
1.5085428991093366
1.5085428991093366
1.5085428991093366
1.5085428991093366
1.5085428991093366
1.5085428991093366
1.5085428991093366
1.5085428991093366
1.5085428991093366
1.5085428991093366
1.5085428991093366
1.5085428991093366
1.5085428991093366
1.4692672694788271
1.4692672694788271
1.4692672694788271
1.4692672694788271
1.4692672694788271
1.4692672694788271
1.4692672694788271
1.4692672694788271
1.4692672694788271
1.4692672694788271
1.4692672694788271
1.4504548776826098
1.4504548776826098
1.4504548776826098
1.4504548776826098
1.4504548776826098
1.4504548776826098
1.3669236742865678
1.3669236742865678
1.3519002399271045
1.3519002399271045
1.3519002399271045
1.3519002399271045
1.3519002399271045
1.3519002399271045
1.3519002399271045
1.3519002399271045
1.2520543230072931
1.2520543230072931
1.2520543230072931
1.2520543230072931
1.2520543230072931
1.2520543230072931
1.2520543230072931
1.2520543230072931
1.2520543230072931
1.2520543230072931
1.2520543230072931
1.2520543230072931
1.2520543230072931
1.2520543230072931
1.2520543230072931
1.2520543230072931
1.2520543230072931
1.2520543230072931
1.2520543230072931
1.2520543230072931
1.2520543230072931
1.2520543230072931
1.2520543230072931
1.2520543230072931
1.2520543230072931
1.2520543230072931
1.224081478602045
1.224081478602045
1.197456128714805
1.1374050674721587
1.1374050674721587
1.1374050674721587
1.1374050674721587
1.1374050674721587
1.1374050674721587
1.1374050674721587
1.1374050674721587
1.1374050674721587
1.0479818346799163
1.0479818346799163
1.0479818346799163
1.0479818346799163
1.0479818346799163
1.0479818346799163
1.0479818346799163
1.0479818346799163
1.0479818346799163
1.0479818346799163
1.0479818346799163
1.0479818346799163
1.0479818346799163
1.0479818346799163
1.0388085157623408
1.0388085157623408
1.0388085157623408
1.0388085157623408
1.0388085157623408
1.0388085157623408
1.0388085157623408
1.007693151029315
1.007693151029315
1.007693151029315
1.007693151029315
1.007693151029315
1.007693151029315
1.007693151029315
1.007693151029315
1.007693151029315
1.007693151029315
1.007693151029315
1.007693151029315
1.007693151029315
1.007693151029315
1.0050391200949917
1.0050391200949917
1.0050391200949917
1.0050391200949917
1.0050391200949917
1.0050391200949917
1.0050391200949917
1.0050391200949917
1.0050391200949917
1.0050391200949917
1.0050391200949917
1.0050391200949917
1.0050391200949917
1.0050391200949917
0.9948083277055773
0.9948083277055773
0.9948083277055773
0.9948083277055773
0.9948083277055773
0.9948083277055773
0.9635211086247395
0.9635211086247395
0.9635211086247395
0.9635211086247395
0.9635211086247395
0.9635211086247395
0.9635211086247395
0.9433637904426178
0.9433637904426178
0.9433637904426178
0.9433637904426178
0.9433637904426178
0.9433637904426178
0.9433637904426178
0.9413899081714163
0.9413899081714163
0.9353453145293358
0.9307161374151889
0.9307161374151889
0.9307161374151889
0.9307161374151889
0.9307161374151889
0.9006554780328102
0.9006554780328102
0.9006554780328102
0.9006554780328102
0.9006554780328102
0.8883884531252164
0.8883884531252164
0.8883884531252164
0.8883884531252164
0.8883884531252164
0.8883884531252164
0.8883884531252164
0.8883884531252164
0.8777444156472214
0.8777444156472214
0.8777444156472214
0.8777444156472214
0.8522746697939709
0.8522746697939709
0.8280603604006274
0.8280603604006274
0.8280603604006274
0.8280603604006274
0.8280603604006274
0.8280603604006274
0.8280603604006274
0.8280603604006274
0.8280603604006274
0.8261939832203069
0.8261939832203069
0.8261939832203069
0.8261939832203069
0.820450672257742
0.820450672257742
0.820450672257742
0.820450672257742
0.820450672257742
0.820450672257742
0.8147678191120207
0.7943510142365611
0.7943510142365611
0.7943510142365611
0.7847328374589964
0.7847328374589964
0.7847328374589964
0.7847328374589964
0.7847328374589964
0.6943191837369724
0.6943191837369724
0.6943191837369724
0.6943191837369724
0.6943191837369724
0.6943191837369724
0.6943191837369724
0.6943191837369724
0.6943191837369724
0.6943191837369724
0.6943191837369724
0.6943191837369724
0.6943191837369724
0.6832859120062764
0.6832859120062764
0.6832859120062764
0.5271478192125443
0.5271478192125443
0.5271478192125443
0.5271478192125443
0.5271478192125443
0.5271478192125443
0.5271478192125443
0.5271478192125443
0.5271478192125443
0.5271478192125443
0.5271478192125443
0.5271478192125443
0.5271478192125443
0.5271478192125443
0.5271478192125443
0.5271478192125443
0.5271478192125443
0.5123154821015987
0.5123154821015987
0.5123154821015987
0.5123154821015987
0.5123154821015987
0.5123154821015987
0.5123154821015987
0.5123154821015987
0.5123154821015987
0.5123154821015987
0.5123154821015987
0.5123154821015987
0.5123154821015987
0.5123154821015987
0.5123154821015987
0.5123154821015987
0.5123154821015987
0.5123154821015987
0.5123154821015987
0.5123154821015987
0.5123154821015987
0.5123154821015987
0.5123154821015987
0.5123154821015987
0.5006605298912987
0.5006605298912987
0.5006605298912987
0.5006605298912987
0.49843965169329607
0.49216372512223217
0.49216372512223217
0.49216372512223217
0.49216372512223217
0.49216372512223217
0.49216372512223217
0.49216372512223217
0.481323648383281
0.481323648383281
0.481323648383281
0.481323648383281
0.481323648383281
0.481323648383281
0.481323648383281
0.481323648383281
0.481323648383281
0.46673460674929856
0.46673460674929856
0.46673460674929856
0.46673460674929856
0.46673460674929856
0.46673460674929856
0.46673460674929856
0.46673460674929856
0.46673460674929856
0.46673460674929856
0.46673460674929856
0.46673460674929856
0.46673460674929856
0.46673460674929856
0.43967760467060657
0.43967760467060657
0.43967760467060657
0.43967760467060657
0.43967760467060657
0.43967760467060657
0.43967760467060657
0.43967760467060657
0.43967760467060657
0.43967760467060657
0.43967760467060657
0.43967760467060657
0.43967760467060657
0.43967760467060657
0.43967760467060657
0.43967760467060657
0.43967760467060657
0.433488460855429
0.433488460855429
0.433488460855429
0.42430646916655945
0.42430646916655945
0.42430646916655945
0.42430646916655945
0.42430646916655945
0.42430646916655945
0.42430646916655945
0.42430646916655945
0.42430646916655945
0.42430646916655945
0.42430646916655945
0.4191576970415696
0.40666558996342417
0.40666558996342417
0.40504232118681216
0.40504232118681216
0.40504232118681216
0.40504232118681216
0.40203499694491285
0.40203499694491285
0.3922560681453291
0.3841248629490508
0.3841248629490508
0.3841248629490508
0.3841248629490508
0.3841248629490508
0.3841248629490508
0.3841248629490508
0.3841248629490508
0.3841248629490508
0.3841248629490508
0.3841248629490508
0.3841248629490508
0.3841248629490508
0.3841248629490508
0.3841248629490508
0.3841248629490508
0.3810334975544407
0.3810334975544407
0.3810334975544407
0.3810334975544407
0.35705985106306315
0.35705985106306315
0.35705985106306315
0.35705985106306315
0.35705985106306315
0.35705985106306315
0.35705985106306315
0.35705985106306315
0.35705985106306315
0.35705985106306315
0.35705985106306315
0.3239959433524007
0.3239959433524007
0.3239959433524007
0.3239959433524007
0.3239959433524007
0.3239959433524007
0.3239959433524007
0.3239959433524007
0.3239959433524007
0.3226177918498223
0.3226177918498223
0.29086444891775187
0.29086444891775187
0.29086444891775187
0.29086444891775187
0.29086444891775187
0.29086444891775187
0.29086444891775187
0.29086444891775187
0.29086444891775187
0.29086444891775187
0.29086444891775187
0.29086444891775187
0.29086444891775187
0.29086444891775187
0.29086444891775187
0.29086444891775187
0.29086444891775187
0.29086444891775187
0.29086444891775187
0.29086444891775187
0.29086444891775187
0.29086444891775187
0.29086444891775187
0.29086444891775187
0.29060391445194966
0.29060391445194966
0.29060391445194966
0.28268377444077686
0.2817682414262279
0.2817682414262279
0.2817682414262279
0.2817682414262279
0.2817682414262279
0.2817682414262279
0.2817682414262279
0.2817682414262279
0.2817682414262279
0.2817682414262279
0.2817682414262279
0.2817682414262279
0.27289886275164577
0.27289886275164577
0.27289886275164577
0.27289886275164577
0.27287584946293464
0.27287584946293464
0.27287584946293464
0.27287584946293464
0.27287584946293464
0.2703464538598084
0.2703464538598084
0.26028111182664304
0.26028111182664304
0.26028111182664304
0.26028111182664304
0.26028111182664304
0.2555380416024988
0.2555380416024988
0.2555380416024988
0.2555380416024988
0.2552848199579927
0.24375732634543823
0.24375732634543823
0.2261833103074764
0.2261833103074764
0.2261833103074764
0.2261833103074764
0.21400095951552345
0.21400095951552345
0.21400095951552345
0.21400095951552345
0.21400095951552345
0.21400095951552345
0.21400095951552345
0.21400095951552345
0.21400095951552345
0.21400095951552345
0.21400095951552345
0.21400095951552345
0.21400095951552345
0.21400095951552345
0.21400095951552345
0.21400095951552345
0.21400095951552345
0.21400095951552345
0.21400095951552345
0.21400095951552345
0.21400095951552345
0.21400095951552345
0.21400095951552345
0.21400095951552345
0.21400095951552345
0.21229981443944723
0.21229981443944723
0.21229981443944723
0.21229981443944723
0.2084189575983615
0.2084189575983615
0.2084189575983615
0.2084189575983615
0.20560415857013936
0.20560415857013936
0.20560415857013936
0.20560415857013936
0.20560415857013936
0.20560415857013936
0.20560415857013936
0.20560415857013936
0.20560415857013936
0.20560415857013936
0.19501174083455908
0.19501174083455908
0.19501174083455908
0.19501174083455908
0.19501174083455908
0.19501174083455908
0.19501174083455908
0.1863647783486897
0.1863647783486897
0.1863647783486897
0.1863647783486897
0.1863647783486897
0.1863647783486897
0.1863647783486897
0.1838227977933471
0.1838227977933471
0.1838227977933471
0.1838227977933471
0.18272770596497168
0.18272770596497168
0.18210385545167185
0.176814743771466
0.17334625798510928
0.17334625798510928
0.17334625798510928
0.16729222273310995
0.16729222273310995
0.16729222273310995
0.16729222273310995
0.16729222273310995
0.15431736597688683
0.15431736597688683
0.15431736597688683
0.15431736597688683
0.15431736597688683
0.15431736597688683
0.15431736597688683
0.15431736597688683
0.15431736597688683
0.15431736597688683
0.15431736597688683
0.15431736597688683
0.15431736597688683
0.15431736597688683
0.15431736597688683
0.15002786389286626
0.15002786389286626
0.15002786389286626
0.15002786389286626
0.15002786389286626
0.15002786389286626
0.15002786389286626
0.14516774293255708
0.14516774293255708
0.14516774293255708
0.14516774293255708
0.14516774293255708
0.14516774293255708
0.14516774293255708
0.13430855525899688
0.13430855525899688
0.13430855525899688
0.13430855525899688
0.13430855525899688
0.13430855525899688
0.13430855525899688
0.13430855525899688
0.13430855525899688
0.13430855525899688
0.13430855525899688
0.13430855525899688
0.13430855525899688
0.13430855525899688
0.13430855525899688
0.13430855525899688
0.13430855525899688
0.13430855525899688
0.13430855525899688
0.13430855525899688
0.13430855525899688
0.13430855525899688
0.13430855525899688
0.13430855525899688
0.13430855525899688
0.1251806867971439
0.1251806867971439
0.11429501494150429
0.11429501494150429
0.11429501494150429
0.11429501494150429
