0.008620023727416992
0.008561134338378906
0.008619070053100586
0.008544921875
0.008551359176635742
0.008569955825805664
0.009418010711669922
0.01016378402709961
0.009209394454956055
0.008797168731689453
0.008836746215820312
0.008834123611450195
0.008874654769897461
0.008537054061889648
0.008619070053100586
0.009041070938110352
0.008991241455078125
0.008803606033325195
0.008873224258422852
0.008849143981933594
0.008595943450927734
0.008783340454101562
0.00871896743774414
0.008509397506713867
0.008807659149169922
0.00850367546081543
0.008517265319824219
0.008530616760253906
0.008640050888061523
0.00850367546081543
0.008383035659790039
0.008531332015991211
0.008601188659667969
0.008421659469604492
0.008595705032348633
0.0085906982421875
0.008717536926269531
0.008867502212524414
0.008780479431152344
0.008726119995117188
0.008817911148071289
0.008840084075927734
0.008862495422363281
0.008619546890258789
0.00876927375793457
0.008805990219116211
0.008766412734985352
0.009013652801513672
0.008902549743652344
0.008838653564453125
0.009000778198242188
0.009204626083374023
0.008972883224487305
0.008736610412597656
0.008866310119628906
0.008946657180786133
0.008638620376586914
0.008901834487915039
0.009274482727050781
0.009222745895385742
0.009480714797973633
0.009538650512695312
0.009490489959716797
0.0095367431640625
0.009141921997070312
0.008706808090209961
0.008755207061767578
0.008626461029052734
0.008972883224487305
0.008786678314208984
0.008963346481323242
0.009165287017822266
0.009290218353271484
0.009110450744628906
0.009057760238647461
0.009116888046264648
0.008814096450805664
0.009244918823242188
0.008942604064941406
0.009014368057250977
0.008475542068481445
0.008723258972167969
0.008819818496704102
0.008831501007080078
0.008819341659545898
0.008462667465209961
0.00859832763671875
0.008812665939331055
0.008851051330566406
0.008757352828979492
0.009134769439697266
0.009017705917358398
0.008848905563354492
0.009294986724853516
0.00933384895324707
0.009315967559814453
0.009104013442993164
0.009046554565429688
0.008884429931640625
0.008893489837646484
0.008750200271606445
0.009170293807983398
0.008866548538208008
0.008732080459594727
0.008916378021240234
0.008871078491210938
0.009292125701904297
0.009114265441894531
0.009179830551147461
0.008804798126220703
0.008921384811401367
0.009024620056152344
0.009083271026611328
0.008788585662841797
0.00878286361694336
0.008894681930541992
0.008649349212646484
0.008975744247436523
0.008905887603759766
0.00885462760925293
0.008855104446411133
0.008881330490112305
0.008967399597167969
0.008756399154663086
0.00911092758178711
0.008944034576416016
0.009204864501953125
0.009274721145629883
0.009933948516845703
0.00951075553894043
0.0092926025390625
0.009382486343383789
0.009202241897583008
0.0091094970703125
0.009229421615600586
0.009621143341064453
0.009254693984985352
0.009671211242675781
0.0089874267578125
0.009096860885620117
0.008845329284667969
0.008810997009277344
0.008925914764404297
0.00896453857421875
0.008887767791748047
0.008710145950317383
0.008794307708740234
0.00871419906616211
0.00855875015258789
0.008957386016845703
0.008732318878173828
0.008581399917602539
0.008580684661865234
0.008516073226928711
0.008426904678344727
0.008339405059814453
0.008414268493652344
0.008437871932983398
0.008393049240112305
0.008467912673950195
0.008528709411621094
0.008436441421508789
0.008841991424560547
0.009187936782836914
0.008756637573242188
0.008967161178588867
0.009042978286743164
0.009156465530395508
0.009096860885620117
0.00878286361694336
0.009065389633178711
0.009026527404785156
0.009409904479980469
0.010306835174560547
0.009985208511352539
0.009880781173706055
0.009568929672241211
0.00972890853881836
0.010087728500366211
0.009765386581420898
0.009589195251464844
0.009642362594604492
0.009677648544311523
0.009566783905029297
0.009239912033081055
0.009219884872436523
0.00906062126159668
0.00915670394897461
0.009369611740112305
0.00939035415649414
0.009405136108398438
0.009528160095214844
0.008777618408203125
0.008656024932861328
0.008900642395019531
0.00853276252746582
0.008548736572265625
0.00849151611328125
0.008699417114257812
0.008625268936157227
0.009187698364257812
0.009047985076904297
0.009196996688842773
0.009670019149780273
0.009415149688720703
0.00942087173461914
0.009275436401367188
0.009090185165405273
0.009235382080078125
0.009195089340209961
0.009122133255004883
0.009305477142333984
0.009041070938110352
0.009018898010253906
0.008930206298828125
0.009447336196899414
0.009700298309326172
0.009782552719116211
0.009728431701660156
0.009492874145507812
0.00930023193359375
0.009234428405761719
0.009108781814575195
0.009322404861450195
0.009015083312988281
0.008674144744873047
0.009032726287841797
0.010341167449951172
0.009915590286254883
0.009064197540283203
0.008719682693481445
0.008657455444335938
0.009102344512939453
0.008738517761230469
0.00872349739074707
0.00899052619934082
0.008656501770019531
0.009056568145751953
0.008830070495605469
0.008630752563476562
0.008780956268310547
0.00887751579284668
0.008818626403808594
0.008787155151367188
0.008845806121826172
0.008543968200683594
0.008690118789672852
0.00863504409790039
0.008660078048706055
0.008711099624633789
0.00847315788269043
0.00851750373840332
0.008623361587524414
0.008243560791015625
0.008504390716552734
0.008818626403808594
0.008510828018188477
0.008623123168945312
0.00884389877319336
0.008632421493530273
0.008899688720703125
0.008594036102294922
0.008474588394165039
0.008555412292480469
0.00850224494934082
0.008476495742797852
0.008563518524169922
0.008420705795288086
0.00845479965209961
0.00841522216796875
0.008561134338378906
0.008448362350463867
0.008554458618164062
0.008421659469604492
0.008584022521972656
0.008581161499023438
0.00874471664428711
0.008755683898925781
0.008625984191894531
0.008570432662963867
0.008457183837890625
0.008476018905639648
0.008456945419311523
0.008848190307617188
0.00890970230102539
0.008807897567749023
0.008984565734863281
0.008656024932861328
0.009124994277954102
0.009160518646240234
0.008709430694580078
0.008536100387573242
0.008831501007080078
0.008694648742675781
0.008864641189575195
0.008640766143798828
0.008489131927490234
0.008524417877197266
0.008693933486938477
0.008673667907714844
0.00899362564086914
0.008853912353515625
0.008614540100097656
0.008754491806030273
0.008716106414794922
0.008977174758911133
0.008784055709838867
0.008561849594116211
0.008555889129638672
0.008609294891357422
0.00879812240600586
0.008872509002685547
0.00891733169555664
0.008808374404907227
0.008743524551391602
0.009027242660522461
0.008756160736083984
0.009791374206542969
0.009820222854614258
0.009622335433959961
0.009474992752075195
0.009438037872314453
0.009811162948608398
0.008967399597167969
0.00892496109008789
0.00917506217956543
0.008811235427856445
0.008811712265014648
0.009198904037475586
0.008838176727294922
0.00880742073059082
0.008956432342529297
0.009120702743530273
0.009390830993652344
0.009151220321655273
0.009079456329345703
0.00929117202758789
0.00915980339050293
0.009513616561889648
0.009784221649169922
0.009207725524902344
0.009003639221191406
0.009006738662719727
0.00899648666381836
0.009621143341064453
0.009328126907348633
0.00926971435546875
0.009051322937011719
0.009111881256103516
0.009502410888671875
0.010302305221557617
0.010202646255493164
0.009888887405395508
0.009796619415283203
0.009713172912597656
0.009308576583862305
0.008903741836547852
0.009130716323852539
0.009045600891113281
0.00896310806274414
0.009291648864746094
0.00945281982421875
0.009015321731567383
0.008883953094482422
0.008981466293334961
0.009358644485473633
0.009415388107299805
0.00919961929321289
0.009162187576293945
0.009125947952270508
0.009218692779541016
0.009307622909545898
0.008792877197265625
0.009030342102050781
0.008826971054077148
0.008634090423583984
0.009056806564331055
0.008800983428955078
0.00874948501586914
0.00881648063659668
0.008637189865112305
0.008906364440917969
0.009142398834228516
0.008705615997314453
0.008879661560058594
0.008677482604980469
0.008767127990722656
0.009376764297485352
0.008969545364379883
0.00885915756225586
0.00886988639831543
0.008646488189697266
0.00950479507446289
0.00959014892578125
0.009105205535888672
0.008756637573242188
0.00880289077758789
0.008925437927246094
0.0090789794921875
0.008744955062866211
0.008736610412597656
0.008960962295532227
0.008620023727416992
0.008907794952392578
0.00882577896118164
0.008763313293457031
0.008948326110839844
0.009705781936645508
0.009389638900756836
0.009184598922729492
0.009105682373046875
0.00878453254699707
0.009037971496582031
0.00885319709777832
0.008849382400512695
0.008931875228881836
0.008634805679321289
0.008937358856201172
0.009000778198242188
0.00920248031616211
0.009135246276855469
0.009084701538085938
0.008709192276000977
0.00927734375
0.009667634963989258
0.009775400161743164
0.009883880615234375
0.009883642196655273
0.009002685546875
0.009136676788330078
0.00927424430847168
0.009160518646240234
0.009127616882324219
0.009969949722290039
0.009912967681884766
0.009706974029541016
0.009438037872314453
0.00948476791381836
0.00949859619140625
0.009262800216674805
0.009361982345581055
0.009323835372924805
0.008865833282470703
0.009150266647338867
0.00912022590637207
0.009038209915161133
0.00895380973815918
0.009372711181640625
0.010493993759155273
0.009786128997802734
0.009219169616699219
0.009640693664550781
0.009313821792602539
0.009098529815673828
0.00919342041015625
0.00893855094909668
0.009122848510742188
0.009104013442993164
0.00919485092163086
0.00913858413696289
0.009278059005737305
0.009933233261108398
0.009999990463256836
0.009976863861083984
0.009550809860229492
0.009655475616455078
0.008916139602661133
0.008683443069458008
0.008968830108642578
0.008544445037841797
0.008631706237792969
0.008771181106567383
0.008776426315307617
0.008840084075927734
0.008864879608154297
0.00906062126159668
0.010265111923217773
0.009901762008666992
0.009665489196777344
0.009331703186035156
0.008953094482421875
0.008699655532836914
0.008564472198486328
0.008597612380981445
0.008800268173217773
0.008442401885986328
0.008429527282714844
0.008503437042236328
0.008553266525268555
0.008521318435668945
0.008965730667114258
0.008087158203125
0.008101224899291992
0.008384466171264648
0.008367300033569336
0.008435249328613281
0.008599281311035156
0.008587837219238281
0.008600234985351562
0.008770227432250977
0.008428096771240234
0.008662700653076172
0.00921773910522461
0.00876760482788086
0.008723974227905273
0.008618593215942383
0.008646726608276367
0.00885772705078125
0.008828163146972656
0.008641958236694336
0.008697986602783203
0.00884699821472168
0.0086517333984375
0.008475303649902344
0.00845193862915039
0.008656978607177734
0.008466482162475586
0.008414030075073242
0.008408308029174805
0.008834600448608398
0.008008956909179688
0.008115530014038086
0.008601188659667969
0.008543014526367188
0.008478164672851562
0.00821542739868164
0.008266925811767578
0.008363485336303711
0.008393287658691406
0.00827479362487793
0.008383035659790039
0.008497476577758789
0.008283853530883789
0.00842738151550293
0.008537769317626953
0.008392333984375
0.008603811264038086
0.008545160293579102
0.008313894271850586
0.008455991744995117
0.008453369140625
0.00835108757019043
0.008546590805053711
0.008691072463989258
0.008412361145019531
0.008553743362426758
0.008608818054199219
0.008579492568969727
0.008684396743774414
0.008495092391967773
0.008490800857543945
0.008531570434570312
0.008616924285888672
0.00860142707824707
0.00852656364440918
0.008661508560180664
0.009029865264892578
0.00905466079711914
0.008655786514282227
0.008933782577514648
0.008906126022338867
0.008818387985229492
0.008560657501220703
0.008630037307739258
0.008496284484863281
0.008789777755737305
0.00865626335144043
0.009397506713867188
0.009309530258178711
0.009147405624389648
0.009331226348876953
0.009208202362060547
0.009367227554321289
0.009211063385009766
0.009129762649536133
0.008724451065063477
0.008882761001586914
0.00854945182800293
0.008733749389648438
0.008811235427856445
0.008710861206054688
0.008717775344848633
0.008787870407104492
0.008962154388427734
0.009083986282348633
0.009185552597045898
0.008871078491210938
0.00857996940612793
0.00872659683227539
0.008785009384155273
0.008496284484863281
0.008408308029174805
0.00852060317993164
0.008702278137207031
0.008635997772216797
0.008965253829956055
0.008863687515258789
0.008832454681396484
0.008678674697875977
0.008795976638793945
0.008672952651977539
0.008484125137329102
0.008742809295654297
0.008678913116455078
0.008740901947021484
0.00832223892211914
0.008179426193237305
0.008232355117797852
0.008507728576660156
0.008479118347167969
0.008715391159057617
0.009203433990478516
0.009626388549804688
0.009365081787109375
0.009678125381469727
0.010717153549194336
0.009170055389404297
0.008833169937133789
0.008612394332885742
0.008596420288085938
0.008533477783203125
0.008761882781982422
0.00859379768371582
0.008548498153686523
0.008671760559082031
0.00853872299194336
0.00867319107055664
0.008508920669555664
0.00847768783569336
0.008486747741699219
0.00858163833618164
0.008397340774536133
0.008467674255371094
0.008618354797363281
0.007945775985717773
0.008172273635864258
0.008531808853149414
0.00834965705871582
0.008228778839111328
0.007996320724487305
0.008033514022827148
0.008207082748413086
0.008089065551757812
0.008420705795288086
0.008552074432373047
0.00862431526184082
0.00837564468383789
0.008299112319946289
0.008633136749267578
0.008560419082641602
0.008426427841186523
0.008336782455444336
0.008307218551635742
0.008324384689331055
0.008417367935180664
0.008641719818115234
0.008552789688110352
0.00851130485534668
0.00847935676574707
0.008477449417114258
0.008649826049804688
0.008690834045410156
0.008781909942626953
0.008606433868408203
0.008618354797363281
0.008603096008300781
0.008559465408325195
0.008405447006225586
0.008577823638916016
0.008431196212768555
0.008378267288208008
0.008648157119750977
0.008458375930786133
0.008530855178833008
0.008793830871582031
0.009370088577270508
0.00952005386352539
0.009031057357788086
0.008709907531738281
0.009236574172973633
0.008876800537109375
0.008982419967651367
0.008748531341552734
0.008775711059570312
0.008922338485717773
0.008767366409301758
0.008738279342651367
0.008814334869384766
0.008699417114257812
0.008810758590698242
0.008792638778686523
0.008648872375488281
0.008745193481445312
0.008718729019165039
0.008692264556884766
0.008777141571044922
0.00898289680480957
0.008620977401733398
0.00870060920715332
0.00885152816772461
0.00876927375793457
0.009002923965454102
0.00896310806274414
0.009118318557739258
0.009293079376220703
0.009379863739013672
0.009734869003295898
0.00936579704284668
0.010140180587768555
0.010394096374511719
0.010307073593139648
0.01047968864440918
0.009618759155273438
0.00909113883972168
0.009232521057128906
0.009255170822143555
0.009144067764282227
0.009586334228515625
0.009257316589355469
0.00911402702331543
0.009088277816772461
0.009121417999267578
0.009039163589477539
0.008932113647460938
0.00882577896118164
0.009144783020019531
0.009019136428833008
0.009157896041870117
0.00934290885925293
0.008754491806030273
0.008679866790771484
0.00859832763671875
0.00883173942565918
0.008971929550170898
0.008923768997192383
0.008804082870483398
0.008795738220214844
0.008815288543701172
0.008795976638793945
0.00878000259399414
0.008555889129638672
0.008535623550415039
0.008664846420288086
0.008791208267211914
0.008563995361328125
0.009287595748901367
0.00896310806274414
0.008669376373291016
0.009252071380615234
0.009219646453857422
0.008954048156738281
0.008679866790771484
0.008579015731811523
0.008731603622436523
0.008869647979736328
0.008765459060668945
0.009119272232055664
0.009084939956665039
0.008693456649780273
0.008875370025634766
0.008869647979736328
0.008900880813598633
0.009040594100952148
0.009778022766113281
0.009584188461303711
0.009606599807739258
0.009951114654541016
0.0092620849609375
0.009149551391601562
0.008848428726196289
0.009011268615722656
0.008916616439819336
0.00885629653930664
0.009006261825561523
0.00844120979309082
0.008520841598510742
0.008610248565673828
0.008457422256469727
0.008576154708862305
0.00852823257446289
0.008476734161376953
0.008612871170043945
0.008495569229125977
0.008508920669555664
0.008613348007202148
0.008679866790771484
0.008603811264038086
0.008491754531860352
0.008758783340454102
0.009064674377441406
0.008853912353515625
0.009030580520629883
0.010302066802978516
0.009377717971801758
0.009176015853881836
0.008951663970947266
0.008671283721923828
0.008740901947021484
0.008525848388671875
0.008707761764526367
0.008518218994140625
0.008357763290405273
0.008042573928833008
0.008445024490356445
0.008552789688110352
0.00836181640625
0.008399009704589844
0.008509635925292969
0.00850534439086914
0.008484125137329102
0.008492708206176758
0.00821065902709961
0.008302688598632812
0.008405685424804688
0.008329391479492188
0.008239984512329102
0.008521080017089844
0.008368492126464844
0.00837254524230957
0.008412361145019531
0.008116960525512695
0.007979631423950195
0.008055686950683594
0.008927345275878906
0.00875997543334961
0.00860142707824707
0.008797407150268555
0.009050607681274414
0.008641958236694336
0.008989572525024414
0.008723258972167969
0.008493661880493164
0.00847315788269043
0.008440494537353516
0.008923530578613281
0.008769989013671875
0.009219646453857422
0.009088516235351562
0.008872270584106445
0.009075641632080078
0.009227752685546875
0.00907444953918457
0.009170293807983398
0.008698463439941406
0.008572101593017578
0.008639335632324219
0.008630752563476562
0.008636951446533203
0.008542537689208984
0.008460521697998047
0.008587837219238281
0.00867915153503418
0.008757591247558594
0.008890867233276367
0.008681058883666992
0.008742809295654297
0.00865316390991211
0.008591175079345703
0.008522748947143555
0.00845956802368164
0.008337736129760742
0.00868082046508789
0.008727788925170898
0.008647680282592773
0.008724451065063477
0.00866079330444336
0.008445978164672852
0.00835561752319336
0.008424520492553711
0.008615970611572266
0.008791923522949219
0.008621692657470703
0.008510828018188477
0.00852823257446289
0.008407354354858398
0.008635997772216797
0.00838923454284668
0.008437871932983398
0.008527278900146484
0.008438348770141602
0.008751153945922852
0.008820533752441406
0.008297920227050781
0.008559942245483398
0.008501529693603516
0.008395195007324219
0.008617162704467773
0.008647680282592773
0.008104562759399414
0.007991552352905273
0.008178472518920898
0.008118391036987305
0.00810098648071289
0.008497476577758789
0.008323192596435547
0.008296966552734375
0.008437395095825195
0.008511066436767578
0.008519411087036133
0.008429288864135742
0.008315086364746094
0.009070396423339844
0.009233713150024414
0.008765697479248047
0.008681297302246094
0.00870203971862793
0.008559942245483398
0.008638858795166016
0.008543729782104492
0.008588075637817383
0.00854182243347168
0.00856924057006836
0.008487224578857422
0.008532047271728516
0.008620023727416992
0.008403778076171875
0.008541107177734375
0.008471012115478516
0.00835728645324707
0.008428335189819336
0.008304595947265625
0.008282899856567383
0.008354425430297852
0.00823974609375
0.008326530456542969
0.008147239685058594
0.008538007736206055
0.008378267288208008
0.008502006530761719
0.008459329605102539
0.008507013320922852
0.008533239364624023
0.008462190628051758
0.008525848388671875
0.008473873138427734
0.008428335189819336
0.008081912994384766
0.007847309112548828
0.008268117904663086
0.008127689361572266
0.008114099502563477
0.008019685745239258
0.00796818733215332
0.00813150405883789
0.008051872253417969
0.008583307266235352
0.008589506149291992
0.00828695297241211
0.008380413055419922
0.008415460586547852
0.008439064025878906
0.008411884307861328
0.008448362350463867
0.00838160514831543
0.008523225784301758
0.008353710174560547
0.008512496948242188
0.008771896362304688
0.00940084457397461
0.008893728256225586
0.008838415145874023
0.008946657180786133
0.008841514587402344
0.008968114852905273
0.00892019271850586
0.008723258972167969
0.008845806121826172
0.00886678695678711
0.008504390716552734
0.008589982986450195
0.008374214172363281
0.008394241333007812
0.008352041244506836
0.00876617431640625
0.008600234985351562
0.008552789688110352
0.008362293243408203
0.008467912673950195
0.008786201477050781
0.00882863998413086
0.00911855697631836
0.008747100830078125
0.008628606796264648
0.008402109146118164
0.008449077606201172
0.008698463439941406
0.008926153182983398
0.008575201034545898
0.008447885513305664
0.008959293365478516
0.008880138397216797
0.009120702743530273
0.008730649948120117
0.008523702621459961
0.008528470993041992
0.008391380310058594
0.008676290512084961
0.00853586196899414
0.00870370864868164
0.008713483810424805
