0.0026688575744628906
0.0025501251220703125
0.0026144981384277344
0.0026674270629882812
0.0026903152465820312
0.002665281295776367
0.0025832653045654297
0.0026242733001708984
0.002595186233520508
0.0026001930236816406
0.0026063919067382812
0.002719402313232422
0.002664804458618164
0.0025866031646728516
0.002641439437866211
0.0025794506072998047
0.002651214599609375
0.002659320831298828
0.002672433853149414
0.0027170181274414062
0.0027718544006347656
0.0026946067810058594
0.002833127975463867
0.002605915069580078
0.002588987350463867
0.0026030540466308594
0.0026471614837646484
0.0026175975799560547
0.0025620460510253906
0.0025742053985595703
0.002562999725341797
0.0025987625122070312
0.002670764923095703
0.0026061534881591797
0.002633333206176758
0.002852916717529297
0.002686023712158203
0.002744436264038086
0.002660989761352539
0.002659320831298828
0.0027894973754882812
0.0028166770935058594
0.0027947425842285156
0.0026454925537109375
0.002669095993041992
0.002657175064086914
0.0026290416717529297
0.0026776790618896484
0.0026831626892089844
0.002658367156982422
0.0026810169219970703
0.002660512924194336
0.0026254653930664062
0.0026578903198242188
0.0026764869689941406
0.002634763717651367
0.002822399139404297
0.0027370452880859375
0.0027387142181396484
0.002701997756958008
0.0027065277099609375
0.0026733875274658203
0.002679109573364258
0.0026633739471435547
0.00276947021484375
0.002691030502319336
0.0026960372924804688
0.0028154850006103516
0.0027441978454589844
0.0026543140411376953
0.0026712417602539062
0.0027463436126708984
0.0027055740356445312
0.002657175064086914
0.002624034881591797
0.0026674270629882812
0.002636432647705078
0.002713441848754883
0.0027179718017578125
0.0026328563690185547
0.0026972293853759766
0.0026688575744628906
0.0026700496673583984
0.0026798248291015625
0.002660512924194336
0.0026481151580810547
0.0026216506958007812
0.0027303695678710938
0.002650022506713867
0.002657651901245117
0.0026917457580566406
0.0026984214782714844
0.002742767333984375
0.0026700496673583984
0.002745389938354492
0.002665996551513672
0.002597332000732422
0.002577066421508789
0.002596139907836914
0.0026340484619140625
0.0026025772094726562
0.0025680065155029297
0.002603292465209961
0.0026445388793945312
0.002694845199584961
0.002690553665161133
0.0026466846466064453
0.002682924270629883
0.0027875900268554688
0.0026319026947021484
0.00269317626953125
0.002742290496826172
0.00273895263671875
0.002703428268432617
0.002804994583129883
0.002687692642211914
0.002771139144897461
0.0030517578125
0.00279998779296875
0.002742290496826172
0.0029718875885009766
0.002899646759033203
0.003025531768798828
0.0029981136322021484
0.0028362274169921875
0.0027425289154052734
0.002850055694580078
0.0028269290924072266
0.002830982208251953
0.002764463424682617
0.0028831958770751953
0.0027654170989990234
0.0027036666870117188
0.00272369384765625
0.0027992725372314453
0.0027790069580078125
0.002775907516479492
0.0028693675994873047
0.0030167102813720703
0.002892017364501953
0.002845287322998047
0.0028693675994873047
0.0028204917907714844
0.0027909278869628906
0.002772808074951172
0.002725839614868164
0.0028579235076904297
0.0028107166290283203
0.0028731822967529297
0.0027341842651367188
0.0027370452880859375
0.002661466598510742
0.0028357505798339844
0.0027616024017333984
0.0026612281799316406
0.0026950836181640625
0.002832174301147461
0.0028219223022460938
0.0027196407318115234
0.0027289390563964844
0.002780437469482422
0.0028057098388671875
0.002765655517578125
0.002828359603881836
0.002879619598388672
0.0030558109283447266
0.0028989315032958984
0.002880573272705078
0.002741575241088867
0.002925872802734375
0.002827882766723633
0.0027484893798828125
0.002878427505493164
0.002958536148071289
0.00283050537109375
0.0026798248291015625
0.0027642250061035156
0.0028197765350341797
0.0028352737426757812
0.0028040409088134766
0.002851724624633789
0.0029282569885253906
0.0029778480529785156
0.0028839111328125
0.0027532577514648438
0.002894878387451172
0.0028820037841796875
0.0028896331787109375
0.0027790069580078125
0.002829313278198242
0.0028412342071533203
0.0027997493743896484
0.0027523040771484375
0.002847433090209961
0.0028297901153564453
0.0028519630432128906
0.0029091835021972656
0.0028967857360839844
0.002906322479248047
0.002727031707763672
0.0028493404388427734
0.0028362274169921875
0.0028066635131835938
0.0027468204498291016
0.002877473831176758
0.0028083324432373047
0.0027687549591064453
0.002859830856323242
0.002748727798461914
0.0027322769165039062
0.0027205944061279297
0.002877473831176758
0.0027923583984375
0.002827882766723633
0.002669095993041992
0.002816915512084961
0.002830982208251953
0.002808809280395508
0.0026471614837646484
0.002714872360229492
0.0026254653930664062
0.0026679039001464844
0.0026988983154296875
0.0026445388793945312
0.0026688575744628906
0.002727985382080078
0.0027115345001220703
0.0027136802673339844
0.002717256546020508
0.0027666091918945312
0.0027337074279785156
0.002866029739379883
0.0027463436126708984
0.0027451515197753906
0.0027048587799072266
0.0027570724487304688
0.0026702880859375
0.002673625946044922
0.0026726722717285156
0.002667665481567383
0.0028829574584960938
0.002734661102294922
0.0029594898223876953
0.0027923583984375
0.002776622772216797
0.0028617382049560547
0.002884387969970703
0.0027327537536621094
0.0028002262115478516
0.0027747154235839844
0.0027501583099365234
0.002742767333984375
0.002916097640991211
0.002814769744873047
0.0027670860290527344
0.0026998519897460938
0.0027899742126464844
0.0027778148651123047
0.0027680397033691406
0.002813100814819336
0.002858877182006836
0.0028753280639648438
0.002926349639892578
0.0027511119842529297
0.0027625560760498047
0.0028328895568847656
0.0027964115142822266
0.0027856826782226562
0.002857685089111328
0.0027093887329101562
0.0027790069580078125
0.0028228759765625
0.0028252601623535156
0.002678394317626953
0.002785921096801758
0.0028197765350341797
0.002732515335083008
0.0028035640716552734
0.002810239791870117
0.0028297901153564453
0.0027341842651367188
0.002858877182006836
0.002734661102294922
0.0027098655700683594
0.0027785301208496094
0.002826690673828125
0.0028684139251708984
0.002767801284790039
0.002732515335083008
0.0027725696563720703
0.0028057098388671875
0.0029516220092773438
0.002870798110961914
0.002802133560180664
0.0027589797973632812
0.002819538116455078
0.002947568893432617
0.0029888153076171875
0.0030274391174316406
0.0030107498168945312
0.0031080245971679688
0.0031349658966064453
0.003016233444213867
0.002924680709838867
0.0029747486114501953
0.0029218196868896484
0.003004789352416992
0.002801656723022461
0.0028228759765625
0.0029058456420898438
0.0028896331787109375
0.0028748512268066406
0.0027074813842773438
0.002856731414794922
0.0028624534606933594
0.0027501583099365234
0.002766847610473633
0.002874612808227539
0.002926349639892578
0.002809762954711914
0.0029609203338623047
0.003038167953491211
0.0028412342071533203
0.0026695728302001953
0.002790212631225586
0.0029354095458984375
0.002728700637817383
0.002670764923095703
0.002778291702270508
0.0028078556060791016
0.0027103424072265625
0.002992391586303711
0.0029506683349609375
0.003140687942504883
0.002743244171142578
0.0029871463775634766
0.002957582473754883
0.002950429916381836
0.002744436264038086
0.002911090850830078
0.002959012985229492
0.0028705596923828125
0.0027513504028320312
0.0028781890869140625
0.0029838085174560547
0.0031371116638183594
0.0030515193939208984
0.0029134750366210938
0.0030515193939208984
0.003072023391723633
0.002971649169921875
0.002834320068359375
0.00310516357421875
0.0028884410858154297
0.0028307437896728516
0.0027539730072021484
0.002753734588623047
0.002789020538330078
0.002839326858520508
0.0027179718017578125
0.0029265880584716797
0.002843618392944336
0.002668619155883789
0.0028519630432128906
0.0028641223907470703
0.0028259754180908203
0.0028553009033203125
0.002795696258544922
0.0029151439666748047
0.0027816295623779297
0.0028421878814697266
0.002792835235595703
0.0028166770935058594
0.002585887908935547
0.002655029296875
0.0026078224182128906
0.0025544166564941406
0.002689838409423828
0.0027627944946289062
0.002705097198486328
0.002637624740600586
0.002947092056274414
0.002883434295654297
0.002780437469482422
0.0027534961700439453
0.002759695053100586
0.0027327537536621094
0.002694368362426758
0.0029561519622802734
0.0027577877044677734
0.0027136802673339844
0.002641916275024414
0.002676248550415039
0.0026443004608154297
0.002608776092529297
0.0027151107788085938
0.0027196407318115234
0.0026128292083740234
0.0026311874389648438
0.0026602745056152344
0.002631664276123047
0.002671480178833008
0.002726316452026367
0.002820730209350586
0.002778291702270508
0.0028676986694335938
0.0027654170989990234
0.002684354782104492
0.0027921199798583984
0.0027604103088378906
0.0026273727416992188
0.0027260780334472656
0.0026853084564208984
0.002733945846557617
0.002694845199584961
0.0027093887329101562
0.002607107162475586
0.002582550048828125
0.0026443004608154297
0.0026946067810058594
0.0025856494903564453
0.0026006698608398438
0.002582550048828125
0.0026235580444335938
0.0026922225952148438
0.0025641918182373047
0.002569437026977539
0.0025763511657714844
0.0027060508728027344
0.002551555633544922
0.002555370330810547
0.002569437026977539
0.002573728561401367
0.0026755332946777344
0.0026597976684570312
0.002579212188720703
0.0025577545166015625
0.0026137828826904297
0.0026960372924804688
0.0026254653930664062
0.0026655197143554688
0.0026586055755615234
0.002577543258666992
0.002569913864135742
0.002567291259765625
0.0025696754455566406
0.0025920867919921875
0.002635478973388672
0.0025734901428222656
0.0025572776794433594
0.002557992935180664
0.002604961395263672
0.002684354782104492
0.0025658607482910156
0.0025353431701660156
0.002657175064086914
0.0025780200958251953
0.002560853958129883
0.002568960189819336
0.0025904178619384766
0.0026407241821289062
0.0027010440826416016
0.002565622329711914
0.002548694610595703
0.002565145492553711
0.0025780200958251953
0.002660512924194336
0.0025835037231445312
0.0025620460510253906
0.0025763511657714844
0.0026383399963378906
0.0026063919067382812
0.002574920654296875
0.0026292800903320312
0.0025663375854492188
0.0026702880859375
0.0026786327362060547
0.002610921859741211
0.0026018619537353516
0.0025599002838134766
0.00262451171875
0.0025780200958251953
0.002569913864135742
0.002580404281616211
0.002569913864135742
0.002633810043334961
0.002585172653198242
0.002571582794189453
0.0026547908782958984
0.0026552677154541016
0.0025572776794433594
0.002605438232421875
0.002628803253173828
0.002582550048828125
0.0025641918182373047
0.002596616744995117
0.002562284469604492
0.0026273727416992188
0.002570629119873047
0.0027909278869628906
0.0025475025177001953
0.0025658607482910156
0.0027246475219726562
0.0026493072509765625
0.0026302337646484375
0.0026056766510009766
0.0027837753295898438
0.002658843994140625
0.0027141571044921875
0.002633810043334961
0.0029022693634033203
0.0028514862060546875
0.002735614776611328
0.0027480125427246094
0.002839803695678711
0.0028221607208251953
0.0028438568115234375
0.0029001235961914062
0.0028488636016845703
0.002631664276123047
0.0026175975799560547
0.002841949462890625
0.003014802932739258
0.003001689910888672
0.003007173538208008
0.0030574798583984375
0.0031163692474365234
0.0031168460845947266
0.003107309341430664
0.0029315948486328125
0.0029985904693603516
0.003077983856201172
0.002888917922973633
0.002845287322998047
0.002927541732788086
0.0029404163360595703
0.0028257369995117188
0.002629995346069336
0.002868175506591797
0.0028336048126220703
0.0026619434356689453
0.0027277469635009766
0.0028133392333984375
0.0028603076934814453
0.002585172653198242
0.0027458667755126953
0.002835512161254883
0.002730846405029297
0.0027010440826416016
0.0026133060455322266
0.002584695816040039
0.0026149749755859375
0.002693653106689453
0.0025827884674072266
0.0025496482849121094
0.0026705265045166016
0.002786397933959961
0.0026366710662841797
0.002667665481567383
0.0026655197143554688
0.0025811195373535156
0.002833127975463867
0.0027289390563964844
0.002584218978881836
0.002596616744995117
0.0025949478149414062
0.0025832653045654297
0.002585172653198242
0.0026972293853759766
0.002599000930786133
0.002572774887084961
0.0025949478149414062
0.002557992935180664
0.0025031566619873047
0.0025076866149902344
0.002629995346069336
0.0024874210357666016
0.002526521682739258
0.002510547637939453
0.0025484561920166016
0.0026433467864990234
0.002537250518798828
0.0025522708892822266
0.002624034881591797
0.0026586055755615234
0.00270843505859375
0.002661466598510742
0.002626180648803711
0.0025382041931152344
0.002621173858642578
0.0025758743286132812
0.002528667449951172
0.0026068687438964844
0.0026903152465820312
0.0026388168334960938
0.002536296844482422
0.0026502609252929688
0.0025680065155029297
0.002567291259765625
0.002566814422607422
0.0025787353515625
0.002524852752685547
0.0025603771209716797
0.002646923065185547
0.0024826526641845703
0.002566814422607422
0.0025968551635742188
0.002507448196411133
0.0025827884674072266
0.002511262893676758
0.002592802047729492
0.002582550048828125
0.0024805068969726562
0.00255584716796875
0.0024728775024414062
0.0025429725646972656
0.0024950504302978516
0.002477884292602539
0.002568483352661133
0.002468109130859375
0.0025131702423095703
0.0025053024291992188
0.002587556838989258
0.002573728561401367
0.0025177001953125
0.002513885498046875
0.0025453567504882812
0.0025527477264404297
0.002580404281616211
0.0024585723876953125
0.0024907588958740234
0.0026488304138183594
0.0025420188903808594
0.0026128292083740234
0.0026793479919433594
0.002533435821533203
0.002564668655395508
0.0025920867919921875
0.0026023387908935547
0.002530813217163086
0.0025322437286376953
0.0025510787963867188
0.0026814937591552734
0.0025539398193359375
0.0026209354400634766
0.002570629119873047
0.0026154518127441406
0.002617359161376953
0.0025975704193115234
0.0025544166564941406
0.002519845962524414
0.002558469772338867
0.0025517940521240234
0.002533435821533203
0.002650737762451172
0.002623319625854492
0.002680063247680664
0.00263214111328125
0.002717733383178711
0.0027701854705810547
0.0027277469635009766
0.0027081966400146484
0.002592325210571289
0.002525806427001953
0.002594470977783203
0.00263214111328125
0.0027229785919189453
0.002694368362426758
0.0027170181274414062
0.0026662349700927734
0.0027828216552734375
0.002828836441040039
0.002715587615966797
0.0026617050170898438
0.0028197765350341797
0.002707242965698242
0.002666950225830078
0.002752065658569336
0.002751588821411133
0.002753734588623047
0.0027921199798583984
0.002759695053100586
0.0026929378509521484
0.0025854110717773438
0.0027594566345214844
0.0027234554290771484
0.0026776790618896484
0.0026366710662841797
0.0026581287384033203
0.0025327205657958984
0.0026416778564453125
0.002628326416015625
0.0026509761810302734
0.002839803695678711
0.002724170684814453
0.0026650428771972656
0.002797365188598633
0.002851724624633789
0.002652406692504883
0.002541065216064453
0.0028743743896484375
0.0026674270629882812
0.0028192996978759766
0.002750873565673828
0.002785921096801758
0.002796173095703125
0.0029098987579345703
0.002751588821411133
0.002824068069458008
0.002655506134033203
0.0028438568115234375
0.002785205841064453
0.0026848316192626953
0.0027494430541992188
0.002857208251953125
0.0028045177459716797
0.002719402313232422
0.0028162002563476562
0.0028808116912841797
0.0030050277709960938
0.0028765201568603516
0.0028028488159179688
0.002866983413696289
0.0028972625732421875
0.0029921531677246094
0.002885580062866211
0.0028510093688964844
0.0028302669525146484
0.0030019283294677734
0.0028400421142578125
0.002962350845336914
0.0028429031372070312
0.0029120445251464844
0.002680540084838867
0.002773761749267578
0.0026869773864746094
0.002786397933959961
0.002857208251953125
0.0029447078704833984
0.0026907920837402344
0.0027265548706054688
0.00289154052734375
0.002969026565551758
0.0027854442596435547
0.0030617713928222656
0.003028392791748047
0.0029599666595458984
0.002979278564453125
0.0027964115142822266
0.002935171127319336
0.0028383731842041016
0.0026683807373046875
0.002902507781982422
0.0029380321502685547
0.0029144287109375
0.002852201461791992
0.0027511119842529297
0.0029630661010742188
0.0029799938201904297
0.002871990203857422
0.0028946399688720703
0.0029296875
0.0030972957611083984
0.0028259754180908203
0.0028867721557617188
0.002938985824584961
0.0030837059020996094
0.002872467041015625
0.0029020309448242188
0.00289154052734375
0.0028705596923828125
0.0028688907623291016
0.0027496814727783203
0.002838611602783203
0.0028531551361083984
0.002835988998413086
0.0029501914978027344
0.0029964447021484375
0.0029566287994384766
0.0026438236236572266
0.0029172897338867188
0.0028951168060302734
0.0030906200408935547
0.0030138492584228516
0.0028367042541503906
0.0028641223907470703
0.0028829574584960938
0.002862215042114258
0.0026993751525878906
0.002746105194091797
0.002730846405029297
0.0028159618377685547
0.0029163360595703125
0.0031473636627197266
0.0031332969665527344
0.0029892921447753906
0.0030448436737060547
0.0029768943786621094
0.0028848648071289062
0.002553701400756836
0.0027320384979248047
0.0028085708618164062
0.002649068832397461
0.0025746822357177734
0.0028297901153564453
0.0027518272399902344
0.0025734901428222656
0.002849578857421875
0.0028913021087646484
0.002616405487060547
0.0027208328247070312
0.002829313278198242
0.0027463436126708984
0.002576589584350586
0.002754688262939453
0.002909421920776367
0.0026521682739257812
0.002807140350341797
0.0028519630432128906
0.0026977062225341797
0.0025141239166259766
0.0028312206268310547
0.002788543701171875
0.002529144287109375
0.0026183128356933594
0.0027246475219726562
0.002485990524291992
0.002742767333984375
0.0027284622192382812
0.0025675296783447266
0.002644777297973633
0.002791166305541992
0.002617359161376953
0.0026695728302001953
0.0026140213012695312
0.0025980472564697266
0.0025930404663085938
0.0025484561920166016
0.0025861263275146484
0.002573728561401367
0.0025768280029296875
0.0025789737701416016
0.0025501251220703125
0.0025637149810791016
0.002545595169067383
0.0026094913482666016
0.0025665760040283203
0.0025322437286376953
0.0026171207427978516
0.002543926239013672
0.002554655075073242
0.0025894641876220703
0.002651214599609375
0.0025992393493652344
0.0026977062225341797
0.0026018619537353516
0.002637147903442383
0.002535104751586914
0.0025551319122314453
0.0025887489318847656
0.0025262832641601562
0.002538919448852539
0.00262451171875
0.002539396286010742
0.002605438232421875
0.002557039260864258
0.002537965774536133
0.0026416778564453125
0.002651691436767578
0.0025184154510498047
0.002686738967895508
0.002620697021484375
0.002595186233520508
0.002666950225830078
0.0026874542236328125
0.002635478973388672
0.002627849578857422
0.0025322437286376953
0.0025098323822021484
0.0027933120727539062
0.0026361942291259766
0.0026226043701171875
0.0026178359985351562
0.002627134323120117
0.0026390552520751953
0.002675294876098633
0.0026242733001708984
0.0026481151580810547
0.002645730972290039
0.0027189254760742188
0.0025968551635742188
0.002604961395263672
0.002568483352661133
0.0025565624237060547
0.002543926239013672
0.002489328384399414
0.002548694610595703
0.0025436878204345703
0.002613544464111328
0.0025539398193359375
0.0025806427001953125
0.0025255680084228516
0.002580881118774414
0.0026099681854248047
0.0025429725646972656
0.0026712417602539062
0.0025072097778320312
0.002636432647705078
0.002689361572265625
0.0025556087493896484
0.00254058837890625
0.0025298595428466797
0.0025665760040283203
0.0025205612182617188
0.002568483352661133
0.0025794506072998047
0.0025415420532226562
0.002621889114379883
0.002518892288208008
0.0026395320892333984
0.0025696754455566406
0.0025212764739990234
0.002608776092529297
0.002621889114379883
0.002557992935180664
0.0025489330291748047
0.002592325210571289
0.002604961395263672
0.0026655197143554688
0.0026793479919433594
0.0025246143341064453
0.0025544166564941406
0.002502918243408203
0.002515077590942383
0.002532482147216797
0.0025250911712646484
0.002604246139526367
0.002549886703491211
0.002517223358154297
0.002541780471801758
0.0025396347045898438
0.002504587173461914
0.002565622329711914
0.002532482147216797
0.002544879913330078
0.002625703811645508
0.0026912689208984375
0.0026619434356689453
0.0025446414947509766
0.0025482177734375
0.0026276111602783203
0.0025658607482910156
0.0025620460510253906
0.002655029296875
0.0025742053985595703
0.002637624740600586
0.002572298049926758
0.0026388168334960938
0.0025467872619628906
0.0026090145111083984
0.0026149749755859375
0.0025436878204345703
0.00249481201171875
0.0024864673614501953
0.0025577545166015625
0.002521991729736328
0.0025339126586914062
0.002584218978881836
0.002554655075073242
0.0025811195373535156
0.0024709701538085938
0.002545595169067383
0.0025267601013183594
0.0025386810302734375
0.0025908946990966797
0.002553701400756836
0.002615213394165039
0.002524137496948242
0.002559185028076172
0.0025491714477539062
0.002614259719848633
0.0025930404663085938
0.0025625228881835938
0.002652406692504883
0.0025153160095214844
0.0025207996368408203
0.0025098323822021484
0.002531290054321289
0.0025348663330078125
0.002554178237915039
0.0025577545166015625
0.002526521682739258
0.0024919509887695312
0.002543926239013672
0.002546072006225586
0.0024793148040771484
0.0025568008422851562
0.002512693405151367
0.002642393112182617
0.002557039260864258
