12.914059916520703
12.914059916520703
12.531136677339017
12.531136677339017
12.531136677339017
12.145916031296633
11.519192940588727
11.519192940588727
11.519192940588727
11.519192940588727
11.519192940588727
11.519192940588727
11.519192940588727
11.519192940588727
11.519192940588727
11.519192940588727
9.964201293476364
9.964201293476364
9.964201293476364
9.964201293476364
9.964201293476364
9.964201293476364
9.964201293476364
9.964201293476364
9.057946017572505
9.057946017572505
9.057946017572505
9.057946017572505
9.057946017572505
9.057946017572505
9.057946017572505
8.824551271468497
8.704784526664621
8.704784526664621
7.842352337402751
7.842352337402751
7.842352337402751
7.842352337402751
7.842352337402751
7.842352337402751
7.842352337402751
7.842352337402751
7.842352337402751
7.842352337402751
7.842352337402751
7.842352337402751
7.842352337402751
7.842352337402751
7.842352337402751
7.842352337402751
7.842352337402751
7.550280341075528
7.550280341075528
7.550280341075528
7.550280341075528
7.500816089315968
7.500816089315968
7.500816089315968
7.500816089315968
7.500816089315968
7.483101231829636
6.686318429712685
6.686318429712685
6.686318429712685
6.686318429712685
6.686318429712685
6.686318429712685
6.686318429712685
6.686318429712685
6.686318429712685
6.686318429712685
6.537325283648485
6.537325283648485
6.537325283648485
6.537325283648485
6.537325283648485
6.29641760157574
6.29641760157574
6.29641760157574
6.097601158165865
6.097601158165865
6.097601158165865
6.0188619365547495
6.0188619365547495
6.0188619365547495
6.0188619365547495
6.0188619365547495
6.0188619365547495
6.0188619365547495
6.0188619365547495
5.897218308614406
5.897218308614406
5.897218308614406
5.897218308614406
5.327515794022474
5.327515794022474
5.327515794022474
5.327515794022474
5.327515794022474
5.327515794022474
5.327515794022474
5.327515794022474
5.327515794022474
5.327515794022474
5.327515794022474
5.187008114282619
5.187008114282619
5.187008114282619
5.187008114282619
5.187008114282619
4.832954945141907
4.832954945141907
4.832954945141907
4.832954945141907
4.832954945141907
4.832954945141907
4.832954945141907
4.832954945141907
4.832954945141907
4.832954945141907
4.832954945141907
4.832954945141907
4.832954945141907
4.832954945141907
4.832954945141907
4.832954945141907
4.832954945141907
4.832954945141907
4.832954945141907
4.832954945141907
4.832954945141907
4.721000767776516
4.721000767776516
4.721000767776516
4.721000767776516
4.721000767776516
4.721000767776516
4.721000767776516
4.721000767776516
4.719881610214344
4.719881610214344
4.719881610214344
4.719881610214344
4.636995698874436
4.141548464199197
4.141548464199197
4.141548464199197
4.141548464199197
4.141548464199197
4.141548464199197
4.096616986000065
4.096616986000065
4.096616986000065
3.655521926071664
3.655521926071664
3.655521926071664
3.655521926071664
3.655521926071664
3.655521926071664
3.245183540704602
3.245183540704602
3.245183540704602
3.1893850379362476
3.1893850379362476
3.1893850379362476
3.1893850379362476
3.1893850379362476
3.1893850379362476
3.1893850379362476
3.1834869021074965
3.1421139501243047
3.1421139501243047
3.1421139501243047
3.1421139501243047
3.1421139501243047
3.1421139501243047
3.1421139501243047
3.1421139501243047
3.1421139501243047
3.1421139501243047
3.1421139501243047
3.0814374265914353
3.0814374265914353
3.0814374265914353
3.0814374265914353
3.0814374265914353
3.0814374265914353
3.0814374265914353
3.0814374265914353
3.0814374265914353
3.0814374265914353
3.0814374265914353
3.0814374265914353
3.0814374265914353
3.0814374265914353
3.0814374265914353
2.92684329466789
2.92684329466789
2.92684329466789
2.857235711470217
2.857235711470217
2.857235711470217
2.6329125141114034
2.6329125141114034
2.6329125141114034
2.6329125141114034
2.6329125141114034
2.6329125141114034
2.6329125141114034
2.4986969545236946
2.4986969545236946
2.4986969545236946
2.4986969545236946
2.4986969545236946
2.4986969545236946
2.4986969545236946
2.4986969545236946
2.4986969545236946
2.4986969545236946
2.4986969545236946
2.4986969545236946
2.4986969545236946
2.058459963509222
2.058459963509222
2.058459963509222
2.058459963509222
2.058459963509222
2.058459963509222
2.058459963509222
2.058459963509222
2.058459963509222
2.058459963509222
2.058459963509222
2.058459963509222
2.058459963509222
2.058459963509222
1.9377852805936158
1.9377852805936158
1.9377852805936158
1.9257073747547295
1.9257073747547295
1.9257073747547295
1.9257073747547295
1.9257073747547295
1.9257073747547295
1.9104681428500996
1.9104681428500996
1.9104681428500996
1.9104681428500996
1.891060305904169
1.6727371359876244
1.6727371359876244
1.6727371359876244
1.6727371359876244
1.6727371359876244
1.6727371359876244
1.6727371359876244
1.6727371359876244
1.6727371359876244
1.6727371359876244
1.4737860704006351
1.4737860704006351
1.4737860704006351
1.4737860704006351
1.4737860704006351
1.3987225764035784
1.3987225764035784
1.3987225764035784
1.3987225764035784
1.3216677770859775
1.3216677770859775
1.3216677770859775
1.3216677770859775
1.3216677770859775
1.3216677770859775
1.3216677770859775
1.3216677770859775
1.2857546366622614
1.2857546366622614
1.2857546366622614
1.2857546366622614
1.2857546366622614
1.2857546366622614
1.2857546366622614
1.2704052086379392
1.2704052086379392
1.2704052086379392
1.2704052086379392
1.2704052086379392
1.2698802110967051
1.2698802110967051
1.251157375844926
1.251157375844926
1.251157375844926
1.251157375844926
1.2004337663091746
1.2004337663091746
1.2004337663091746
1.1717199009432235
1.1717199009432235
1.1717199009432235
1.1717199009432235
1.1717199009432235
1.1717199009432235
1.1717199009432235
1.1717199009432235
1.1224100990451973
1.075504053615255
1.075504053615255
1.0679312724100214
0.9982731717422837
0.9982731717422837
0.9982731717422837
0.9982731717422837
0.9982731717422837
0.9851101969699556
0.9851101969699556
0.8563568665989862
0.8563568665989862
0.8563568665989862
0.8563568665989862
0.8563568665989862
0.8563568665989862
0.8563568665989862
0.8563568665989862
0.8563568665989862
0.8563568665989862
0.8563568665989862
0.8563568665989862
0.8563568665989862
0.8563568665989862
0.8563568665989862
0.8261831303174674
0.8261831303174674
0.7767207694213809
0.7767207694213809
0.7767207694213809
0.7767207694213809
0.7767207694213809
0.7767207694213809
0.7625246928014207
0.7625246928014207
0.7625246928014207
0.7014825517688621
0.7014825517688621
0.6626586704019175
0.6626586704019175
0.6626586704019175
0.6626586704019175
0.6626586704019175
0.6626586704019175
0.6626586704019175
0.6626586704019175
0.6626586704019175
0.6626586704019175
0.6626586704019175
0.6626586704019175
0.6626586704019175
0.6626586704019175
0.6626586704019175
0.5811069359224845
0.5811069359224845
0.5811069359224845
0.5811069359224845
0.5811069359224845
0.5811069359224845
0.5811069359224845
0.5811069359224845
0.5811069359224845
0.5811069359224845
0.5811069359224845
0.5811069359224845
0.5811069359224845
0.5811069359224845
0.5811069359224845
0.5811069359224845
0.5811069359224845
0.5811069359224845
0.5811069359224845
0.5811069359224845
0.5811069359224845
0.5811069359224845
0.5811069359224845
0.5700271214869161
0.5700271214869161
0.5700271214869161
0.5700271214869161
0.5700271214869161
0.5700271214869161
0.5700271214869161
0.5700271214869161
0.5700271214869161
0.5700271214869161
0.539613616500425
0.539613616500425
0.539613616500425
0.539613616500425
0.539613616500425
0.539613616500425
0.539613616500425
0.539613616500425
0.539613616500425
0.539613616500425
0.539613616500425
0.539613616500425
0.539613616500425
0.539613616500425
0.5378235000394795
0.5378235000394795
0.5378235000394795
0.5378235000394795
0.5173459080901992
0.5173459080901992
0.5146482499885607
0.4967962371802841
0.4967962371802841
0.4967962371802841
0.4967962371802841
0.4884362631356254
0.4777350392081914
0.4777350392081914
0.4620048056251136
0.4620048056251136
0.4620048056251136
0.4620048056251136
0.4620048056251136
0.4620048056251136
0.4620048056251136
0.4620048056251136
0.4620048056251136
0.4620048056251136
0.4620048056251136
0.4620048056251136
0.44576314260856265
0.44576314260856265
0.44576314260856265
0.4342501193002448
0.4342501193002448
0.3748839096286787
0.3748839096286787
0.3748839096286787
0.3748839096286787
0.3748839096286787
0.3748839096286787
0.3748839096286787
0.3748839096286787
0.3748839096286787
0.3748839096286787
0.3748839096286787
0.3748839096286787
0.3748839096286787
0.3748839096286787
0.3748839096286787
0.3748839096286787
0.3748839096286787
0.3748839096286787
0.3748839096286787
0.3748839096286787
0.3748839096286787
0.3748839096286787
0.36730408598904063
0.3394208437528903
0.3394208437528903
0.3394208437528903
0.3394208437528903
0.3394208437528903
0.32139025161098544
0.31431492162192853
0.31431492162192853
0.31431492162192853
0.31431492162192853
0.31431492162192853
0.31431492162192853
0.31431492162192853
0.30090438543928855
0.30090438543928855
0.30090438543928855
0.30090438543928855
0.30090438543928855
0.30090438543928855
0.30090438543928855
0.30090438543928855
0.30090438543928855
0.29571189678684107
0.29571189678684107
0.29571189678684107
0.29571189678684107
0.29571189678684107
0.29571189678684107
0.2934331034031743
0.2934331034031743
0.29020233299883813
0.2744722719399135
0.2744722719399135
0.2548160611726473
0.2548160611726473
0.21269222260527698
0.21269222260527698
0.21269222260527698
0.21269222260527698
0.21269222260527698
0.21269222260527698
0.21269222260527698
0.21269222260527698
0.21269222260527698
0.21269222260527698
0.21269222260527698
0.21269222260527698
0.21054397090094312
0.21054397090094312
0.21054397090094312
0.21054397090094312
0.21054397090094312
0.20886530023474137
0.20886530023474137
0.20656554121211457
0.2058301100106874
0.19605707574356046
0.18297819797650305
0.18297819797650305
0.18268342757110645
0.18268342757110645
0.18268342757110645
0.18268342757110645
0.18268342757110645
0.18268342757110645
0.18268342757110645
0.18268342757110645
0.18268342757110645
0.18268342757110645
0.18268342757110645
0.18268342757110645
0.18268342757110645
0.18268342757110645
0.18268342757110645
0.18268342757110645
0.18268342757110645
0.18268342757110645
0.18268342757110645
0.18268342757110645
0.18133572791021635
0.17906512991601886
0.17906512991601886
0.17699276089935267
0.16711433332690007
0.16711433332690007
0.16492801870743534
0.16492801870743534
0.16492801870743534
0.16492801870743534
0.15744248335069244
0.15744248335069244
0.15744248335069244
0.14922012912391125
0.14922012912391125
0.14922012912391125
0.14922012912391125
0.14922012912391125
0.14922012912391125
0.14922012912391125
0.14922012912391125
0.14922012912391125
0.14922012912391125
0.14922012912391125
0.13696021528019742
0.13696021528019742
0.13696021528019742
0.13696021528019742
0.13696021528019742
0.11909850872095973
0.11909850872095973
0.11909850872095973
0.11909850872095973
0.11909850872095973
0.11909850872095973
0.11909850872095973
0.11909850872095973
0.11909850872095973
0.11909850872095973
0.11909850872095973
0.11909850872095973
0.11909850872095973
0.11909850872095973
0.11909850872095973
0.11909850872095973
0.11909850872095973
0.11909850872095973
0.11909850872095973
0.11865897790885072
0.11776118759057397
0.11392407326513165
0.11392407326513165
0.11392407326513165
0.11392407326513165
0.1050101293781438
0.1050101293781438
0.1050101293781438
0.1050101293781438
0.1050101293781438
0.1050101293781438
0.1050101293781438
0.1050101293781438
0.1050101293781438
0.09899890521562327
0.09899890521562327
0.09899890521562327
0.09899890521562327
0.09899890521562327
0.09899890521562327
0.09899890521562327
0.09600258258564054
0.09600258258564054
0.09600258258564054
0.09600258258564054
0.09600258258564054
0.09600258258564054
0.09600258258564054
0.09600258258564054
0.09600258258564054
0.09600258258564054
0.09600258258564054
0.09600258258564054
0.09600258258564054
0.09596298418676241
0.09596298418676241
0.09596298418676241
0.09596298418676241
0.09596298418676241
0.09596298418676241
0.09596298418676241
0.09596298418676241
0.09538757469643144
0.09538757469643144
0.09538757469643144
0.09538757469643144
0.09538757469643144
0.09370918384072979
0.09370918384072979
0.09370918384072979
0.09370918384072979
0.09370918384072979
0.09370918384072979
0.09370918384072979
0.09199230713369388
0.09199230713369388
0.09044997254592602
0.09039838706635095
0.09039838706635095
0.09039838706635095
0.09039838706635095
0.09039838706635095
0.09039838706635095
0.09039838706635095
0.08796223604066
0.08796223604066
0.08796223604066
0.08796223604066
0.08796223604066
0.08796223604066
0.08605171801355738
0.08605171801355738
0.08605171801355738
0.08605171801355738
0.08605171801355738
0.08605171801355738
0.08605171801355738
0.08605171801355738
0.08605171801355738
0.08448719753010892
0.08448719753010892
0.08448719753010892
0.08176041403499568
0.08176041403499568
0.08020734384376738
0.0783221106489691
0.0783221106489691
0.0783221106489691
0.0783221106489691
0.0783221106489691
0.07830453786744584
0.07830453786744584
0.07766597825647636
0.07766597825647636
0.07416128870671201
0.06915747290650387
0.06915747290650387
0.06915747290650387
0.06915747290650387
0.06915747290650387
0.05454477257884349
0.05454477257884349
0.05454477257884349
0.05454477257884349
0.05454477257884349
0.05454477257884349
0.05454477257884349
0.05454477257884349
0.05454477257884349
0.05454477257884349
0.05454477257884349
0.05454477257884349
0.05454477257884349
0.05454477257884349
0.05454477257884349
0.05454477257884349
0.05454477257884349
0.05454477257884349
0.05454477257884349
0.05454477257884349
0.05454477257884349
0.05454477257884349
0.05454477257884349
0.05454477257884349
0.05454477257884349
0.05454477257884349
0.05454477257884349
0.05454477257884349
0.05454477257884349
0.05454477257884349
0.05454477257884349
0.05419508798231476
0.05419508798231476
0.05419508798231476
0.05419508798231476
0.05419508798231476
0.048863807521406954
0.048863807521406954
0.048863807521406954
0.04843933810310119
0.04843933810310119
0.04309467484046792
0.04309467484046792
0.04309467484046792
0.04309467484046792
0.04309467484046792
0.04309467484046792
0.04309467484046792
0.04239933522803341
0.03873220964730706
0.03873220964730706
0.03873220964730706
0.03873220964730706
0.03873220964730706
0.03873220964730706
0.03873220964730706
0.03873220964730706
0.03873220964730706
0.03873220964730706
0.03873220964730706
0.03873220964730706
0.03873220964730706
0.03873220964730706
0.03873220964730706
0.03873220964730706
0.03873220964730706
0.03873220964730706
0.03873220964730706
0.03873220964730706
0.03873220964730706
0.03873220964730706
0.03873220964730706
0.03873220964730706
0.03873220964730706
0.03873220964730706
0.03873220964730706
0.03675724840267236
0.03675724840267236
0.03675724840267236
0.03675724840267236
0.03675724840267236
0.03675724840267236
0.03675724840267236
0.03675724840267236
0.03675724840267236
0.03675724840267236
0.03675724840267236
0.036128501346532005
0.036128501346532005
0.036128501346532005
0.036128501346532005
0.03598717259760775
0.03469836022659223
0.03469836022659223
0.03469836022659223
0.03359546168105254
0.03359546168105254
0.03359546168105254
0.033518944199734335
0.033518944199734335
0.033518944199734335
0.033518944199734335
0.033518944199734335
0.033518944199734335
0.033518944199734335
0.033518944199734335
0.033518944199734335
0.02960102645081264
0.02960102645081264
0.02960102645081264
0.02960102645081264
0.02960102645081264
0.02960102645081264
0.02960102645081264
0.02960102645081264
0.02960102645081264
0.027034357967274047
0.027034357967274047
0.027034357967274047
0.027034357967274047
0.027034357967274047
0.027034357967274047
0.027034357967274047
0.027034357967274047
0.027034357967274047
0.027034357967274047
0.027034357967274047
0.027034357967274047
0.027034357967274047
0.027034357967274047
0.027034357967274047
0.027034357967274047
0.027034357967274047
0.027034357967274047
0.027034357967274047
0.026768034814189434
0.026768034814189434
0.0264315610032142
0.0264315610032142
0.0264315610032142
0.0264315610032142
0.0264315610032142
0.026246469189089794
0.026246469189089794
0.026246469189089794
0.02412239659734894
0.02412239659734894
0.02412239659734894
0.02412239659734894
0.0234530163800315
0.0234530163800315
0.020869293669733224
0.020869293669733224
0.020869293669733224
0.020869293669733224
0.020869293669733224
0.020721666402216954
0.020721666402216954
0.020721666402216954
0.020721666402216954
0.020721666402216954
0.020721666402216954
0.020721666402216954
0.020721666402216954
0.020721666402216954
0.020721666402216954
0.020721666402216954
0.020721666402216954
0.0184665243807558
0.0184665243807558
0.0184665243807558
0.0184665243807558
0.0184665243807558
0.0184665243807558
0.0184665243807558
0.0184665243807558
0.0184665243807558
0.0184665243807558
0.0184665243807558
0.0184665243807558
0.01652878354198606
0.01652878354198606
0.01652878354198606
0.01652878354198606
0.01652878354198606
0.01652878354198606
0.01652878354198606
0.01652878354198606
0.01652878354198606
0.01652878354198606
0.01652878354198606
0.01652878354198606
0.01652878354198606
0.01652878354198606
0.01652878354198606
0.01652878354198606
0.01652878354198606
0.01652878354198606
0.01652878354198606
0.01652878354198606
0.016526862711522483
0.016526862711522483
0.016526862711522483
0.016526862711522483
0.016435800411102264
0.016435800411102264
0.016435800411102264
0.016435800411102264
0.015605744388928144
0.015605744388928144
0.015605744388928144
0.015605744388928144
0.015605744388928144
0.015605744388928144
0.015009435152215644
0.015009435152215644
0.015009435152215644
0.01443164371700334
0.01443164371700334
0.01443164371700334
0.01443164371700334
0.01443164371700334
0.01443164371700334
0.014200760579591076
0.014200760579591076
0.0131730965252288
0.0131730965252288
0.0131730965252288
0.0131730965252288
0.0131730965252288
0.0131730965252288
0.0131730965252288
0.0131730965252288
0.0131730965252288
0.012269019614151944
0.012269019614151944
0.012269019614151944
0.012269019614151944
0.01216567234487087
0.01216567234487087
0.011748203838720883
0.011748203838720883
0.011748203838720883
0.011748203838720883
0.011598568935511366
0.011598568935511366
0.011598568935511366
0.011598568935511366
0.011305052496062729
0.011305052496062729
0.011305052496062729
0.011305052496062729
0.011305052496062729
0.011305052496062729
0.011305052496062729
0.011305052496062729
0.011305052496062729
0.011305052496062729
0.010793045860047812
0.010793045860047812
0.01041829731848054
0.01041829731848054
0.01041829731848054
0.01041829731848054
0.01041829731848054
0.010231877993177818
0.010231877993177818
0.010231877993177818
0.010211966215130985
0.010211966215130985
0.010020336751800585
0.010020336751800585
0.010020336751800585
0.009774887462228321
0.009774887462228321
0.009774887462228321
0.00956041864251489
0.00956041864251489
0.00956041864251489
0.009264038149900955
0.009264038149900955
0.009264038149900955
0.009185397828417763
0.009185397828417763
0.009185397828417763
0.009185397828417763
0.009185397828417763
0.009185397828417763
0.009185397828417763
0.00905563332302961
0.008655901302390134
0.008655901302390134
0.008655901302390134
0.008628981721031437
0.008628981721031437
0.00837430748563861
0.00837430748563861
0.00837430748563861
0.00837430748563861
0.00837430748563861
0.00837430748563861
0.00837430748563861
0.008229875992874724
0.008229875992874724
0.008229875992874724
0.008229875992874724
0.008162114309918422
0.00811712919755081
0.00811712919755081
0.007608133055342137
0.007608133055342137
