12.481282176279315
12.47967866536117
12.47967866536117
12.47331816551728
12.470947023342944
10.944044015162653
10.944044015162653
10.940768867103156
10.940768867103156
10.940768867103156
10.932446931840136
10.932446931840136
10.931057187432778
10.923327329637356
10.59785801289075
10.59785801289075
10.5935648339583
10.5935648339583
10.574398097684544
10.574398097684544
10.574398097684544
10.573173383042121
10.524629131978255
10.524629131978255
10.524629131978255
10.515163124647557
10.515163124647557
10.515163124647557
10.515163124647557
10.51046498588494
10.278209397278331
10.276908433858953
10.248443434443157
10.248443434443157
10.248443434443157
9.185474595787557
9.087834856223324
9.087834856223324
9.087834856223324
9.08308510189391
9.08308510189391
9.08308510189391
9.08308510189391
9.08308510189391
9.08308510189391
9.08308510189391
9.08308510189391
9.08308510189391
9.08308510189391
9.08308510189391
9.07530868369782
9.07530868369782
9.07530868369782
9.07530868369782
8.958259142587455
8.730830771278022
8.730830771278022
8.730830771278022
8.730830771278022
8.316796526941346
8.197120564040777
8.197120564040777
8.197120564040777
8.197120564040777
8.197120564040777
8.197120564040777
8.197120564040777
8.105549647635332
8.074365569746071
7.827386196048195
6.363876153648853
6.363570860046877
6.363570860046877
6.363570860046877
6.363570860046877
6.363570860046877
6.361063878743494
6.361063878743494
6.361063878743494
6.361063878743494
6.361063878743494
6.361063878743494
6.361063878743494
6.361063878743494
6.359879731700445
6.344895546183302
6.344800378157146
6.334942878570843
6.333769768511694
6.254186641336368
6.254186641336368
6.253853015634036
6.253853015634036
6.253853015634036
6.253853015634036
6.247796287181259
6.247796287181259
6.247796287181259
6.247796287181259
6.247796287181259
6.247796287181259
6.247796287181259
6.2404303605694835
6.2404303605694835
6.239249351889335
6.239249351889335
6.239249351889335
6.234495956713829
6.234495956713829
6.2151879867375115
6.2151879867375115
6.21318509669441
6.21318509669441
6.21318509669441
6.21318509669441
6.21318509669441
6.204690538399014
6.192394940868937
6.190534667189375
6.190534667189375
6.190534667189375
6.183055066582206
6.183055066582206
6.183055066582206
6.181448460563409
6.181448460563409
6.181448460563409
6.181125929057835
6.174041379423926
6.174041379423926
6.174041379423926
6.174041379423926
6.174041379423926
6.174041379423926
6.174041379423926
6.174041379423926
6.174041379423926
6.174041379423926
6.174041379423926
6.174041379423926
6.174041379423926
6.170356548771245
6.170356548771245
6.170356548771245
6.170356548771245
6.170356548771245
5.804680972916316
5.7743010259369925
5.77289645023253
5.769209408124233
5.769209408124233
5.769209408124233
5.766662371159768
5.7482782382356135
5.7482782382356135
5.7482782382356135
5.252411342387035
5.068269384046751
5.068269384046751
5.068269384046751
5.068269384046751
5.068269384046751
5.068269384046751
5.068269384046751
5.068269384046751
5.068269384046751
5.068269384046751
5.068269384046751
5.068269384046751
5.061336091123074
5.061336091123074
5.061336091123074
5.061336091123074
5.061336091123074
5.061336091123074
5.037309485522059
5.037309485522059
4.996856813004719
4.996856813004719
4.996856813004719
4.993497572947213
4.993497572947213
4.986232925693955
4.986232925693955
4.986232925693955
4.986232925693955
4.986232925693955
4.838850396195781
4.838850396195781
4.80173697725882
4.801108640012522
4.801108640012522
4.801108640012522
4.714659765773895
4.714659765773895
4.70732188235484
4.70732188235484
4.6972397133977
4.6972397133977
4.6972397133977
4.4674160617416305
4.349401618100771
4.348186332030849
4.348186332030849
4.348186332030849
4.348186332030849
4.348186332030849
4.347000091177918
4.347000091177918
4.347000091177918
4.3446975519686575
4.343885047859075
4.343885047859075
4.343885047859075
4.343885047859075
4.343885047859075
4.334731341545108
4.334731341545108
4.310077327244649
4.310077327244649
4.305166162650764
4.305166162650764
4.305166162650764
4.301798124757276
4.301798124757276
4.266207140153504
4.172230572390241
4.160387440581516
4.160387440581516
4.160387440581516
4.150153313410982
4.150153313410982
4.150153313410982
4.150153313410982
4.0528939073010335
4.0528939073010335
4.052040154445507
3.9831983668296473
3.9831983668296473
3.9831983668296473
3.9800275912744922
3.970127626188095
3.970127626188095
3.970127626188095
3.919148467927698
3.8529059844425646
3.8460772405348393
3.8396492177107646
3.826071848076829
3.826071848076829
3.8119976955815176
3.8113743010805194
3.8113743010805194
3.8113743010805194
3.8113743010805194
3.8062175738383743
3.8062175738383743
3.8003956572753594
3.630159379209964
3.630159379209964
3.630159379209964
3.6289897627223127
3.6289897627223127
3.6289897627223127
3.6289897627223127
3.6289897627223127
3.6289897627223127
3.6272543275287177
3.6272543275287177
3.6228376215104774
3.6031734269063236
3.601955976297262
3.582438447191798
3.582438447191798
3.582183802903181
3.4877899260546386
3.4877899260546386
3.432840923695913
3.432840923695913
3.432840923695913
3.3695276749083547
3.359387145873953
3.359387145873953
3.107252515326401
3.107252515326401
3.074311047209342
3.074311047209342
3.074311047209342
3.0650553631435855
3.0650553631435855
3.059844076639159
3.0440468393692868
3.043508673458554
3.043508673458554
3.0373330161987937
3.0373330161987937
3.0373330161987937
3.0373330161987937
3.0373330161987937
3.0373330161987937
3.0373330161987937
3.0373330161987937
3.0276097691319634
3.017378806049571
2.9679851108584927
2.9679851108584927
2.9679851108584927
2.965455579164079
2.965455579164079
2.965455579164079
2.962555727790985
2.962555727790985
2.962555727790985
2.9617133702491785
2.905343430664402
2.905343430664402
2.8701398514391556
2.8701398514391556
2.8701398514391556
2.8701398514391556
2.8701398514391556
2.8701398514391556
2.8701398514391556
2.8701398514391556
2.8701398514391556
2.8701398514391556
2.8701398514391556
2.8701398514391556
2.866505798161519
2.857385693300799
2.852175355942414
2.8494114549313565
2.8494114549313565
2.635003464407305
2.6299743338677075
2.6299743338677075
2.6222900007296346
2.6222900007296346
2.6222900007296346
2.6222900007296346
2.5742554735259944
2.5626987233825673
2.559230988312862
2.559230988312862
2.5512292244193873
2.5512292244193873
2.5428172464611407
2.535305549754632
2.5058865617504438
2.467697348636108
2.467697348636108
2.467697348636108
2.3405179676558134
2.3405179676558134
2.3405179676558134
2.3405179676558134
2.3405179676558134
2.2960310810076408
2.2822216921246934
2.2822216921246934
2.271545734460396
2.145258292826476
2.1391564025039713
2.129403258851241
2.129403258851241
2.129403258851241
2.129403258851241
2.129403258851241
2.129403258851241
2.129403258851241
2.129403258851241
2.0299194405405103
2.0299194405405103
1.9826767805084557
1.9826767805084557
1.982599564431581
1.9772543666316977
1.974408484160449
1.974408484160449
1.974408484160449
1.974408484160449
1.9722551485469566
1.9722551485469566
1.9722551485469566
1.9722551485469566
1.9722551485469566
1.9722551485469566
1.9722551485469566
1.9722551485469566
1.9696489350601283
1.9696489350601283
1.9696489350601283
1.9696489350601283
1.9690128837827174
1.9677513366642216
1.9677513366642216
1.9677513366642216
1.9677513366642216
1.9677513366642216
1.9677513366642216
1.9645718007503135
1.9645718007503135
1.9645718007503135
1.9645718007503135
1.9645718007503135
1.9645718007503135
1.9645718007503135
1.9645718007503135
1.9645718007503135
1.9596996203851518
1.9596996203851518
1.9596996203851518
1.9596996203851518
1.9596996203851518
1.9596996203851518
1.9596996203851518
1.9596996203851518
1.9596996203851518
1.9545163965532169
1.9545163965532169
1.9432786613358672
1.9432786613358672
1.9432786613358672
1.9432786613358672
1.9258667928620028
1.9258667928620028
1.9258667928620028
1.9258667928620028
1.9258667928620028
1.9258667928620028
1.9258667928620028
1.9258667928620028
1.9153060736538023
1.9153060736538023
1.9109832008355525
1.9109832008355525
1.9109832008355525
1.9109832008355525
1.9109832008355525
1.9109832008355525
1.9109832008355525
1.9109832008355525
1.9109832008355525
1.9109832008355525
1.9077783916148832
1.9077783916148832
1.9077783916148832
1.9077783916148832
1.9077783916148832
1.9077783916148832
1.9077783916148832
1.9077783916148832
1.9077783916148832
1.9077783916148832
1.9077783916148832
1.9077783916148832
1.9077783916148832
1.9077783916148832
1.9077783916148832
1.9077783916148832
1.9077783916148832
1.9077783916148832
1.9077783916148832
1.9060337549016992
1.9060337549016992
1.9060337549016992
1.9060337549016992
1.9060337549016992
1.9050313065607085
1.9050313065607085
1.9050313065607085
1.9050313065607085
1.9050313065607085
1.8961758781769262
1.8929751974821798
1.8908051637906027
1.8801689428367467
1.8801689428367467
1.8796904306475568
1.8796904306475568
1.8796904306475568
1.8796904306475568
1.869415110171012
1.869415110171012
1.869415110171012
1.869415110171012
1.869415110171012
1.8578719667941357
1.8578719667941357
1.8574130134637343
1.8574130134637343
1.8468794199797998
1.8384521934534632
1.7942915046476244
1.7899807561642476
1.7899807561642476
1.7899807561642476
1.7899807561642476
1.7899807561642476
1.7899807561642476
1.7861798518991137
1.7861798518991137
1.7861798518991137
1.7861798518991137
1.7861798518991137
1.7861798518991137
1.7861798518991137
1.7861798518991137
1.7861798518991137
1.7861798518991137
1.7861798518991137
1.7861798518991137
1.7861798518991137
1.7814627039994448
1.7814627039994448
1.7788968591288281
1.7777636681596505
1.7777636681596505
1.7777636681596505
1.7777636681596505
1.7777636681596505
1.7777636681596505
1.7777636681596505
1.7777636681596505
1.7777636681596505
1.7777636681596505
1.7777636681596505
1.7699960220279252
1.7699960220279252
1.7699960220279252
1.7699960220279252
1.7699960220279252
1.7698498251741626
1.7680521365725852
1.7680521365725852
1.765464960625657
1.7600216597706364
1.7526997076236128
1.7526997076236128
1.7526997076236128
1.7526997076236128
1.7526997076236128
1.7526997076236128
1.7502557549949316
1.7502557549949316
1.7310165522196783
1.7310165522196783
1.7209575018594734
1.7209575018594734
1.718542900572018
1.718542900572018
1.718542900572018
1.718542900572018
1.718542900572018
1.717326218784386
1.7045500985375597
1.7017174302310494
1.7017174302310494
1.7017174302310494
1.7017174302310494
1.6968626230030992
1.6968626230030992
1.6968626230030992
1.6384832891920311
1.6384832891920311
1.6384832891920311
1.6384832891920311
1.6384832891920311
1.6384832891920311
1.6376626807262582
1.6376626807262582
1.6376626807262582
1.6376626807262582
1.6376626807262582
1.6376626807262582
1.6319751588049058
1.6319751588049058
1.6157290150295012
1.6157290150295012
1.6157290150295012
1.6157290150295012
1.606484868562525
1.606484868562525
1.606484868562525
1.6018906327100737
1.6018906327100737
1.6018906327100737
1.6018906327100737
1.6018906327100737
1.6018906327100737
1.6018906327100737
1.6018906327100737
1.5995288110141743
1.5995288110141743
1.5995288110141743
1.5995288110141743
1.591786751411476
1.591786751411476
1.591786751411476
1.591786751411476
1.4588774582799573
1.4515171111421878
1.4515171111421878
1.44113050930536
1.4252870585986699
1.4221356556093312
1.4221356556093312
1.4221356556093312
1.4221356556093312
1.4221356556093312
1.4070443104552695
1.4070443104552695
1.4070443104552695
1.4070443104552695
1.4070443104552695
1.3815882669436164
1.3577719854651278
1.3577719854651278
1.3577719854651278
1.3577719854651278
1.334780861241704
1.334780861241704
1.334780861241704
1.334780861241704
1.334780861241704
1.334780861241704
1.334780861241704
1.334780861241704
1.334780861241704
1.334780861241704
1.334780861241704
1.334780861241704
1.334780861241704
1.334780861241704
1.334780861241704
1.3275723376987614
1.2906433640776456
1.2906433640776456
1.2734784049159202
1.2734784049159202
1.2734784049159202
1.2734784049159202
1.2734784049159202
1.2720209900638082
1.2720209900638082
1.2720209900638082
1.2167740423237632
1.2167740423237632
1.2167740423237632
1.2167740423237632
1.215976632254879
1.2074878039713397
1.2074878039713397
1.2074878039713397
1.2074878039713397
1.2074878039713397
1.2074878039713397
1.2074878039713397
1.2074878039713397
1.2074878039713397
1.1965019493216147
1.1965019493216147
1.1965019493216147
1.1941643155061357
1.1925882765951599
1.1925882765951599
1.1781773557990434
1.1781773557990434
1.166815461241825
1.166815461241825
1.166815461241825
1.166815461241825
1.166815461241825
1.166815461241825
1.166457177247402
1.166457177247402
1.1554958027753415
1.1336288979918123
1.1336288979918123
1.1336288979918123
1.1336288979918123
1.1336288979918123
1.1336288979918123
1.1336288979918123
1.1224418541748875
1.0991005707511121
1.0991005707511121
1.0991005707511121
1.0991005707511121
1.0991005707511121
1.0991005707511121
1.0991005707511121
1.0862440550702743
1.0862440550702743
1.0862440550702743
1.084279249620721
1.084279249620721
1.084279249620721
1.084279249620721
1.084279249620721
1.084279249620721
1.083310138869038
1.083310138869038
1.083310138869038
1.083310138869038
1.083310138869038
1.083310138869038
1.07789590288683
1.07789590288683
1.07789590288683
1.07789590288683
1.0754940829895858
1.0754940829895858
1.0754940829895858
1.0754940829895858
1.0754940829895858
1.0754940829895858
1.0754940829895858
1.0754940829895858
1.0754940829895858
1.0754940829895858
1.0754940829895858
1.0754940829895858
1.0754940829895858
1.0754940829895858
1.0754940829895858
1.0754940829895858
1.0754940829895858
1.0754940829895858
1.0754940829895858
1.0754940829895858
1.0754940829895858
1.0606089118641293
0.9388785575340179
0.9388785575340179
0.9355639490871823
0.9199700655999266
0.9197054479801068
0.9197054479801068
0.9197054479801068
0.9197054479801068
0.9197054479801068
0.9162960232715704
0.9162960232715704
0.9162960232715704
0.9162960232715704
0.9162960232715704
0.9152685380596921
0.912937692505956
0.9116880976392281
0.9040049652724491
0.8979927211740986
0.8964092578359626
0.8859517615519934
0.8859517615519934
0.8859517615519934
0.8859517615519934
0.8847270237974101
0.8847270237974101
0.8847270237974101
0.8847270237974101
0.8807514404703767
0.8807514404703767
0.8807514404703767
0.8763342037771622
0.8736033895766582
0.8736033895766582
0.8736033895766582
0.8736033895766582
0.8736033895766582
0.8736033895766582
0.8736033895766582
0.8736033895766582
0.8736033895766582
0.8736033895766582
0.8613883124130481
0.8507782399648818
0.8507782399648818
0.826383456617144
0.7898323883809155
0.7898323883809155
0.7898323883809155
0.7898323883809155
0.7806511703612173
0.7806511703612173
0.7806511703612173
0.7806511703612173
0.7806511703612173
0.7729164139137623
0.7729164139137623
0.7729164139137623
0.7729164139137623
0.7723053789418017
0.7723053789418017
0.7723053789418017
0.7406101784683017
0.7406101784683017
0.7406101784683017
0.7356016928414135
0.7356016928414135
0.7356016928414135
0.7356016928414135
0.7356016928414135
0.7117110236869664
0.7117110236869664
0.7117110236869664
0.7026631363564775
0.7026631363564775
0.7000092937760058
0.694769653364304
0.687217696165618
0.6838972392174014
0.6749340497021805
0.6749340497021805
0.6749340497021805
0.6659923544650965
0.6659923544650965
0.6659923544650965
0.6659923544650965
0.6594199908689475
0.6559731052952458
0.6559731052952458
0.6559731052952458
0.6559731052952458
0.6559731052952458
0.6559731052952458
0.6542639571534039
0.6537295180369469
0.6537295180369469
0.6535579687294018
0.6003419988967451
0.6003419988967451
0.6003419988967451
0.6003419988967451
0.5930992097642616
0.5930992097642616
0.5930992097642616
0.5930992097642616
0.5924326683950554
0.5924326683950554
0.5924326683950554
0.5924326683950554
0.5924326683950554
0.5924326683950554
0.5913870772235086
0.5913870772235086
0.5913870772235086
0.5913870772235086
0.5913870772235086
0.5913870772235086
0.5913870772235086
0.5913870772235086
0.5913870772235086
0.5913870772235086
0.5913870772235086
0.5913870772235086
0.5913870772235086
0.5913870772235086
0.5913870772235086
0.5913870772235086
0.5913870772235086
0.5913870772235086
0.5913870772235086
0.5913870772235086
0.5804367338893712
0.5804367338893712
0.5804367338893712
0.5804367338893712
0.5804367338893712
0.5661418079494567
0.5316129368566109
0.5255612703339807
0.5255612703339807
0.5251212457826853
0.4976741060584686
0.4976741060584686
0.4976741060584686
0.4976741060584686
0.4976741060584686
0.4976741060584686
0.4976741060584686
0.4976741060584686
0.4976741060584686
0.4976741060584686
0.4976741060584686
0.49624493561460525
0.49624493561460525
0.48360131794201777
0.45258267069919356
0.45258267069919356
0.45258267069919356
0.45258267069919356
0.45258267069919356
0.45258267069919356
0.44318173836987995
0.43365698706077893
0.43365698706077893
0.43365698706077893
0.43365698706077893
0.43119166618745197
0.43119166618745197
0.43119166618745197
0.43119166618745197
0.4304680517633557
0.4304680517633557
0.4304680517633557
0.4304680517633557
0.4304680517633557
0.4304680517633557
0.4304680517633557
0.4304680517633557
0.4269492809753572
0.4269492809753572
0.4269492809753572
0.4269492809753572
0.4269492809753572
0.4269492809753572
0.42641775150741523
0.42641775150741523
0.423310144127214
0.423310144127214
0.423310144127214
0.423310144127214
0.423310144127214
0.423310144127214
0.423310144127214
0.423310144127214
0.41660419330377607
0.41660419330377607
0.41660419330377607
0.41607142327598723
0.41607142327598723
0.41607142327598723
0.41607142327598723
0.41607142327598723
0.41607142327598723
0.41607142327598723
0.4097770348009604
0.4097770348009604
0.4097770348009604
0.4097770348009604
0.4097770348009604
0.4097770348009604
0.4097770348009604
0.4097770348009604
0.4097770348009604
0.4097770348009604
0.40954706626009596
0.40954706626009596
0.40954706626009596
0.40954706626009596
0.40954706626009596
0.40954706626009596
0.40954706626009596
0.40954706626009596
0.40954706626009596
0.40954706626009596
0.40954706626009596
0.40954706626009596
0.4032275010686419
0.4032275010686419
0.4032275010686419
0.4032275010686419
0.4032275010686419
0.4032275010686419
0.39864356738788587
0.39864356738788587
0.39638834241440435
0.39638834241440435
0.39638834241440435
0.39638834241440435
0.39638834241440435
0.39638834241440435
0.39638834241440435
0.39638834241440435
0.39638834241440435
0.39638834241440435
0.39638834241440435
0.39638834241440435
0.39638834241440435
0.39638834241440435
0.39638834241440435
0.39638834241440435
0.39638834241440435
0.39638834241440435
0.39638834241440435
0.39638834241440435
0.39638834241440435
0.39638834241440435
0.39638834241440435
0.39638834241440435
0.3943315466551667
0.3943315466551667
0.39300422607173147
0.39145473417726606
0.39145473417726606
0.39145473417726606
0.39145473417726606
0.39145473417726606
0.39145473417726606
