5.713899746748925
5.486022877210784
5.486022877210784
5.4234296076683535
5.202126564334556
5.13973981937416
4.426830619194394
4.426830619194394
4.426830619194394
4.426830619194394
4.426830619194394
3.9437826286053195
3.9437826286053195
3.9437826286053195
3.9437826286053195
3.9437826286053195
3.9437826286053195
3.9437826286053195
3.9437826286053195
3.9437826286053195
3.9437826286053195
3.9437826286053195
3.9437826286053195
3.9437826286053195
3.9437826286053195
3.829111873266381
3.829111873266381
3.829111873266381
3.7234159241983598
3.7234159241983598
3.7234159241983598
3.7234159241983598
3.5396293798925456
3.5396293798925456
3.5396293798925456
3.5396293798925456
3.5396293798925456
3.5396293798925456
3.5396293798925456
3.5396293798925456
3.5396293798925456
3.5396293798925456
3.5396293798925456
3.5396293798925456
3.3358656772976154
3.3142294523976226
3.3142294523976226
3.3142294523976226
3.3142294523976226
3.3142294523976226
3.2903399713076276
3.246679671468584
3.246679671468584
3.246679671468584
3.142871289618512
3.142871289618512
2.4518940139543908
2.4518940139543908
2.4518940139543908
2.4518940139543908
2.4518940139543908
2.4518940139543908
2.4518940139543908
2.3514078626449226
2.3514078626449226
2.3514078626449226
2.3514078626449226
2.3514078626449226
2.3514078626449226
2.3514078626449226
2.3514078626449226
2.028829633952874
2.028829633952874
2.028829633952874
2.028829633952874
2.028829633952874
2.028829633952874
2.028829633952874
1.8932566759841691
1.8932566759841691
1.8932566759841691
1.8932566759841691
1.8932566759841691
1.8932566759841691
1.8932566759841691
1.8932566759841691
1.8932566759841691
1.84639576744933
1.84639576744933
1.7727525441063179
1.7727525441063179
1.7727525441063179
1.7727525441063179
1.7727525441063179
1.7727525441063179
1.7727525441063179
1.7727525441063179
1.6399008982450667
1.6399008982450667
1.6399008982450667
1.6399008982450667
1.4943828543171165
1.4943828543171165
1.4943828543171165
1.4943828543171165
1.4943828543171165
1.4943828543171165
1.4943828543171165
1.4943828543171165
1.4943828543171165
1.4943828543171165
1.4943828543171165
1.4943828543171165
1.4943828543171165
1.4943828543171165
1.4943828543171165
1.4943828543171165
1.4943828543171165
1.4943828543171165
1.4943828543171165
1.4943828543171165
1.4943828543171165
1.4943828543171165
1.4943828543171165
1.4943828543171165
1.4943828543171165
1.4943828543171165
1.4943828543171165
1.4943828543171165
1.4677420404941692
1.4677420404941692
1.4677420404941692
1.4677420404941692
1.4677420404941692
1.4677420404941692
1.4261699117662232
1.4261699117662232
1.4261699117662232
1.3686397440783793
1.3686397440783793
1.3686397440783793
1.3686397440783793
1.3686397440783793
1.3686397440783793
1.367417672738668
1.367417672738668
1.367417672738668
1.367417672738668
1.3519808165185587
1.3519808165185587
1.3519808165185587
1.3519808165185587
1.3519808165185587
1.3519808165185587
1.3519808165185587
1.3519808165185587
1.3128156699886162
1.3128156699886162
1.298667159856258
1.298667159856258
1.298667159856258
1.298667159856258
1.298667159856258
1.298667159856258
1.2479308788472494
1.2479308788472494
1.2479308788472494
1.2479308788472494
1.2479308788472494
1.2479308788472494
1.2479308788472494
1.2479308788472494
1.2479308788472494
1.2324759770777831
1.2324759770777831
1.2324759770777831
1.2324759770777831
1.2324759770777831
1.2324759770777831
1.2324759770777831
1.2324759770777831
1.2324759770777831
1.181275914950536
1.181275914950536
1.181275914950536
1.181275914950536
1.181275914950536
1.181275914950536
1.181275914950536
1.181275914950536
1.181275914950536
1.181275914950536
1.181275914950536
1.181275914950536
1.181275914950536
1.0483016638860967
1.0483016638860967
1.0483016638860967
1.0483016638860967
1.0483016638860967
1.0483016638860967
1.0483016638860967
1.0483016638860967
1.0483016638860967
0.8775425683592424
0.8775425683592424
0.8775425683592424
0.8775425683592424
0.8775425683592424
0.8775425683592424
0.8775425683592424
0.8775425683592424
0.8775425683592424
0.8775425683592424
0.8775425683592424
0.8775425683592424
0.8775425683592424
0.8775425683592424
0.8775425683592424
0.8775425683592424
0.8775425683592424
0.8775425683592424
0.8775425683592424
0.8775425683592424
0.8775425683592424
0.8775425683592424
0.8775425683592424
0.8775425683592424
0.8775425683592424
0.8775425683592424
0.8775425683592424
0.8775425683592424
0.8592827975361672
0.8592827975361672
0.8241566141190511
0.8241566141190511
0.8241566141190511
0.7505123994892458
0.7505123994892458
0.7505123994892458
0.7505123994892458
0.7505123994892458
0.7505123994892458
0.7505123994892458
0.7505123994892458
0.7505123994892458
0.7505123994892458
0.7505123994892458
0.7505123994892458
0.7505123994892458
0.7505123994892458
0.7505123994892458
0.6510930671488104
0.6510930671488104
0.6510930671488104
0.6510930671488104
0.6510930671488104
0.636132375665845
0.636132375665845
0.636132375665845
0.636132375665845
0.636132375665845
0.6281876379994955
0.6281876379994955
0.6281876379994955
0.6281876379994955
0.6281876379994955
0.6281876379994955
0.6281876379994955
0.5830163417607963
0.5830163417607963
0.5830163417607963
0.5830163417607963
0.5830163417607963
0.5830163417607963
0.5830163417607963
0.5830163417607963
0.5830163417607963
0.5830163417607963
0.5830163417607963
0.5830163417607963
0.5830163417607963
0.5830163417607963
0.5830163417607963
0.5830163417607963
0.5830163417607963
0.5830163417607963
0.5830163417607963
0.5830163417607963
0.5830163417607963
0.5830163417607963
0.5830163417607963
0.5830163417607963
0.5830163417607963
0.5830163417607963
0.5830163417607963
0.5830163417607963
0.5830163417607963
0.5830163417607963
0.5830163417607963
0.5830163417607963
0.5830163417607963
0.5830163417607963
0.5830163417607963
0.5830163417607963
0.5669950822373195
0.5669950822373195
0.5669950822373195
0.5669950822373195
0.53996854499092
0.53996854499092
0.53996854499092
0.53996854499092
0.53996854499092
0.53996854499092
0.53996854499092
0.53996854499092
0.53996854499092
0.53996854499092
0.53996854499092
0.53996854499092
0.53996854499092
0.53996854499092
0.53996854499092
0.53996854499092
0.53996854499092
0.53996854499092
0.53996854499092
0.53996854499092
0.53996854499092
0.5334341204432498
0.5334341204432498
0.5334341204432498
0.5275193062837573
0.5275193062837573
0.5275193062837573
0.5161696682217922
0.49583482683435065
0.4953996276886876
0.4953996276886876
0.49152853340475744
0.4296494642165172
0.4296494642165172
0.4296494642165172
0.4296494642165172
0.4296494642165172
0.4293007224924139
0.42553897870579505
0.42553897870579505
0.42553897870579505
0.42553897870579505
0.42553897870579505
0.42553897870579505
0.42553897870579505
0.4184843476168112
0.4083371864307104
0.38256157948656977
0.38256157948656977
0.38256157948656977
0.30558903950856475
0.30558903950856475
0.30558903950856475
0.30558903950856475
0.30558903950856475
0.30558903950856475
0.30558903950856475
0.30558903950856475
0.30558903950856475
0.30558903950856475
0.30558903950856475
0.30558903950856475
0.30558903950856475
0.29575829098819284
0.29575829098819284
0.29575829098819284
0.29575829098819284
0.29575829098819284
0.2909752584400138
0.2909752584400138
0.2909752584400138
0.2909752584400138
0.2909752584400138
0.26632619868047414
0.26632619868047414
0.26632619868047414
0.26632619868047414
0.26632619868047414
0.26632619868047414
0.26632619868047414
0.26632619868047414
0.26632619868047414
0.26632619868047414
0.26632619868047414
0.26632619868047414
0.24604093943784733
0.24604093943784733
0.24604093943784733
0.24604093943784733
0.24604093943784733
0.24604093943784733
0.24604093943784733
0.24604093943784733
0.24604093943784733
0.24604093943784733
0.24604093943784733
0.24604093943784733
0.24604093943784733
0.2429927402207923
0.2429927402207923
0.2352484929682106
0.2352484929682106
0.2352484929682106
0.2352484929682106
0.23402590719865302
0.23402590719865302
0.23402590719865302
0.23402590719865302
0.23402590719865302
0.23402590719865302
0.23402590719865302
0.23402590719865302
0.23401007748236324
0.23401007748236324
0.23401007748236324
0.23401007748236324
0.23340382655080916
0.23340382655080916
0.23340382655080916
0.23340382655080916
0.23340382655080916
0.23340382655080916
0.23340382655080916
0.23340382655080916
0.22870942426650132
0.22870942426650132
0.22870942426650132
0.22870942426650132
0.22870942426650132
0.22870942426650132
0.22870942426650132
0.22870942426650132
0.22870942426650132
0.22870942426650132
0.22870942426650132
0.22870942426650132
0.22870942426650132
0.22870942426650132
0.22870942426650132
0.22870942426650132
0.22870942426650132
0.22870942426650132
0.21011436607130207
0.21011436607130207
0.21011436607130207
0.21011436607130207
0.21011436607130207
0.21011436607130207
0.21011436607130207
0.21011436607130207
0.21011436607130207
0.21011436607130207
0.21011436607130207
0.21011436607130207
0.19024915110924567
0.19024915110924567
0.19024915110924567
0.19024915110924567
0.19024915110924567
0.19024915110924567
0.19024915110924567
0.19024915110924567
0.19024915110924567
0.19024915110924567
0.19024915110924567
0.19024915110924567
0.19024915110924567
0.18472118166202733
0.18472118166202733
0.18472118166202733
0.18472118166202733
0.18472118166202733
0.18472118166202733
0.18300608773237315
0.18300608773237315
0.18300608773237315
0.18300608773237315
0.18300608773237315
0.18300608773237315
0.18300608773237315
0.18300608773237315
0.18300608773237315
0.18300608773237315
0.17636493895890126
0.17636493895890126
0.17636493895890126
0.17636493895890126
0.17636493895890126
0.17636493895890126
0.1602770284511763
0.1602770284511763
0.1602770284511763
0.1602770284511763
0.1602770284511763
0.1602770284511763
0.1602770284511763
0.1602770284511763
0.1602770284511763
0.1602770284511763
0.1602770284511763
0.1602770284511763
0.1602770284511763
0.1602770284511763
0.1602770284511763
0.1602770284511763
0.1602770284511763
0.14069366687118645
0.14069366687118645
0.14069366687118645
0.14069366687118645
0.14069366687118645
0.14069366687118645
0.14069366687118645
0.14069366687118645
0.1296089450563933
0.1296089450563933
0.1296089450563933
0.1296089450563933
0.1296089450563933
0.1296089450563933
0.1296089450563933
0.1296089450563933
0.1296089450563933
0.1296089450563933
0.1296089450563933
0.12393965389701833
0.12393965389701833
0.12393965389701833
0.12393965389701833
0.12393965389701833
0.12393965389701833
0.12215080904204356
0.12215080904204356
0.12215080904204356
0.12215080904204356
0.12215080904204356
0.12215080904204356
0.11299762339110586
0.11299762339110586
0.11299762339110586
0.11299762339110586
0.11023467639104467
0.11023467639104467
0.10924309426105694
0.10924309426105694
0.1090993287098172
0.1090993287098172
0.1090993287098172
0.1090993287098172
0.10638454756960414
0.10638454756960414
0.10638454756960414
0.1054598094075665
0.1054598094075665
0.1054598094075665
0.08670242936815598
0.08670242936815598
0.08670242936815598
0.08670242936815598
0.08670242936815598
0.08670242936815598
0.08670242936815598
0.08670242936815598
0.08670242936815598
0.08670242936815598
0.08670242936815598
0.08670242936815598
0.08670242936815598
0.08670242936815598
0.08670242936815598
0.07508297666302965
0.07508297666302965
0.07508297666302965
0.07508297666302965
0.07508297666302965
0.07508297666302965
0.07508297666302965
0.07508297666302965
0.07508297666302965
0.07508297666302965
0.07508297666302965
0.07508297666302965
0.07508297666302965
0.07508297666302965
0.07508297666302965
0.07508297666302965
0.07508297666302965
0.07508297666302965
0.07508297666302965
0.07508297666302965
0.07508297666302965
0.07508297666302965
0.07508297666302965
0.07508297666302965
0.07508297666302965
0.07508297666302965
0.07508297666302965
0.07508297666302965
0.07508297666302965
0.07508297666302965
0.07508297666302965
0.07108130840484606
0.07108130840484606
0.07108130840484606
0.07108130840484606
0.06955177294996773
0.06955177294996773
0.06955177294996773
0.06955177294996773
0.06955177294996773
0.06955177294996773
0.06955177294996773
0.06955177294996773
0.06955177294996773
0.06955177294996773
0.06955177294996773
0.06955177294996773
0.06955177294996773
0.06955177294996773
0.06955177294996773
0.06955177294996773
0.06955177294996773
0.06700204943148691
0.06700204943148691
0.06700204943148691
0.06700204943148691
0.06390734816858767
0.06390734816858767
0.06390734816858767
0.06390734816858767
0.06390734816858767
0.06390734816858767
0.06390734816858767
0.06390734816858767
0.06390734816858767
0.06390734816858767
0.06390734816858767
0.06390734816858767
0.06390734816858767
0.06345520648921266
0.06345520648921266
0.06345520648921266
0.06345520648921266
0.06345520648921266
0.06345520648921266
0.06345520648921266
0.06345520648921266
0.06345520648921266
0.06101386562632882
0.06101386562632882
0.06101386562632882
0.06101386562632882
0.059441408305183074
0.059441408305183074
0.059441408305183074
0.059441408305183074
0.05811365415740255
0.05811365415740255
0.05652292290401206
0.05652292290401206
0.05652292290401206
0.05652292290401206
0.05652292290401206
0.05652292290401206
0.05652292290401206
0.05652292290401206
0.05652292290401206
0.05652292290401206
0.05652292290401206
0.05652292290401206
0.05652292290401206
0.055195453278304996
0.055195453278304996
0.055195453278304996
0.055195453278304996
0.055195453278304996
0.055195453278304996
0.055195453278304996
0.055195453278304996
0.055195453278304996
0.05503055474877172
0.05492295857273888
0.05492295857273888
0.054752448054696146
0.04881668939000505
0.04881668939000505
0.04881668939000505
0.04881668939000505
0.04881668939000505
0.04881668939000505
0.04881668939000505
0.04881668939000505
0.047556976470364276
0.047556976470364276
0.047556976470364276
0.047556976470364276
0.047556976470364276
0.047556976470364276
0.047556976470364276
0.047556976470364276
0.047556976470364276
0.047556976470364276
0.045285750242289424
0.04466753549988667
0.04466753549988667
0.041072996176392707
0.041072996176392707
0.041072996176392707
0.041072996176392707
0.041072996176392707
0.041072996176392707
0.041072996176392707
0.041072996176392707
0.041072996176392707
0.041072996176392707
0.041072996176392707
0.041072996176392707
0.041072996176392707
0.041072996176392707
0.041072996176392707
0.041072996176392707
0.041072996176392707
0.041072996176392707
0.041072996176392707
0.041072996176392707
0.04085443920875065
0.04085443920875065
0.04085443920875065
0.04085443920875065
0.03981297945862394
0.03981297945862394
0.038707412461548074
0.038707412461548074
0.038707412461548074
0.038707412461548074
0.038707412461548074
0.038707412461548074
0.038707412461548074
0.038707412461548074
0.038707412461548074
0.03825129451261944
0.03825129451261944
0.03825129451261944
0.03825129451261944
0.03825129451261944
0.03825129451261944
0.03825129451261944
0.03825129451261944
0.03268906780075298
0.03268906780075298
0.03268906780075298
0.03268906780075298
0.03268906780075298
0.03268906780075298
0.03268906780075298
0.03268906780075298
0.03268906780075298
0.03175511939283382
0.03175511939283382
0.03175511939283382
0.03175511939283382
0.03175511939283382
0.03175511939283382
0.03175511939283382
0.03175511939283382
0.03175511939283382
0.03175511939283382
0.03175511939283382
0.03175511939283382
0.02972787008786426
0.02972787008786426
0.02972787008786426
0.02972787008786426
0.02972787008786426
0.0290192813842296
0.0290192813842296
0.0290192813842296
0.0290192813842296
0.0290192813842296
0.0290192813842296
0.0290192813842296
0.0290192813842296
0.0290192813842296
0.0290192813842296
0.0290192813842296
0.0290192813842296
0.028220430786010553
0.028220430786010553
0.028220430786010553
0.026370993343981297
0.026370993343981297
0.025938973999611648
0.025938973999611648
0.025938973999611648
0.025938973999611648
0.025938973999611648
0.025938973999611648
0.023291194300796292
0.021539601604445124
0.021142267461481623
0.021142267461481623
0.021142267461481623
0.021142267461481623
0.021142267461481623
0.021142267461481623
0.021142267461481623
0.020024557803107967
0.020024557803107967
0.020024557803107967
0.020024557803107967
0.020024557803107967
0.019820443167073876
0.019820443167073876
0.016939884235085856
0.016939884235085856
0.016939884235085856
0.016939884235085856
0.016939884235085856
0.016939884235085856
0.014792098681514432
0.014792098681514432
0.014792098681514432
0.014792098681514432
0.014792098681514432
0.014792098681514432
0.014792098681514432
0.014792098681514432
0.014792098681514432
0.014792098681514432
0.014792098681514432
0.014792098681514432
0.014792098681514432
0.014792098681514432
0.014792098681514432
0.014792098681514432
0.014792098681514432
0.014792098681514432
0.014792098681514432
0.014792098681514432
0.014792098681514432
0.014792098681514432
0.014792098681514432
0.014792098681514432
0.014792098681514432
0.014792098681514432
0.014792098681514432
0.014792098681514432
0.014792098681514432
0.014792098681514432
0.014792098681514432
0.01419864201379184
0.01419864201379184
0.01419864201379184
0.01419864201379184
0.01419864201379184
0.01419864201379184
0.01419864201379184
0.01419864201379184
0.013825535952594947
0.012273905297156773
0.012273905297156773
0.012273905297156773
0.012273905297156773
0.012273905297156773
0.012273905297156773
0.012273905297156773
0.012273905297156773
0.01212823066686397
0.01212823066686397
0.01212823066686397
0.01212823066686397
0.01212823066686397
0.01212823066686397
0.011997890376783005
0.011997890376783005
0.011997890376783005
0.011997890376783005
0.011997890376783005
0.011997890376783005
0.011997890376783005
0.011997890376783005
0.011997890376783005
0.011997890376783005
0.011997890376783005
0.011997890376783005
0.011997890376783005
0.011997890376783005
0.011997890376783005
0.011997890376783005
0.009677145728108627
0.009677145728108627
0.009677145728108627
0.009677145728108627
0.009677145728108627
0.009677145728108627
0.009677145728108627
0.009677145728108627
0.009677145728108627
0.009677145728108627
0.009677145728108627
0.009677145728108627
0.009677145728108627
0.009677145728108627
0.009677145728108627
0.009677145728108627
0.009191409936359918
0.009191409936359918
0.009191409936359918
0.009191409936359918
0.009191409936359918
0.009191409936359918
0.009191409936359918
0.009191409936359918
0.009191409936359918
0.009191409936359918
0.009191409936359918
0.008687261292052995
0.008687261292052995
0.008687261292052995
0.00844910056730086
0.00844910056730086
0.008441899670419417
0.008441899670419417
0.008441899670419417
0.008441899670419417
0.008441899670419417
0.0075311902415720056
0.0075311902415720056
0.0075311902415720056
0.0075311902415720056
0.0075311902415720056
0.0075311902415720056
0.0075311902415720056
0.0075311902415720056
0.0075311902415720056
0.0075311902415720056
0.0075311902415720056
0.0075311902415720056
0.0075311902415720056
0.0075311902415720056
0.0075311902415720056
0.0075311902415720056
0.0075311902415720056
0.0075311902415720056
0.0075311902415720056
0.0075311902415720056
0.0075311902415720056
0.0075311902415720056
0.0075311902415720056
0.0075311902415720056
0.0075311902415720056
0.007502690532049883
0.007396253471824821
0.007396253471824821
0.007336077235041927
0.007336077235041927
0.007336077235041927
0.007336077235041927
0.007155598258805185
0.007155598258805185
0.007155598258805185
0.006382510290933396
0.006382510290933396
0.006382510290933396
0.006382510290933396
0.006382510290933396
0.006382510290933396
0.006382510290933396
0.006382510290933396
0.006382510290933396
0.006005889403795095
0.005868585536379811
0.005868585536379811
0.0051380773315656825
0.0051380773315656825
0.0051380773315656825
0.0051380773315656825
0.003989258729504286
0.003989258729504286
0.003989258729504286
0.003989258729504286
0.003989258729504286
0.003989258729504286
0.003989258729504286
0.003989258729504286
0.003989258729504286
0.003989258729504286
0.003989258729504286
0.003989258729504286
0.003989258729504286
0.003989258729504286
