0.014850854873657227
0.014785528182983398
0.014885663986206055
0.014852285385131836
0.014812231063842773
0.014818191528320312
0.015043020248413086
0.015184164047241211
0.014994144439697266
0.015324592590332031
0.014946460723876953
0.015064477920532227
0.014961004257202148
0.014875650405883789
0.014538764953613281
0.01486515998840332
0.014804601669311523
0.014828920364379883
0.014909505844116211
0.014755964279174805
0.014786958694458008
0.015151023864746094
0.015032768249511719
0.014827251434326172
0.01473855972290039
0.014813899993896484
0.014785051345825195
0.01478433609008789
0.014883041381835938
0.014915943145751953
0.01492166519165039
0.014793634414672852
0.014863252639770508
0.01476907730102539
0.014842510223388672
0.014816999435424805
0.014798402786254883
0.01486515998840332
0.014774084091186523
0.014744758605957031
0.014823198318481445
0.014751911163330078
0.0148468017578125
0.014801502227783203
0.014870166778564453
0.01480555534362793
0.014856815338134766
0.014806747436523438
0.014744043350219727
0.014822244644165039
0.014792680740356445
0.01483917236328125
0.014783143997192383
0.01476907730102539
0.0147857666015625
0.014770984649658203
0.014844179153442383
0.014796972274780273
0.014807462692260742
0.014833927154541016
0.014839649200439453
0.01486349105834961
0.014785528182983398
0.014794349670410156
0.01483607292175293
0.0148468017578125
0.014793872833251953
0.014780759811401367
0.014788150787353516
0.014857053756713867
0.014837265014648438
0.014777183532714844
0.014871835708618164
0.014778375625610352
0.014819860458374023
0.014831066131591797
0.01486968994140625
0.014877796173095703
0.01480865478515625
0.014831304550170898
0.01481008529663086
0.014847755432128906
0.014792203903198242
0.014827966690063477
0.014827251434326172
0.014826297760009766
0.014887571334838867
0.014807462692260742
0.014975309371948242
0.014816522598266602
0.014879941940307617
0.014808416366577148
0.014841079711914062
0.014893531799316406
0.014788150787353516
0.014824151992797852
0.014797210693359375
0.014859676361083984
0.014904975891113281
0.015173673629760742
0.015010595321655273
0.015196561813354492
0.015003442764282227
0.014936208724975586
0.015007495880126953
0.015026092529296875
0.014965295791625977
0.015021800994873047
0.015007495880126953
0.014987707138061523
0.015209674835205078
0.014819622039794922
0.015353918075561523
0.014998197555541992
0.015111446380615234
0.014961481094360352
0.014885663986206055
0.014816761016845703
0.014886617660522461
0.014977455139160156
0.014926910400390625
0.015003442764282227
0.014922618865966797
0.015004873275756836
0.015003442764282227
0.015006303787231445
0.015087366104125977
0.01505279541015625
0.014975309371948242
0.014960527420043945
0.014917612075805664
0.014989376068115234
0.01494145393371582
0.01499795913696289
0.014938592910766602
0.015012502670288086
0.015058279037475586
0.015100955963134766
0.015024185180664062
0.01486515998840332
0.01510930061340332
0.014922142028808594
0.01498556137084961
0.015104293823242188
0.015120983123779297
0.014899969100952148
0.014971256256103516
0.01504206657409668
0.01490163803100586
0.01505899429321289
0.014938592910766602
0.015274763107299805
0.01503753662109375
0.015111923217773438
0.015037775039672852
0.014906883239746094
0.014966249465942383
0.015013456344604492
0.01497507095336914
0.015023231506347656
0.014971733093261719
0.015016317367553711
0.015104532241821289
0.015037059783935547
0.015065908432006836
0.015077829360961914
0.015086889266967773
0.014986515045166016
0.01500082015991211
0.014989137649536133
0.014976263046264648
0.014928817749023438
0.015037059783935547
0.014983415603637695
0.015006303787231445
0.015146017074584961
0.015086174011230469
0.01505279541015625
0.014999866485595703
0.015093088150024414
0.01506185531616211
0.015034914016723633
0.015001296997070312
0.015045881271362305
0.015073776245117188
0.014958620071411133
0.01504063606262207
0.015061140060424805
0.015028953552246094
0.015021085739135742
0.015093088150024414
0.01504826545715332
0.014931917190551758
0.014875650405883789
0.014990091323852539
0.015223026275634766
0.015019893646240234
0.015059232711791992
0.015039443969726562
0.015033960342407227
0.015096426010131836
0.015077590942382812
0.015045642852783203
0.015055418014526367
0.015396356582641602
0.015093326568603516
0.015303611755371094
0.015030860900878906
0.015077352523803711
0.014974355697631836
0.015082836151123047
0.014985084533691406
0.014961719512939453
0.015146017074584961
0.015009641647338867
0.015023469924926758
0.015033721923828125
0.015119552612304688
0.014941692352294922
0.015048027038574219
0.015053272247314453
0.015068769454956055
0.014936447143554688
0.015231132507324219
0.015050649642944336
0.015094757080078125
0.015077829360961914
0.01497650146484375
0.015539884567260742
0.015011072158813477
0.014955520629882812
0.014909029006958008
0.014921188354492188
0.01505422592163086
0.014969587326049805
0.015035152435302734
0.014980554580688477
0.015336751937866211
0.015356779098510742
0.015498638153076172
0.015339851379394531
0.01545405387878418
0.015393733978271484
0.015128612518310547
0.01504063606262207
0.014943361282348633
0.015111207962036133
0.015288829803466797
0.015188455581665039
0.015276193618774414
0.014882087707519531
0.014848470687866211
0.01485896110534668
0.014881610870361328
0.014896631240844727
0.01483607292175293
0.014839410781860352
0.014834880828857422
0.014865875244140625
0.014903068542480469
0.014969110488891602
0.015070915222167969
0.015030860900878906
0.01496577262878418
0.014987945556640625
0.01587510108947754
0.015122652053833008
0.015101432800292969
0.014971017837524414
0.015073537826538086
0.015015602111816406
0.015019893646240234
0.015067338943481445
0.015095949172973633
0.015039920806884766
0.015178918838500977
0.015410184860229492
0.015424966812133789
0.015204429626464844
0.015450716018676758
0.015393972396850586
0.01526784896850586
0.0153045654296875
0.015200376510620117
0.01503610610961914
0.014847517013549805
0.014849662780761719
0.014882087707519531
0.014997005462646484
0.014911890029907227
0.014844179153442383
0.014885902404785156
0.01485300064086914
0.014847993850708008
0.01478886604309082
0.014809370040893555
0.014792203903198242
0.014798879623413086
0.014852523803710938
0.014811277389526367
0.014858007431030273
0.014832019805908203
0.01476430892944336
0.014848709106445312
0.014835834503173828
0.014854669570922852
0.01474618911743164
0.014819860458374023
0.01476907730102539
0.014803409576416016
0.014882802963256836
0.014841079711914062
0.014826774597167969
0.014795780181884766
0.014873981475830078
0.015016555786132812
0.014958858489990234
0.015190601348876953
0.015331029891967773
0.015046834945678711
0.014989852905273438
0.015136480331420898
0.015039205551147461
0.014981508255004883
0.015659093856811523
0.015067338943481445
0.015056610107421875
0.015136480331420898
0.014989852905273438
0.01503753662109375
0.01511526107788086
0.015010595321655273
0.015202045440673828
0.015169858932495117
0.01506352424621582
0.014945030212402344
0.014994382858276367
0.014963150024414062
0.014984607696533203
0.014943122863769531
0.015007495880126953
0.014931440353393555
0.015102148056030273
0.014868736267089844
0.014964103698730469
0.015006542205810547
0.01518869400024414
0.014893770217895508
0.015007972717285156
0.015002727508544922
0.015089035034179688
0.01500391960144043
0.014969348907470703
0.015032768249511719
0.015014410018920898
0.015085697174072266
0.015459060668945312
0.015022754669189453
0.015146732330322266
0.015079975128173828
0.01496744155883789
0.014990568161010742
0.014968395233154297
0.014993906021118164
0.014917850494384766
0.01496434211730957
0.015064001083374023
0.014927148818969727
0.014983654022216797
0.015055418014526367
0.014983892440795898
0.01501321792602539
0.015103578567504883
0.015008926391601562
0.015108585357666016
0.015012264251708984
0.014974594116210938
0.014965057373046875
0.015022516250610352
0.014979362487792969
0.014958858489990234
0.01482534408569336
0.015207290649414062
0.015050172805786133
0.015028715133666992
0.01578974723815918
0.014923095703125
0.015018224716186523
0.01512598991394043
0.014956951141357422
0.01500558853149414
0.015095949172973633
0.014981508255004883
0.014989376068115234
0.015088558197021484
0.014977693557739258
0.014892101287841797
0.014881372451782227
0.01488494873046875
0.015042781829833984
0.014972686767578125
0.015018939971923828
0.014960527420043945
0.014962911605834961
0.014882564544677734
0.014990568161010742
0.014909505844116211
0.015120983123779297
0.015081405639648438
0.015025854110717773
0.015074014663696289
0.015052080154418945
0.015436887741088867
0.015012979507446289
0.014868021011352539
0.01505422592163086
0.0152740478515625
0.014807701110839844
0.014785289764404297
0.015060663223266602
0.015102148056030273
0.01490640640258789
0.015049457550048828
0.015058040618896484
0.01518559455871582
0.01497197151184082
0.014976263046264648
0.0150146484375
0.014928579330444336
0.014991283416748047
0.015004873275756836
0.015004396438598633
0.015074014663696289
0.015035390853881836
0.015017509460449219
0.015106678009033203
0.014925718307495117
0.014868497848510742
0.01485753059387207
0.014869928359985352
0.014996528625488281
0.014964580535888672
0.01576089859008789
0.014982938766479492
0.01565241813659668
0.015053033828735352
0.015052080154418945
0.015141010284423828
0.015073537826538086
0.015424013137817383
0.015337944030761719
0.014921188354492188
0.015002250671386719
0.015020132064819336
0.014931440353393555
0.01496267318725586
0.014953136444091797
0.01496577262878418
0.015029191970825195
0.01504826545715332
0.014898061752319336
0.015072345733642578
0.014969110488891602
0.014987945556640625
0.014978885650634766
0.014972448348999023
0.014966726303100586
0.014988899230957031
0.015097618103027344
0.015009641647338867
0.014949321746826172
0.014840126037597656
0.01487421989440918
0.014822721481323242
0.01497197151184082
0.017436504364013672
0.01502680778503418
0.014952898025512695
0.0186460018157959
0.015255451202392578
0.014873266220092773
0.014824628829956055
0.014816999435424805
0.015023231506347656
0.014944076538085938
0.014970064163208008
0.015323400497436523
0.015014886856079102
0.014847993850708008
0.015018701553344727
0.015039920806884766
0.015007257461547852
0.014955997467041016
0.015039443969726562
0.015010833740234375
0.015066385269165039
0.015156269073486328
0.015073060989379883
0.015432119369506836
0.01553034782409668
0.015560150146484375
0.015248537063598633
0.015421867370605469
0.015455484390258789
0.015493631362915039
0.014935493469238281
0.016991138458251953
0.015677452087402344
0.01628565788269043
0.01746845245361328
0.0166471004486084
0.015369415283203125
0.015022993087768555
0.01492619514465332
0.014811038970947266
0.014870643615722656
0.014771223068237305
0.014816999435424805
0.01498270034790039
0.015009403228759766
0.014912128448486328
0.014873266220092773
0.014992475509643555
0.014980792999267578
0.014841556549072266
0.01504206657409668
0.015027046203613281
0.014974832534790039
0.014996767044067383
0.01503443717956543
0.014945507049560547
0.014927148818969727
0.015012502670288086
0.014968633651733398
0.015147209167480469
0.015078067779541016
0.015168190002441406
0.015050172805786133
0.014989376068115234
0.015092611312866211
0.014937877655029297
0.014991998672485352
0.015015602111816406
0.014960765838623047
0.014980077743530273
0.015015602111816406
0.015043020248413086
0.01504063606262207
0.01500391960144043
0.014927387237548828
0.014959573745727539
0.014823198318481445
0.01509237289428711
0.014893770217895508
0.014796972274780273
0.015421628952026367
0.014829397201538086
0.014789819717407227
0.014853715896606445
0.014784574508666992
0.014948844909667969
0.01506185531616211
0.014947891235351562
0.014981985092163086
0.015180110931396484
0.015095710754394531
0.014878988265991211
0.014959573745727539
0.014923572540283203
0.01496124267578125
0.014947652816772461
0.014910697937011719
0.01492929458618164
0.014925003051757812
0.014947891235351562
0.01493978500366211
0.015003681182861328
0.014880657196044922
0.014865875244140625
0.014829158782958984
0.014812469482421875
0.014898300170898438
0.014847755432128906
0.014796018600463867
0.014796018600463867
0.014808416366577148
0.014788150787353516
0.01488494873046875
0.015058279037475586
0.014895200729370117
0.014902830123901367
0.015062093734741211
0.014958381652832031
0.014922857284545898
0.014955520629882812
0.015049219131469727
0.014932394027709961
0.014855384826660156
0.014927148818969727
0.015047311782836914
0.015007495880126953
0.014976024627685547
0.015009880065917969
0.015037775039672852
0.01500701904296875
0.014945030212402344
0.015004873275756836
0.015027523040771484
0.014900922775268555
0.014977216720581055
0.014869451522827148
0.014909982681274414
0.014931678771972656
0.015047311782836914
0.015009641647338867
0.014895915985107422
0.015056610107421875
0.014853715896606445
0.014867544174194336
0.014893293380737305
0.014960527420043945
0.0153045654296875
0.014900445938110352
0.014988899230957031
0.015818357467651367
0.014952421188354492
0.015008926391601562
0.015225887298583984
0.014986276626586914
0.015069723129272461
0.01514291763305664
0.01500701904296875
0.015092134475708008
0.0150909423828125
0.015023469924926758
0.014986515045166016
0.015213251113891602
0.014985322952270508
0.014929533004760742
0.014989852905273438
0.015103578567504883
0.015047550201416016
0.015041112899780273
0.015166759490966797
0.014982223510742188
0.014914751052856445
0.014970064163208008
0.014908790588378906
0.015108346939086914
0.01504373550415039
0.014978408813476562
0.014969825744628906
0.015148162841796875
0.014985799789428711
0.015052318572998047
0.015037775039672852
0.015047550201416016
0.015031099319458008
0.014970064163208008
0.014903068542480469
0.014932632446289062
0.014960527420043945
0.014970064163208008
0.014959335327148438
0.015057802200317383
0.015142440795898438
0.01495361328125
0.015007495880126953
0.014981985092163086
0.015029191970825195
0.0149383544921875
0.014991521835327148
0.015062570571899414
0.015220880508422852
0.014944076538085938
0.015030384063720703
0.015055656433105469
0.015083074569702148
0.015337944030761719
0.015093564987182617
0.015168190002441406
0.015136003494262695
0.018790483474731445
0.015326499938964844
0.01531982421875
0.014955282211303711
0.015136957168579102
0.018507957458496094
0.014986753463745117
0.015199661254882812
0.01516270637512207
0.014936685562133789
0.015057563781738281
0.015086174011230469
0.01512765884399414
0.014907598495483398
0.015016794204711914
0.015033721923828125
0.014953136444091797
0.014852046966552734
0.015027761459350586
0.014954805374145508
0.01497030258178711
0.01503443717956543
0.015051126480102539
0.01509404182434082
0.01561284065246582
0.015002012252807617
0.014937877655029297
0.014977455139160156
0.015024423599243164
0.01505899429321289
0.015066385269165039
0.015065670013427734
0.015133857727050781
0.015116214752197266
0.015037059783935547
0.01494145393371582
0.015024423599243164
0.014955759048461914
0.01502370834350586
0.015021085739135742
0.015111207962036133
0.015106916427612305
0.014945507049560547
0.015036582946777344
0.015068531036376953
0.014991283416748047
0.01507878303527832
0.015030622482299805
0.015011072158813477
0.01495504379272461
0.014871358871459961
0.014899253845214844
0.015520572662353516
0.014989614486694336
0.01494455337524414
0.015030622482299805
0.015066385269165039
0.014983892440795898
0.014911413192749023
0.015051126480102539
0.014839887619018555
0.015171289443969727
0.01573967933654785
0.01507258415222168
0.014963150024414062
0.015088558197021484
0.014967918395996094
0.015075445175170898
0.014978408813476562
0.015147209167480469
0.015001296997070312
0.015014410018920898
0.015015602111816406
0.014960527420043945
0.014828205108642578
0.01487588882446289
0.014897346496582031
0.0148773193359375
0.014825820922851562
0.014908552169799805
0.014892101287841797
0.015091657638549805
0.014960050582885742
0.014929771423339844
0.014971256256103516
0.015041351318359375
0.015036821365356445
0.015041589736938477
0.015092849731445312
0.015089988708496094
0.014922142028808594
0.014854669570922852
0.014942646026611328
0.014851570129394531
0.014949321746826172
0.014963388442993164
0.01497197151184082
0.01495361328125
0.015104055404663086
0.014982461929321289
0.015084505081176758
0.015023469924926758
0.015043020248413086
0.014848947525024414
0.015018224716186523
0.015014410018920898
0.015031814575195312
0.014943599700927734
0.014980792999267578
0.015008211135864258
0.014953851699829102
0.01505136489868164
0.014902353286743164
0.01499319076538086
0.015031814575195312
0.015038490295410156
0.015059947967529297
0.01491236686706543
0.014969110488891602
0.014940261840820312
0.014925479888916016
0.014965057373046875
0.015780925750732422
0.015399932861328125
0.01480245590209961
0.014953136444091797
0.015056848526000977
0.014852046966552734
0.015046834945678711
0.014976978302001953
0.015140771865844727
0.014904260635375977
0.014915227890014648
0.014999628067016602
0.015033483505249023
0.015018701553344727
0.015058517456054688
0.01506948471069336
0.01497960090637207
0.015133380889892578
0.015080690383911133
0.01493215560913086
0.014978885650634766
0.015017032623291016
0.01508331298828125
0.014904499053955078
0.014934062957763672
0.015009164810180664
0.01493525505065918
0.014995574951171875
0.015016317367553711
0.014998912811279297
0.014984846115112305
0.015045404434204102
0.015009403228759766
0.015792369842529297
0.014896631240844727
0.014979124069213867
0.014976978302001953
0.014919757843017578
0.01491546630859375
0.014915943145751953
0.015014171600341797
0.015028953552246094
0.015080928802490234
0.015071392059326172
0.015064001083374023
0.014925956726074219
0.014895915985107422
0.015012025833129883
0.014974355697631836
0.014937400817871094
0.015049934387207031
0.014806270599365234
0.014951229095458984
0.015037775039672852
0.014839649200439453
0.014738082885742188
0.014793634414672852
0.015036344528198242
0.015053987503051758
0.015017032623291016
0.015669584274291992
0.014908075332641602
0.014922142028808594
0.015048980712890625
0.014945268630981445
0.014928340911865234
0.015103816986083984
0.014980554580688477
0.015000104904174805
0.015018224716186523
0.015053987503051758
0.014980554580688477
0.01494145393371582
0.014944791793823242
0.014887332916259766
0.01505136489868164
0.014780282974243164
0.014791011810302734
0.014808416366577148
0.014848709106445312
0.014772653579711914
0.014786720275878906
0.014788150787353516
0.014852523803710938
0.014797210693359375
0.014745950698852539
0.014763593673706055
0.01483774185180664
0.01472926139831543
0.01474618911743164
0.014939069747924805
0.01507711410522461
0.015265464782714844
0.015020608901977539
0.014943838119506836
0.015096187591552734
0.018213987350463867
0.014818429946899414
0.014780282974243164
0.014796018600463867
0.014799356460571289
0.01481938362121582
0.01483464241027832
0.014696121215820312
0.014723539352416992
0.01483607292175293
0.014794588088989258
0.014742851257324219
0.014751672744750977
0.014750957489013672
0.014845848083496094
0.014760255813598633
0.014799356460571289
0.014788627624511719
0.014885187149047852
0.014768600463867188
0.014759063720703125
0.014806032180786133
0.014734268188476562
0.014793634414672852
0.014747381210327148
0.014795303344726562
0.014762401580810547
0.014810800552368164
0.014801502227783203
0.014722347259521484
0.01479196548461914
0.014810323715209961
0.014795303344726562
0.014881372451782227
0.014958381652832031
0.014974117279052734
0.015050411224365234
0.014910459518432617
0.014954090118408203
0.014853239059448242
0.014844179153442383
0.01485443115234375
0.014808893203735352
0.014756917953491211
0.01475667953491211
0.014805078506469727
0.014737367630004883
0.014794349670410156
0.014751195907592773
0.014767169952392578
0.014798641204833984
0.014765262603759766
0.014743804931640625
0.014718294143676758
0.014753103256225586
0.014786958694458008
0.014772415161132812
0.014714956283569336
0.014754533767700195
0.014776229858398438
0.014731407165527344
0.014764070510864258
0.014767646789550781
0.014737606048583984
0.01479029655456543
0.014784097671508789
0.014743566513061523
0.01477956771850586
0.014764070510864258
0.014949798583984375
0.014835357666015625
0.014811992645263672
0.014818191528320312
0.014791488647460938
0.01480245590209961
0.014799118041992188
0.014805316925048828
0.014775753021240234
0.014776229858398438
0.014806985855102539
0.015156745910644531
0.01494455337524414
0.014935731887817383
0.014828681945800781
0.014803171157836914
0.014784574508666992
0.014776945114135742
0.014795541763305664
0.014757156372070312
0.014767169952392578
0.014766454696655273
0.014786005020141602
0.014755964279174805
0.014772653579711914
0.014815330505371094
0.014787673950195312
0.014722347259521484
0.014747858047485352
0.014783859252929688
0.014853954315185547
