14.570026212061816
14.570026212061816
14.147482369316055
14.147482369316055
14.147482369316055
14.147482369316055
14.147482369316055
14.147482369316055
14.147482369316055
14.147482369316055
13.935454346987328
13.935454346987328
12.61453632364908
12.61453632364908
12.61453632364908
12.61453632364908
12.61453632364908
12.61453632364908
12.591059033858105
12.591059033858105
12.591059033858105
12.591059033858105
12.591059033858105
12.41730725778465
12.41730725778465
12.41730725778465
12.41730725778465
12.41730725778465
12.41730725778465
11.666822044458154
11.666822044458154
11.666822044458154
11.666822044458154
11.666822044458154
11.666822044458154
11.666822044458154
11.666822044458154
11.666822044458154
11.666822044458154
11.666822044458154
11.666822044458154
11.666822044458154
11.666822044458154
11.666822044458154
11.666822044458154
11.666822044458154
11.631699220362918
11.631699220362918
11.112524015176035
11.112524015176035
11.112524015176035
11.112524015176035
9.915293353285605
9.915293353285605
9.915293353285605
9.915293353285605
9.915293353285605
9.915293353285605
9.915293353285605
9.915293353285605
9.486702919845897
9.486702919845897
9.486702919845897
9.486702919845897
9.486702919845897
9.486702919845897
9.486702919845897
9.486702919845897
9.486702919845897
9.486702919845897
9.486702919845897
9.486702919845897
9.486702919845897
9.486702919845897
9.486702919845897
9.486702919845897
9.358886217728372
9.358886217728372
9.358886217728372
9.358886217728372
9.003369266726946
9.003369266726946
9.003369266726946
9.003369266726946
9.003369266726946
9.003369266726946
9.003369266726946
9.003369266726946
8.945363181599646
8.945363181599646
8.945363181599646
8.347925376042202
8.347925376042202
8.347925376042202
8.347925376042202
8.347925376042202
8.347925376042202
8.347925376042202
8.347925376042202
8.347925376042202
8.154769465656486
8.154769465656486
8.154769465656486
8.154769465656486
8.154769465656486
8.154769465656486
8.154769465656486
8.154769465656486
8.015369109903677
8.015369109903677
7.9929569076017515
7.881181033809234
7.881181033809234
7.881181033809234
7.881181033809234
7.881181033809234
7.881181033809234
7.881181033809234
7.881181033809234
7.881181033809234
7.881181033809234
7.468637604719937
7.468637604719937
7.468637604719937
7.468637604719937
7.468637604719937
7.468637604719937
7.468637604719937
7.468637604719937
7.468637604719937
7.468637604719937
7.468637604719937
6.986481874195306
6.791571656908189
6.791571656908189
6.791571656908189
6.791571656908189
6.791571656908189
6.791571656908189
6.791571656908189
6.791571656908189
6.791571656908189
5.798092905592966
5.798092905592966
5.798092905592966
5.798092905592966
5.798092905592966
5.798092905592966
5.798092905592966
5.798092905592966
5.798092905592966
5.798092905592966
5.798092905592966
5.798092905592966
5.798092905592966
5.798092905592966
5.798092905592966
5.798092905592966
5.798092905592966
5.798092905592966
5.798092905592966
5.798092905592966
5.798092905592966
5.798092905592966
5.798092905592966
5.798092905592966
5.798092905592966
5.798092905592966
5.798092905592966
5.798092905592966
5.798092905592966
5.798092905592966
5.798092905592966
5.798092905592966
5.798092905592966
5.676956943863495
5.676956943863495
5.676956943863495
5.676956943863495
5.434326505375587
5.434326505375587
5.434326505375587
5.434326505375587
5.434326505375587
5.434326505375587
5.24775941614709
5.24775941614709
5.24775941614709
5.24775941614709
5.24775941614709
5.24775941614709
5.24775941614709
5.24775941614709
5.24775941614709
5.24775941614709
5.24775941614709
5.24775941614709
5.24775941614709
5.24775941614709
5.24775941614709
5.24775941614709
5.24775941614709
5.24775941614709
5.24775941614709
5.24775941614709
5.24775941614709
5.24775941614709
5.24775941614709
5.24775941614709
5.24775941614709
5.24775941614709
5.24775941614709
5.24775941614709
5.24775941614709
5.24775941614709
5.182296940344997
5.0174421204570905
5.0174421204570905
5.0174421204570905
5.0174421204570905
5.0174421204570905
5.0174421204570905
4.701852215616491
4.701852215616491
4.701852215616491
4.701852215616491
4.701852215616491
4.701852215616491
4.701852215616491
4.701852215616491
4.701852215616491
4.701852215616491
4.701852215616491
4.701852215616491
4.701852215616491
4.701852215616491
4.701852215616491
4.701852215616491
4.601400467567487
4.601400467567487
4.601400467567487
4.303057114993571
4.303057114993571
4.303057114993571
4.303057114993571
4.303057114993571
4.303057114993571
4.303057114993571
4.303057114993571
4.303057114993571
4.303057114993571
4.303057114993571
4.303057114993571
4.303057114993571
4.303057114993571
4.303057114993571
4.303057114993571
4.303057114993571
4.303057114993571
4.303057114993571
4.303057114993571
4.303057114993571
4.280643601756957
3.7462421435704627
3.7462421435704627
3.7462421435704627
3.7462421435704627
3.7462421435704627
3.7462421435704627
3.7462421435704627
3.7462421435704627
3.7462421435704627
3.7462421435704627
3.7462421435704627
3.7462421435704627
3.7462421435704627
3.7462421435704627
3.7462421435704627
3.649092198591923
3.649092198591923
3.649092198591923
3.626004175971026
3.626004175971026
3.626004175971026
3.626004175971026
3.626004175971026
3.626004175971026
3.626004175971026
3.626004175971026
3.626004175971026
3.626004175971026
3.626004175971026
3.626004175971026
3.626004175971026
3.5618976530662962
3.5618976530662962
3.5618976530662962
3.5618976530662962
3.5618976530662962
3.546599907038569
3.546599907038569
3.546599907038569
3.421892372682372
3.421892372682372
3.421892372682372
3.421892372682372
3.421892372682372
3.421892372682372
3.421892372682372
3.421892372682372
3.049218224320164
3.049218224320164
3.049218224320164
3.049218224320164
3.049218224320164
3.049218224320164
3.049218224320164
3.049218224320164
3.049218224320164
3.049218224320164
3.049218224320164
3.049218224320164
3.049218224320164
3.0173324138370674
3.0173324138370674
2.9876944791930455
2.9876944791930455
2.9876944791930455
2.9876944791930455
2.9876944791930455
2.9876944791930455
2.842522833826706
2.842522833826706
2.842522833826706
2.842522833826706
2.842522833826706
2.842522833826706
2.842522833826706
2.7337393551860814
2.7337393551860814
2.7337393551860814
2.7337393551860814
2.7337393551860814
2.7337393551860814
2.7337393551860814
2.614157131184399
2.614157131184399
2.614157131184399
2.614157131184399
2.5603001734183906
2.5603001734183906
2.5603001734183906
2.5603001734183906
2.5603001734183906
2.5603001734183906
2.5603001734183906
2.5603001734183906
2.5603001734183906
2.3509481274699624
2.3509481274699624
2.3509481274699624
2.3509481274699624
2.3509481274699624
2.3509481274699624
2.3509481274699624
2.3237883576975307
2.3237883576975307
2.3237883576975307
2.208555022162976
2.015611048788074
2.015611048788074
2.015611048788074
2.015611048788074
2.015611048788074
2.015611048788074
2.015611048788074
2.015611048788074
2.015611048788074
2.015611048788074
2.015611048788074
2.015611048788074
2.015611048788074
2.015611048788074
2.015611048788074
2.015611048788074
2.015611048788074
1.9736919427657114
1.9736919427657114
1.9412020119647053
1.9412020119647053
1.9412020119647053
1.9412020119647053
1.9412020119647053
1.9412020119647053
1.9412020119647053
1.9412020119647053
1.9412020119647053
1.9412020119647053
1.9412020119647053
1.9412020119647053
1.9412020119647053
1.9412020119647053
1.9412020119647053
1.9412020119647053
1.9412020119647053
1.9412020119647053
1.9412020119647053
1.9412020119647053
1.9306555164061265
1.866752167123991
1.866752167123991
1.866752167123991
1.866752167123991
1.8370842104433507
1.8370842104433507
1.8370842104433507
1.8370842104433507
1.8370842104433507
1.8370842104433507
1.8370842104433507
1.8370842104433507
1.8100679109332631
1.8100679109332631
1.8100679109332631
1.8100679109332631
1.8100679109332631
1.8100679109332631
1.8100679109332631
1.8100679109332631
1.8100679109332631
1.8100679109332631
1.8100679109332631
1.8100679109332631
1.8100679109332631
1.8100679109332631
1.8100679109332631
1.8100679109332631
1.8100679109332631
1.6810095080415337
1.666476152391283
1.666476152391283
1.666476152391283
1.6476991602641888
1.6476991602641888
1.6476991602641888
1.6476991602641888
1.6476991602641888
1.6000278664032024
1.6000278664032024
1.6000278664032024
1.6000278664032024
1.6000278664032024
1.5067335893912386
1.5067335893912386
1.5067335893912386
1.5067335893912386
1.5067335893912386
1.5067335893912386
1.5067335893912386
1.5067335893912386
1.5067335893912386
1.5067335893912386
1.5067335893912386
1.5067335893912386
1.5067335893912386
1.5067335893912386
1.5067335893912386
1.5067335893912386
1.5067335893912386
1.4935169850546401
1.4935169850546401
1.4935169850546401
1.459082833890342
1.459082833890342
1.459082833890342
1.459082833890342
1.459082833890342
1.459082833890342
1.445432583122141
1.445432583122141
1.445432583122141
1.445432583122141
1.3344262187704885
1.3344262187704885
1.3344262187704885
1.1311677664621058
1.1311677664621058
1.1311677664621058
1.1311677664621058
1.1311677664621058
1.1311677664621058
1.1311677664621058
1.1311677664621058
1.1311677664621058
1.1311677664621058
1.1311677664621058
1.1311677664621058
1.1311677664621058
1.1311677664621058
1.1311677664621058
1.1311677664621058
1.1311677664621058
1.1311677664621058
1.1311677664621058
1.1311677664621058
1.1311677664621058
1.1311677664621058
1.1311677664621058
1.1311677664621058
1.1311677664621058
1.1311677664621058
1.1311677664621058
1.1311677664621058
1.110756705696204
1.110756705696204
1.110756705696204
1.110756705696204
1.110756705696204
1.110756705696204
1.110756705696204
1.110756705696204
1.110756705696204
1.110756705696204
1.110756705696204
1.110756705696204
1.110756705696204
1.110756705696204
1.110756705696204
1.110756705696204
1.110756705696204
1.110756705696204
1.110756705696204
1.110756705696204
1.110756705696204
1.110756705696204
1.110756705696204
1.0880755022892075
1.0880755022892075
1.0880755022892075
1.0880755022892075
1.0880755022892075
1.0880755022892075
1.0567038303785097
1.0507693616680527
1.0507693616680527
1.0507693616680527
1.0507693616680527
1.0507693616680527
1.0507693616680527
1.0369556575777565
1.0369556575777565
1.0369556575777565
1.0344922713204667
1.0344922713204667
1.0344922713204667
1.0344922713204667
1.0302444310361167
1.0302444310361167
1.0302444310361167
1.0158001900428886
1.0158001900428886
0.9839741327530547
0.9839741327530547
0.9839741327530547
0.9839741327530547
0.9839741327530547
0.9839741327530547
0.9839741327530547
0.9839741327530547
0.9839741327530547
0.9839741327530547
0.9839741327530547
0.9442394747514271
0.9442394747514271
0.9442394747514271
0.9442394747514271
0.9442394747514271
0.9442394747514271
0.9442394747514271
0.9442394747514271
0.9442394747514271
0.9442394747514271
0.9442394747514271
0.8860066821949317
0.8860066821949317
0.8860066821949317
0.8860066821949317
0.8860066821949317
0.8860066821949317
0.8860066821949317
0.8860066821949317
0.8860066821949317
0.8860066821949317
0.8860066821949317
0.8860066821949317
0.8860066821949317
0.8860066821949317
0.8860066821949317
0.8860066821949317
0.8860066821949317
0.8860066821949317
0.8860066821949317
0.8860066821949317
0.8549243590883293
0.8549243590883293
0.8549243590883293
0.8549243590883293
0.8549243590883293
0.8549243590883293
0.8482241823173666
0.8482241823173666
0.7716394305476015
0.7716394305476015
0.7716394305476015
0.7716394305476015
0.7716394305476015
0.7716394305476015
0.7716394305476015
0.7716394305476015
0.7716394305476015
0.7716394305476015
0.7716394305476015
0.7716394305476015
0.7716394305476015
0.7716394305476015
0.7524074725785397
0.7524074725785397
0.7524074725785397
0.7524074725785397
0.7524074725785397
0.7348327384162161
0.7348327384162161
0.7348327384162161
0.7348327384162161
0.7348327384162161
0.7348327384162161
0.7348327384162161
0.7348327384162161
0.7348327384162161
0.7348327384162161
0.7348327384162161
0.7348327384162161
0.7348327384162161
0.7348327384162161
0.7348327384162161
0.7348327384162161
0.7348327384162161
0.7348327384162161
0.7348327384162161
0.7348327384162161
0.7348327384162161
0.7348327384162161
0.732514585561546
0.732514585561546
0.732514585561546
0.732514585561546
0.7300465145439574
0.7300465145439574
0.7300465145439574
0.7300465145439574
0.711295753137243
0.711295753137243
0.711295753137243
0.6859941008776005
0.6859941008776005
0.6859941008776005
0.6672644520066697
0.648767539819012
0.648767539819012
0.648767539819012
0.648767539819012
0.648767539819012
0.564872901084918
0.564872901084918
0.564872901084918
0.564872901084918
0.564872901084918
0.564872901084918
0.564872901084918
0.564872901084918
0.564872901084918
0.564872901084918
0.564872901084918
0.564872901084918
0.564872901084918
0.564872901084918
0.564872901084918
0.564872901084918
0.564872901084918
0.564872901084918
0.564872901084918
0.564872901084918
0.564872901084918
0.564872901084918
0.564872901084918
0.564872901084918
0.5177824400400226
0.5177824400400226
0.5177824400400226
0.5177824400400226
0.5177824400400226
0.5177824400400226
0.5177824400400226
0.5177824400400226
0.5177824400400226
0.5177824400400226
0.5177824400400226
0.5177824400400226
0.5177824400400226
0.5177824400400226
0.5177824400400226
0.5177824400400226
0.5177824400400226
0.5177824400400226
0.5177824400400226
0.5177824400400226
0.5177824400400226
0.5177824400400226
0.5177824400400226
0.5177824400400226
0.5177824400400226
0.5177824400400226
0.5177824400400226
0.5177824400400226
0.5177824400400226
0.5177824400400226
0.5177824400400226
0.5177824400400226
0.5177824400400226
0.5177824400400226
0.5177824400400226
0.5177824400400226
0.5177824400400226
0.5177824400400226
0.5177824400400226
0.4930365643096337
0.4849643261412453
0.45531821818695306
0.45531821818695306
0.45531821818695306
0.45531821818695306
0.45531821818695306
0.45531821818695306
0.45531821818695306
0.45531821818695306
0.45531821818695306
0.45531821818695306
0.45531821818695306
0.45531821818695306
0.45531821818695306
0.45531821818695306
0.45531821818695306
0.45531821818695306
0.45531821818695306
0.45531821818695306
0.45531821818695306
0.4415024440462645
0.4415024440462645
0.4415024440462645
0.4415024440462645
0.4415024440462645
0.4415024440462645
0.4174751784673134
0.4174751784673134
0.4174751784673134
0.4174751784673134
0.4174751784673134
0.4174751784673134
0.4174751784673134
0.4174751784673134
0.4051562649004694
0.4051562649004694
0.4051562649004694
0.4051562649004694
0.4051562649004694
0.4051562649004694
0.4051562649004694
0.38698064657112496
0.38698064657112496
0.38698064657112496
0.38698064657112496
0.38698064657112496
0.38623668122573207
0.38623668122573207
0.38623668122573207
0.38623668122573207
0.38623668122573207
0.38623668122573207
0.38623668122573207
0.38623668122573207
0.3628405840640312
0.3628405840640312
0.3628405840640312
0.3628405840640312
0.3628405840640312
0.3628405840640312
0.3628405840640312
0.3628405840640312
0.3628405840640312
0.3628405840640312
0.3628405840640312
0.3628405840640312
0.3628405840640312
0.3628405840640312
0.3628405840640312
0.3628405840640312
0.34861799135030935
0.34861799135030935
0.34861799135030935
0.34861799135030935
0.3213900295701322
0.3213900295701322
0.3213900295701322
0.3213900295701322
0.3213900295701322
0.3213900295701322
0.3213900295701322
0.3213900295701322
0.3213900295701322
0.2934466484596996
0.2934466484596996
0.2934466484596996
0.2934466484596996
0.2934466484596996
0.2934466484596996
0.2934466484596996
0.2934466484596996
0.2934466484596996
0.2934466484596996
0.26663262920355635
0.26663262920355635
0.26663262920355635
0.26663262920355635
0.23617828957952014
0.23617828957952014
0.23617828957952014
0.23617828957952014
0.23617828957952014
0.23617828957952014
0.23617828957952014
0.23617828957952014
0.23617828957952014
0.23617828957952014
0.23617828957952014
0.23617828957952014
0.23617828957952014
0.23617828957952014
0.23617828957952014
0.23617828957952014
0.23617828957952014
0.23617828957952014
0.23617828957952014
0.23617828957952014
0.23617828957952014
0.23617828957952014
0.23617828957952014
0.23617828957952014
0.23617828957952014
0.23617828957952014
0.23617828957952014
0.23617828957952014
0.23617828957952014
0.23617828957952014
0.23617828957952014
0.23617828957952014
0.23617828957952014
0.23617828957952014
0.22552889666138753
0.22552889666138753
0.22552889666138753
0.22552889666138753
0.22552889666138753
0.2222774513381225
0.2222774513381225
0.2222774513381225
0.20599591128866734
0.20599591128866734
0.20599591128866734
0.20599591128866734
0.20599591128866734
0.20599591128866734
0.20599591128866734
0.20599591128866734
0.20599591128866734
0.20599591128866734
0.20599591128866734
0.20599591128866734
0.20599591128866734
0.20599591128866734
0.20599591128866734
0.2042752818820901
0.2042752818820901
0.2042752818820901
0.2042752818820901
0.2042752818820901
0.2042752818820901
0.2042752818820901
0.2042752818820901
0.1947154543695362
0.1947154543695362
0.1947154543695362
0.19467972864933358
0.19259584267268792
0.17380692320706004
0.17380692320706004
0.17380692320706004
0.17380692320706004
0.17380692320706004
0.17380692320706004
0.17380692320706004
0.17380692320706004
0.17380692320706004
0.17380692320706004
0.17380692320706004
0.17380692320706004
0.17380692320706004
0.17380692320706004
0.17380692320706004
0.17380692320706004
0.17380692320706004
0.17380692320706004
0.17380692320706004
0.16254302214912286
0.16254302214912286
0.16254302214912286
0.16254302214912286
0.16254302214912286
0.16254302214912286
0.16254302214912286
0.16254302214912286
0.16254302214912286
0.16254302214912286
0.16254302214912286
0.16254302214912286
0.16254302214912286
0.16254302214912286
0.16254302214912286
0.1580729416126445
0.1580729416126445
0.1580729416126445
0.1580729416126445
0.1580729416126445
0.1580729416126445
0.1580729416126445
0.1580729416126445
0.1580729416126445
0.1580729416126445
0.1580729416126445
0.1580729416126445
0.1518330574610971
0.1518330574610971
0.1518330574610971
0.1518330574610971
0.1518330574610971
0.15145850103305492
0.15145850103305492
0.15145850103305492
0.1443722096360105
0.1443722096360105
0.14164842624679608
0.14164842624679608
0.14164842624679608
0.13114537331679088
0.13114537331679088
0.13114537331679088
0.13114537331679088
0.13114537331679088
0.13114537331679088
0.13114537331679088
0.13114537331679088
0.13114537331679088
0.13114537331679088
0.13114537331679088
0.13114537331679088
0.13114537331679088
0.13114537331679088
0.13114537331679088
0.13114537331679088
0.13114537331679088
0.13114537331679088
0.13114537331679088
0.13114537331679088
0.13114537331679088
0.13114537331679088
0.12248544122849125
0.12248544122849125
0.12248544122849125
0.12248544122849125
0.12248544122849125
0.12248544122849125
0.12248544122849125
0.12248544122849125
0.12248544122849125
0.1218501512623078
0.11465340189812423
0.11465340189812423
0.11465340189812423
0.11465340189812423
0.11465340189812423
0.11465340189812423
