18.87014197670576
18.27920066572303
17.716487284412473
17.716487284412473
17.716487284412473
17.716487284412473
17.716487284412473
17.335474281078234
17.335474281078234
17.335474281078234
17.335474281078234
17.335474281078234
17.149369047733337
17.149369047733337
17.149369047733337
17.149369047733337
17.149369047733337
15.866406294648987
15.866406294648987
15.866406294648987
15.866406294648987
15.866406294648987
15.866406294648987
15.843423876805268
15.147631843484039
15.147631843484039
14.91460130629552
14.91460130629552
14.91460130629552
14.91460130629552
14.601547971908337
14.601547971908337
14.601547971908337
14.601547971908337
14.601547971908337
14.300473679321971
13.28003958957171
13.28003958957171
13.28003958957171
13.28003958957171
13.28003958957171
13.28003958957171
12.982007268067543
12.982007268067543
12.764340019726518
12.764340019726518
12.764340019726518
12.764340019726518
12.764340019726518
12.764340019726518
12.764340019726518
12.764340019726518
12.764340019726518
12.346776813413493
12.346776813413493
12.346776813413493
12.346776813413493
12.287107895317444
12.287107895317444
12.203013750195115
12.081410989216247
11.83172180927415
11.83172180927415
11.83172180927415
11.661584932663866
11.661584932663866
11.560162155106562
11.558013837581019
11.558013837581019
11.558013837581019
11.478424467682796
11.478424467682796
11.470721358268822
10.971961549344492
10.926750780507739
10.926750780507739
10.926750780507739
10.926750780507739
10.763340953993886
10.763340953993886
10.763340953993886
10.763340953993886
9.34860944368128
9.34860944368128
9.34860944368128
9.34860944368128
9.34860944368128
9.34860944368128
9.34860944368128
9.34860944368128
9.34860944368128
9.34860944368128
9.34860944368128
9.301710155528488
9.301710155528488
9.301710155528488
9.301710155528488
9.301710155528488
8.356655670680038
8.356655670680038
8.356655670680038
8.356655670680038
8.356655670680038
8.2189259999883
8.2189259999883
7.724763762053843
7.724763762053843
7.724763762053843
7.724763762053843
7.365183639184419
7.365183639184419
7.365183639184419
7.365183639184419
7.365183639184419
7.365183639184419
7.365183639184419
7.365183639184419
7.365183639184419
7.365183639184419
7.365183639184419
7.35977341333043
7.233963837423508
7.233963837423508
7.233963837423508
7.233963837423508
7.233963837423508
7.120146641209072
7.120146641209072
7.120146641209072
7.120146641209072
7.120146641209072
7.120146641209072
7.120146641209072
7.120146641209072
7.095116004662561
7.095116004662561
7.095116004662561
7.095116004662561
7.079784596386814
6.8489771903536365
6.8489771903536365
6.8489771903536365
6.8489771903536365
6.8489771903536365
6.7445126599104235
6.7445126599104235
6.7445126599104235
6.7224380432417465
6.7224380432417465
6.7224380432417465
6.7224380432417465
6.7224380432417465
6.243137457494932
6.243137457494932
6.243137457494932
6.115525468894852
6.055543773490328
5.946109857641153
5.946109857641153
5.946109857641153
5.932831165611452
5.825872383405704
5.825872383405704
5.825872383405704
5.825872383405704
5.825872383405704
5.739567692087338
5.739567692087338
5.726846998081433
5.321486423416543
5.321486423416543
5.321486423416543
5.248484983638125
5.248484983638125
5.114390778442445
5.114390778442445
5.114390778442445
5.114390778442445
5.114390778442445
5.114390778442445
5.114390778442445
5.114390778442445
5.114390778442445
5.114390778442445
5.114390778442445
5.114390778442445
5.114390778442445
5.114390778442445
5.114390778442445
5.114390778442445
5.114390778442445
5.114390778442445
5.114390778442445
5.114390778442445
5.114390778442445
5.114390778442445
5.104430506586301
5.017925606133321
5.017925606133321
4.8997585539692565
4.8997585539692565
4.8997585539692565
4.894655560767401
4.894655560767401
4.894655560767401
4.894655560767401
4.674464628643367
4.674464628643367
4.674464628643367
4.674464628643367
4.493362414203062
4.428878362326049
4.428878362326049
4.428878362326049
4.428878362326049
4.408445974447993
4.408445974447993
4.408445974447993
4.408445974447993
4.165472850956299
4.165472850956299
4.165472850956299
4.165472850956299
4.165472850956299
4.165472850956299
4.165472850956299
4.165472850956299
4.165472850956299
4.165472850956299
4.165472850956299
4.165472850956299
3.9154802923373424
3.9154802923373424
3.9154802923373424
3.9154802923373424
3.9154802923373424
3.9154802923373424
3.9154802923373424
3.9154802923373424
3.9154802923373424
3.9154802923373424
3.9154802923373424
3.6380883046502497
3.526300682597981
3.526300682597981
3.526300682597981
3.526300682597981
3.526300682597981
3.526300682597981
3.5081595078919143
3.5081595078919143
3.5081595078919143
3.3145625241111425
3.3145625241111425
3.3145625241111425
3.3087386120113997
3.3087386120113997
3.3087386120113997
3.3087386120113997
3.3087386120113997
3.289185483238011
3.229942728705929
3.229942728705929
2.994988246592733
2.994988246592733
2.994988246592733
2.994988246592733
2.994988246592733
2.994988246592733
2.994988246592733
2.994988246592733
2.994988246592733
2.994988246592733
2.994988246592733
2.994988246592733
2.994988246592733
2.994988246592733
2.994988246592733
2.994988246592733
2.994988246592733
2.994988246592733
2.994988246592733
2.994988246592733
2.994988246592733
2.994988246592733
2.8477383546044983
2.8477383546044983
2.8477383546044983
2.8477383546044983
2.8477383546044983
2.8477383546044983
2.7051393355891165
2.7051393355891165
2.7051393355891165
2.7051393355891165
2.7051393355891165
2.7051393355891165
2.7051393355891165
2.7051393355891165
2.7051393355891165
2.7051393355891165
2.7051393355891165
2.7051393355891165
2.7051393355891165
2.7051393355891165
2.7051393355891165
2.7051393355891165
2.7051393355891165
2.7051393355891165
2.7051393355891165
2.7051393355891165
2.7051393355891165
2.7051393355891165
2.496148242041251
2.496148242041251
2.496148242041251
2.496148242041251
2.496148242041251
2.496148242041251
2.496148242041251
2.496148242041251
2.496148242041251
2.4284312317155354
2.4284312317155354
2.4284312317155354
2.4284312317155354
2.4284312317155354
2.4284312317155354
2.4284312317155354
2.4284312317155354
2.4284312317155354
2.4284312317155354
2.4284312317155354
2.4284312317155354
2.2996477711096226
2.2996477711096226
2.2996477711096226
2.2996477711096226
2.2996477711096226
2.2996477711096226
2.2996477711096226
2.2996477711096226
2.27814813338264
2.27814813338264
2.27814813338264
2.2614859488182937
2.2614859488182937
2.1808770134562003
2.1808770134562003
2.1808770134562003
2.1371020022727727
2.1371020022727727
2.0858204355621908
2.0322349345564206
2.0153844811865476
2.0153844811865476
2.0153844811865476
1.9995053296238758
1.834052517217831
1.834052517217831
1.834052517217831
1.834052517217831
1.7160922746064955
1.7160922746064955
1.7160922746064955
1.6638551835421431
1.6638551835421431
1.6638551835421431
1.6638551835421431
1.6638551835421431
1.31791175156269
1.31791175156269
1.31791175156269
1.31791175156269
1.31791175156269
1.31791175156269
1.31791175156269
1.31791175156269
1.31791175156269
1.0529816100412006
1.0529816100412006
1.0529816100412006
1.0529816100412006
1.0529816100412006
1.0529816100412006
1.0529816100412006
1.0529816100412006
1.0529816100412006
1.0529816100412006
1.0529816100412006
1.0529816100412006
1.0529816100412006
1.0529816100412006
0.8590396076825613
0.8590396076825613
0.8590396076825613
0.8327238345570542
0.8327238345570542
0.8327238345570542
0.7873205749036991
0.7873205749036991
0.7284480767374788
0.7284480767374788
0.7284480767374788
0.6520234927353386
0.6520234927353386
0.6520234927353386
0.6336265760203261
0.546663011372857
0.546663011372857
0.546663011372857
0.546663011372857
0.546663011372857
0.546663011372857
0.546663011372857
0.546663011372857
0.546663011372857
0.546663011372857
0.546663011372857
0.546663011372857
0.546663011372857
0.546663011372857
0.546663011372857
0.542494900881767
0.5180675928895297
0.5180675928895297
0.5180675928895297
0.5180675928895297
0.5180675928895297
0.5180675928895297
0.5180675928895297
0.4678675053120962
0.34004996502071094
0.34004996502071094
0.34004996502071094
0.34004996502071094
0.34004996502071094
0.34004996502071094
0.34004996502071094
0.34004996502071094
0.34004996502071094
0.34004996502071094
0.34004996502071094
0.34004996502071094
0.34004996502071094
0.34004996502071094
0.34004996502071094
0.34004996502071094
0.3083506435789758
0.30228565736698343
0.30228565736698343
0.2899650172723476
0.2899650172723476
0.2899650172723476
0.2899650172723476
0.2899650172723476
0.2899650172723476
0.2899650172723476
0.23657783196977533
0.23657783196977533
0.23657783196977533
0.1884730015295517
0.1884730015295517
0.1884730015295517
0.1884730015295517
0.1884730015295517
0.1884730015295517
0.1884730015295517
0.1884730015295517
0.1884730015295517
0.1884730015295517
0.1884730015295517
0.1884730015295517
0.1884730015295517
0.1884730015295517
0.1884730015295517
0.18609728554492122
0.18609728554492122
0.1830175987150895
0.17985642956351455
0.17985642956351455
0.17985642956351455
0.17985642956351455
0.17985642956351455
0.170730091176587
0.1622116012964021
0.1622116012964021
0.16008879203644355
0.15725159873140981
0.15693541215050644
0.15693541215050644
0.14913052554800998
0.14913052554800998
0.14648686142190215
0.1449666709271007
0.1449666709271007
0.13465122937859064
0.13465122937859064
0.10414301460677322
0.10414301460677322
0.10414301460677322
0.10414301460677322
0.10414301460677322
0.10414301460677322
0.10414301460677322
0.10414301460677322
0.10414301460677322
0.10414301460677322
0.10414301460677322
0.10414301460677322
0.10414301460677322
0.10414301460677322
0.10414301460677322
0.10414301460677322
0.10414301460677322
0.10414301460677322
0.10414301460677322
0.10414301460677322
0.10414301460677322
0.10414301460677322
0.10173992651304786
0.1014170647928978
0.09972818035578257
0.09972818035578257
0.09972818035578257
0.09291363847327716
0.09291363847327716
0.09291363847327716
0.09291363847327716
0.09291363847327716
0.08148667173282931
0.08053346339057299
0.08053346339057299
0.08053346339057299
0.08013185375470755
0.08013185375470755
0.08013185375470755
0.07967485992886836
0.07967485992886836
0.07913662662022958
0.07913662662022958
0.07913662662022958
0.0791206964021427
0.0791206964021427
0.06966672000419294
0.06966672000419294
0.061353948434206274
0.061353948434206274
0.061353948434206274
0.061353948434206274
0.061353948434206274
0.061353948434206274
0.061353948434206274
0.05603944965299945
0.05603944965299945
0.05603944965299945
0.05603944965299945
0.05525866967400006
0.05525866967400006
0.05525866967400006
0.05341632107974803
0.05341632107974803
0.04856221711848718
0.04856221711848718
0.04856221711848718
0.04856221711848718
0.04856221711848718
0.04856221711848718
0.04856221711848718
0.04856221711848718
0.048219978047690404
0.04030591698967001
0.04030591698967001
0.04030591698967001
0.04030591698967001
0.04030591698967001
0.04030591698967001
0.04030591698967001
0.04030591698967001
0.04030591698967001
0.04030591698967001
0.04030591698967001
0.04030591698967001
0.04030591698967001
0.04030591698967001
0.03969230263351875
0.039123478206231965
0.037821774437713174
0.037821774437713174
0.037821774437713174
0.03777002654691586
0.03777002654691586
0.03717625232894761
0.03717625232894761
0.03717625232894761
0.03717625232894761
0.03717625232894761
0.03717625232894761
0.03717625232894761
0.03639370993121105
0.03639370993121105
0.03639370993121105
0.03639370993121105
0.03639370993121105
0.03639370993121105
0.032615998254104994
0.032615998254104994
0.032615998254104994
0.032615998254104994
0.032615998254104994
0.030726467485408193
0.030726467485408193
0.030726467485408193
0.03037376398902225
0.03037376398902225
0.03037376398902225
0.029246136142543122
0.029246136142543122
0.029246136142543122
0.029246136142543122
0.029246136142543122
0.029246136142543122
0.025426457251448653
0.025426457251448653
0.025426457251448653
0.025426457251448653
0.024741676947868996
0.024741676947868996
0.024741676947868996
0.02434841334714477
0.02434841334714477
0.022314176884105308
0.022314176884105308
0.02113987750368551
0.02113987750368551
0.02113987750368551
0.02113987750368551
0.02113987750368551
0.019192461485459944
0.019070807495726427
0.019026379661731596
0.0185850087078947
0.017855682870948186
0.017530309052823156
0.017530309052823156
0.016787339903778786
0.016787339903778786
0.016787339903778786
0.016313201953458645
0.016313201953458645
0.016313201953458645
0.016313201953458645
0.016313201953458645
0.016313201953458645
0.016313201953458645
0.016313201953458645
0.01530008017771678
0.01530008017771678
0.0150765913682811
0.01316559285674046
0.01316559285674046
0.01316559285674046
0.01316559285674046
0.01316559285674046
0.01316559285674046
0.013064630135570354
0.012641749258410329
0.012641749258410329
0.012641749258410329
0.012641749258410329
0.012552240811761095
0.012552240811761095
0.012461633207440315
0.012143132942647128
0.012143132942647128
0.012143132942647128
0.01187804337019216
0.01187804337019216
0.01187804337019216
0.010895869262046887
0.010895869262046887
0.010895869262046887
0.010895869262046887
0.008310104600091961
0.008310104600091961
0.008310104600091961
0.008310104600091961
0.008310104600091961
0.008310104600091961
0.008310104600091961
0.008310104600091961
0.008310104600091961
0.008310104600091961
0.008310104600091961
0.008310104600091961
0.008310104600091961
0.0082367635113485
0.0082367635113485
0.0082367635113485
0.0082367635113485
0.007997379889424394
0.007997379889424394
0.007997379889424394
0.007997379889424394
0.007997379889424394
0.007997379889424394
0.007997379889424394
0.007997379889424394
0.007393813756291223
0.007393813756291223
0.007393813756291223
0.007393813756291223
0.007393813756291223
0.007393813756291223
0.007393813756291223
0.007393813756291223
0.007393813756291223
0.007393813756291223
0.007358794752821751
0.006858373643069626
0.0066092810969031746
0.0066092810969031746
0.006445022042598225
0.006445022042598225
0.006445022042598225
0.006445022042598225
0.006445022042598225
0.006445022042598225
0.006445022042598225
0.005286231565211352
0.005286231565211352
0.005286231565211352
0.005286231565211352
0.005286231565211352
0.005286231565211352
0.005286231565211352
0.004671873956887396
0.004671873956887396
0.004671873956887396
0.004671873956887396
0.004671873956887396
0.004671873956887396
0.004671873956887396
0.004671873956887396
0.004671873956887396
0.004671873956887396
0.004671873956887396
0.004671873956887396
0.004387146658118013
0.004281165214020888
0.004281165214020888
0.004168432041360859
0.004000092821449641
0.004000092821449641
0.004000092821449641
0.004000092821449641
0.004000092821449641
0.003789627615816471
0.003569722247263485
0.003569722247263485
0.003569722247263485
0.003569722247263485
0.003569722247263485
0.003569722247263485
0.0032233376329244834
0.0032233376329244834
0.0032233376329244834
0.0032233376329244834
0.0032233376329244834
0.0032233376329244834
0.0032233376329244834
0.0031724504776668994
0.0031724504776668994
0.0029944532466927853
0.002688496242551963
0.002688496242551963
0.002688496242551963
0.002688496242551963
0.002688496242551963
0.002688496242551963
0.0024530722545215156
0.0024530722545215156
0.0024530722545215156
0.0024530722545215156
0.002276160928722959
0.002221262222388276
0.002221262222388276
0.002221262222388276
0.002221262222388276
0.0020234087041046678
0.0020234087041046678
0.0020234087041046678
0.0020234087041046678
0.0020234087041046678
0.0020234087041046678
0.0020234087041046678
0.0020234087041046678
0.0020234087041046678
0.0020234087041046678
0.0020234087041046678
0.0020234087041046678
0.0020234087041046678
0.0020234087041046678
0.0020234087041046678
0.0020234087041046678
0.0018183108822249494
0.0018183108822249494
0.0018183108822249494
0.0018183108822249494
0.0017168216814056336
0.0017168216814056336
0.0017168216814056336
0.0017087034631444453
0.001693348813024187
0.001693348813024187
0.001693348813024187
0.001693348813024187
0.001581732690993931
0.001581732690993931
0.001581732690993931
0.001581732690993931
0.001581732690993931
0.001581732690993931
0.001581732690993931
0.001435277002137525
0.001435277002137525
0.001435277002137525
0.001435277002137525
0.001435277002137525
0.001435277002137525
0.001435277002137525
0.001435277002137525
0.001435277002137525
0.0014189100872812332
0.0014189100872812332
0.0014189100872812332
0.0013652733549598395
0.0013652733549598395
0.0011852035740922418
0.0011852035740922418
0.0011852035740922418
0.0011852035740922418
0.0011852035740922418
0.0011852035740922418
0.0011852035740922418
0.0011852035740922418
0.0011852035740922418
0.0011852035740922418
0.001184061177561091
0.001184061177561091
0.001184061177561091
0.001184061177561091
0.0011718618439822137
0.0011718618439822137
0.0011718618439822137
0.0011177910796860147
0.0011177910796860147
0.0010756199848138692
0.0010756199848138692
0.0010756199848138692
0.0010756199848138692
0.001025082070036376
0.001025082070036376
0.001025082070036376
0.0010036271311086864
0.0010036271311086864
0.0009824125639212866
0.0009824125639212866
0.0009824125639212866
0.0009194601359432397
0.0009194601359432397
0.0009194601359432397
0.0008630951752088833
0.0008630951752088833
0.0008630951752088833
0.0008630951752088833
0.0008630951752088833
0.0008630951752088833
0.0008608297661574227
0.0008608297661574227
0.0008608297661574227
0.0007999040242694377
0.0007999040242694377
0.0007898384772033751
0.0007898384772033751
0.0007670421477037337
0.0007670421477037337
0.0007670421477037337
0.0006999963332781078
0.0006999963332781078
0.0006999963332781078
0.0006999963332781078
0.0006615710583943724
0.0006615710583943724
0.0006338309338325132
0.0006338309338325132
0.0006338309338325132
0.0006338309338325132
0.0006169799801689635
0.0006169799801689635
0.0005838185649515992
0.0005838185649515992
0.0005838185649515992
0.0005713661635091682
0.0005713661635091682
0.0005432351121399392
0.0005432351121399392
0.0005221321711239568
0.0005221321711239568
0.0005221321711239568
0.0004658374039969715
0.0004658374039969715
0.0004658374039969715
0.0004658374039969715
0.00042653725160235467
0.00042653725160235467
0.00042653725160235467
0.00042653725160235467
0.00042653725160235467
0.00042653725160235467
0.00042653725160235467
0.00042653725160235467
0.00042653725160235467
0.00042653725160235467
0.00042653725160235467
0.0003919707864845634
0.0003919707864845634
0.0003919707864845634
0.0003919707864845634
0.0003919707864845634
0.0003919707864845634
0.0003919707864845634
0.0003919707864845634
0.00037191357363752786
0.0003649466809747537
0.0003567491671994105
0.0003567491671994105
0.0003567491671994105
0.00032014156169068997
0.00032014156169068997
0.00032014156169068997
0.00032014156169068997
0.00032014156169068997
0.00032014156169068997
0.00032014156169068997
0.00032014156169068997
0.00032014156169068997
0.00032014156169068997
0.0003077062577254708
0.0003039287951018821
0.0003029383249675277
0.0003029383249675277
0.0003029383249675277
0.0002752882468577411
0.0002752882468577411
0.0002752882468577411
0.0002752882468577411
0.0002752882468577411
0.0002752882468577411
0.000275044686190995
0.00021743057111933695
0.00021743057111933695
0.00021743057111933695
0.00021743057111933695
0.00021743057111933695
0.00021743057111933695
0.00021743057111933695
0.00021743057111933695
0.00021743057111933695
0.00021743057111933695
0.00021743057111933695
0.00021743057111933695
0.00021743057111933695
0.00021743057111933695
0.00021743057111933695
0.00021743057111933695
0.00021743057111933695
0.00021743057111933695
0.000210438756170106
0.00021002907675082838
0.00021002907675082838
0.00021002907675082838
0.00021002907675082838
0.00021002907675082838
0.0001831989280134394
0.0001831989280134394
0.00017517524825905184
0.00017517524825905184
0.00016995438277689345
0.00016995438277689345
0.00016995438277689345
0.00016995438277689345
0.00016995438277689345
0.00016995438277689345
0.00016571940955500963
0.00016571940955500963
0.00016330077990289737
0.00016330077990289737
0.0001608649558129116
0.0001527835672838762
