14.128703629341238
14.128703629341238
13.70116950629832
13.70116950629832
13.326232812097349
13.326232812097349
13.326232812097349
13.326232812097349
12.753001302389556
12.315081168652611
12.315081168652611
12.315081168652611
12.315081168652611
12.315081168652611
12.315081168652611
12.315081168652611
12.315081168652611
12.315081168652611
12.169719046042179
11.831206858023489
11.831206858023489
11.831206858023489
11.831206858023489
10.934617032181745
10.934617032181745
10.934617032181745
10.934617032181745
10.934617032181745
10.934617032181745
10.934617032181745
10.934617032181745
9.935299206859032
9.935299206859032
9.935299206859032
9.935299206859032
9.935299206859032
9.935299206859032
9.70703727517116
9.70703727517116
9.70703727517116
9.70703727517116
9.70703727517116
8.801982689562024
8.801982689562024
8.801982689562024
8.801982689562024
8.801982689562024
8.801982689562024
8.801982689562024
8.801982689562024
8.801982689562024
8.801982689562024
8.801982689562024
8.797549033385806
8.488904899450336
8.488904899450336
8.488904899450336
8.488904899450336
8.488904899450336
8.488904899450336
8.484852138130261
8.484852138130261
8.27024354291876
8.27024354291876
8.27024354291876
8.27024354291876
8.27024354291876
8.27024354291876
8.27024354291876
8.176747491382862
8.176747491382862
8.176747491382862
8.176747491382862
8.176747491382862
7.776649248040407
7.776649248040407
7.776649248040407
7.776649248040407
7.776649248040407
7.776649248040407
7.5950160743031105
7.5747423544907235
7.2871268735581864
7.2871268735581864
6.563827645648011
6.563827645648011
6.563827645648011
6.563827645648011
6.563827645648011
6.563827645648011
6.563827645648011
6.515495898018955
6.515495898018955
6.515495898018955
6.184186238948207
6.184186238948207
6.184186238948207
6.184186238948207
6.184186238948207
6.184186238948207
6.184186238948207
6.184186238948207
6.184186238948207
6.184186238948207
5.904615559440636
5.904615559440636
5.904615559440636
5.904615559440636
5.904615559440636
5.904615559440636
5.904615559440636
5.904615559440636
5.904615559440636
5.904615559440636
5.904615559440636
5.904615559440636
5.904615559440636
5.904615559440636
5.904615559440636
5.904615559440636
5.904615559440636
5.904615559440636
5.904615559440636
5.646283448666885
5.646283448666885
5.646283448666885
5.646283448666885
5.646283448666885
5.646283448666885
5.646283448666885
5.646283448666885
5.646283448666885
5.646283448666885
5.646283448666885
5.646283448666885
5.646283448666885
5.646283448666885
5.646283448666885
5.646283448666885
5.646283448666885
5.646283448666885
5.646283448666885
5.646283448666885
5.540095558817235
5.540095558817235
5.524862725829358
5.524862725829358
5.524862725829358
5.457550331267363
5.457550331267363
5.457550331267363
5.418751779485078
5.418751779485078
5.418751779485078
5.418751779485078
5.418751779485078
5.418751779485078
5.418751779485078
5.348055011852281
5.348055011852281
5.348055011852281
5.348055011852281
5.3137610763673635
5.3137610763673635
5.3137610763673635
5.3137610763673635
4.9727365770687015
4.9727365770687015
4.9727365770687015
4.9727365770687015
4.9727365770687015
4.906244030772662
4.906244030772662
4.906244030772662
4.906244030772662
4.906244030772662
4.906244030772662
4.883680971292513
4.883680971292513
4.883680971292513
4.883680971292513
4.883680971292513
4.883680971292513
4.883680971292513
4.883680971292513
4.883680971292513
4.883680971292513
4.765756672969843
4.765756672969843
4.765756672969843
4.675285680285398
4.675285680285398
4.675285680285398
4.675285680285398
4.675285680285398
4.675285680285398
4.5540100738204075
4.5540100738204075
4.5540100738204075
4.194479654184249
4.194479654184249
4.194479654184249
4.194479654184249
4.194479654184249
4.194479654184249
4.194479654184249
4.194479654184249
4.194479654184249
4.194479654184249
4.194479654184249
4.194479654184249
4.194297593743094
4.194297593743094
4.16837616391431
4.16837616391431
4.065549318892614
4.065549318892614
4.065549318892614
4.065549318892614
4.065549318892614
4.065549318892614
4.065549318892614
4.065549318892614
4.065549318892614
4.065549318892614
4.065549318892614
4.065549318892614
3.9230346450073483
3.9230346450073483
3.9230346450073483
3.62300123492831
3.62300123492831
3.62300123492831
3.62300123492831
3.62300123492831
3.62300123492831
3.62300123492831
3.62300123492831
3.62300123492831
3.62300123492831
3.62300123492831
3.62300123492831
3.5929915965602035
3.5929915965602035
3.5929915965602035
3.5929915965602035
3.5929915965602035
3.5929915965602035
3.5929915965602035
3.5929915965602035
3.4105533807305264
3.4105533807305264
3.4105533807305264
3.4105533807305264
3.4105533807305264
3.4105533807305264
3.3246793738014304
3.3246793738014304
3.3246793738014304
3.3246793738014304
3.3246793738014304
3.3246793738014304
3.3246793738014304
3.041081710467651
3.041081710467651
3.041081710467651
3.041081710467651
3.041081710467651
3.041081710467651
3.041081710467651
3.041081710467651
3.041081710467651
3.041081710467651
3.041081710467651
3.041081710467651
3.041081710467651
3.041081710467651
2.9184266134114765
2.9184266134114765
2.9184266134114765
2.9184266134114765
2.9184266134114765
2.788641745114191
2.788641745114191
2.788641745114191
2.788641745114191
2.788641745114191
2.788641745114191
2.788641745114191
2.788641745114191
2.788641745114191
2.788641745114191
2.788641745114191
2.727687184397311
2.727687184397311
2.727687184397311
2.727687184397311
2.727687184397311
2.727687184397311
2.727687184397311
2.727687184397311
2.727687184397311
2.67551365538953
2.67551365538953
2.664056756532098
2.664056756532098
2.6173962474600074
2.6173962474600074
2.6173962474600074
2.6173962474600074
2.412649697627039
2.412649697627039
2.412649697627039
2.412649697627039
2.412649697627039
2.412649697627039
2.412649697627039
2.412649697627039
2.412649697627039
2.412649697627039
2.412649697627039
2.412649697627039
2.412649697627039
2.412649697627039
2.285345887238563
2.1573847189053836
2.1573847189053836
2.1573847189053836
2.1573847189053836
2.1573847189053836
2.1573847189053836
2.1573847189053836
2.1573847189053836
2.00888870869948
2.00888870869948
2.00888870869948
2.00888870869948
2.00888870869948
2.00888870869948
2.00888870869948
2.00888870869948
2.00888870869948
2.00888870869948
2.00888870869948
1.9257507913194445
1.9257507913194445
1.9257507913194445
1.9257507913194445
1.9257507913194445
1.904691678029316
1.904691678029316
1.904691678029316
1.8889235128531183
1.8889235128531183
1.8827519489212179
1.8827519489212179
1.8827519489212179
1.8827519489212179
1.7968674997497374
1.7968674997497374
1.7968674997497374
1.6870013654505698
1.6870013654505698
1.6870013654505698
1.6870013654505698
1.6870013654505698
1.6870013654505698
1.6870013654505698
1.6870013654505698
1.6870013654505698
1.6870013654505698
1.6870013654505698
1.6870013654505698
1.6870013654505698
1.6870013654505698
1.6870013654505698
1.6870013654505698
1.6870013654505698
1.6870013654505698
1.6870013654505698
1.5198494514772136
1.5198494514772136
1.5198494514772136
1.5198494514772136
1.5198494514772136
1.5198494514772136
1.5198494514772136
1.5198494514772136
1.4080003430156012
1.4080003430156012
1.4080003430156012
1.4080003430156012
1.4080003430156012
1.4080003430156012
1.4080003430156012
1.4080003430156012
1.4080003430156012
1.4080003430156012
1.4080003430156012
1.3696234855326779
1.359100007555604
1.3211131928702429
1.3211131928702429
1.3211131928702429
1.3211131928702429
1.3211131928702429
1.2349734884101196
1.2349734884101196
1.216334923436584
1.216334923436584
1.216334923436584
1.1968069640579415
1.1968069640579415
1.1886548979536116
1.1886548979536116
1.1886548979536116
1.1886548979536116
1.1886548979536116
1.1736069774389364
1.1736069774389364
1.1736069774389364
1.1266295354795375
1.1266295354795375
1.1266295354795375
1.1266295354795375
1.1266295354795375
1.1266295354795375
1.1266295354795375
1.1266295354795375
1.014880020637996
1.014880020637996
1.014880020637996
1.014880020637996
1.014880020637996
1.014880020637996
1.014880020637996
1.014880020637996
1.014880020637996
1.014880020637996
1.014880020637996
1.014880020637996
1.014880020637996
1.014880020637996
1.014880020637996
1.014880020637996
1.014880020637996
1.014880020637996
0.8898885062927988
0.8898885062927988
0.8898885062927988
0.8898885062927988
0.8898885062927988
0.8898885062927988
0.8898885062927988
0.8898885062927988
0.8898885062927988
0.8898885062927988
0.8898885062927988
0.8898885062927988
0.8898885062927988
0.8727957667102189
0.8174201223617885
0.8174201223617885
0.8174201223617885
0.8174201223617885
0.8174201223617885
0.8174201223617885
0.8174201223617885
0.8174201223617885
0.8174201223617885
0.8174201223617885
0.8174201223617885
0.8174201223617885
0.8174201223617885
0.8174201223617885
0.8174201223617885
0.8174201223617885
0.8174201223617885
0.8174201223617885
0.8174201223617885
0.8174201223617885
0.8174201223617885
0.8174201223617885
0.8174201223617885
0.8174201223617885
0.8174201223617885
0.8174201223617885
0.8158195467628957
0.8158195467628957
0.8109356349645864
0.801640663755478
0.801640663755478
0.801640663755478
0.7742251792663879
0.7742251792663879
0.7742251792663879
0.7742251792663879
0.7742251792663879
0.769249091317235
0.769249091317235
0.7668211716062885
0.7668211716062885
0.7568585072652922
0.7568585072652922
0.7568585072652922
0.7568585072652922
0.7568585072652922
0.7203603974768171
0.7203603974768171
0.7203603974768171
0.7203603974768171
0.7203603974768171
0.7203603974768171
0.7203603974768171
0.713743681677677
0.70713562135073
0.70713562135073
0.70713562135073
0.70713562135073
0.70713562135073
0.70713562135073
0.70713562135073
0.70713562135073
0.6859069203330463
0.6859069203330463
0.6859069203330463
0.6859069203330463
0.6859069203330463
0.6859069203330463
0.6859069203330463
0.6859069203330463
0.6859069203330463
0.6859069203330463
0.6231003868154588
0.6219198048185604
0.6219198048185604
0.6219198048185604
0.6083799335780142
0.6083799335780142
0.6083799335780142
0.6083799335780142
0.6083799335780142
0.6083799335780142
0.6083799335780142
0.5839751906721631
0.5839751906721631
0.5839751906721631
0.5839751906721631
0.5839751906721631
0.5839751906721631
0.5839751906721631
0.5839751906721631
0.5839751906721631
0.5839751906721631
0.5839751906721631
0.5839751906721631
0.5839751906721631
0.5742636759953115
0.5742636759953115
0.5742636759953115
0.5742636759953115
0.5742636759953115
0.5742636759953115
0.547934803508241
0.547934803508241
0.547934803508241
0.547934803508241
0.5250017278025609
0.5250017278025609
0.5230262537782835
0.5230262537782835
0.5230262537782835
0.5156484087397928
0.5156484087397928
0.5156484087397928
0.5156484087397928
0.5156484087397928
0.5156484087397928
0.5156484087397928
0.5156484087397928
0.512248719728106
0.512248719728106
0.5020789180484115
0.47428958723242687
0.47428958723242687
0.47428958723242687
0.47428958723242687
0.47428958723242687
0.46790778178093717
0.46790778178093717
0.46790778178093717
0.46790778178093717
0.4585880788240644
0.4585880788240644
0.4585880788240644
0.4585880788240644
0.4229262179389224
0.4229262179389224
0.4229262179389224
0.4229262179389224
0.4229262179389224
0.4229262179389224
0.4229262179389224
0.4229262179389224
0.4229262179389224
0.4229262179389224
0.4229262179389224
0.4229262179389224
0.4229262179389224
0.4229262179389224
0.4229262179389224
0.4229262179389224
0.40362632943437404
0.40362632943437404
0.40362632943437404
0.40362632943437404
0.40362632943437404
0.34780191581275943
0.34780191581275943
0.34780191581275943
0.34780191581275943
0.34780191581275943
0.34780191581275943
0.34780191581275943
0.34780191581275943
0.34780191581275943
0.34780191581275943
0.34085993335551024
0.3046745271886593
0.3046745271886593
0.3046745271886593
0.3046745271886593
0.3046745271886593
0.3046745271886593
0.3046745271886593
0.3046745271886593
0.3046745271886593
0.3046745271886593
0.3046745271886593
0.2988523348390473
0.2988523348390473
0.2988523348390473
0.2988523348390473
0.2988523348390473
0.2988523348390473
0.2988523348390473
0.2965008025147853
0.2965008025147853
0.28961369215142696
0.28961369215142696
0.28961369215142696
0.28961369215142696
0.28961369215142696
0.28961369215142696
0.28961369215142696
0.28961369215142696
0.28961369215142696
0.28961369215142696
0.28961369215142696
0.28961369215142696
0.28961369215142696
0.28961369215142696
0.28961369215142696
0.28961369215142696
0.28107101484953745
0.28107101484953745
0.28107101484953745
0.28107101484953745
0.28107101484953745
0.28107101484953745
0.28107101484953745
0.28107101484953745
0.28107101484953745
0.28107101484953745
0.28107101484953745
0.28107101484953745
0.28107101484953745
0.2696260968950668
0.2696260968950668
0.2696260968950668
0.2696260968950668
0.2696260968950668
0.2696260968950668
0.2696260968950668
0.2696260968950668
0.2696260968950668
0.2696260968950668
0.2696260968950668
0.2696260968950668
0.2680998656269935
0.2680998656269935
0.2680998656269935
0.24820477781019434
0.24820477781019434
0.24820477781019434
0.24820477781019434
0.24820477781019434
0.24820477781019434
0.24820477781019434
0.24820477781019434
0.24820477781019434
0.24820477781019434
0.24820477781019434
0.24820477781019434
0.24820477781019434
0.24820477781019434
0.24820477781019434
0.24820477781019434
0.24820477781019434
0.24820477781019434
0.2464048770743048
0.2454087583640714
0.23829917234613873
0.23829917234613873
0.23829917234613873
0.23670518205037183
0.23670518205037183
0.23670518205037183
0.23670518205037183
0.23670518205037183
0.23670518205037183
0.23670518205037183
0.23670518205037183
0.2275734837368617
0.2275734837368617
0.2275734837368617
0.2275734837368617
0.2147736530447304
0.2147736530447304
0.2147736530447304
0.2147736530447304
0.17636304569916916
0.17636304569916916
0.17636304569916916
0.17636304569916916
0.17636304569916916
0.17636304569916916
0.17636304569916916
0.17636304569916916
0.17636304569916916
0.16406255824249172
0.16406255824249172
0.16406255824249172
0.16406255824249172
0.16406255824249172
0.16406255824249172
0.16406255824249172
0.16406255824249172
0.16406255824249172
0.16406255824249172
0.16406255824249172
0.16406255824249172
0.16406255824249172
0.16406255824249172
0.16406255824249172
0.16406255824249172
0.16406255824249172
0.16406255824249172
0.16406255824249172
0.16406255824249172
0.16406255824249172
0.16406255824249172
0.1593490676749596
0.1593490676749596
0.1593490676749596
0.15266271220512095
0.15266271220512095
0.14370857967374207
0.14370857967374207
0.14370857967374207
0.14370857967374207
0.14370857967374207
0.14370857967374207
0.13129246709779352
0.13129246709779352
0.13129246709779352
0.13129246709779352
0.13129246709779352
0.13129246709779352
0.13129246709779352
0.13129246709779352
0.13129246709779352
0.13129246709779352
0.13129246709779352
0.13129246709779352
0.13129246709779352
0.13129246709779352
0.13129246709779352
0.13129246709779352
0.13129246709779352
0.13129246709779352
0.13129246709779352
0.13129246709779352
0.11772239373662785
0.11772239373662785
0.11772239373662785
0.11772239373662785
0.11772239373662785
0.11772239373662785
0.11772239373662785
0.11772239373662785
0.11772239373662785
0.11772239373662785
0.11772239373662785
0.11772239373662785
0.11772239373662785
0.11772239373662785
0.11772239373662785
0.1094947917926774
0.1094947917926774
0.1094947917926774
0.1094947917926774
0.10838411967141326
0.10626787564087437
0.10626787564087437
0.10626787564087437
0.10067679641277749
0.10067679641277749
0.10067679641277749
0.09956464505887652
0.09956464505887652
0.09956464505887652
0.09956464505887652
0.09956464505887652
0.09956464505887652
0.09956464505887652
0.09956464505887652
0.09956464505887652
0.09956464505887652
0.09956464505887652
0.09956464505887652
0.09956464505887652
0.09956464505887652
0.09949910020232267
0.0949797271805295
0.0949797271805295
0.0949797271805295
0.0949797271805295
0.0949797271805295
0.0949797271805295
0.0949797271805295
0.0949797271805295
0.08822414358696307
0.08822414358696307
0.08822414358696307
0.08822414358696307
0.08822414358696307
0.08822414358696307
0.08822414358696307
0.08114252566677038
0.08114252566677038
0.08103085954142841
0.08103085954142841
0.08103085954142841
0.08103085954142841
0.08103085954142841
0.08103085954142841
0.08103085954142841
0.08103085954142841
0.08103085954142841
0.0767855384270888
0.0767855384270888
0.07377791547492052
0.07377791547492052
0.07377791547492052
0.07377791547492052
0.07377791547492052
0.07377791547492052
0.07377791547492052
0.07377791547492052
0.07377791547492052
0.07377791547492052
0.07377791547492052
0.07377791547492052
0.07377791547492052
0.07377791547492052
0.07377791547492052
0.07377791547492052
0.07377791547492052
0.07377791547492052
0.07369707591904984
0.07369707591904984
0.07305658748692423
0.07305658748692423
0.07305658748692423
0.07305658748692423
0.06589313866707158
0.06589313866707158
0.06589313866707158
0.06589313866707158
0.06589313866707158
0.06589313866707158
0.06227110687246551
0.06227110687246551
0.06227110687246551
0.06227110687246551
0.06227110687246551
0.06227110687246551
0.06227110687246551
0.06227110687246551
0.06227110687246551
0.06227110687246551
0.05896473092748522
0.05896473092748522
0.05896473092748522
0.05896473092748522
0.05896473092748522
0.05896473092748522
0.05896473092748522
0.05896473092748522
0.05896473092748522
0.05836295084680643
0.057199953062955444
0.05599725852830062
0.05564737192082703
0.05564737192082703
0.05564737192082703
0.05564737192082703
0.05227643708345653
0.05227643708345653
0.05227643708345653
0.05227643708345653
0.05227643708345653
0.05227643708345653
0.05227643708345653
0.05227643708345653
0.05182028225772228
0.05182028225772228
0.0512107052625268
0.0512107052625268
0.048838212101685485
0.048838212101685485
0.048838212101685485
0.048838212101685485
0.048838212101685485
0.048838212101685485
0.048838212101685485
0.048838212101685485
0.048838212101685485
0.048838212101685485
0.048838212101685485
0.048838212101685485
0.047368420139264344
0.047368420139264344
0.047368420139264344
0.047368420139264344
0.047368420139264344
0.047368420139264344
0.047368420139264344
0.047368420139264344
0.045769578543769285
0.045769578543769285
0.044327829658818985
0.044327829658818985
0.044327829658818985
0.044327829658818985
0.044327829658818985
0.0434857152240653
0.0434857152240653
0.0434857152240653
0.0434857152240653
0.0434857152240653
0.0434857152240653
0.0434857152240653
0.0434857152240653
0.04104975705250524
0.04104975705250524
0.04056398488146584
0.04056398488146584
0.03157963505677941
0.03157963505677941
0.03157963505677941
0.03157963505677941
0.03157963505677941
0.03157963505677941
0.03157963505677941
0.03157963505677941
0.03157963505677941
0.03157963505677941
0.03157963505677941
0.03157963505677941
0.03157963505677941
0.03157963505677941
0.03157963505677941
0.03157963505677941
0.03157963505677941
0.03157963505677941
0.03157963505677941
0.03157963505677941
0.03157963505677941
0.03157963505677941
0.03157963505677941
0.02743170854967758
0.02743170854967758
0.02743170854967758
0.02743170854967758
0.02743170854967758
0.02743170854967758
0.02743170854967758
0.02743170854967758
