0.016241788864135742
0.015916109085083008
0.016187429428100586
0.016498327255249023
0.01585555076599121
0.01631760597229004
0.016710996627807617
0.017583608627319336
0.017547607421875
0.017255783081054688
0.01706099510192871
0.01763772964477539
0.01796126365661621
0.017810821533203125
0.016954660415649414
0.016262531280517578
0.01632070541381836
0.016627788543701172
0.01637864112854004
0.016748428344726562
0.016293048858642578
0.016022443771362305
0.016479969024658203
0.016396284103393555
0.01618051528930664
0.01630568504333496
0.015858888626098633
0.01585078239440918
0.015537500381469727
0.015840768814086914
0.015954971313476562
0.01620936393737793
0.01570606231689453
0.016159534454345703
0.015478372573852539
0.017678499221801758
0.01665949821472168
0.016473770141601562
0.016950607299804688
0.01660466194152832
0.01657867431640625
0.016788721084594727
0.016630887985229492
0.016605377197265625
0.016451120376586914
0.016507387161254883
0.016376018524169922
0.016461610794067383
0.016585826873779297
0.016318559646606445
0.01634979248046875
0.016729116439819336
0.016506671905517578
0.016539573669433594
0.016849756240844727
0.016543149948120117
0.016386032104492188
0.01659679412841797
0.016294240951538086
0.016341686248779297
0.01640009880065918
0.016323089599609375
0.016173601150512695
0.01629042625427246
0.016460418701171875
0.01660323143005371
0.01656484603881836
0.01682114601135254
0.01691722869873047
0.016972064971923828
0.01645827293395996
0.016532182693481445
0.016323566436767578
0.01646113395690918
0.016483545303344727
0.016356229782104492
0.016886234283447266
0.017194509506225586
0.017096996307373047
0.017053842544555664
0.016818761825561523
0.016844987869262695
0.016443967819213867
0.01677727699279785
0.01671624183654785
0.01686835289001465
0.01656055450439453
0.016762495040893555
0.01680588722229004
0.016664981842041016
0.016826391220092773
0.016583919525146484
0.016340017318725586
0.016195058822631836
0.016241073608398438
0.016119956970214844
0.015774011611938477
0.015967845916748047
0.016312122344970703
0.016031980514526367
0.016246557235717773
0.01635599136352539
0.016359806060791016
0.01627039909362793
0.016134262084960938
0.016492843627929688
0.016316652297973633
0.016407489776611328
0.01639556884765625
0.01648116111755371
0.01629781723022461
0.016501903533935547
0.01627039909362793
0.01640176773071289
0.016082286834716797
0.015998125076293945
0.016109943389892578
0.01612567901611328
0.015210866928100586
0.01549673080444336
0.016208887100219727
0.016239404678344727
0.016286611557006836
0.015630483627319336
0.015668869018554688
0.015495061874389648
0.0157015323638916
0.015784025192260742
0.01620650291442871
0.0165102481842041
0.01631951332092285
0.016426801681518555
0.016382932662963867
0.016712427139282227
0.016479015350341797
0.01633453369140625
0.016526222229003906
0.016295909881591797
0.01626110076904297
0.01641845703125
0.016109704971313477
0.016174793243408203
0.01603078842163086
0.015416145324707031
0.01639103889465332
0.01665663719177246
0.016479015350341797
0.01633906364440918
0.016557693481445312
0.016293048858642578
0.01649165153503418
0.016518354415893555
0.01665472984313965
0.016686201095581055
0.016571998596191406
0.016446352005004883
0.01663351058959961
0.01883244514465332
0.017771005630493164
0.01710820198059082
0.016964435577392578
0.016686439514160156
0.01693582534790039
0.01674652099609375
0.016564607620239258
0.016419649124145508
0.01651787757873535
0.0164031982421875
0.016362428665161133
0.016628503799438477
0.016881942749023438
0.017180442810058594
0.017124652862548828
0.01687765121459961
0.017327547073364258
0.01681208610534668
0.016573667526245117
0.016554594039916992
0.0167233943939209
0.016535282135009766
0.01648116111755371
0.016460657119750977
0.016391277313232422
0.016303539276123047
0.01658916473388672
0.01609492301940918
0.016585350036621094
0.01664900779724121
0.017060518264770508
0.017220258712768555
0.016671419143676758
0.016631603240966797
0.016784191131591797
0.016821861267089844
0.01703953742980957
0.016689300537109375
0.01662468910217285
0.016537189483642578
0.016786575317382812
0.016750574111938477
0.01668095588684082
0.016659975051879883
0.016606569290161133
0.01653289794921875
0.01694345474243164
0.016691207885742188
0.01668715476989746
0.016571760177612305
0.01672673225402832
0.01649165153503418
0.016549110412597656
0.016693830490112305
0.01678299903869629
0.016423940658569336
0.016523122787475586
0.016678333282470703
0.016724824905395508
0.016615629196166992
0.01662302017211914
0.016612529754638672
0.016538381576538086
0.0169832706451416
0.01674342155456543
0.016957998275756836
0.01680135726928711
0.016654014587402344
0.01666879653930664
0.0168612003326416
0.016679048538208008
0.016620159149169922
0.016533613204956055
0.016100168228149414
0.016503334045410156
0.01605391502380371
0.016112804412841797
0.016724586486816406
0.01586127281188965
0.016014814376831055
0.015585660934448242
0.015671968460083008
0.015671253204345703
0.016156673431396484
0.015626907348632812
0.015964031219482422
0.015941858291625977
0.015619516372680664
0.01632833480834961
0.016402244567871094
0.01653146743774414
0.01670694351196289
0.016548871994018555
0.01638960838317871
0.016518354415893555
0.016698122024536133
0.01636981964111328
0.016186952590942383
0.016472816467285156
0.01639413833618164
0.01636815071105957
0.016549348831176758
0.016710281372070312
0.01636815071105957
0.01618218421936035
0.015738487243652344
0.015633821487426758
0.015469789505004883
0.015842437744140625
0.016066789627075195
0.01612997055053711
0.016071557998657227
0.016243696212768555
0.016208648681640625
0.016294002532958984
0.016277074813842773
0.016155004501342773
0.01604485511779785
0.016032695770263672
0.016527414321899414
0.01760101318359375
0.016897916793823242
0.016896963119506836
0.016620635986328125
0.016561508178710938
0.016749858856201172
0.017001628875732422
0.016764163970947266
0.016803979873657227
0.01663661003112793
0.01676487922668457
0.016739845275878906
0.016887426376342773
0.01685047149658203
0.017099857330322266
0.0167233943939209
0.016834259033203125
0.016885995864868164
0.01680159568786621
0.016663789749145508
0.017220497131347656
0.016875028610229492
0.016737699508666992
0.01640462875366211
0.016885995864868164
0.016953706741333008
0.016852140426635742
0.01704263687133789
0.017138242721557617
0.01685953140258789
0.016670703887939453
0.016786813735961914
0.01647210121154785
0.016182899475097656
0.016449689865112305
0.016561269760131836
0.016435623168945312
0.0162351131439209
0.01635265350341797
0.01606297492980957
0.015928983688354492
0.016516447067260742
0.016678810119628906
0.016304969787597656
0.01620626449584961
0.01625990867614746
0.01621270179748535
0.016269207000732422
0.016453981399536133
0.016416072845458984
0.016544103622436523
0.016611814498901367
0.01656341552734375
0.016454219818115234
0.01668381690979004
0.016587018966674805
0.016484498977661133
0.016386985778808594
0.016521930694580078
0.016354084014892578
0.016316890716552734
0.016571044921875
0.01632070541381836
0.016362428665161133
0.016420364379882812
0.01633000373840332
0.01647019386291504
0.015923023223876953
0.015938758850097656
0.016221046447753906
0.01627206802368164
0.015692472457885742
0.015952587127685547
0.01601123809814453
0.0157623291015625
0.015972137451171875
0.015613555908203125
0.016210556030273438
0.01631307601928711
0.016438961029052734
0.01641249656677246
0.016403913497924805
0.016224384307861328
0.016310691833496094
0.016325950622558594
0.016715526580810547
0.016571998596191406
0.016655921936035156
0.01671314239501953
0.01661992073059082
0.01655292510986328
0.016811370849609375
0.016983747482299805
0.016924142837524414
0.01680779457092285
0.016432523727416992
0.01674032211303711
0.016710996627807617
0.01624321937561035
0.016456127166748047
0.016320228576660156
0.016475915908813477
0.01657891273498535
0.01626420021057129
0.016388416290283203
0.016532421112060547
0.016614913940429688
0.01672506332397461
0.016530275344848633
0.01657557487487793
0.016182661056518555
0.016283512115478516
0.016126632690429688
0.016190052032470703
0.016289234161376953
0.016491174697875977
0.016141414642333984
0.016177654266357422
0.01616978645324707
0.01621842384338379
0.017264127731323242
0.0178072452545166
0.017191648483276367
0.0173799991607666
0.016989469528198242
0.017061471939086914
0.017094135284423828
0.017253398895263672
0.016959667205810547
0.016557693481445312
0.01663661003112793
0.016443967819213867
0.01657247543334961
0.016692161560058594
0.016460657119750977
0.016540050506591797
0.016406536102294922
0.016515731811523438
0.0169069766998291
0.016849040985107422
0.01651740074157715
0.016326189041137695
0.016166210174560547
0.016379594802856445
0.016657590866088867
0.01679229736328125
0.016320466995239258
0.016319990158081055
0.01662135124206543
0.01673603057861328
0.01717066764831543
0.01761913299560547
0.01794576644897461
0.017961740493774414
0.01765275001525879
0.01753854751586914
0.01791214942932129
0.017551422119140625
0.01759934425354004
0.017120838165283203
0.01701951026916504
0.017224550247192383
0.017394065856933594
0.017207622528076172
0.0175323486328125
0.01757526397705078
0.01754140853881836
0.017508506774902344
0.017641782760620117
0.01732611656188965
0.017118453979492188
0.017140626907348633
0.016958236694335938
0.017032384872436523
0.016800642013549805
0.016386985778808594
0.016421079635620117
0.016588926315307617
0.01667332649230957
0.016762256622314453
0.01674509048461914
0.016518115997314453
0.016727924346923828
0.01677393913269043
0.01696157455444336
0.016952037811279297
0.01682901382446289
0.016747474670410156
0.016553640365600586
0.016535282135009766
0.016480207443237305
0.016566753387451172
0.0165712833404541
0.016646862030029297
0.016512393951416016
0.016562461853027344
0.016121864318847656
0.01617288589477539
0.016136646270751953
0.016260862350463867
0.016205549240112305
0.016220569610595703
0.016122817993164062
0.016358375549316406
0.016091585159301758
0.015262365341186523
0.015547752380371094
0.01541280746459961
0.015503883361816406
0.01617908477783203
0.01656317710876465
0.01641249656677246
0.016429424285888672
0.01624917984008789
0.016304731369018555
0.0165865421295166
0.01656937599182129
0.016201019287109375
0.016483068466186523
0.016295909881591797
0.01635289192199707
0.016576766967773438
0.016496658325195312
0.01616978645324707
0.01622486114501953
0.016124963760375977
0.01630997657775879
0.016199588775634766
0.016407012939453125
0.016382217407226562
0.016222715377807617
0.016495227813720703
0.01626873016357422
0.016862869262695312
0.016953468322753906
0.016801834106445312
0.016768217086791992
0.016808748245239258
0.016544818878173828
0.016492366790771484
0.018306493759155273
0.018741130828857422
0.018251895904541016
0.017818450927734375
0.017206192016601562
0.01716899871826172
0.016803979873657227
0.016675710678100586
0.016669511795043945
0.016597747802734375
0.016300678253173828
0.016328811645507812
0.016506195068359375
0.016085147857666016
0.016062021255493164
0.015718460083007812
0.0157778263092041
0.015846967697143555
0.015969276428222656
0.01616692543029785
0.016306400299072266
0.01604771614074707
0.016252517700195312
0.016242265701293945
0.016149044036865234
0.015598058700561523
0.015531301498413086
0.015427589416503906
0.016304731369018555
0.016377687454223633
0.016606569290161133
0.017002105712890625
0.016640186309814453
0.016530752182006836
0.016609907150268555
0.017310380935668945
0.01670098304748535
0.016574382781982422
0.01667332649230957
0.01645660400390625
0.016673564910888672
0.016556501388549805
0.01644277572631836
0.01665973663330078
0.016087055206298828
0.016167402267456055
0.016295671463012695
0.01614093780517578
0.016330480575561523
0.01611185073852539
0.016256093978881836
0.01678180694580078
0.016680240631103516
0.016582489013671875
0.016885042190551758
0.016630172729492188
0.016544580459594727
0.016635417938232422
0.016890764236450195
0.0165708065032959
0.016739845275878906
0.017019987106323242
0.016753673553466797
0.016971111297607422
0.017041444778442383
0.017319917678833008
0.017220497131347656
0.016962289810180664
0.01781487464904785
0.01748347282409668
0.016879796981811523
0.016739368438720703
0.01714301109313965
0.016731739044189453
0.016575098037719727
0.0163424015045166
0.01618027687072754
0.016487598419189453
0.01639723777770996
0.01628279685974121
0.017043590545654297
0.01656055450439453
0.01694321632385254
0.017858028411865234
0.018293142318725586
0.01641392707824707
0.01640915870666504
0.016242265701293945
0.01574993133544922
0.015706777572631836
0.016483783721923828
0.01627326011657715
0.01637887954711914
0.016208887100219727
0.016244173049926758
0.016745805740356445
0.016614675521850586
0.01607823371887207
0.016387462615966797
0.016296863555908203
0.016261577606201172
0.01651930809020996
0.01633167266845703
0.01608419418334961
0.016236066818237305
0.01612067222595215
0.016142845153808594
0.016215085983276367
0.01627039909362793
0.016160964965820312
0.016309499740600586
0.016289234161376953
0.01641106605529785
0.016402482986450195
0.016484737396240234
0.016435861587524414
0.01607513427734375
0.01637101173400879
0.01651787757873535
0.016321182250976562
0.016516685485839844
0.019352436065673828
0.018056392669677734
0.01858806610107422
0.01836395263671875
0.018397808074951172
0.01899242401123047
0.019360780715942383
0.018677234649658203
0.0182497501373291
0.01840043067932129
0.017643451690673828
0.01737236976623535
0.016746997833251953
0.01696634292602539
0.01698160171508789
0.017470121383666992
0.016944169998168945
0.01650238037109375
0.016617536544799805
0.016306400299072266
0.016380786895751953
0.016582250595092773
0.016785621643066406
0.01629781723022461
0.016301631927490234
0.01620316505432129
0.016196012496948242
0.01628255844116211
0.016680240631103516
0.016288280487060547
0.016386747360229492
0.016457319259643555
0.016211748123168945
0.016514301300048828
0.016773700714111328
0.016563892364501953
0.01654791831970215
0.016290664672851562
0.016295909881591797
0.016791582107543945
0.01765894889831543
0.016734838485717773
0.017204761505126953
0.016687870025634766
0.016560077667236328
0.01676797866821289
0.01688098907470703
0.016677141189575195
0.016793251037597656
0.016747236251831055
0.016600847244262695
0.01702427864074707
0.01712822914123535
0.01662158966064453
0.016809701919555664
0.01687026023864746
0.016382455825805664
0.016119003295898438
0.01676154136657715
0.016368865966796875
0.016402721405029297
0.016487598419189453
0.016423463821411133
0.0168149471282959
0.016592979431152344
0.016241788864135742
0.01651453971862793
0.016398191452026367
0.016252517700195312
0.016580820083618164
0.01705193519592285
0.016881465911865234
0.017133474349975586
0.016933441162109375
0.016694307327270508
0.01679849624633789
0.016584157943725586
0.016268253326416016
0.016659021377563477
0.01684737205505371
0.016766786575317383
0.016766786575317383
0.017137765884399414
0.01651167869567871
0.016775846481323242
0.01671457290649414
0.01681804656982422
0.016388893127441406
0.016874313354492188
0.016666412353515625
0.01690983772277832
0.016713619232177734
0.01659679412841797
0.01659536361694336
0.016618013381958008
0.016426801681518555
0.016747236251831055
0.016408443450927734
0.016350269317626953
0.01650071144104004
0.01656031608581543
0.016243696212768555
0.016692161560058594
0.01618671417236328
0.01617264747619629
0.01642584800720215
0.016368627548217773
0.016051530838012695
0.01631927490234375
0.0163271427154541
0.01624894142150879
0.01618027687072754
0.016492843627929688
0.016216278076171875
0.016347169876098633
0.01611804962158203
0.01598501205444336
0.01610851287841797
0.017058372497558594
0.018430471420288086
0.017105579376220703
0.017050981521606445
0.016899824142456055
0.01693248748779297
0.0167996883392334
0.01654338836669922
0.016771554946899414
0.016541004180908203
0.01644587516784668
0.016643285751342773
0.016608476638793945
0.016777753829956055
0.016577482223510742
0.016632795333862305
0.016318082809448242
0.016484498977661133
0.016580581665039062
0.016249656677246094
0.016223430633544922
0.016065359115600586
0.016237974166870117
0.01630425453186035
0.016948461532592773
0.016220808029174805
0.016201019287109375
0.015944719314575195
0.01611804962158203
0.016267061233520508
0.016696929931640625
0.018045663833618164
0.01779627799987793
0.017726659774780273
0.017330169677734375
0.017499923706054688
0.016607046127319336
0.016628265380859375
0.01674342155456543
0.017063140869140625
0.016895532608032227
0.01704096794128418
0.01699376106262207
0.016478300094604492
0.01674652099609375
0.016740798950195312
0.016559123992919922
0.016729354858398438
0.016547679901123047
0.016405820846557617
0.016698360443115234
0.01653909683227539
0.01655888557434082
0.016802549362182617
0.01673412322998047
0.01619267463684082
0.01638650894165039
0.016487598419189453
0.016363859176635742
0.016459941864013672
0.016515016555786133
0.0164034366607666
0.016378164291381836
0.01654648780822754
0.016474008560180664
0.017107009887695312
0.0165708065032959
0.016195058822631836
0.016528606414794922
0.016829729080200195
0.01642632484436035
0.016374588012695312
0.01638054847717285
0.01633930206298828
0.01639556884765625
0.016385555267333984
0.01648402214050293
0.01690959930419922
0.016654014587402344
0.016500234603881836
0.01633620262145996
0.016582727432250977
0.016448259353637695
0.016715288162231445
0.01648426055908203
0.016176223754882812
0.016204833984375
0.016398906707763672
0.016330480575561523
0.016567707061767578
0.01656341552734375
0.015712499618530273
0.016393184661865234
0.016414642333984375
0.016290903091430664
0.016507863998413086
0.016474485397338867
0.016420364379882812
0.016680240631103516
0.016350984573364258
0.016386032104492188
0.01646113395690918
0.01649308204650879
0.016376018524169922
0.016785144805908203
0.016741514205932617
0.01624131202697754
0.01646590232849121
0.01664590835571289
0.016283750534057617
0.016718626022338867
0.016640663146972656
0.0166776180267334
0.01665186882019043
0.016658782958984375
0.016240358352661133
0.01658153533935547
0.01661372184753418
0.016490936279296875
0.016579389572143555
0.016925811767578125
0.018582582473754883
0.018776416778564453
0.017615079879760742
0.017401456832885742
0.017121553421020508
0.016812801361083984
0.016828060150146484
0.017034530639648438
0.01706671714782715
0.01679849624633789
0.017103910446166992
0.0168609619140625
0.01658344268798828
0.017017602920532227
0.016838788986206055
0.01698470115661621
0.017011404037475586
0.016828298568725586
0.016651153564453125
0.016777753829956055
0.0165250301361084
0.016772985458374023
0.016916275024414062
0.016412973403930664
0.016509532928466797
0.01702094078063965
0.016644716262817383
0.016522645950317383
0.016876935958862305
0.01667046546936035
0.016637563705444336
0.016867637634277344
0.016602039337158203
0.016986370086669922
0.01682448387145996
0.016495704650878906
0.01669144630432129
0.016464710235595703
0.016243457794189453
0.017211198806762695
0.01705026626586914
0.016655445098876953
0.016661882400512695
0.017011642456054688
0.017571687698364258
0.017192363739013672
0.016877174377441406
0.016466379165649414
0.017032623291015625
0.016736268997192383
0.017145633697509766
0.017542362213134766
0.017266273498535156
0.01749587059020996
0.017301321029663086
0.017171144485473633
0.017174482345581055
0.017323970794677734
0.01773357391357422
0.01732015609741211
0.017021894454956055
0.01678776741027832
0.016985416412353516
0.01700115203857422
0.01671290397644043
0.016727685928344727
0.0168759822845459
0.016617298126220703
0.016403913497924805
0.016143321990966797
0.016423702239990234
0.01648998260498047
0.01661396026611328
0.016448974609375
0.016518115997314453
0.016443967819213867
0.01636981964111328
0.016021251678466797
0.01627349853515625
0.015604019165039062
0.015970468521118164
0.015925168991088867
0.016736507415771484
0.01656508445739746
0.016572237014770508
0.016101360321044922
0.016246557235717773
0.016567707061767578
0.016988515853881836
0.01666712760925293
0.016990184783935547
0.01676344871520996
0.016924619674682617
0.016991615295410156
0.01674175262451172
0.016276836395263672
0.016658544540405273
0.01666116714477539
0.01666736602783203
0.016780614852905273
0.01663804054260254
0.016571760177612305
0.016697406768798828
0.016593217849731445
0.016405582427978516
0.01649022102355957
0.01625847816467285
0.016351699829101562
0.01647186279296875
0.016225337982177734
0.016521930694580078
0.017186880111694336
0.016629934310913086
0.01634955406188965
0.016696929931640625
0.01622748374938965
0.016295909881591797
0.016638755798339844
0.016469717025756836
0.018227100372314453
0.018107175827026367
0.017453670501708984
