0.015288591384887695
0.01569509506225586
0.01491403579711914
0.01498103141784668
0.014878511428833008
0.015359163284301758
0.015011310577392578
0.014948129653930664
0.015175580978393555
0.014837026596069336
0.014940023422241211
0.014820575714111328
0.014910459518432617
0.014870166778564453
0.014991521835327148
0.015038251876831055
0.014997243881225586
0.015133380889892578
0.01528167724609375
0.015174627304077148
0.015215873718261719
0.015060663223266602
0.014856338500976562
0.014878273010253906
0.015037059783935547
0.015044450759887695
0.01498556137084961
0.014961719512939453
0.01495814323425293
0.01498556137084961
0.015298604965209961
0.015041828155517578
0.015039443969726562
0.015050172805786133
0.014908552169799805
0.014958381652832031
0.015003204345703125
0.01505279541015625
0.015082836151123047
0.014810800552368164
0.014796972274780273
0.01480865478515625
0.014805793762207031
0.014856338500976562
0.015163183212280273
0.01502370834350586
0.015104055404663086
0.014999151229858398
0.014992713928222656
0.014987468719482422
0.015089988708496094
0.015099287033081055
0.015274524688720703
0.014827489852905273
0.014818668365478516
0.014940500259399414
0.014890193939208984
0.014822244644165039
0.014882564544677734
0.01483774185180664
0.014751672744750977
0.014897346496582031
0.014856815338134766
0.014899492263793945
0.014873027801513672
0.014985322952270508
0.015186071395874023
0.015100479125976562
0.01500082015991211
0.01524662971496582
0.01587677001953125
0.014944314956665039
0.01517343521118164
0.015037059783935547
0.014870643615722656
0.01491999626159668
0.014918804168701172
0.01506495475769043
0.015117645263671875
0.015109539031982422
0.014977216720581055
0.015084028244018555
0.015171051025390625
0.014989614486694336
0.015244483947753906
0.015256881713867188
0.015225410461425781
0.01526021957397461
0.014981508255004883
0.015263795852661133
0.01520681381225586
0.014888286590576172
0.014824151992797852
0.014972686767578125
0.014928579330444336
0.01522207260131836
0.015308856964111328
0.015046358108520508
0.01499795913696289
0.01493382453918457
0.014942169189453125
0.014874696731567383
0.014775276184082031
0.014959096908569336
0.014950990676879883
0.015001058578491211
0.015027999877929688
0.01485133171081543
0.015178442001342773
0.014908313751220703
0.014972925186157227
0.014976024627685547
0.01493978500366211
0.014996051788330078
0.014992237091064453
0.014955520629882812
0.014973163604736328
0.014954566955566406
0.015003442764282227
0.015030860900878906
0.014945507049560547
0.014838695526123047
0.014842033386230469
0.014812707901000977
0.014801263809204102
0.01483011245727539
0.015006303787231445
0.014790058135986328
0.014789342880249023
0.014836311340332031
0.014842033386230469
0.014917135238647461
0.014901876449584961
0.01494598388671875
0.015126705169677734
0.015074968338012695
0.014949560165405273
0.01502370834350586
0.014998912811279297
0.014887094497680664
0.015000581741333008
0.015022754669189453
0.014747858047485352
0.014919519424438477
0.014822959899902344
0.014966487884521484
0.015034914016723633
0.015182733535766602
0.015008687973022461
0.014979839324951172
0.014826774597167969
0.014852285385131836
0.014859676361083984
0.014948368072509766
0.014931917190551758
0.014950990676879883
0.015113592147827148
0.01496434211730957
0.01494741439819336
0.014954566955566406
0.015160083770751953
0.015099048614501953
0.015067338943481445
0.015086889266967773
0.015766382217407227
0.01525735855102539
0.015016317367553711
0.015134334564208984
0.01500844955444336
0.014914274215698242
0.015026330947875977
0.01499795913696289
0.01497960090637207
0.015147209167480469
0.015154600143432617
0.015221595764160156
0.014920234680175781
0.014942646026611328
0.015120267868041992
0.014958620071411133
0.01503896713256836
0.01540994644165039
0.015491485595703125
0.015398979187011719
0.011512994766235352
0.010273218154907227
0.010351419448852539
0.01034998893737793
0.009873628616333008
0.009833812713623047
0.009768247604370117
0.009975910186767578
0.010149240493774414
0.010082244873046875
0.00973653793334961
0.009569883346557617
0.009899139404296875
0.009354829788208008
0.009232759475708008
0.009501457214355469
0.009517669677734375
0.009807109832763672
0.0096282958984375
0.009466409683227539
0.009235620498657227
0.008945226669311523
0.00970149040222168
0.009427547454833984
0.00929117202758789
0.009633302688598633
0.01043081283569336
0.014772891998291016
0.014885902404785156
0.014771223068237305
0.01475977897644043
0.014780282974243164
0.014793872833251953
0.014828681945800781
0.01476144790649414
0.014813661575317383
0.01475834846496582
0.015094518661499023
0.014783382415771484
0.01477360725402832
0.01475834846496582
0.014827489852905273
0.014915943145751953
0.014987945556640625
0.014972448348999023
0.014989852905273438
0.014933586120605469
0.014966964721679688
0.014763832092285156
0.014951705932617188
0.014810323715209961
0.014860391616821289
0.014870643615722656
0.015005826950073242
0.015017509460449219
0.014933586120605469
0.015962839126586914
0.014891624450683594
0.014878273010253906
0.014828205108642578
0.01483154296875
0.014840126037597656
0.014830827713012695
0.015065431594848633
0.015113115310668945
0.01499795913696289
0.014987707138061523
0.015750408172607422
0.014943361282348633
0.014995098114013672
0.01503300666809082
0.014920473098754883
0.014972686767578125
0.01501011848449707
0.0149688720703125
0.014974594116210938
0.015101432800292969
0.015105009078979492
0.014950037002563477
0.015034198760986328
0.014940738677978516
0.015034914016723633
0.014952659606933594
0.014942407608032227
0.014979124069213867
0.014999151229858398
0.014971256256103516
0.015227317810058594
0.015060186386108398
0.015273094177246094
0.015236377716064453
0.014835596084594727
0.014734983444213867
0.014995098114013672
0.014897823333740234
0.01507115364074707
0.01489710807800293
0.015251874923706055
0.014997482299804688
0.015013694763183594
0.015482187271118164
0.0150299072265625
0.016021251678466797
0.015452384948730469
0.0167233943939209
0.014945268630981445
0.014822959899902344
0.014836788177490234
0.01488637924194336
0.014835119247436523
0.014809846878051758
0.014818429946899414
0.014955520629882812
0.015006780624389648
0.014924287796020508
0.01508021354675293
0.015080451965332031
0.014964818954467773
0.01492452621459961
0.01482701301574707
0.014856576919555664
0.014992475509643555
0.01508021354675293
0.015018939971923828
0.014856576919555664
0.014846563339233398
0.014894485473632812
0.014809846878051758
0.014860153198242188
0.014880895614624023
0.014840841293334961
0.014890670776367188
0.014912605285644531
0.014848709106445312
0.014775753021240234
0.014785528182983398
0.014800786972045898
0.014886617660522461
0.014778375625610352
0.014828920364379883
0.01488947868347168
0.014811992645263672
0.014848947525024414
0.014837980270385742
0.014838218688964844
0.014868974685668945
0.014791250228881836
0.014889001846313477
0.0147857666015625
0.014753103256225586
0.01476740837097168
0.014853715896606445
0.01487421989440918
0.014824867248535156
0.014817953109741211
0.014832496643066406
0.014820337295532227
0.01471400260925293
0.014786005020141602
0.014734983444213867
0.01482701301574707
0.014895439147949219
0.014870166778564453
0.014901876449584961
0.014818429946899414
0.014753580093383789
0.014785289764404297
0.014825582504272461
0.014902830123901367
0.01483464241027832
0.014796972274780273
0.014808177947998047
0.014765262603759766
0.014751911163330078
0.01483774185180664
0.014858007431030273
0.014835119247436523
0.01477956771850586
0.0148162841796875
0.014838457107543945
0.014994144439697266
0.015200138092041016
0.015125036239624023
0.015181779861450195
0.015169620513916016
0.015091896057128906
0.015086889266967773
0.014990806579589844
0.014880657196044922
0.014964580535888672
0.01495218276977539
0.01494145393371582
0.014981985092163086
0.014927387237548828
0.015000581741333008
0.015125274658203125
0.01490926742553711
0.014855384826660156
0.014890909194946289
0.015002965927124023
0.015090227127075195
0.014905452728271484
0.014981508255004883
0.015078067779541016
0.015083551406860352
0.015051603317260742
0.015062570571899414
0.01490640640258789
0.014980316162109375
0.01506352424621582
0.01497030258178711
0.014919281005859375
0.015002727508544922
0.014969348907470703
0.014873266220092773
0.014878034591674805
0.014940261840820312
0.014956474304199219
0.014891624450683594
0.014922142028808594
0.014903783798217773
0.015114068984985352
0.0150146484375
0.014945030212402344
0.015549421310424805
0.014935493469238281
0.014879703521728516
0.014970064163208008
0.014931917190551758
0.014887571334838867
0.014934539794921875
0.01497340202331543
0.014955759048461914
0.014971733093261719
0.015010833740234375
0.015048503875732422
0.015347003936767578
0.014968395233154297
0.01488184928894043
0.014972686767578125
0.014902830123901367
0.014945030212402344
0.014922857284545898
0.014889955520629883
0.01496577262878418
0.014852762222290039
0.014895439147949219
0.015299320220947266
0.015114307403564453
0.014900445938110352
0.014931201934814453
0.014942169189453125
0.014943361282348633
0.014885187149047852
0.014923810958862305
0.015036344528198242
0.014912843704223633
0.014913320541381836
0.014937400817871094
0.015027999877929688
0.015120983123779297
0.014886140823364258
0.015144586563110352
0.015295982360839844
0.014933347702026367
0.01499485969543457
0.014977455139160156
0.01495814323425293
0.015209197998046875
0.015221834182739258
0.015202045440673828
0.015185356140136719
0.015254974365234375
0.01518702507019043
0.015206098556518555
0.015220880508422852
0.015023946762084961
0.015010833740234375
0.015020608901977539
0.01491689682006836
0.01509714126586914
0.01493525505065918
0.014906883239746094
0.015197277069091797
0.015238285064697266
0.014943361282348633
0.014898061752319336
0.01512455940246582
0.014983892440795898
0.015097856521606445
0.014973878860473633
0.014972686767578125
0.014950990676879883
0.014963388442993164
0.014976978302001953
0.015146017074584961
0.015182971954345703
0.015252351760864258
0.01493215560913086
0.015181779861450195
0.015045881271362305
0.015187740325927734
0.015072822570800781
0.015061378479003906
0.015024662017822266
0.01503896713256836
0.014944076538085938
0.015050649642944336
0.014770746231079102
0.014748334884643555
0.014805316925048828
0.014995813369750977
0.01515960693359375
0.015045642852783203
0.015020608901977539
0.01497197151184082
0.015524625778198242
0.015031099319458008
0.015022039413452148
0.015019655227661133
0.014933347702026367
0.014827489852905273
0.015082836151123047
0.014992475509643555
0.014940500259399414
0.015572071075439453
0.01546025276184082
0.014893770217895508
0.015207529067993164
0.015248775482177734
0.015161991119384766
0.01488804817199707
0.014762401580810547
0.014756917953491211
0.014806747436523438
0.014780044555664062
0.014782190322875977
0.014876365661621094
0.014816761016845703
0.014832019805908203
0.01479482650756836
0.014786720275878906
0.015019893646240234
0.014907598495483398
0.014819860458374023
0.014857053756713867
0.014865398406982422
0.014803171157836914
0.014772653579711914
0.014845848083496094
0.014823675155639648
0.015100240707397461
0.015029191970825195
0.01514434814453125
0.015128374099731445
0.01477670669555664
0.014740705490112305
0.014804840087890625
0.014734745025634766
0.014785289764404297
0.014748573303222656
0.014777183532714844
0.014810323715209961
0.014920949935913086
0.015081167221069336
0.015153169631958008
0.014950037002563477
0.015700578689575195
0.015050888061523438
0.015011072158813477
0.015187978744506836
0.0154266357421875
0.015148639678955078
0.015024185180664062
0.014752864837646484
0.01481318473815918
0.014987945556640625
0.01501774787902832
0.015070915222167969
0.014912843704223633
0.014959335327148438
0.015083074569702148
0.014945268630981445
0.01493978500366211
0.01502537727355957
0.015044689178466797
0.01505899429321289
0.014996528625488281
0.015167951583862305
0.015061378479003906
0.015183687210083008
0.015073299407958984
0.014982223510742188
0.014986753463745117
0.015002250671386719
0.014955997467041016
0.014928817749023438
0.014987945556640625
0.01499485969543457
0.015001296997070312
0.015040874481201172
0.014966249465942383
0.015016794204711914
0.015205144882202148
0.015006542205810547
0.014907360076904297
0.015104293823242188
0.014976024627685547
0.01509404182434082
0.015014171600341797
0.014946222305297852
0.015269994735717773
0.015267133712768555
0.015189886093139648
0.01526951789855957
0.015299081802368164
0.015080451965332031
0.014793634414672852
0.01494598388671875
0.015036344528198242
0.014764547348022461
0.01478886604309082
0.014772891998291016
0.014792203903198242
0.01479649543762207
0.014805793762207031
0.014776229858398438
0.014844417572021484
0.014809370040893555
0.014855623245239258
0.01508021354675293
0.01498270034790039
0.015042543411254883
0.014940738677978516
0.014995098114013672
0.015690088272094727
0.014899492263793945
0.014781951904296875
0.014782428741455078
0.014873027801513672
0.014789104461669922
0.01482534408569336
0.014780044555664062
0.014783382415771484
0.014775514602661133
0.014788150787353516
0.014775276184082031
0.014775276184082031
0.01482081413269043
0.014755487442016602
0.014741897583007812
0.01479029655456543
0.014810800552368164
0.014762639999389648
0.01477670669555664
0.014805078506469727
0.01480412483215332
0.014740943908691406
0.014803886413574219
0.014761686325073242
0.014883041381835938
0.01479649543762207
0.014948368072509766
0.014922857284545898
0.014904499053955078
0.015127420425415039
0.015240669250488281
0.015179872512817383
0.015102386474609375
0.01515507698059082
0.015084981918334961
0.015018463134765625
0.01504659652709961
0.01498270034790039
0.015044450759887695
0.015165328979492188
0.014997720718383789
0.015154600143432617
0.014997482299804688
0.015026569366455078
0.01496267318725586
0.015004396438598633
0.015056848526000977
0.015096426010131836
0.014984846115112305
0.015069007873535156
0.015008926391601562
0.015112161636352539
0.01493215560913086
0.01495051383972168
0.015009164810180664
0.014976978302001953
0.014920234680175781
0.014906167984008789
0.014958858489990234
0.015089750289916992
0.014952659606933594
0.015289545059204102
0.015160083770751953
0.015195131301879883
0.015161991119384766
0.015190839767456055
0.014928817749023438
0.014898061752319336
0.014971017837524414
0.014936685562133789
0.014944791793823242
0.015074014663696289
0.014988422393798828
0.01496744155883789
0.015012502670288086
0.015003204345703125
0.014928102493286133
0.014940023422241211
0.015169382095336914
0.015041112899780273
0.014912605285644531
0.014961004257202148
0.015049219131469727
0.014944791793823242
0.015073537826538086
0.015054702758789062
0.015654563903808594
0.015105485916137695
0.014923572540283203
0.014996051788330078
0.014950275421142578
0.014889955520629883
0.015269279479980469
0.014992952346801758
0.014911413192749023
0.01545405387878418
0.014881372451782227
0.015096664428710938
0.015034675598144531
0.0149078369140625
0.01501774787902832
0.01499629020690918
0.014936685562133789
0.015104055404663086
0.014994144439697266
0.014934301376342773
0.014980792999267578
0.01515650749206543
0.014937400817871094
0.014911174774169922
0.015918970108032227
0.014951467514038086
0.014940261840820312
0.01503753662109375
0.015052556991577148
0.014940500259399414
0.014882802963256836
0.014971256256103516
0.014967679977416992
0.015277862548828125
0.014971494674682617
0.014983892440795898
0.014998912811279297
0.015045881271362305
0.015043973922729492
0.014932394027709961
0.014945030212402344
0.014912605285644531
0.01497960090637207
0.014917135238647461
0.014938592910766602
0.014936685562133789
0.014909982681274414
0.01502084732055664
0.014920949935913086
0.015038251876831055
0.01496434211730957
0.015075922012329102
0.015007972717285156
0.014996051788330078
0.014947175979614258
0.01492619514465332
0.014983177185058594
0.014936685562133789
0.014894247055053711
0.015384197235107422
0.014979124069213867
0.014917373657226562
0.015043020248413086
0.014975786209106445
0.014977693557739258
0.014975547790527344
0.014955282211303711
0.01498103141784668
0.014858245849609375
0.014930009841918945
0.014919519424438477
0.014965534210205078
0.014906883239746094
0.0149383544921875
0.014963865280151367
0.015052080154418945
0.015048027038574219
0.014955520629882812
0.014938831329345703
0.014883041381835938
0.014869451522827148
0.014936447143554688
0.014934539794921875
0.015211820602416992
0.015277862548828125
0.01562809944152832
0.014910459518432617
0.014924764633178711
0.01516270637512207
0.015056371688842773
0.014896154403686523
0.014920949935913086
0.015143632888793945
0.014989376068115234
0.015018701553344727
0.01508641242980957
0.014864921569824219
0.01497507095336914
0.01494455337524414
0.01495504379272461
0.014961481094360352
0.015089273452758789
0.014998435974121094
0.015007972717285156
0.015008211135864258
0.014957189559936523
0.01493215560913086
0.014886856079101562
0.015253782272338867
0.015166521072387695
0.0151824951171875
0.015460729598999023
0.015288591384887695
0.014894723892211914
0.01510477066040039
0.015056133270263672
0.014961719512939453
0.015031099319458008
0.015311002731323242
0.01499319076538086
0.014927864074707031
0.014917135238647461
0.014899492263793945
0.014891624450683594
0.014924049377441406
0.015060186386108398
0.014977216720581055
0.015027284622192383
0.01499032974243164
0.014935493469238281
0.014985799789428711
0.014928817749023438
0.014939069747924805
0.014967203140258789
0.01491999626159668
0.014945030212402344
0.015034914016723633
0.014949798583984375
0.015337228775024414
0.015004158020019531
0.015009641647338867
0.015009164810180664
0.014963865280151367
0.014942169189453125
0.015627622604370117
0.014919281005859375
0.014934062957763672
0.015073776245117188
0.01494598388671875
0.014891862869262695
0.015027999877929688
0.015146732330322266
0.015201330184936523
0.015224695205688477
0.01513051986694336
0.015193700790405273
0.015184402465820312
0.01522517204284668
0.015262603759765625
0.015157938003540039
0.015149116516113281
0.015216588973999023
0.015169382095336914
0.01514124870300293
0.015200138092041016
0.015187263488769531
0.015253543853759766
0.015224218368530273
0.015176057815551758
0.015180110931396484
0.015218496322631836
0.015274286270141602
0.01519775390625
0.015120983123779297
0.015198230743408203
0.015266656875610352
0.014856338500976562
0.014932632446289062
0.015055418014526367
0.015045642852783203
0.015027046203613281
0.015004873275756836
0.014970779418945312
0.014958858489990234
0.014920234680175781
0.014974832534790039
0.014923572540283203
0.014971733093261719
0.014953374862670898
0.01498866081237793
0.014916658401489258
0.015011072158813477
0.015163898468017578
0.014931678771972656
0.015000104904174805
0.014948368072509766
0.014911651611328125
0.014970064163208008
0.014962434768676758
0.014922380447387695
0.015017032623291016
0.014992475509643555
0.014865398406982422
0.014966726303100586
0.015115022659301758
0.01570868492126465
0.015610456466674805
0.014806985855102539
0.015073537826538086
0.014993667602539062
0.014779806137084961
0.01478123664855957
0.014725923538208008
0.0148468017578125
0.014715909957885742
0.014737367630004883
0.014906644821166992
0.015158414840698242
0.014775991439819336
0.014781951904296875
0.014774799346923828
0.01477193832397461
0.014760971069335938
0.014728546142578125
0.014778614044189453
0.014817953109741211
0.014729022979736328
0.01483774185180664
0.016033411026000977
0.014961004257202148
0.01574563980102539
0.015032052993774414
0.014816761016845703
0.014858722686767578
0.014818429946899414
0.0147705078125
0.014758110046386719
0.014806270599365234
0.01478123664855957
0.014746904373168945
0.014770984649658203
0.01479196548461914
0.014876127243041992
0.014856576919555664
0.014880895614624023
0.01489710807800293
0.014827966690063477
0.01500558853149414
0.014799833297729492
0.014731168746948242
0.014830350875854492
0.014908552169799805
0.01483607292175293
0.01480865478515625
0.014814615249633789
0.014856100082397461
0.014754295349121094
0.014763593673706055
0.014795064926147461
0.014765739440917969
0.014738321304321289
0.014783859252929688
0.01474308967590332
0.01474761962890625
0.01473379135131836
0.014738082885742188
0.014794588088989258
0.014759063720703125
0.01477670669555664
0.01470637321472168
0.014754056930541992
0.014765501022338867
0.014772176742553711
0.014741897583007812
0.01494598388671875
0.014902114868164062
0.014967918395996094
0.014977216720581055
0.014931917190551758
0.01486825942993164
0.014845848083496094
0.015027284622192383
0.014859914779663086
0.014796733856201172
0.014919519424438477
0.01475214958190918
0.014793872833251953
0.014833211898803711
0.014761686325073242
0.014777183532714844
0.014826059341430664
0.014821767807006836
0.014792203903198242
0.014841794967651367
