18.54118863934857
18.516162360136093
18.49901677418348
18.49901677418348
18.49901677418348
18.497537879878767
18.497521018275172
18.393694804694753
18.393694804694753
18.361626169899406
18.359728287199406
18.34901547978378
18.34901547978378
18.092072126401987
18.091553632413433
17.960118486730504
17.637454764999337
17.52361429107963
17.50020259869433
17.498340487053767
17.498340487053767
17.496225942077253
17.496225942077253
17.496225942077253
17.496225942077253
17.490816683868697
17.490511268868968
17.052251745620538
17.052251745620538
16.389538234809827
15.845956157786254
15.845956157786254
15.839601907189977
15.424938843219746
15.424938843219746
15.40563106474466
15.403665570049297
15.403665570049297
15.403665570049297
15.403665570049297
15.396956618102285
15.39486238583906
15.392728963137095
15.38060542843516
15.375468325544297
15.375468325544297
15.368782245719867
15.368782245719867
15.360448377771768
15.360448377771768
15.311583158411231
15.058866597816088
15.055200709172146
15.055200709172146
15.055200709172146
15.055200709172146
14.740796219658316
14.509178005820928
14.509178005820928
14.503538367809263
14.494055016171687
14.493952450055176
14.493707568657921
14.303304355800051
14.300316534178997
14.1573160947468
14.1573160947468
14.150092511456164
13.647446380918602
13.614236372163393
13.39148740648001
13.39148740648001
13.39120207435315
13.386524744708954
13.386524744708954
13.383354009505975
13.383354009505975
13.383354009505975
13.380138504795594
13.270785784753889
13.270785784753889
13.267368827825901
13.258621930435085
13.256777974813176
13.256777974813176
13.253384319460068
13.252867326517675
13.252867326517675
12.613905908389146
12.030164303136129
12.030164303136129
12.030164303136129
12.029579696718473
11.938813963595392
11.925041367656847
11.925041367656847
11.925041367656847
11.925041367656847
11.924812366596154
11.592638918597713
11.592638918597713
11.58692265141802
11.584489882391532
11.257381675243513
11.255657982104921
11.248729327195836
11.248729327195836
11.247247612444475
11.247247612444475
10.510666974281762
10.510666974281762
10.509452108154552
10.396013067037845
10.139434718239446
10.08725924064852
10.081735514680874
10.024588472819309
9.993990416294713
9.989528304727214
9.989528304727214
9.988833496210141
9.988833496210141
9.988833496210141
9.926605835647909
9.926605835647909
9.92487963622628
9.924397902723268
9.924397902723268
9.92420202554961
9.921481547421912
9.015160347848731
8.951537459468426
8.94956538727999
8.94779724072742
8.94779724072742
8.945025237007016
8.944664624968599
8.944664624968599
8.076671801696788
8.076671801696788
8.072109229525198
8.072109229525198
8.072109229525198
8.072109229525198
8.071758977517087
8.071758977517087
8.013996101170772
8.013996101170772
8.007188665535711
8.005518013112798
8.00089339269798
7.982816408015708
7.970539341707376
7.900059447953872
7.891086410536673
7.891086410536673
7.891086410536673
7.889256434213179
7.881910445416461
7.8818209229977505
7.8818209229977505
7.8818209229977505
7.8818209229977505
7.8818209229977505
7.88023507683366
7.871658338729549
7.863313588842722
7.86330545313489
7.861181417885913
7.861181417885913
7.861181417885913
7.861043372980458
7.861043372980458
7.861043372980458
7.857536649426555
7.857536649426555
7.857536649426555
7.857536649426555
7.849662407286251
7.849662407286251
7.8369403585882615
7.8369403585882615
7.799129681761595
7.795020584897976
6.490382136126801
6.4890974332802696
6.487379791508857
6.487379791508857
6.487379791508857
6.487379791508857
6.487379791508857
6.483955801756412
6.482687481324303
6.482687481324303
6.481303755727428
6.480881207981174
6.478501434328928
6.478501434328928
6.478501434328928
6.478501434328928
6.478501434328928
6.478501434328928
6.476787990248958
6.4698511537255445
6.4698511537255445
6.469675788611426
6.464655960883842
6.464655960883842
6.461722109474582
6.457864627161355
6.457864627161355
6.457864627161355
6.457777212038884
6.457777212038884
6.457777212038884
6.457777212038884
6.457777212038884
6.457777212038884
6.452158355587461
6.4499413272727075
6.4499044079634
6.448108748717367
6.448108748717367
6.44588186866223
6.44588186866223
6.44588186866223
6.406705389876592
6.388141990334805
6.388141990334805
6.388141990334805
6.297802661762745
6.297802661762745
6.0863919275124445
6.079562173773004
6.079562173773004
6.079562173773004
6.079562173773004
6.078315253822391
6.078315253822391
6.073880414724696
6.062875527860573
5.95323439601108
5.95323439601108
5.95323439601108
5.95323439601108
5.949619854907258
5.949619854907258
5.949619854907258
5.949070159403025
5.9407743620709645
5.936555852764476
5.931445948190889
5.926124230802966
5.926124230802966
5.926124230802966
5.9260416947277115
5.907060342349414
5.907060342349414
5.9058878059360875
5.822758145714266
5.822758145714266
5.7099456266635045
5.681743446832863
5.681743446832863
5.679762284472272
5.679050664259165
5.679050664259165
5.679050664259165
5.677651071727693
5.677651071727693
5.677651071727693
5.67567705766432
5.67567705766432
5.656345648561382
5.5920764548177395
5.592037259987077
5.586841626444457
5.586841626444457
5.58623446917921
5.581659597070352
5.581659597070352
5.580066670642477
5.580058170783541
5.580058170783541
5.518579844917568
5.518579844917568
5.518579844917568
5.390873681314943
5.376466695266625
5.376109155975357
5.375648710568047
5.238567845143443
5.237729247392714
5.229857820640731
5.217931876683394
5.217305370409619
5.217136638004529
5.159370010069342
4.829147819316432
4.819012870745535
4.819012870745535
4.814386176610036
4.809677515897214
4.727107530115283
4.719138036747353
4.719138036747353
4.703782201061614
4.703112806953818
4.673523038149767
4.67309364439841
4.285272739368622
4.285272739368622
4.285272739368622
4.285272739368622
4.285272739368622
4.285272739368622
4.182698234192937
4.182059967466152
4.182059967466152
4.182059967466152
4.182047895494588
4.18203680193713
4.18203680193713
4.178565563116965
4.171510474266203
4.1696095743907335
4.1696095743907335
4.165178318234755
4.07431947694425
4.066022878399831
4.066022878399831
4.064133267591448
4.064133267591448
4.063312187510025
4.061642098234522
4.061642098234522
4.0616262453801895
4.0616262453801895
4.0616262453801895
4.0616262453801895
4.0616262453801895
4.054983821389634
4.054983821389634
4.054983821389634
4.054983821389634
4.054875180932097
4.054875180932097
4.025020449687364
4.025020449687364
4.025020449687364
4.014219986825335
4.014219986825335
4.012841122617104
4.001976320760598
4.001976320760598
3.9981361064691434
3.949221470862362
3.948574716675161
3.948574716675161
3.9482474722150798
3.948221249729066
3.9124761652465665
3.9124761652465665
3.9124761652465665
3.9086801793626407
3.9086801793626407
3.9086801793626407
3.900763010247541
3.900763010247541
3.900763010247541
3.8863368377561045
3.7795238842460073
3.7788288743683403
3.7787568660073703
3.7778936731945763
3.7738462081560122
3.765820503874128
3.765194611085615
3.765194611085615
3.765194611085615
3.7613604194467065
3.7613604194467065
3.671066726176175
3.311801337921562
3.2804016302172094
3.2775848288261393
3.2775848288261393
3.2775848288261393
3.2775848288261393
3.277578060965439
3.277578060965439
3.277578060965439
3.277578060965439
3.277578060965439
3.277490176762605
3.2623426278315826
3.2616547601671932
3.2616547601671932
3.2616547601671932
3.2616547601671932
3.239328700433706
3.2359223006958118
3.2225090745346883
3.2217672286073302
3.2108709592019693
3.208251063308399
3.208251063308399
3.208251063308399
3.208251063308399
3.2069551324304832
3.2069551324304832
3.2069551324304832
3.2069551324304832
3.206071544380599
3.206071544380599
3.2030132811892287
3.2030132811892287
3.197891298833248
3.1930555990040332
3.1930555990040332
3.1930555990040332
3.182079186247716
3.182079186247716
3.182079186247716
3.161586135081773
3.161586135081773
3.161586135081773
3.161586135081773
3.161586135081773
3.161586135081773
3.161586135081773
3.1611113167750595
3.1565181146510177
3.1550016155721288
3.1550016155721288
3.1550016155721288
3.1550016155721288
3.1467370149801894
3.1467370149801894
3.1467370149801894
3.1372959680255903
3.1372959680255903
3.1372959680255903
3.1372959680255903
3.134857080035573
3.1293144950967644
3.1293144950967644
3.1293144950967644
3.128814785668979
3.1134507386013297
3.1108523075204175
3.1095439862005954
3.104800120714522
3.104800120714522
3.104800120714522
3.096719844007268
3.096719844007268
3.096719844007268
3.096719844007268
3.096719844007268
3.096719844007268
3.096719844007268
3.091994539530482
3.091994539530482
3.0749142675960464
3.0749142675960464
3.074686456301329
3.074686456301329
3.0684248784197834
3.048523212446579
3.048523212446579
3.048523212446579
3.0203944390742095
3.0203944390742095
3.002224435026516
3.001684832664349
3.001175895970597
3.001175895970597
2.9636620074066613
2.9635086908305865
2.9568498249784234
2.9512488182329513
2.9335645751366677
2.9335645751366677
2.9327540311735447
2.932429421701322
2.932429421701322
2.932429421701322
2.932429421701322
2.931521943516337
2.9270499194834265
2.89806877203171
2.89806877203171
2.8971306562761256
2.895631664476337
2.8851669970221288
2.8851669970221288
2.8820331367387695
2.8820331367387695
2.8820331367387695
2.8773444718295664
2.8773444718295664
2.8773444718295664
2.8773444718295664
2.8773444718295664
2.8773444718295664
2.875658000275834
2.875658000275834
2.872833769931894
2.872833769931894
2.872167109684799
2.8650890011062913
2.8650890011062913
2.8650815783602717
2.8645041903642685
2.8645041903642685
2.862132713612869
2.8587677004241883
2.8342822658603097
2.8342822658603097
2.833536592774095
2.833536592774095
2.833536592774095
2.833536592774095
2.833536592774095
2.833536592774095
2.833536592774095
2.833536592774095
2.833536592774095
2.832887107594729
2.829115544318647
2.8253964804142164
2.8253964804142164
2.8209070561936187
2.816890463235744
2.8156993283680443
2.8156993283680443
2.8156993283680443
2.8156993283680443
2.8144492014722573
2.8144492014722573
2.791011966346222
2.7521754711235786
2.7521754711235786
2.7408181352971184
2.73034184007593
2.73034184007593
2.6208600634823895
2.5628825527093966
2.555212162033861
2.544522124357446
2.544522124357446
2.544522124357446
2.524211805671861
2.5189630260558857
2.5189630260558857
2.5182975801871805
2.5182975801871805
2.5182975801871805
2.5181585456808477
2.370260874973205
2.370260874973205
2.3309505083387982
2.3299278313501475
2.3252979510011293
2.325256762555842
2.3234594202443333
2.3234594202443333
2.3234594202443333
2.3234594202443333
2.3222178914782674
2.3162060881381556
2.311982387192298
2.311982387192298
2.310888539558835
2.304015048306187
2.304015048306187
2.304015048306187
2.304015048306187
2.285665523257453
2.2854424399398425
2.2854424399398425
2.2854424399398425
2.2854424399398425
2.282095845640846
2.2736146567501656
2.2718529151145574
2.2718529151145574
2.2718529151145574
2.2718529151145574
2.2712986449543813
2.2712986449543813
2.2712986449543813
2.270245164158421
2.270245164158421
2.270245164158421
2.2668796816884544
2.2668796816884544
2.2493373737101123
2.2488440012620217
2.2488440012620217
2.2488440012620217
2.0539870196268595
2.053015054503156
2.053015054503156
2.053015054503156
2.050061562181728
2.031673953512879
2.0242568373584575
2.0220563273621366
2.0220563273621366
2.0190523344150577
2.0190523344150577
2.0188571784519524
2.0102308692161976
2.0102308692161976
2.0102308692161976
2.009665290241209
2.00127755019507
2.0008057504445844
1.9932814261822998
1.9856753715512845
1.9856753715512845
1.9856753715512845
1.9841898020469166
1.9841898020469166
1.968317626269453
1.968317626269453
1.968317626269453
1.968317626269453
1.9677436262948191
1.9673128538805322
1.9673128538805322
1.9673128538805322
1.942073912945947
1.942073912945947
1.942073912945947
1.9385963911274828
1.9356057243159803
1.9356057243159803
1.9298458985370317
1.9298458985370317
1.9298458985370317
1.9296765792562276
1.9296765792562276
1.913084871677814
1.913084871677814
1.913084871677814
1.908167659419238
1.908167659419238
1.8770897353589469
1.8750871350287994
1.8750871350287994
1.8750871350287994
1.8750871350287994
1.8750871350287994
1.8750871350287994
1.8750871350287994
1.8588921650232848
1.8540378020375812
1.8540378020375812
1.8491254888043613
1.8473286886388038
1.8473286886388038
1.843896508937867
1.843896508937867
1.8403650903563502
1.82741966411999
1.82741966411999
1.821798861276985
1.821798861276985
1.821798861276985
1.8125006409910753
1.8116345746078402
1.8116345746078402
1.8116345746078402
1.8116345746078402
1.8116345746078402
1.8116345746078402
1.8116345746078402
1.808191859184472
1.808191859184472
1.808191859184472
1.8028603071432876
1.8028603071432876
1.79691812537558
1.79691812537558
1.7937693535538877
1.7937693535538877
1.7937693535538877
1.7822780828475082
1.764875102270846
1.7304474297322479
1.7304474297322479
1.7298045018743373
1.7298045018743373
1.7295678371828238
1.7187182571254809
1.7165323750355874
1.7165323750355874
1.7165323750355874
1.712413003938785
1.710366338403528
1.6989021158596564
1.622806384395556
1.6197861273863765
1.6197861273863765
1.6197861273863765
1.6197861273863765
1.6197861273863765
1.6177452107497778
1.6044918350975905
1.6040212674599665
1.6040212674599665
1.6018057549715152
1.564255080763374
1.5608404798351927
1.5608404798351927
1.5557650984835938
1.5557650984835938
1.5544719183726023
1.5533690446431017
1.4899607778411657
1.4676489700889306
1.4674586136209804
1.4674586136209804
1.4674586136209804
1.4546832390985571
1.4546832390985571
1.4281239556523602
1.4281239556523602
1.4198362301444654
1.4195402355484212
1.3796732292909013
1.3780732406594751
1.374651982022982
1.3187453237456026
1.3168485896961144
1.3168485896961144
1.305372527565666
1.2905373647748846
1.2895511440069036
1.2848328600161025
1.2761379466423648
1.2046103281099398
1.2016654428067284
1.1870666827444758
1.1870666827444758
1.1870666827444758
1.1870666827444758
1.1870666827444758
1.1870666827444758
1.1781203884146265
1.1779010894909057
1.1339628666077637
0.9484315585073801
0.9484315585073801
0.9479610333398973
0.9479610333398973
0.9463967777128026
0.9463967777128026
0.9463967777128026
0.9463967777128026
0.9463967777128026
0.9463967777128026
0.9429044249278178
0.9429044249278178
0.89314547054542
0.89314547054542
0.89314547054542
0.8908082649394942
0.8689173048454784
0.8486296272259999
0.8234950375217167
0.8164876524545761
0.7924016405945338
0.7924016405945338
0.7924016405945338
0.7361367884469132
0.7271378126510939
0.7271378126510939
0.7222158734052435
0.7222158734052435
0.6653521669428599
0.6653521669428599
0.6631166047339434
0.6330019603519155
0.6239382751542237
0.6239382751542237
0.6157816383718462
0.6076974602699039
0.5990755457795451
0.5990755457795451
0.592096597946
0.592096597946
0.592096597946
0.592096597946
0.590335496164375
0.5754173078680189
0.5268445043741785
0.522609258525712
0.522609258525712
0.522609258525712
0.5192452408634409
0.48845852564550185
0.4858912285064214
0.4858912285064214
0.4753030490303729
0.4753030490303729
0.4753030490303729
0.46694162306750897
0.46694162306750897
0.4584723656264451
0.4576106511001399
0.4576106511001399
0.4511854539767768
0.4378169394608058
0.4378169394608058
0.4378169394608058
0.4378169394608058
0.4378169394608058
0.43776711851263883
0.43583350700171763
0.43583350700171763
0.43583350700171763
0.43583350700171763
0.42101093939514556
0.42101093939514556
0.42101093939514556
0.3920482550242923
0.35417019252818704
0.35262364070065644
0.35262364070065644
0.3459747255507999
0.3459747255507999
0.34582956587364677
0.34582956587364677
0.3457244715154637
0.3457244715154637
0.3457244715154637
0.3457244715154637
0.3326164706481656
0.32527767925272855
0.32527767925272855
0.2976001157726458
0.2903406291034294
0.2900017403585089
0.2900017403585089
0.28947593855427556
0.28947593855427556
0.2888327420306318
0.28710133780409564
0.28607570986028463
0.28607570986028463
0.28607570986028463
0.28607570986028463
0.28607570986028463
0.26794481387501534
0.26617191181847843
0.2656085008754374
0.2656085008754374
0.26042293309155085
0.2600763505014889
0.2600763505014889
0.21932133398566123
0.21383670730797633
0.21383670730797633
0.21383670730797633
0.21383670730797633
0.21383670730797633
0.21383670730797633
0.19070440504253483
0.19070440504253483
0.19070440504253483
0.19070440504253483
0.19070440504253483
0.17878306159538582
0.17627277390589668
0.17627277390589668
0.17627277390589668
0.17058254256281202
0.17058254256281202
0.17058254256281202
0.17058254256281202
0.16854206712123698
0.16854206712123698
0.16854206712123698
0.1616332698579548
0.16078765110045268
0.15126901084715527
0.15126901084715527
0.15126901084715527
0.15126901084715527
0.14892866685622508
0.14892866685622508
0.14870953462759573
0.14870953462759573
0.14611286562318782
0.14529301061228495
0.14006609327616815
0.13987654166623997
0.13422750387877969
0.13422750387877969
0.1326640643523369
0.13123408608796439
0.13123408608796439
0.1284708880746983
0.11615419764156698
0.1113448506260255
0.1113448506260255
0.1113448506260255
0.11069557479581249
0.10956155350220698
0.10554902031791258
0.10109007774004297
0.09607576744745927
0.08518283632081136
0.0799082479603932
0.0799082479603932
0.0799082479603932
0.0794559573071858
0.0794559573071858
0.0794559573071858
0.0794559573071858
0.0794559573071858
0.0794559573071858
0.07825496447047087
0.07825496447047087
0.07825496447047087
0.07825496447047087
0.07825496447047087
0.07825496447047087
0.07667667864864569
0.07667667864864569
0.07151940262741618
0.07151940262741618
0.07066163841185258
0.07066163841185258
0.07056883741929454
0.06754918515750319
0.05213990108046218
0.05213990108046218
0.05098177705810514
0.05098177705810514
0.05098177705810514
0.04992063024342741
0.04992063024342741
0.04992063024342741
0.04992063024342741
0.04992063024342741
0.04822266834002775
0.04822266834002775
0.048207924762575516
0.048207924762575516
0.048207924762575516
0.046958675323832466
0.04666328556157495
0.04666328556157495
0.04471783991638034
0.044490785408722644
0.04406503250883631
0.04213481940663044
0.04212438725211598
0.04212438725211598
0.04118387755340436
0.040507464815490835
0.0402133174903021
0.0402133174903021
0.03678514231255292
0.03678514231255292
0.03653419419256565
0.03399600441214545
0.02928836351010844
0.029191152575126722
0.029191152575126722
0.028267573622336784
0.028267573622336784
0.028267573622336784
0.02822576259099563
0.02822576259099563
0.02822576259099563
0.027723265624562288
0.027723265624562288
0.027723265624562288
0.027723265624562288
0.027251526373454737
0.027251526373454737
0.027251526373454737
0.027251526373454737
0.027251526373454737
0.027251526373454737
0.027251526373454737
0.026190558528767838
0.026190558528767838
0.026190558528767838
0.026190558528767838
0.025809608971844256
0.025791851319667103
0.025791851319667103
0.025791851319667103
