0.003181934356689453
0.0031228065490722656
0.003015279769897461
0.003212451934814453
0.0030753612518310547
0.0031061172485351562
0.003106355667114258
0.002897500991821289
0.0029573440551757812
0.0029840469360351562
0.002984285354614258
0.0030460357666015625
0.0029745101928710938
0.003127574920654297
0.002992391586303711
0.002952098846435547
0.0029304027557373047
0.0030341148376464844
0.002915620803833008
0.002986431121826172
0.0029337406158447266
0.0029900074005126953
0.0029022693634033203
0.0028574466705322266
0.0028421878814697266
0.002880096435546875
0.0030395984649658203
0.0029299259185791016
0.002912759780883789
0.0030488967895507812
0.0030143260955810547
0.0029001235961914062
0.002916097640991211
0.003116130828857422
0.0030875205993652344
0.003362417221069336
0.0031523704528808594
0.003027200698852539
0.0032165050506591797
0.003170013427734375
0.0030145645141601562
0.0029332637786865234
0.0029850006103515625
0.0029363632202148438
0.003081798553466797
0.0029659271240234375
0.002997875213623047
0.002858400344848633
0.0029211044311523438
0.002895832061767578
0.0029888153076171875
0.0029168128967285156
0.002930879592895508
0.003106832504272461
0.0029900074005126953
0.0029833316802978516
0.0029058456420898438
0.0029022693634033203
0.002956867218017578
0.003138303756713867
0.0030269622802734375
0.0030434131622314453
0.0029408931732177734
0.003381967544555664
0.0031816959381103516
0.0029859542846679688
0.00295257568359375
0.0030112266540527344
0.0028493404388427734
0.0028891563415527344
0.0031571388244628906
0.003282308578491211
0.002851724624633789
0.0028367042541503906
0.002838611602783203
0.0030193328857421875
0.002929210662841797
0.002827167510986328
0.0029478073120117188
0.0030014514923095703
0.002877473831176758
0.002844572067260742
0.002975940704345703
0.002898693084716797
0.0029349327087402344
0.0028314590454101562
0.0029532909393310547
0.002933502197265625
0.002949237823486328
0.0028340816497802734
0.0028543472290039062
0.0028371810913085938
0.003053426742553711
0.0028252601623535156
0.0030460357666015625
0.002943754196166992
0.0029985904693603516
0.002832651138305664
0.0028858184814453125
0.0028922557830810547
0.002943754196166992
0.002888202667236328
0.0028874874114990234
0.0029320716857910156
0.00286102294921875
0.0029540061950683594
0.0028526782989501953
0.0028662681579589844
0.0028600692749023438
0.002959728240966797
0.0029036998748779297
0.0030236244201660156
0.0029478073120117188
0.0029954910278320312
0.0029549598693847656
0.0028390884399414062
0.0028591156005859375
0.002918243408203125
0.0028836727142333984
0.0028498172760009766
0.0029799938201904297
0.0029032230377197266
0.0028982162475585938
0.002849578857421875
0.002946615219116211
0.0029251575469970703
0.003088712692260742
0.0030090808868408203
0.002834320068359375
0.002824544906616211
0.0029447078704833984
0.002915620803833008
0.002961397171020508
0.0029234886169433594
0.0030336380004882812
0.0029234886169433594
0.0029532909393310547
0.0029549598693847656
0.003015756607055664
0.0029206275939941406
0.002899646759033203
0.002941131591796875
0.0030128955841064453
0.003036022186279297
0.003030538558959961
0.002979755401611328
0.0030150413513183594
0.0029985904693603516
0.002929210662841797
0.002978801727294922
0.0030736923217773438
0.0031671524047851562
0.0031044483184814453
0.003047466278076172
0.003047466278076172
0.003084421157836914
0.0030303001403808594
0.0030601024627685547
0.003067493438720703
0.003041505813598633
0.0030667781829833984
0.003044605255126953
0.0030405521392822266
0.003139019012451172
0.003066539764404297
0.0029878616333007812
0.0031616687774658203
0.0031681060791015625
0.003149271011352539
0.003061532974243164
0.003075122833251953
0.0030040740966796875
0.0030007362365722656
0.0030553340911865234
0.0030198097229003906
0.0029668807983398438
0.0029380321502685547
0.0029249191284179688
0.0030241012573242188
0.003164529800415039
0.003001689910888672
0.003073453903198242
0.0029478073120117188
0.002982616424560547
0.0030508041381835938
0.002980470657348633
0.002943754196166992
0.003056764602661133
0.0030624866485595703
0.0029761791229248047
0.0030679702758789062
0.0029954910278320312
0.003126382827758789
0.002962827682495117
0.003007173538208008
0.0031087398529052734
0.0029408931732177734
0.003072977066040039
0.0030562877655029297
0.0031893253326416016
0.002994060516357422
0.0029637813568115234
0.0030548572540283203
0.003113269805908203
0.0030472278594970703
0.0029349327087402344
0.0029573440551757812
0.003148794174194336
0.0029969215393066406
0.002959012985229492
0.003011941909790039
0.0030112266540527344
0.003045320510864258
0.002977609634399414
0.0028629302978515625
0.0029735565185546875
0.0030517578125
0.0030465126037597656
0.002964019775390625
0.0029802322387695312
0.003065347671508789
0.0030264854431152344
0.003000020980834961
0.0028998851776123047
0.0030558109283447266
0.0029413700103759766
0.002840280532836914
0.0029366016387939453
0.0029408931732177734
0.002878904342651367
0.0031375885009765625
0.002907276153564453
0.0031206607818603516
0.002961874008178711
0.0029478073120117188
0.002859354019165039
0.003118276596069336
0.002924680709838867
0.0031075477600097656
0.0030922889709472656
0.003164529800415039
0.002987384796142578
0.0029523372650146484
0.003015756607055664
0.0031011104583740234
0.0030417442321777344
0.002944469451904297
0.0030128955841064453
0.0029990673065185547
0.003172636032104492
0.0031185150146484375
0.0029761791229248047
0.002933502197265625
0.0029976367950439453
0.0029680728912353516
0.002992391586303711
0.003173351287841797
0.003120899200439453
0.0030336380004882812
0.002959012985229492
0.0030438899993896484
0.0029723644256591797
0.0029985904693603516
0.00295257568359375
0.0029752254486083984
0.0029289722442626953
0.002835512161254883
0.002858400344848633
0.0028390884399414062
0.003056049346923828
0.0028450489044189453
0.002944469451904297
0.003094196319580078
0.0029969215393066406
0.0029616355895996094
0.003013134002685547
0.002979755401611328
0.003086566925048828
0.0029113292694091797
0.0030252933502197266
0.002908468246459961
0.0030794143676757812
0.0031642913818359375
0.003002643585205078
0.002905607223510742
0.003053426742553711
0.0031347274780273438
0.0031235218048095703
0.0030770301818847656
0.0031156539916992188
0.0030012130737304688
0.00299072265625
0.0029985904693603516
0.0029144287109375
0.002955198287963867
0.0030078887939453125
0.0029249191284179688
0.0030405521392822266
0.0028841495513916016
0.0029196739196777344
0.002859830856323242
0.0029144287109375
0.002866029739379883
0.002861499786376953
0.002859354019165039
0.0028200149536132812
0.0028488636016845703
0.002841949462890625
0.0029649734497070312
0.0029981136322021484
0.0028350353240966797
0.0029039382934570312
0.0028276443481445312
0.0028443336486816406
0.002932310104370117
0.0029087066650390625
0.0029344558715820312
0.0028879642486572266
0.0029740333557128906
0.0031211376190185547
0.002991199493408203
0.0028619766235351562
0.002910614013671875
0.0029163360595703125
0.003278493881225586
0.003103494644165039
0.0028417110443115234
0.0029036998748779297
0.0030906200408935547
0.0031197071075439453
0.003063201904296875
0.0029451847076416016
0.0029654502868652344
0.0029532909393310547
0.0029616355895996094
0.003038644790649414
0.0029265880584716797
0.0029942989349365234
0.002920866012573242
0.002979755401611328
0.0029494762420654297
0.002852916717529297
0.0030961036682128906
0.002886533737182617
0.0029518604278564453
0.0029447078704833984
0.0031843185424804688
0.002953052520751953
0.0030183792114257812
0.002911090850830078
0.003029346466064453
0.002870798110961914
0.0029392242431640625
0.003000974655151367
0.002936840057373047
0.003055572509765625
0.002895832061767578
0.0029325485229492188
0.0028421878814697266
0.0029163360595703125
0.0031938552856445312
0.003958702087402344
0.0031507015228271484
0.00299072265625
0.003052949905395508
0.003015756607055664
0.0029573440551757812
0.0031347274780273438
0.003030538558959961
0.0031375885009765625
0.002891063690185547
0.0028264522552490234
0.0029289722442626953
0.0030205249786376953
0.0029549598693847656
0.0029611587524414062
0.0028688907623291016
0.002988100051879883
0.0030689239501953125
0.0029337406158447266
0.0029594898223876953
0.0030257701873779297
0.0028409957885742188
0.0028264522552490234
0.0028328895568847656
0.0030984878540039062
0.002955198287963867
0.0029230117797851562
0.002986907958984375
0.002994060516357422
0.002998828887939453
0.0028824806213378906
0.002936124801635742
0.0030651092529296875
0.0029637813568115234
0.0030736923217773438
0.0029494762420654297
0.0029201507568359375
0.002910614013671875
0.002936124801635742
0.002966642379760742
0.0028884410858154297
0.0030260086059570312
0.002965688705444336
0.0029213428497314453
0.002989053726196289
0.0029757022857666016
0.002985715866088867
0.0030968189239501953
0.002981901168823242
0.0029745101928710938
0.0029959678649902344
0.002985239028930664
0.0029735565185546875
0.002923727035522461
0.002908945083618164
0.0029363632202148438
0.002899169921875
0.0029892921447753906
0.0030477046966552734
0.003009319305419922
0.0029561519622802734
0.003105640411376953
0.0029544830322265625
0.0029821395874023438
0.0029506683349609375
0.0029006004333496094
0.0030388832092285156
0.0029926300048828125
0.002933979034423828
0.002938508987426758
0.0029458999633789062
0.0029573440551757812
0.002965688705444336
0.0029439926147460938
0.0031294822692871094
0.0029180049896240234
0.0028984546661376953
0.0028781890869140625
0.0030851364135742188
0.0029306411743164062
0.0029876232147216797
0.0029010772705078125
0.003024578094482422
0.002898693084716797
0.0031270980834960938
0.002920389175415039
0.0030012130737304688
0.0030090808868408203
0.0030438899993896484
0.003014087677001953
0.0030269622802734375
0.003008127212524414
0.0030145645141601562
0.003029346466064453
0.003072023391723633
0.0030367374420166016
0.0029442310333251953
0.0029671192169189453
0.0029256343841552734
0.003070831298828125
0.0029447078704833984
0.0029380321502685547
0.0029358863830566406
0.0029358863830566406
0.0029244422912597656
0.0029306411743164062
0.0030362606048583984
0.003003835678100586
0.002960681915283203
0.002972841262817383
0.0030422210693359375
0.002976655960083008
0.003006458282470703
0.003060579299926758
0.0029311180114746094
0.0030791759490966797
0.0029168128967285156
0.003017902374267578
0.0031363964080810547
0.0029206275939941406
0.002993345260620117
0.002930879592895508
0.0030803680419921875
0.0031981468200683594
0.0030760765075683594
0.0030775070190429688
0.0029730796813964844
0.0031659603118896484
0.002833843231201172
0.0031223297119140625
0.0029172897338867188
0.0031194686889648438
0.0030829906463623047
0.002933025360107422
0.002914905548095703
0.002896547317504883
0.0030517578125
0.003061056137084961
0.0029387474060058594
0.0029740333557128906
0.0030393600463867188
0.0029997825622558594
0.003003835678100586
0.002915620803833008
0.0031273365020751953
0.003046274185180664
0.0031037330627441406
0.003107309341430664
0.002987384796142578
0.003061532974243164
0.0029931068420410156
0.002994060516357422
0.0029914379119873047
0.0030183792114257812
0.0030922889709472656
0.00301361083984375
0.0032503604888916016
0.002962827682495117
0.0031843185424804688
0.0030345916748046875
0.003174304962158203
0.0030891895294189453
0.003041505813598633
0.003132343292236328
0.003137826919555664
0.002910137176513672
0.00298309326171875
0.003029346466064453
0.0030913352966308594
0.002951383590698242
0.0029113292694091797
0.003025531768798828
0.002977132797241211
0.0029802322387695312
0.003011941909790039
0.003142833709716797
0.002982616424560547
0.0030274391174316406
0.0030159950256347656
0.0032019615173339844
0.003154277801513672
0.002992391586303711
0.0030341148376464844
0.0030145645141601562
0.0031614303588867188
0.0030002593994140625
0.0031881332397460938
0.0030107498168945312
0.003123760223388672
0.00299072265625
0.0030357837677001953
0.003053903579711914
0.0030527114868164062
0.003147602081298828
0.002960681915283203
0.003159761428833008
0.003040790557861328
0.0030231475830078125
0.0029349327087402344
0.002957582473754883
0.0030121803283691406
0.0031137466430664062
0.0031790733337402344
0.003002166748046875
0.002954721450805664
0.0029001235961914062
0.003050565719604492
0.0031042098999023438
0.0031037330627441406
0.002985715866088867
0.0030088424682617188
0.0031614303588867188
0.0030994415283203125
0.0030875205993652344
0.0029625892639160156
0.002928018569946289
0.002888917922973633
0.002947568893432617
0.0030889511108398438
0.0030663013458251953
0.003156900405883789
0.0029647350311279297
0.002881288528442383
0.0029935836791992188
0.0029611587524414062
0.0031392574310302734
0.003002643585205078
0.003141164779663086
0.003042936325073242
0.0031354427337646484
0.0029697418212890625
0.0030133724212646484
0.0029401779174804688
0.003146648406982422
0.00299072265625
0.0030975341796875
0.002916574478149414
0.003210783004760742
0.003035306930541992
0.0030062198638916016
0.0029044151306152344
0.0030808448791503906
0.002994060516357422
0.002998828887939453
0.0028142929077148438
0.003075838088989258
0.002938508987426758
0.002896547317504883
0.0028526782989501953
0.0030486583709716797
0.0029413700103759766
0.0029840469360351562
0.0029370784759521484
0.0031065940856933594
0.002962350845336914
0.0029571056365966797
0.002869844436645508
0.0029175281524658203
0.003018617630004883
0.0028829574584960938
0.0031201839447021484
0.002977609634399414
0.0030317306518554688
0.0029320716857910156
0.0028777122497558594
0.002813100814819336
0.0030541419982910156
0.0029439926147460938
0.0028772354125976562
0.0028564929962158203
0.0029256343841552734
0.0029468536376953125
0.0028533935546875
0.0028047561645507812
0.0029370784759521484
0.0029342174530029297
0.0032396316528320312
0.003026723861694336
0.0030210018157958984
0.0029904842376708984
0.0029799938201904297
0.003014087677001953
0.003115415573120117
0.004359006881713867
0.0032863616943359375
0.0036001205444335938
0.003313779830932617
0.003226041793823242
0.003316164016723633
0.003255605697631836
0.0033767223358154297
0.0031690597534179688
0.0030062198638916016
0.0030183792114257812
0.0030410289764404297
0.00296783447265625
0.002900362014770508
0.002955913543701172
0.00312042236328125
0.002969980239868164
0.0030210018157958984
0.0029768943786621094
0.002962350845336914
0.0029859542846679688
0.002908945083618164
0.0029058456420898438
0.0030324459075927734
0.0030558109283447266
0.0030601024627685547
0.0029082298278808594
0.0029964447021484375
0.0029993057250976562
0.0029811859130859375
0.0030260086059570312
0.003010988235473633
0.0029544830322265625
0.0030689239501953125
0.0029790401458740234
0.002972126007080078
0.002985715866088867
0.0031325817108154297
0.0033457279205322266
0.0033769607543945312
0.003335237503051758
0.003255128860473633
0.0033254623413085938
0.0033211708068847656
0.0031290054321289062
0.0030472278594970703
0.003076791763305664
0.0032835006713867188
0.0031833648681640625
0.003016948699951172
0.003149747848510742
0.003145933151245117
0.003162860870361328
0.00301361083984375
0.0031921863555908203
0.0032536983489990234
0.0029566287994384766
0.003004789352416992
0.002851724624633789
0.002943754196166992
0.0028176307678222656
0.0029032230377197266
0.0029287338256835938
0.0030312538146972656
0.0028257369995117188
0.0029315948486328125
0.002977609634399414
0.0030388832092285156
0.0029726028442382812
0.002941608428955078
0.0030443668365478516
0.0030891895294189453
0.0029883384704589844
0.002924680709838867
0.0029115676879882812
0.0028858184814453125
0.0029249191284179688
0.002986907958984375
0.0029153823852539062
0.0029196739196777344
0.003100156784057617
0.002916574478149414
0.0030095577239990234
0.0028464794158935547
0.002962350845336914
0.002860546112060547
0.0028333663940429688
0.0028362274169921875
0.0029675960540771484
0.0028531551361083984
0.003135204315185547
0.002956390380859375
0.0029449462890625
0.002899646759033203
0.00293731689453125
0.0030150413513183594
0.0030260086059570312
0.0032231807708740234
0.003233194351196289
0.002930879592895508
0.0031545162200927734
0.0029921531677246094
0.003008127212524414
0.002971172332763672
0.003009319305419922
0.003148794174194336
0.002955913543701172
0.0028944015502929688
0.0029172897338867188
0.0029494762420654297
0.002910137176513672
0.002924680709838867
0.0029468536376953125
0.0030405521392822266
0.003000974655151367
0.002984762191772461
0.0030820369720458984
0.0032052993774414062
0.0031566619873046875
0.0033028125762939453
0.0033571720123291016
0.0035326480865478516
0.003595113754272461
0.00339508056640625
0.0034875869750976562
0.003496885299682617
0.0034470558166503906
0.003275156021118164
0.003305673599243164
0.003047943115234375
0.0031702518463134766
0.0032138824462890625
0.0032765865325927734
0.0032219886779785156
0.0029375553131103516
0.003021240234375
0.0030472278594970703
0.003081798553466797
0.0030062198638916016
0.002955913543701172
0.0030510425567626953
0.003007173538208008
0.0029020309448242188
0.0030367374420166016
0.00336456298828125
0.0031287670135498047
0.0032341480255126953
0.0030851364135742188
0.0032646656036376953
0.0030744075775146484
0.003077268600463867
0.0031523704528808594
0.003124713897705078
0.003113269805908203
0.0032198429107666016
0.003121614456176758
0.0032808780670166016
0.0031380653381347656
0.0031003952026367188
0.003042459487915039
0.0031104087829589844
0.002912282943725586
0.002996683120727539
0.0029799938201904297
0.0030884742736816406
0.002960681915283203
0.002913236618041992
0.003213644027709961
0.0031685829162597656
0.0030167102813720703
0.0029349327087402344
0.0030221939086914062
0.0030183792114257812
0.002893686294555664
0.002992868423461914
0.0029053688049316406
0.002983570098876953
0.003006458282470703
0.002922534942626953
0.00299072265625
0.0030395984649658203
0.002925872802734375
0.002895832061767578
0.003052234649658203
0.0030465126037597656
0.002964496612548828
0.00302886962890625
0.003114938735961914
0.0030303001403808594
0.0030040740966796875
0.002946615219116211
0.0029325485229492188
0.0030303001403808594
0.0030698776245117188
0.002969503402709961
0.0029129981994628906
0.002957582473754883
0.0030558109283447266
0.0028831958770751953
0.003015756607055664
0.003025531768798828
0.0030972957611083984
0.0030303001403808594
0.002986431121826172
0.0029261112213134766
0.0030333995819091797
0.0030164718627929688
0.0029871463775634766
0.002818584442138672
0.0030112266540527344
0.003021240234375
0.0029609203338623047
0.002913236618041992
0.002998828887939453
0.0029752254486083984
0.003161907196044922
0.0029764175415039062
0.0032138824462890625
0.00299835205078125
0.002996683120727539
0.0030736923217773438
0.003039836883544922
0.0031936168670654297
0.0029337406158447266
0.00321197509765625
0.0030493736267089844
0.0030515193939208984
0.003083944320678711
0.003050565719604492
0.00323486328125
0.003000020980834961
0.003138303756713867
0.003008604049682617
0.003088235855102539
0.00301361083984375
0.0030202865600585938
0.003046274185180664
0.0031294822692871094
0.003170490264892578
0.003076791763305664
0.003016948699951172
0.003187894821166992
0.0029664039611816406
0.003162384033203125
0.002995729446411133
0.0030357837677001953
0.003131866455078125
0.0030584335327148438
0.0031404495239257812
0.0030443668365478516
0.002969026565551758
0.002943277359008789
0.0030477046966552734
0.0030045509338378906
0.0031709671020507812
0.002995729446411133
0.0030994415283203125
0.0031218528747558594
0.0031697750091552734
0.003002643585205078
0.003099203109741211
0.0030889511108398438
0.0031480789184570312
0.0032525062561035156
0.0030281543731689453
0.003081083297729492
0.003101825714111328
0.0030820369720458984
0.003034830093383789
0.003094911575317383
0.0032219886779785156
0.002981901168823242
0.0030858516693115234
0.003126859664916992
0.0031719207763671875
0.003104686737060547
0.0031332969665527344
0.0031147003173828125
0.0032134056091308594
0.0031054019927978516
0.003087759017944336
0.003034353256225586
0.003123760223388672
0.0031316280364990234
0.0031354427337646484
0.003084897994995117
0.0029604434967041016
0.0029501914978027344
0.0030913352966308594
0.003206491470336914
0.0030608177185058594
0.002927064895629883
0.0031194686889648438
0.003028392791748047
0.0030829906463623047
0.003037691116333008
0.0030677318572998047
0.0030765533447265625
0.0029926300048828125
0.002904653549194336
0.003094196319580078
0.0029916763305664062
0.0031669139862060547
0.003168344497680664
0.0031037330627441406
0.003167867660522461
0.0032224655151367188
0.003270864486694336
0.0031821727752685547
0.003465414047241211
0.0032227039337158203
0.00315093994140625
0.0031304359436035156
0.003259897232055664
0.0030510425567626953
0.0030863285064697266
0.003196239471435547
0.0031807422637939453
0.0031528472900390625
0.003081798553466797
0.0030319690704345703
0.0031490325927734375
0.0029745101928710938
0.003248453140258789
0.0031692981719970703
0.003131866455078125
0.0030295848846435547
0.0030608177185058594
0.003017425537109375
0.002985715866088867
0.002974271774291992
0.0029184818267822266
0.0030090808868408203
0.0030612945556640625
0.0028641223907470703
0.0030753612518310547
0.0030231475830078125
0.0029616355895996094
0.0028073787689208984
0.002973318099975586
0.003000974655151367
0.0030291080474853516
0.0029366016387939453
0.002954721450805664
0.003065347671508789
0.0032274723052978516
0.0029573440551757812
0.002959012985229492
0.002897024154663086
0.003008127212524414
0.003111124038696289
0.003116130828857422
0.0028715133666992188
0.0029447078704833984
0.0030889511108398438
0.003087759017944336
