0.0026917457580566406
0.0027153491973876953
0.002610445022583008
0.0026764869689941406
0.002667665481567383
0.002994060516357422
0.0027518272399902344
0.0027539730072021484
0.0029146671295166016
0.0030639171600341797
0.002835512161254883
0.002834796905517578
0.0029325485229492188
0.0030965805053710938
0.0028460025787353516
0.0028328895568847656
0.002847909927368164
0.00281524658203125
0.002620697021484375
0.002744436264038086
0.002737283706665039
0.002607107162475586
0.0026471614837646484
0.002731800079345703
0.002623319625854492
0.0025780200958251953
0.0026404857635498047
0.002679586410522461
0.002591848373413086
0.0025708675384521484
0.002598285675048828
0.0025742053985595703
0.0027048587799072266
0.0026144981384277344
0.0025413036346435547
0.0025506019592285156
0.0026063919067382812
0.002520322799682617
0.0026650428771972656
0.002629995346069336
0.002541780471801758
0.0026488304138183594
0.002649068832397461
0.0025136470794677734
0.0025663375854492188
0.0026617050170898438
0.0026111602783203125
0.0026311874389648438
0.002609729766845703
0.0025360584259033203
0.0025572776794433594
0.0026476383209228516
0.0025207996368408203
0.0025708675384521484
0.00270843505859375
0.0026073455810546875
0.0027456283569335938
0.002705097198486328
0.0026252269744873047
0.002642393112182617
0.002720355987548828
0.002604961395263672
0.002599477767944336
0.0026159286499023438
0.0026226043701171875
0.0026237964630126953
0.0025925636291503906
0.0025534629821777344
0.0025196075439453125
0.002767801284790039
0.0026144981384277344
0.002509593963623047
0.0026297569274902344
0.0025937557220458984
0.0026466846466064453
0.0027484893798828125
0.002672910690307617
0.002577543258666992
0.0026466846466064453
0.002742290496826172
0.0025932788848876953
0.0025970935821533203
0.002725839614868164
0.0026521682739257812
0.0028350353240966797
0.002666473388671875
0.002653837203979492
0.0025861263275146484
0.002755880355834961
0.002855539321899414
0.0027353763580322266
0.002738475799560547
0.0027713775634765625
0.002804994583129883
0.0026793479919433594
0.0028374195098876953
0.0029168128967285156
0.002710103988647461
0.002688884735107422
0.002695322036743164
0.0026373863220214844
0.0026056766510009766
0.002664804458618164
0.0026290416717529297
0.0025718212127685547
0.002658367156982422
0.0027036666870117188
0.0025827884674072266
0.002605915069580078
0.002618551254272461
0.0026078224182128906
0.0027713775634765625
0.0026068687438964844
0.0026056766510009766
0.002554178237915039
0.002694845199584961
0.002630949020385742
0.002607107162475586
0.0026924610137939453
0.002645254135131836
0.002684354782104492
0.0026116371154785156
0.002590179443359375
0.0026214122772216797
0.002682209014892578
0.002658843994140625
0.002626657485961914
0.0026204586029052734
0.002637147903442383
0.002691030502319336
0.002579212188720703
0.002618074417114258
0.0025920867919921875
0.0027282238006591797
0.0026483535766601562
0.0026428699493408203
0.002634763717651367
0.0025911331176757812
0.002617359161376953
0.0026781558990478516
0.0026175975799560547
0.0026116371154785156
0.0026388168334960938
0.0026519298553466797
0.002556324005126953
0.002565145492553711
0.0025758743286132812
0.0026705265045166016
0.0026693344116210938
0.0027420520782470703
0.0026061534881591797
0.002577543258666992
0.0026090145111083984
0.0027060508728027344
0.0026030540466308594
0.0026187896728515625
0.002625703811645508
0.002636432647705078
0.002581357955932617
0.0025746822357177734
0.002586841583251953
0.002568483352661133
0.002657175064086914
0.002547025680541992
0.0025391578674316406
0.002601146697998047
0.0027022361755371094
0.002806425094604492
0.0027472972869873047
0.0026929378509521484
0.002727031707763672
0.0028743743896484375
0.002680540084838867
0.0025768280029296875
0.0026178359985351562
0.002621889114379883
0.002590656280517578
0.002555370330810547
0.0026624202728271484
0.0026955604553222656
0.0027081966400146484
0.002692699432373047
0.0026175975799560547
0.0026197433471679688
0.002714395523071289
0.00283050537109375
0.0026001930236816406
0.002694368362426758
0.0026803016662597656
0.002620697021484375
0.0028798580169677734
0.002972126007080078
0.0029366016387939453
0.0026247501373291016
0.0028214454650878906
0.0027844905853271484
0.0026428699493408203
0.0026459693908691406
0.0027015209197998047
0.0027120113372802734
0.0026204586029052734
0.0028595924377441406
0.0027527809143066406
0.0027015209197998047
0.002585172653198242
0.0026569366455078125
0.002556324005126953
0.002641916275024414
0.0027484893798828125
0.002634763717651367
0.0026345252990722656
0.0027103424072265625
0.0026760101318359375
0.0027158260345458984
0.002792835235595703
0.002825021743774414
0.002809286117553711
0.0027840137481689453
0.0027594566345214844
0.0028629302978515625
0.0027227401733398438
0.0028040409088134766
0.0027191638946533203
0.002621889114379883
0.002651691436767578
0.0028378963470458984
0.002735137939453125
0.002658367156982422
0.0026454925537109375
0.0027723312377929688
0.0027146339416503906
0.002677440643310547
0.002705812454223633
0.002606630325317383
0.002619504928588867
0.0027725696563720703
0.002950906753540039
0.0027632713317871094
0.0026237964630126953
0.0027167797088623047
0.002482891082763672
0.0025374889373779297
0.0025930404663085938
0.002462625503540039
0.0026607513427734375
0.002652406692504883
0.002549886703491211
0.0026459693908691406
0.002584695816040039
0.002554178237915039
0.0027141571044921875
0.002696514129638672
0.0025844573974609375
0.0026633739471435547
0.002583742141723633
0.0026204586029052734
0.002602100372314453
0.002627849578857422
0.0027396678924560547
0.0025069713592529297
0.0025937557220458984
0.0026047229766845703
0.0025818347930908203
0.0026569366455078125
0.0025894641876220703
0.0026280879974365234
0.0025696754455566406
0.0026144981384277344
0.00250244140625
0.0026845932006835938
0.0026712417602539062
0.002783536911010742
0.0037689208984375
0.002819538116455078
0.002890348434448242
0.0027959346771240234
0.002820730209350586
0.0029141902923583984
0.0029549598693847656
0.002860546112060547
0.002741575241088867
0.0027756690979003906
0.002735614776611328
0.0028722286224365234
0.00273895263671875
0.0028312206268310547
0.0028257369995117188
0.002788543701171875
0.0027587413787841797
0.0028533935546875
0.002899646759033203
0.0028324127197265625
0.0027549266815185547
0.0026879310607910156
0.0027718544006347656
0.0027017593383789062
0.002626657485961914
0.0026831626892089844
0.0029671192169189453
0.0028154850006103516
0.002738475799560547
0.0027081966400146484
0.002723217010498047
0.002883434295654297
0.0030770301818847656
0.0030930042266845703
0.002893686294555664
0.002697467803955078
0.002773761749267578
0.002689361572265625
0.0027353763580322266
0.0027468204498291016
0.002691507339477539
0.0027151107788085938
0.002703428268432617
0.0028634071350097656
0.002787351608276367
0.0027124881744384766
0.0026810169219970703
0.0026543140411376953
0.0027997493743896484
0.0027167797088623047
0.0027534961700439453
0.002733945846557617
0.0027124881744384766
0.002809762954711914
0.002670764923095703
0.0027883052825927734
0.002803802490234375
0.0027201175689697266
0.0026938915252685547
0.002721071243286133
0.002717733383178711
0.002685546875
0.0027611255645751953
0.0028624534606933594
0.0027501583099365234
0.0027103424072265625
0.0027818679809570312
0.002758026123046875
0.0026803016662597656
0.0026960372924804688
0.0026891231536865234
0.002846240997314453
0.0027489662170410156
0.0027909278869628906
0.002681732177734375
0.0026967525482177734
0.0026569366455078125
0.0027136802673339844
0.00269317626953125
0.002737760543823242
0.0028696060180664062
0.002645730972290039
0.0026874542236328125
0.002669095993041992
0.002855062484741211
0.002699613571166992
0.002665996551513672
0.002684354782104492
0.002696990966796875
0.0026962757110595703
0.002835512161254883
0.0027010440826416016
0.002677440643310547
0.002827167510986328
0.002769947052001953
0.002673625946044922
0.002759218215942383
0.0027751922607421875
0.0027031898498535156
0.0028541088104248047
0.002798795700073242
0.002730846405029297
0.0029401779174804688
0.002817392349243164
0.002733945846557617
0.002760648727416992
0.0030198097229003906
0.0028030872344970703
0.002753019332885742
0.0027587413787841797
0.002850055694580078
0.0028603076934814453
0.00273895263671875
0.0027871131896972656
0.002892732620239258
0.0028901100158691406
0.0030133724212646484
0.00281524658203125
0.0027697086334228516
0.002780914306640625
0.002701282501220703
0.002911806106567383
0.0028107166290283203
0.0028014183044433594
0.0027723312377929688
0.0028083324432373047
0.002782106399536133
0.0027909278869628906
0.0027365684509277344
0.0029287338256835938
0.0027532577514648438
0.0027246475219726562
0.002878904342651367
0.002771615982055664
0.0027618408203125
0.0026268959045410156
0.002720355987548828
0.0027587413787841797
0.0026874542236328125
0.0027399063110351562
0.002762317657470703
0.0029113292694091797
0.0028052330017089844
0.0027976036071777344
0.002728700637817383
0.002701997756958008
0.003058195114135742
0.0028972625732421875
0.003002643585205078
0.002852201461791992
0.002929210662841797
0.0029218196868896484
0.0028772354125976562
0.002749204635620117
0.0031843185424804688
0.002893686294555664
0.0028693675994873047
0.002942800521850586
0.0030159950256347656
0.003047943115234375
0.0031032562255859375
0.0030286312103271484
0.0027701854705810547
0.0028138160705566406
0.0027980804443359375
0.002703428268432617
0.0028667449951171875
0.002800464630126953
0.002818584442138672
0.0025625228881835938
0.002775430679321289
0.0026967525482177734
0.002653360366821289
0.0026314258575439453
0.0027132034301757812
0.002671957015991211
0.0026819705963134766
0.002675771713256836
0.0028104782104492188
0.0026345252990722656
0.0028600692749023438
0.002727985382080078
0.0027430057525634766
0.0027854442596435547
0.0028438568115234375
0.0028405189514160156
0.002672433853149414
0.0027272701263427734
0.0027327537536621094
0.002773761749267578
0.0027341842651367188
0.0027697086334228516
0.0027680397033691406
0.0027740001678466797
0.002844095230102539
0.002777099609375
0.0026102066040039062
0.0026023387908935547
0.0028519630432128906
0.002797842025756836
0.002741098403930664
0.0026645660400390625
0.002931356430053711
0.0026514530181884766
0.0026276111602783203
0.002657175064086914
0.0029125213623046875
0.0028505325317382812
0.0027899742126464844
0.0028557777404785156
0.002620697021484375
0.002732515335083008
0.0027298927307128906
0.0026695728302001953
0.0026733875274658203
0.0026879310607910156
0.00274658203125
0.002557039260864258
0.0026099681854248047
0.0026810169219970703
0.002576589584350586
0.002765655517578125
0.0026772022247314453
0.0026111602783203125
0.002702951431274414
0.0026993751525878906
0.002578258514404297
0.002695322036743164
0.0027146339416503906
0.002743959426879883
0.0026237964630126953
0.002694368362426758
0.00263214111328125
0.002566814422607422
0.002810955047607422
0.0027799606323242188
0.002708911895751953
0.0027828216552734375
0.0028581619262695312
0.0027456283569335938
0.0025789737701416016
0.002777576446533203
0.0029039382934570312
0.002836465835571289
0.00273895263671875
0.0027539730072021484
0.002666950225830078
0.002593994140625
0.002785921096801758
0.0026788711547851562
0.002552509307861328
0.002725362777709961
0.0026683807373046875
0.0025713443756103516
0.0027189254760742188
0.0026645660400390625
0.002667665481567383
0.002669811248779297
0.00264739990234375
0.0026204586029052734
0.002471923828125
0.0025925636291503906
0.002564668655395508
0.0024766921997070312
0.0025544166564941406
0.002597332000732422
0.0026159286499023438
0.0025446414947509766
0.0025072097778320312
0.0024929046630859375
0.002504110336303711
0.0025818347930908203
0.002552509307861328
0.0025310516357421875
0.0025703907012939453
0.002576112747192383
0.0026035308837890625
0.0024836063385009766
0.0025615692138671875
0.002540111541748047
0.0025751590728759766
0.0025064945220947266
0.002645730972290039
0.002553701400756836
0.0024886131286621094
0.0025353431701660156
0.0025119781494140625
0.002550840377807617
0.0025289058685302734
0.0024728775024414062
0.002605915069580078
0.002566099166870117
0.002504110336303711
0.002478361129760742
0.002521991729736328
0.0026977062225341797
0.0024993419647216797
0.002560853958129883
0.002512693405151367
0.002579927444458008
0.002606630325317383
0.0024559497833251953
0.002627849578857422
0.0025572776794433594
0.0025327205657958984
0.0025682449340820312
0.0025713443756103516
0.0026094913482666016
0.0026793479919433594
0.002628803253173828
0.002665996551513672
0.0025854110717773438
0.002646923065185547
0.0026056766510009766
0.0026483535766601562
0.0026082992553710938
0.0025403499603271484
0.0026624202728271484
0.0025603771209716797
0.0027391910552978516
0.002652883529663086
0.0027151107788085938
0.0025548934936523438
0.0026471614837646484
0.0027070045471191406
0.0025968551635742188
0.0026006698608398438
0.0026242733001708984
0.002684354782104492
0.0025975704193115234
0.0026159286499023438
0.0025658607482910156
0.0025920867919921875
0.0027341842651367188
0.002648591995239258
0.002549886703491211
0.0026199817657470703
0.002566099166870117
0.002657651901245117
0.0026695728302001953
0.002605438232421875
0.0025682449340820312
0.002655506134033203
0.002565622329711914
0.0026369094848632812
0.002624034881591797
0.0026009082794189453
0.002627134323120117
0.0025658607482910156
0.0026502609252929688
0.0026082992553710938
0.002622365951538086
0.0027008056640625
0.0027141571044921875
0.0034677982330322266
0.0027425289154052734
0.0027093887329101562
0.0027387142181396484
0.002634763717651367
0.0026705265045166016
0.002637147903442383
0.002619504928588867
0.002656698226928711
0.002574443817138672
0.0026013851165771484
0.0026569366455078125
0.002565145492553711
0.002852201461791992
0.002905130386352539
0.0030012130737304688
0.003047943115234375
0.002720355987548828
0.0028057098388671875
0.0027921199798583984
0.0027747154235839844
0.0027120113372802734
0.002775430679321289
0.0027725696563720703
0.0025930404663085938
0.0027894973754882812
0.0027692317962646484
0.0026464462280273438
0.002612590789794922
0.002724885940551758
0.002638578414916992
0.002681732177734375
0.002596616744995117
0.0026216506958007812
0.00262451171875
0.002565622329711914
0.0026679039001464844
0.002469778060913086
0.002620220184326172
0.0026688575744628906
0.002481698989868164
0.002530813217163086
0.0025436878204345703
0.0025801658630371094
0.002542734146118164
0.002519369125366211
0.002439737319946289
0.002533435821533203
0.0026421546936035156
0.0025730133056640625
0.0025017261505126953
0.002477407455444336
0.0025200843811035156
0.002620697021484375
0.0025458335876464844
0.002543926239013672
0.0025680065155029297
0.0025696754455566406
0.0025625228881835938
0.002582550048828125
0.002520322799682617
0.0025098323822021484
0.002584218978881836
0.002532958984375
0.002518892288208008
0.002545595169067383
0.002504587173461914
0.00262451171875
0.002621889114379883
0.002603769302368164
0.0025539398193359375
0.0025129318237304688
0.002555370330810547
0.002519369125366211
0.0025115013122558594
0.002503633499145508
0.002571582794189453
0.002506732940673828
0.0025568008422851562
0.002585887908935547
0.0025429725646972656
0.0025475025177001953
0.002554655075073242
0.002593517303466797
0.0025196075439453125
0.0026247501373291016
0.002567291259765625
0.0025370121002197266
0.0025641918182373047
0.0025806427001953125
0.002515077590942383
0.0026073455810546875
0.0025637149810791016
0.0025391578674316406
0.002543926239013672
0.0025742053985595703
0.002577543258666992
0.0025458335876464844
0.0025482177734375
0.0025391578674316406
0.0025467872619628906
0.0025513172149658203
0.0025658607482910156
0.0025413036346435547
0.0025506019592285156
0.0025682449340820312
0.00261688232421875
0.002702951431274414
0.002658843994140625
0.002750873565673828
0.0027229785919189453
0.002590656280517578
0.0026514530181884766
0.002633810043334961
0.002613067626953125
0.002729654312133789
0.002630949020385742
0.002546548843383789
0.0026242733001708984
0.0026848316192626953
0.0026404857635498047
0.0025577545166015625
0.0026845932006835938
0.002535104751586914
0.0025310516357421875
0.0026738643646240234
0.002552509307861328
0.0025522708892822266
0.0026776790618896484
0.0025930404663085938
0.0025408267974853516
0.0026106834411621094
0.0026273727416992188
0.0025997161865234375
0.002626180648803711
0.0025453567504882812
0.0025336742401123047
0.002555370330810547
0.002660512924194336
0.0025391578674316406
0.0025658607482910156
0.002511262893676758
0.0025191307067871094
0.002590179443359375
0.002514362335205078
0.002546072006225586
0.0025637149810791016
0.0025212764739990234
0.0025148391723632812
0.002512693405151367
0.0025060176849365234
0.0026123523712158203
0.00273895263671875
0.002463102340698242
0.002526998519897461
0.0025734901428222656
0.0025420188903808594
0.002521991729736328
0.0026433467864990234
0.00272369384765625
0.002595186233520508
0.0025739669799804688
0.002710580825805664
0.002651214599609375
0.0026853084564208984
0.002766847610473633
0.002664804458618164
0.0027120113372802734
0.0027108192443847656
0.0026671886444091797
0.0027837753295898438
0.0027070045471191406
0.0026578903198242188
0.002642393112182617
0.0027251243591308594
0.0026607513427734375
0.002627134323120117
0.0026748180389404297
0.0026862621307373047
0.0026984214782714844
0.002733469009399414
0.0027000904083251953
0.0026464462280273438
0.0026750564575195312
0.0026679039001464844
0.0025560855865478516
0.0026128292083740234
0.0025751590728759766
0.0026738643646240234
0.002653837203979492
0.0025606155395507812
0.002680063247680664
0.0026221275329589844
0.002560853958129883
0.002560853958129883
0.00257110595703125
0.0026705265045166016
0.0026323795318603516
0.0025489330291748047
0.002651214599609375
0.0026721954345703125
0.002585887908935547
0.002658843994140625
0.002660036087036133
0.0025436878204345703
0.0026531219482421875
0.002748727798461914
0.002674579620361328
0.002688169479370117
0.0026476383209228516
0.002670764923095703
0.0025687217712402344
0.002658367156982422
0.0025932788848876953
0.0026776790618896484
0.0027205944061279297
0.002595663070678711
0.0026557445526123047
0.0025789737701416016
0.0025653839111328125
0.002536296844482422
0.00257110595703125
0.0025413036346435547
0.002508878707885742
0.002652883529663086
0.002591371536254883
0.002595663070678711
0.0025606155395507812
0.0025696754455566406
0.002559185028076172
0.002618074417114258
0.0026001930236816406
0.002619028091430664
0.0025649070739746094
0.002600431442260742
0.0025551319122314453
0.002606630325317383
0.0025827884674072266
0.0025289058685302734
0.002667665481567383
0.002542734146118164
0.002616405487060547
0.0027697086334228516
0.002805948257446289
0.0026865005493164062
0.002856731414794922
0.0027823448181152344
0.0026001930236816406
0.002620220184326172
0.0027163028717041016
0.0026848316192626953
0.00257110595703125
0.0027132034301757812
0.0026328563690185547
0.0025663375854492188
0.002650022506713867
0.002638101577758789
0.0024487972259521484
0.002674102783203125
0.0026793479919433594
0.0025539398193359375
0.002746105194091797
0.002708911895751953
0.0024733543395996094
0.002717733383178711
0.002660512924194336
0.0026907920837402344
0.0026946067810058594
0.0027005672454833984
0.002705097198486328
0.0027806758880615234
0.002783536911010742
0.0027997493743896484
0.0026366710662841797
0.002734661102294922
0.002933025360107422
0.002992868423461914
0.002730846405029297
0.002844095230102539
0.002944469451904297
0.002852201461791992
0.002776622772216797
0.0029392242431640625
0.0029010772705078125
0.002611875534057617
0.0027234554290771484
0.002748727798461914
0.002717256546020508
0.0028433799743652344
0.003019094467163086
0.00298309326171875
0.0028591156005859375
0.0026595592498779297
0.0028121471405029297
0.0028400421142578125
0.002758026123046875
0.0028204917907714844
0.0027277469635009766
0.002635478973388672
0.002605915069580078
0.0027112960815429688
0.0026428699493408203
0.0026764869689941406
0.002766847610473633
0.0027735233306884766
0.0025877952575683594
0.002626657485961914
0.0026471614837646484
0.0025691986083984375
0.0026607513427734375
0.0026972293853759766
0.0025701522827148438
0.002611398696899414
0.002611398696899414
0.0026082992553710938
0.0026330947875976562
0.0028350353240966797
0.0027353763580322266
0.002701997756958008
0.002760648727416992
0.002777099609375
0.0027413368225097656
0.0027244091033935547
0.0029230117797851562
0.002751588821411133
0.0027527809143066406
0.0027008056640625
0.0026743412017822266
0.0025882720947265625
0.002615690231323242
0.0026590824127197266
0.0026433467864990234
0.002589702606201172
0.0025844573974609375
0.0025854110717773438
0.0025343894958496094
0.002624988555908203
0.00260162353515625
0.0025331974029541016
0.0025463104248046875
0.0025687217712402344
0.0025691986083984375
0.002565145492553711
0.0025742053985595703
0.002537965774536133
0.0025475025177001953
0.002593994140625
0.002550363540649414
0.002593994140625
0.002563953399658203
0.002531290054321289
0.002592802047729492
0.002550363540649414
0.002548694610595703
0.0025653839111328125
0.0025849342346191406
0.0025370121002197266
0.002562999725341797
0.002587556838989258
0.002542734146118164
0.0025479793548583984
0.0025534629821777344
0.002521991729736328
0.002482891082763672
0.0025300979614257812
0.002545595169067383
0.002532482147216797
0.0025987625122070312
0.0025560855865478516
0.0026292800903320312
0.0026314258575439453
0.0026216506958007812
0.0025832653045654297
0.0025739669799804688
