17.269544095965646
17.269544095965646
14.555176818038579
14.555176818038579
14.555176818038579
14.555176818038579
14.555176818038579
14.555176818038579
14.555176818038579
14.555176818038579
14.555176818038579
14.555176818038579
14.555176818038579
14.555176818038579
14.555176818038579
14.555176818038579
14.555176818038579
14.555176818038579
14.555176818038579
14.555176818038579
14.555176818038579
14.555176818038579
14.555176818038579
14.555176818038579
14.555176818038579
14.555176818038579
14.555176818038579
14.555176818038579
14.555176818038579
14.555176818038579
14.555176818038579
14.555176818038579
14.555176818038579
14.555176818038579
14.555176818038579
14.555176818038579
14.555176818038579
14.555176818038579
14.555176818038579
14.555176818038579
14.555176818038579
14.555176818038579
14.555176818038579
14.555176818038579
14.555176818038579
14.555176818038579
14.555176818038579
14.555176818038579
14.555176818038579
14.555176818038579
14.555176818038579
14.368092858570746
14.368092858570746
14.368092858570746
14.368092858570746
14.368092858570746
14.368092858570746
14.368092858570746
14.368092858570746
14.368092858570746
14.368092858570746
14.368092858570746
14.368092858570746
14.368092858570746
14.368092858570746
14.368092858570746
14.368092858570746
14.368092858570746
14.368092858570746
14.368092858570746
14.368092858570746
14.368092858570746
14.368092858570746
14.368092858570746
14.368092858570746
14.368092858570746
14.368092858570746
14.368092858570746
14.368092858570746
14.368092858570746
14.368092858570746
14.368092858570746
14.368092858570746
14.368092858570746
14.368092858570746
14.368092858570746
14.368092858570746
14.368092858570746
14.368092858570746
14.368092858570746
14.368092858570746
14.368092858570746
14.368092858570746
14.368092858570746
14.368092858570746
14.368092858570746
14.368092858570746
14.368092858570746
13.444983216404559
13.444983216404559
13.444983216404559
13.444983216404559
13.444983216404559
13.444983216404559
13.444983216404559
13.444983216404559
13.444983216404559
12.461540634668872
12.461540634668872
12.461540634668872
12.461540634668872
12.461540634668872
12.461540634668872
12.461540634668872
12.461540634668872
12.461540634668872
12.461540634668872
12.461540634668872
12.461540634668872
12.461540634668872
12.461540634668872
12.461540634668872
12.461540634668872
12.461540634668872
12.461540634668872
12.461540634668872
12.461540634668872
12.461540634668872
12.461540634668872
12.461540634668872
12.461540634668872
12.461540634668872
12.461540634668872
12.461540634668872
12.461540634668872
12.461540634668872
12.461540634668872
12.461540634668872
12.461540634668872
12.461540634668872
12.461540634668872
12.461540634668872
12.461540634668872
12.461540634668872
12.461540634668872
12.461540634668872
12.461540634668872
12.461540634668872
12.461540634668872
12.461540634668872
12.461540634668872
12.461540634668872
12.461540634668872
12.461540634668872
12.461540634668872
12.461540634668872
12.461540634668872
12.461540634668872
12.461540634668872
12.137005413397013
12.137005413397013
12.137005413397013
12.137005413397013
12.137005413397013
12.137005413397013
12.137005413397013
12.137005413397013
12.137005413397013
12.137005413397013
12.137005413397013
12.137005413397013
12.137005413397013
12.137005413397013
12.137005413397013
12.137005413397013
12.137005413397013
12.137005413397013
12.137005413397013
12.137005413397013
12.137005413397013
12.137005413397013
12.137005413397013
12.137005413397013
12.137005413397013
12.137005413397013
12.137005413397013
12.137005413397013
12.137005413397013
12.137005413397013
12.137005413397013
12.137005413397013
12.137005413397013
12.137005413397013
12.137005413397013
12.137005413397013
12.137005413397013
12.137005413397013
12.137005413397013
12.137005413397013
12.137005413397013
11.471915123559434
11.471915123559434
11.471915123559434
11.471915123559434
11.471915123559434
11.471915123559434
11.471915123559434
11.471915123559434
11.471915123559434
11.471915123559434
11.471915123559434
11.471915123559434
11.471915123559434
11.471915123559434
11.471915123559434
11.471915123559434
11.471915123559434
11.471915123559434
11.471915123559434
11.471915123559434
11.471915123559434
11.471915123559434
11.471915123559434
11.471915123559434
11.471915123559434
11.471915123559434
11.471915123559434
11.471915123559434
11.471915123559434
11.471915123559434
11.471915123559434
11.471915123559434
11.471915123559434
11.471915123559434
11.471915123559434
11.471915123559434
11.471915123559434
11.471915123559434
11.471915123559434
11.471915123559434
11.471915123559434
10.484142366529747
9.472818076449796
9.472818076449796
9.472818076449796
9.472818076449796
9.472818076449796
9.472818076449796
9.472818076449796
9.472818076449796
9.472818076449796
9.472818076449796
9.472818076449796
9.472818076449796
9.472818076449796
9.472818076449796
9.472818076449796
9.472818076449796
9.472818076449796
9.472818076449796
9.472818076449796
9.472818076449796
9.472818076449796
9.472818076449796
9.472818076449796
9.472818076449796
9.472818076449796
9.472818076449796
9.472818076449796
9.472818076449796
9.472818076449796
9.472818076449796
9.472818076449796
9.472818076449796
9.472818076449796
9.472818076449796
9.472818076449796
9.472818076449796
9.472818076449796
9.472818076449796
9.472818076449796
9.472818076449796
9.472818076449796
9.472818076449796
9.472818076449796
9.472818076449796
9.472818076449796
9.472818076449796
9.472818076449796
9.472818076449796
9.472818076449796
9.472818076449796
9.472818076449796
9.472818076449796
9.472818076449796
9.472818076449796
9.472818076449796
9.472818076449796
9.472818076449796
9.472818076449796
9.472818076449796
8.710630053582836
8.710630053582836
8.710630053582836
8.710630053582836
8.710630053582836
8.710630053582836
8.710630053582836
8.710630053582836
8.710630053582836
8.710630053582836
8.710630053582836
8.710630053582836
8.710630053582836
8.710630053582836
8.710630053582836
8.710630053582836
8.710630053582836
8.710630053582836
8.710630053582836
8.710630053582836
8.710630053582836
8.710630053582836
8.710630053582836
8.710630053582836
8.710630053582836
8.710630053582836
8.710630053582836
8.710630053582836
8.710630053582836
8.710630053582836
8.710630053582836
8.710630053582836
8.710630053582836
8.710630053582836
8.710630053582836
8.710630053582836
8.710630053582836
8.44868869152818
8.44868869152818
8.44868869152818
8.44868869152818
8.44868869152818
8.44868869152818
8.44868869152818
8.44868869152818
8.44868869152818
8.44868869152818
8.44868869152818
8.44868869152818
8.44868869152818
8.44868869152818
8.44868869152818
8.44868869152818
8.44868869152818
8.44868869152818
8.44868869152818
8.44868869152818
8.44868869152818
8.44868869152818
8.44868869152818
8.44868869152818
8.44868869152818
8.44868869152818
8.44868869152818
8.44868869152818
6.20737423785067
6.20737423785067
6.20737423785067
6.20737423785067
6.20737423785067
6.20737423785067
6.20737423785067
6.20737423785067
6.20737423785067
6.20737423785067
6.20737423785067
6.20737423785067
6.20737423785067
6.20737423785067
6.20737423785067
6.20737423785067
6.20737423785067
6.20737423785067
6.20737423785067
6.20737423785067
6.20737423785067
6.20737423785067
6.20737423785067
6.20737423785067
6.20737423785067
6.20737423785067
6.20737423785067
6.20737423785067
6.20737423785067
6.20737423785067
6.20737423785067
6.20737423785067
6.20737423785067
6.20737423785067
6.20737423785067
6.20737423785067
6.20737423785067
6.20737423785067
6.20737423785067
6.20737423785067
6.20737423785067
6.20737423785067
6.20737423785067
6.20737423785067
6.20737423785067
6.20737423785067
6.20737423785067
6.20737423785067
6.20737423785067
6.20737423785067
6.20737423785067
6.20737423785067
6.20737423785067
6.20737423785067
6.20737423785067
6.20737423785067
6.20737423785067
6.20737423785067
6.20737423785067
6.20737423785067
6.20737423785067
6.20737423785067
6.20737423785067
6.20737423785067
6.20737423785067
6.20737423785067
6.20737423785067
6.20737423785067
6.20737423785067
6.20737423785067
6.20737423785067
6.20737423785067
6.20737423785067
6.20737423785067
6.20737423785067
6.20737423785067
6.20737423785067
6.20737423785067
6.20737423785067
6.20737423785067
6.20737423785067
6.20737423785067
6.20737423785067
6.20737423785067
6.20737423785067
6.20737423785067
6.20737423785067
6.20737423785067
6.20737423785067
6.20737423785067
6.20737423785067
6.20737423785067
6.20737423785067
6.20737423785067
6.20737423785067
6.20737423785067
6.20737423785067
6.20737423785067
6.20737423785067
6.20737423785067
6.20737423785067
6.20737423785067
6.20737423785067
6.20737423785067
6.20737423785067
6.20737423785067
5.210431776902123
5.210431776902123
5.210431776902123
5.210431776902123
5.210431776902123
5.210431776902123
5.210431776902123
5.210431776902123
5.210431776902123
5.210431776902123
5.210431776902123
5.210431776902123
5.210431776902123
5.210431776902123
5.210431776902123
5.210431776902123
5.210431776902123
5.210431776902123
5.210431776902123
5.210431776902123
5.210431776902123
5.210431776902123
5.210431776902123
5.210431776902123
5.210431776902123
4.0052404468047555
4.0052404468047555
4.0052404468047555
4.0052404468047555
4.0052404468047555
4.0052404468047555
4.0052404468047555
4.0052404468047555
4.0052404468047555
4.0052404468047555
4.0052404468047555
4.0052404468047555
4.00346360559708
4.00346360559708
4.00346360559708
4.00346360559708
4.00346360559708
4.00346360559708
4.00346360559708
4.00346360559708
4.00346360559708
4.00346360559708
4.00346360559708
4.00346360559708
4.00346360559708
4.00346360559708
4.00346360559708
4.00346360559708
4.00346360559708
4.00346360559708
4.00346360559708
4.00346360559708
4.00346360559708
4.00346360559708
4.00346360559708
4.00346360559708
4.00346360559708
4.00346360559708
4.00346360559708
4.00346360559708
4.00346360559708
4.00346360559708
4.00346360559708
4.00346360559708
4.00346360559708
4.00346360559708
4.00346360559708
4.00346360559708
4.00346360559708
4.00346360559708
4.00346360559708
4.00346360559708
4.00346360559708
4.00346360559708
4.00346360559708
4.00346360559708
4.00346360559708
4.00346360559708
4.00346360559708
4.00346360559708
4.00346360559708
4.00346360559708
4.00346360559708
4.00346360559708
4.00346360559708
4.00346360559708
4.00346360559708
4.00346360559708
4.00346360559708
4.00346360559708
4.00346360559708
4.00346360559708
4.00346360559708
4.00346360559708
4.00346360559708
4.00346360559708
4.00346360559708
4.00346360559708
4.00346360559708
4.00346360559708
4.00346360559708
4.00346360559708
4.00346360559708
4.00346360559708
4.00346360559708
4.00346360559708
4.00346360559708
4.00346360559708
4.00346360559708
4.00346360559708
4.00346360559708
4.00346360559708
4.00346360559708
4.00346360559708
4.00346360559708
4.00346360559708
4.00346360559708
4.00346360559708
4.00346360559708
4.00346360559708
4.00346360559708
4.00346360559708
4.00346360559708
4.00346360559708
4.00346360559708
4.00346360559708
4.00346360559708
4.00346360559708
4.00346360559708
4.00346360559708
4.00346360559708
3.507870473825232
3.507870473825232
3.507870473825232
3.507870473825232
3.507870473825232
3.507870473825232
3.507870473825232
3.507870473825232
3.507870473825232
3.507870473825232
3.507870473825232
3.507870473825232
3.507870473825232
3.507870473825232
3.507870473825232
3.507870473825232
3.507870473825232
3.507870473825232
3.507870473825232
3.507870473825232
3.507870473825232
3.507870473825232
3.507870473825232
3.507870473825232
3.507870473825232
3.507870473825232
3.507870473825232
3.507870473825232
3.507870473825232
3.507870473825232
3.507870473825232
3.507870473825232
3.507870473825232
3.507870473825232
3.507870473825232
3.507870473825232
3.507870473825232
3.507870473825232
3.507870473825232
3.507870473825232
3.507870473825232
3.507870473825232
3.507870473825232
3.507870473825232
3.507870473825232
3.507870473825232
3.507870473825232
3.507870473825232
3.507870473825232
3.507870473825232
3.507870473825232
3.507870473825232
3.507870473825232
3.507870473825232
3.507870473825232
3.507870473825232
3.507870473825232
3.507870473825232
3.507870473825232
3.507870473825232
3.507870473825232
3.507870473825232
3.507870473825232
3.507870473825232
3.507870473825232
3.507870473825232
3.507870473825232
3.507870473825232
3.507870473825232
3.507870473825232
3.507870473825232
3.507870473825232
3.507870473825232
3.507870473825232
3.507870473825232
3.507870473825232
3.507870473825232
3.507870473825232
3.507870473825232
3.507870473825232
3.507870473825232
3.507870473825232
3.507870473825232
3.507870473825232
3.507870473825232
3.507870473825232
3.507870473825232
3.507870473825232
3.507870473825232
3.507870473825232
3.507870473825232
3.507870473825232
3.507870473825232
3.507870473825232
3.507870473825232
3.507870473825232
3.507870473825232
3.507870473825232
3.507870473825232
3.507870473825232
3.507870473825232
3.507870473825232
3.507870473825232
3.507870473825232
3.507870473825232
3.507870473825232
3.507870473825232
3.507870473825232
3.507870473825232
3.507870473825232
3.507870473825232
3.507870473825232
3.507870473825232
3.507870473825232
3.507870473825232
3.507870473825232
3.507870473825232
3.507870473825232
3.507870473825232
3.507870473825232
3.507870473825232
3.507870473825232
3.507870473825232
3.507870473825232
3.507870473825232
3.507870473825232
3.507870473825232
3.507870473825232
3.507870473825232
3.507870473825232
3.507870473825232
3.507870473825232
3.507870473825232
3.2152628424443073
3.2152628424443073
3.2152628424443073
3.2152628424443073
3.2152628424443073
3.2152628424443073
3.2152628424443073
3.2152628424443073
3.2152628424443073
3.2152628424443073
3.042864859557433
3.042864859557433
3.042864859557433
3.042864859557433
3.042864859557433
3.042864859557433
3.042864859557433
3.042864859557433
3.042864859557433
3.042864859557433
3.042864859557433
3.042864859557433
3.042864859557433
3.042864859557433
3.042864859557433
3.042864859557433
3.042864859557433
3.042864859557433
3.042864859557433
3.042864859557433
3.042864859557433
3.042864859557433
3.042864859557433
3.042864859557433
3.042864859557433
3.042864859557433
3.042864859557433
3.042864859557433
3.042864859557433
3.042864859557433
3.042864859557433
3.042864859557433
3.042864859557433
3.042864859557433
3.042864859557433
3.042864859557433
3.042864859557433
3.042864859557433
3.042864859557433
3.042864859557433
3.042864859557433
3.042864859557433
3.042864859557433
3.042864859557433
3.042864859557433
3.042864859557433
3.042864859557433
3.042864859557433
3.042864859557433
3.042864859557433
3.042864859557433
3.042864859557433
3.042864859557433
3.042864859557433
3.042864859557433
3.042864859557433
3.042864859557433
3.042864859557433
3.042864859557433
3.042864859557433
3.042864859557433
3.042864859557433
3.042864859557433
3.042864859557433
3.042864859557433
3.042864859557433
3.042864859557433
3.042864859557433
3.042864859557433
3.042864859557433
3.042864859557433
3.042864859557433
3.042864859557433
3.042864859557433
3.042864859557433
3.042864859557433
3.042864859557433
3.042864859557433
3.042864859557433
3.042864859557433
3.042864859557433
3.042864859557433
3.042864859557433
3.042864859557433
3.042864859557433
3.042864859557433
3.042864859557433
3.042864859557433
3.042864859557433
3.042864859557433
3.042864859557433
3.042864859557433
3.042864859557433
3.042864859557433
3.042864859557433
3.042864859557433
3.042864859557433
3.042864859557433
3.042864859557433
3.042864859557433
3.042864859557433
3.042864859557433
3.042864859557433
3.042864859557433
3.042864859557433
3.042864859557433
3.042864859557433
2.4420032451894045
2.4420032451894045
2.4420032451894045
2.4420032451894045
2.4420032451894045
2.4420032451894045
2.4420032451894045
2.4420032451894045
2.4420032451894045
2.4420032451894045
2.4420032451894045
2.4420032451894045
2.4420032451894045
2.4420032451894045
2.4420032451894045
2.4420032451894045
2.4420032451894045
2.4420032451894045
2.4420032451894045
2.4420032451894045
2.4420032451894045
2.4420032451894045
2.4420032451894045
2.1123171573848296
2.1123171573848296
2.1123171573848296
2.1123171573848296
2.1123171573848296
2.1123171573848296
2.1123171573848296
2.1123171573848296
2.1123171573848296
2.1123171573848296
2.1123171573848296
2.1123171573848296
2.1123171573848296
2.1123171573848296
2.1123171573848296
2.1123171573848296
2.1123171573848296
2.1123171573848296
2.1123171573848296
2.1123171573848296
2.1123171573848296
2.1123171573848296
2.1123171573848296
2.1123171573848296
2.1123171573848296
2.1123171573848296
2.1123171573848296
2.1123171573848296
2.1123171573848296
2.1123171573848296
2.1123171573848296
2.1123171573848296
2.1123171573848296
2.1123171573848296
2.1123171573848296
2.1123171573848296
2.1123171573848296
2.1123171573848296
2.1123171573848296
2.1123171573848296
2.1123171573848296
2.1123171573848296
2.1123171573848296
2.1123171573848296
2.1123171573848296
2.1123171573848296
2.1123171573848296
2.1123171573848296
2.1123171573848296
2.1123171573848296
2.1123171573848296
2.1123171573848296
2.1123171573848296
2.1123171573848296
2.1123171573848296
2.1123171573848296
2.1123171573848296
2.1123171573848296
2.1123171573848296
2.1123171573848296
2.1123171573848296
2.1123171573848296
2.1123171573848296
2.1123171573848296
2.1123171573848296
2.1123171573848296
2.1123171573848296
2.1123171573848296
2.1123171573848296
2.1123171573848296
2.1123171573848296
2.1123171573848296
2.1123171573848296
2.1123171573848296
2.1123171573848296
2.1123171573848296
2.1123171573848296
2.1123171573848296
2.1123171573848296
2.1123171573848296
2.1123171573848296
2.1123171573848296
2.1123171573848296
2.1123171573848296
2.1123171573848296
2.1123171573848296
2.1123171573848296
2.1123171573848296
2.1123171573848296
2.1123171573848296
2.1123171573848296
2.1123171573848296
2.1123171573848296
2.1123171573848296
2.1123171573848296
2.1123171573848296
2.1123171573848296
2.1123171573848296
2.1123171573848296
2.1123171573848296
2.1123171573848296
2.1123171573848296
2.1123171573848296
2.1123171573848296
2.1123171573848296
2.1123171573848296
2.1123171573848296
2.1123171573848296
2.1123171573848296
2.1123171573848296
2.1123171573848296
2.1123171573848296
2.1123171573848296
2.1123171573848296
2.1123171573848296
2.1123171573848296
2.1123171573848296
2.1123171573848296
2.1123171573848296
