0.051723480224609375
0.1132040023803711
0.12091517448425293
0.042522430419921875
0.032054901123046875
0.02940058708190918
0.029340505599975586
0.02956104278564453
0.029294252395629883
0.02884650230407715
0.031543731689453125
0.029397249221801758
0.029273509979248047
0.02924656867980957
0.029276132583618164
0.029324769973754883
0.02927875518798828
0.029237747192382812
0.029367446899414062
0.029271602630615234
0.029596805572509766
0.0292356014251709
0.028763532638549805
0.029844999313354492
0.029350757598876953
0.029534101486206055
0.02943253517150879
0.02935171127319336
0.029631614685058594
0.029379606246948242
0.03234124183654785
0.02977299690246582
0.029287099838256836
0.029338598251342773
0.029425382614135742
0.029437780380249023
0.029462099075317383
0.02943587303161621
0.03044724464416504
0.029537677764892578
0.029271364212036133
0.02923417091369629
0.029338598251342773
0.029282093048095703
0.03144264221191406
0.029331445693969727
0.057201385498046875
0.03767752647399902
0.03773641586303711
0.03047633171081543
0.023865699768066406
0.03020477294921875
0.02942180633544922
0.02952742576599121
0.03174328804016113
0.029260635375976562
0.029303312301635742
0.029269933700561523
0.029266834259033203
0.029256820678710938
0.04635739326477051
0.041719675064086914
0.042104482650756836
0.04192996025085449
0.06182718276977539
0.07394647598266602
0.08593869209289551
0.07790899276733398
0.08113217353820801
0.10569882392883301
0.07384562492370605
0.055112361907958984
0.04189443588256836
0.041643381118774414
0.04169750213623047
0.04242300987243652
0.041696786880493164
0.04157614707946777
0.04170727729797363
0.04169750213623047
0.04165840148925781
0.041881561279296875
0.04177284240722656
0.04172873497009277
0.04218101501464844
0.04176473617553711
0.04162168502807617
0.04198884963989258
0.042980194091796875
0.04317593574523926
0.042198896408081055
0.04178571701049805
0.04169487953186035
0.04368233680725098
0.042372703552246094
0.04177546501159668
0.04162883758544922
0.04167532920837402
0.04167890548706055
0.04166984558105469
0.06757783889770508
0.041623830795288086
0.04196286201477051
0.04168844223022461
0.04166460037231445
0.04298877716064453
0.04329872131347656
0.0458521842956543
0.041997432708740234
0.04185175895690918
0.042016029357910156
0.0419161319732666
0.04178261756896973
0.0417323112487793
0.04277634620666504
0.04184889793395996
0.04176831245422363
0.04190945625305176
0.041785240173339844
0.041784048080444336
0.04211020469665527
0.04179239273071289
0.041716814041137695
0.04499363899230957
0.044220924377441406
0.04201769828796387
0.04601716995239258
0.04291701316833496
0.04166364669799805
0.04349112510681152
0.04336285591125488
0.045525550842285156
0.04165840148925781
0.04171943664550781
0.04173636436462402
0.04161858558654785
0.04163527488708496
0.0415802001953125
0.042763471603393555
0.04184746742248535
0.04173922538757324
0.04183673858642578
0.04168343544006348
0.04176902770996094
0.044069528579711914
0.04601693153381348
0.04186677932739258
0.04183459281921387
0.04181313514709473
0.04170417785644531
0.04207563400268555
0.04179668426513672
0.04308772087097168
0.04168963432312012
0.04174041748046875
0.041788339614868164
0.0417628288269043
0.041762351989746094
0.04166221618652344
0.04160499572753906
0.04164314270019531
0.04160308837890625
0.041594743728637695
0.0417475700378418
0.0417025089263916
0.04650235176086426
0.04389142990112305
0.042391300201416016
0.04190683364868164
0.04225969314575195
0.04174041748046875
0.04174518585205078
0.041600704193115234
0.041588544845581055
0.04177522659301758
0.04167032241821289
0.04226946830749512
0.04186224937438965
0.0416722297668457
0.04802370071411133
0.02969670295715332
0.029391765594482422
0.02927255630493164
0.02932429313659668
0.029338836669921875
0.029303789138793945
0.04533886909484863
0.03414511680603027
0.029310941696166992
0.029279470443725586
0.029171228408813477
0.029257535934448242
0.029105663299560547
0.029347658157348633
0.029213428497314453
0.029304027557373047
0.02939009666442871
0.0292971134185791
0.029306888580322266
0.02929854393005371
0.029267549514770508
0.02867269515991211
0.02938699722290039
0.02944779396057129
0.029343843460083008
0.029361486434936523
0.029265165328979492
0.029395580291748047
0.029254913330078125
0.029328346252441406
0.029315948486328125
0.029332637786865234
0.0292360782623291
0.029340505599975586
0.029265642166137695
0.0294342041015625
0.02931523323059082
0.029317378997802734
0.02938389778137207
0.029491662979125977
0.02960991859436035
0.029337406158447266
0.030574560165405273
0.029898881912231445
0.029320478439331055
0.02918410301208496
0.029206514358520508
0.029253244400024414
0.029317378997802734
0.029341936111450195
0.02920389175415039
0.029449939727783203
0.02944636344909668
0.02953648567199707
0.02939915657043457
0.029187917709350586
0.029481887817382812
0.0299074649810791
0.029906272888183594
0.02981710433959961
0.029392480850219727
0.029327869415283203
0.029300689697265625
0.029314756393432617
0.029348373413085938
0.029376983642578125
0.029229164123535156
0.02926802635192871
0.02933955192565918
0.029224872589111328
0.029255390167236328
0.02914261817932129
0.02914571762084961
0.030707359313964844
0.029355525970458984
0.030098676681518555
0.029352903366088867
0.029259204864501953
0.02923417091369629
0.030912160873413086
0.02970099449157715
0.029252052307128906
0.029311180114746094
0.03015613555908203
0.02936100959777832
0.02948594093322754
0.0293734073638916
0.030209779739379883
0.04543900489807129
0.0452580451965332
0.06130075454711914
0.029654264450073242
0.029261350631713867
0.029291868209838867
0.03001546859741211
0.029168128967285156
0.029183149337768555
0.029175758361816406
0.029207229614257812
0.02910137176513672
0.029113292694091797
0.029108524322509766
0.029054880142211914
0.029179096221923828
0.029132366180419922
0.02912616729736328
0.02924656867980957
0.029314517974853516
0.02929830551147461
0.0292513370513916
0.03006458282470703
0.02996373176574707
0.029283523559570312
0.02922797203063965
0.02917933464050293
0.031230688095092773
0.03274202346801758
0.03211402893066406
0.03211092948913574
0.032327890396118164
0.030693531036376953
0.029803991317749023
0.029973745346069336
0.031861066818237305
0.031700849533081055
0.029618501663208008
0.029755830764770508
0.02937173843383789
0.02942180633544922
0.02932119369506836
0.029373645782470703
0.029264450073242188
0.02928924560546875
0.02936387062072754
0.029313087463378906
0.03013324737548828
0.030260324478149414
0.030347585678100586
0.029612302780151367
0.029245615005493164
0.029283761978149414
0.029369831085205078
0.0300595760345459
0.057747602462768555
0.045239925384521484
0.0612640380859375
0.0293729305267334
0.029236555099487305
0.02932882308959961
0.029317378997802734
0.029386281967163086
0.029228687286376953
0.02930617332458496
0.029361248016357422
0.029452800750732422
0.02933502197265625
0.02934741973876953
0.029311418533325195
0.029399633407592773
0.03000473976135254
0.029477834701538086
0.029392480850219727
0.029262781143188477
0.029318809509277344
0.02921605110168457
0.02943110466003418
0.029207706451416016
0.030018091201782227
0.02896881103515625
0.02933502197265625
0.02930450439453125
0.029168367385864258
0.029228925704956055
0.02924489974975586
0.030030488967895508
0.02933979034423828
0.02964639663696289
0.02926325798034668
0.0292513370513916
0.029286623001098633
0.02921891212463379
0.029523372650146484
0.02933192253112793
0.029298067092895508
0.02933788299560547
0.029327392578125
0.029224634170532227
0.029367685317993164
0.02925705909729004
0.029285430908203125
0.029363155364990234
0.030332326889038086
0.02955913543701172
0.029265165328979492
0.02916407585144043
0.029794692993164062
0.02987194061279297
0.03022313117980957
0.029325008392333984
0.02929401397705078
0.029264211654663086
0.029462099075317383
0.029311180114746094
0.029303550720214844
0.029345035552978516
0.029280900955200195
0.029236793518066406
0.029219865798950195
0.02932143211364746
0.028714895248413086
0.02927994728088379
0.029268503189086914
0.029219865798950195
0.029240846633911133
0.029430150985717773
0.029318571090698242
0.02931666374206543
0.02920079231262207
0.029254436492919922
0.03152942657470703
0.029476404190063477
0.029259920120239258
0.029176950454711914
0.029210329055786133
0.029253244400024414
0.029264211654663086
0.029312849044799805
0.029253721237182617
0.029909849166870117
0.029225587844848633
0.029198884963989258
0.02932596206665039
0.029376506805419922
0.02927565574645996
0.029522180557250977
0.02949237823486328
0.02969050407409668
0.029542922973632812
0.029526948928833008
0.028704404830932617
0.029122352600097656
0.02915024757385254
0.02927875518798828
0.029564380645751953
0.029413223266601562
0.029313325881958008
0.029317140579223633
0.030017375946044922
0.029649972915649414
0.029597043991088867
0.029700517654418945
0.029401540756225586
0.02936100959777832
0.029274463653564453
0.029291868209838867
0.02913355827331543
0.029384374618530273
0.029340505599975586
0.02949833869934082
0.02949213981628418
0.029427766799926758
0.02934408187866211
0.029529094696044922
0.029405593872070312
0.02942943572998047
0.029331207275390625
0.029370546340942383
0.029439210891723633
0.0295259952545166
0.029351472854614258
0.029364824295043945
0.029370546340942383
0.029404878616333008
0.02935791015625
0.02962803840637207
0.029351234436035156
0.029367923736572266
0.029361248016357422
0.02942514419555664
0.02941107749938965
0.02944207191467285
0.029396533966064453
0.029332637786865234
0.02938556671142578
0.0293118953704834
0.02941608428955078
0.029407978057861328
0.030156612396240234
0.04535865783691406
0.029390335083007812
0.029346942901611328
0.041341304779052734
0.04539966583251953
0.0453341007232666
0.029431819915771484
0.029591083526611328
0.029465198516845703
0.029322147369384766
0.02929067611694336
0.02921462059020996
0.02934718132019043
0.02920055389404297
0.02931952476501465
0.03013753890991211
0.0342254638671875
0.029492855072021484
0.02928614616394043
0.029300451278686523
0.029169559478759766
0.029190778732299805
0.029208660125732422
0.029267311096191406
0.029206514358520508
0.02919769287109375
0.029218196868896484
0.029139280319213867
0.029196977615356445
0.029246807098388672
0.029163360595703125
0.029396533966064453
0.029296159744262695
0.02922797203063965
0.02930736541748047
0.029235363006591797
0.029195070266723633
0.03135943412780762
0.031204938888549805
0.029295921325683594
0.029399394989013672
0.02935791015625
0.02930450439453125
0.029434680938720703
0.02927374839782715
0.029227018356323242
0.02935624122619629
0.029222726821899414
0.04519224166870117
0.061154842376708984
0.04513382911682129
0.045104026794433594
0.029208660125732422
0.02910923957824707
0.02914881706237793
0.029204845428466797
0.029162168502807617
0.02918553352355957
0.030093908309936523
0.02917933464050293
0.03183388710021973
0.030551433563232422
0.029118061065673828
0.03104686737060547
0.029441118240356445
0.02919626235961914
0.029150724411010742
0.029292583465576172
0.029122352600097656
0.03129720687866211
0.02929067611694336
0.029296875
0.029117107391357422
0.03135323524475098
0.03026413917541504
0.029264450073242188
0.029165267944335938
0.02921915054321289
0.02924823760986328
0.029304981231689453
0.02920079231262207
0.02920985221862793
0.02921009063720703
0.02907848358154297
0.02910161018371582
0.029161930084228516
0.029085874557495117
0.029157161712646484
0.029099464416503906
0.02911686897277832
0.029151439666748047
0.029199838638305664
0.029103517532348633
0.0291140079498291
0.029170989990234375
0.02936267852783203
0.029199600219726562
0.0292203426361084
0.029107093811035156
0.03401947021484375
0.061391592025756836
0.04541802406311035
0.029171466827392578
0.029308557510375977
0.029195785522460938
0.029302358627319336
0.029258251190185547
0.02929997444152832
0.029252290725708008
0.02925252914428711
0.029172658920288086
0.029246091842651367
0.029264450073242188
0.029358863830566406
0.029121875762939453
0.029215097427368164
0.029247522354125977
0.029257774353027344
0.0293428897857666
0.029412031173706055
0.029244184494018555
0.029276371002197266
0.029157400131225586
0.02927541732788086
0.029184818267822266
0.029276371002197266
0.02915215492248535
0.02927398681640625
0.02921009063720703
0.029304027557373047
0.029263734817504883
0.02932286262512207
0.029214143753051758
0.029338598251342773
0.03016066551208496
0.029348373413085938
0.0292971134185791
0.029346942901611328
0.02923297882080078
0.02933788299560547
0.029241085052490234
0.02929520606994629
0.030310392379760742
0.03254294395446777
0.04213237762451172
0.029511213302612305
0.0453639030456543
0.04542279243469238
0.04527091979980469
0.029309749603271484
0.04511380195617676
0.04529595375061035
0.02930426597595215
0.02955341339111328
0.029324054718017578
0.03256487846374512
0.030638456344604492
0.0292813777923584
0.02922368049621582
0.029191255569458008
0.029294729232788086
0.0291287899017334
0.02930927276611328
0.029147624969482422
0.02921772003173828
0.02913665771484375
0.02925252914428711
0.02913665771484375
0.029262304306030273
0.03019881248474121
0.030796527862548828
0.03202533721923828
0.03164052963256836
0.02973198890686035
0.02974843978881836
0.02923750877380371
0.029142379760742188
0.029082775115966797
0.02916741371154785
0.029125452041625977
0.029108524322509766
0.03201770782470703
0.0319674015045166
0.04586005210876465
0.06534051895141602
0.029309511184692383
0.02955770492553711
0.029311418533325195
0.02931499481201172
0.03029656410217285
0.029375553131103516
0.029336929321289062
0.029330730438232422
0.029463529586791992
0.029309988021850586
0.030667781829833984
0.030041933059692383
0.029905080795288086
0.02974104881286621
0.02981424331665039
0.02981090545654297
0.03273820877075195
0.031513214111328125
0.03070688247680664
0.029245376586914062
0.029311180114746094
0.029285907745361328
0.02925848960876465
0.02927088737487793
0.029515743255615234
0.029258251190185547
0.029215574264526367
0.02927422523498535
0.029150724411010742
0.029337167739868164
0.0294189453125
0.0295102596282959
0.029265403747558594
0.02918839454650879
0.029324769973754883
0.02926921844482422
0.02933979034423828
0.029318571090698242
0.0292203426361084
0.02931499481201172
0.02928018569946289
0.02956223487854004
0.02927374839782715
0.029173851013183594
0.029263973236083984
0.029331445693969727
0.02990269660949707
0.029266357421875
0.029247283935546875
0.029296159744262695
0.029250621795654297
0.029259681701660156
0.029332399368286133
0.02939748764038086
0.0296323299407959
0.031587839126586914
0.029216766357421875
0.029967308044433594
0.02918529510498047
0.0292360782623291
0.029224634170532227
0.029219865798950195
0.029109954833984375
0.029293298721313477
0.029133319854736328
0.02923727035522461
0.029255390167236328
0.029230356216430664
0.029278278350830078
0.02934408187866211
0.029865026473999023
0.02935194969177246
0.02932906150817871
0.02935171127319336
0.029233455657958984
0.029340267181396484
0.02917957305908203
0.029227256774902344
0.02931833267211914
0.029431819915771484
0.029317378997802734
0.029306650161743164
0.029204845428466797
0.029306650161743164
0.029206037521362305
0.029303789138793945
0.02924823760986328
0.029318809509277344
0.029206037521362305
0.029326438903808594
0.02923417091369629
0.029282093048095703
0.03019404411315918
0.030172348022460938
0.029582500457763672
0.029305696487426758
0.029541969299316406
0.029204845428466797
0.029237985610961914
0.02928471565246582
0.029303312301635742
0.03016376495361328
0.030002117156982422
0.045377492904663086
0.0453794002532959
0.029335975646972656
0.029218196868896484
0.029297828674316406
0.02842569351196289
0.029329776763916016
0.029955148696899414
0.030916213989257812
0.02938675880432129
0.02935624122619629
0.029193639755249023
0.029360294342041016
0.029157400131225586
0.0291900634765625
0.029198646545410156
0.029284238815307617
0.029325008392333984
0.02932596206665039
0.02923440933227539
0.029261350631713867
0.02914571762084961
0.029280662536621094
0.029214143753051758
0.029450416564941406
0.029254674911499023
0.029338836669921875
0.029198408126831055
0.02928900718688965
0.029240131378173828
0.02940225601196289
0.029223918914794922
0.029526710510253906
0.029497623443603516
0.029334068298339844
0.029808521270751953
0.029521703720092773
0.029250383377075195
0.02927422523498535
0.02924346923828125
0.02943253517150879
0.029560089111328125
0.0293123722076416
0.02920246124267578
0.02916860580444336
0.03007793426513672
0.029745101928710938
0.02959156036376953
0.029280424118041992
0.029242753982543945
0.02927875518798828
0.029209375381469727
0.029300451278686523
0.029233932495117188
0.029338598251342773
0.029274702072143555
0.029270172119140625
0.029183626174926758
0.029245853424072266
0.029216766357421875
0.029312849044799805
0.029257774353027344
0.029265165328979492
0.02926158905029297
0.029287099838256836
0.029268741607666016
0.029301881790161133
0.02927374839782715
0.02923297882080078
0.0292050838470459
0.029246091842651367
0.02922797203063965
0.02996516227722168
0.02923440933227539
0.02922201156616211
0.02914738655090332
0.029231786727905273
0.029227256774902344
0.029285669326782227
0.02921605110168457
0.029232501983642578
0.02921295166015625
0.0292513370513916
0.029198408126831055
0.02934122085571289
0.029293060302734375
0.029262304306030273
0.029261112213134766
0.029255151748657227
0.029225826263427734
0.029294252395629883
0.029240131378173828
0.029262304306030273
0.029223203659057617
0.029202699661254883
0.029233694076538086
0.030225276947021484
0.029987573623657227
0.029145002365112305
0.03145599365234375
0.02933478355407715
0.03281855583190918
0.029710769653320312
0.02930307388305664
0.029263973236083984
0.029493093490600586
0.0292513370513916
0.02924489974975586
0.02925586700439453
0.029292583465576172
0.029178142547607422
0.029302120208740234
0.029283761978149414
0.029315710067749023
0.02930164337158203
0.02834773063659668
0.02921319007873535
0.02924513816833496
0.029245853424072266
0.02933812141418457
0.02920365333557129
0.029299497604370117
0.029224395751953125
0.029258012771606445
0.02922201156616211
0.029180526733398438
0.03020954132080078
0.029852867126464844
0.029173612594604492
0.029166221618652344
0.02927112579345703
0.030315160751342773
0.029154539108276367
0.02920842170715332
0.029217243194580078
0.02920389175415039
0.029161453247070312
0.029288530349731445
0.029124736785888672
0.02924799919128418
0.029203414916992188
0.029184579849243164
0.029213905334472656
0.029262065887451172
0.02919173240661621
0.029251813888549805
0.029087305068969727
0.029642820358276367
0.029285430908203125
0.02928948402404785
0.02924323081970215
0.029276609420776367
0.029167652130126953
0.029234886169433594
0.029405593872070312
0.029351234436035156
0.029249191284179688
0.029269933700561523
0.0292208194732666
0.029534101486206055
0.029306411743164062
0.029169559478759766
0.02908015251159668
0.029225587844848633
0.028806686401367188
0.029223918914794922
0.02923583984375
0.02991318702697754
0.029484272003173828
0.029684066772460938
0.029775142669677734
0.029940366744995117
0.029535293579101562
0.02925872802734375
0.02923583984375
0.02929377555847168
0.02923440933227539
0.02986311912536621
0.029349565505981445
0.029268503189086914
0.029208898544311523
0.03002762794494629
0.029790401458740234
0.029158592224121094
0.02919936180114746
0.029230833053588867
0.029235124588012695
0.02920389175415039
0.02914905548095703
0.029115676879882812
0.02932453155517578
0.031590938568115234
0.029260873794555664
0.03123021125793457
0.02968907356262207
0.02967071533203125
0.02928328514099121
0.02938699722290039
0.029205799102783203
0.029186725616455078
0.029175758361816406
0.029152631759643555
0.029299497604370117
0.029632568359375
0.029219388961791992
0.029198884963989258
0.02924633026123047
0.029184579849243164
0.02958393096923828
0.029198169708251953
0.029266834259033203
0.02924180030822754
0.029308795928955078
0.029598474502563477
0.02936863899230957
0.029252052307128906
0.029310941696166992
0.030054807662963867
0.049405574798583984
0.04527020454406738
0.029311418533325195
0.029178857803344727
0.0292513370513916
0.029215097427368164
0.029142141342163086
0.030078411102294922
0.029386043548583984
0.02918696403503418
0.02921009063720703
0.029213666915893555
0.02930307388305664
0.029158592224121094
0.0292816162109375
0.029186487197875977
0.02923440933227539
0.029165267944335938
0.029339313507080078
0.029352903366088867
0.02935338020324707
0.02925896644592285
0.029315471649169922
0.03266000747680664
0.030368566513061523
0.029244184494018555
