14.011921574883882
14.011921574883882
14.011921574883882
12.976971744034767
12.976971744034767
12.976971744034767
12.976971744034767
12.976971744034767
12.976971744034767
12.873179817048278
12.873179817048278
12.873179817048278
12.873179817048278
12.664129425750861
12.664129425750861
10.530156697258388
10.530156697258388
10.530156697258388
10.530156697258388
10.530156697258388
10.530156697258388
10.530156697258388
10.530156697258388
10.530156697258388
10.530156697258388
10.530156697258388
10.530156697258388
10.530156697258388
10.530156697258388
10.530156697258388
10.530156697258388
10.530156697258388
10.530156697258388
10.530156697258388
9.981801230294892
9.981801230294892
9.981801230294892
9.981801230294892
9.981801230294892
9.981801230294892
9.981801230294892
9.981801230294892
9.981801230294892
9.73517971202411
9.73517971202411
9.73517971202411
9.73517971202411
9.73517971202411
9.73517971202411
9.73517971202411
9.73517971202411
9.73517971202411
9.73517971202411
9.73517971202411
9.73517971202411
9.73517971202411
9.310631773574528
9.310631773574528
9.310631773574528
9.310631773574528
9.310631773574528
9.310631773574528
9.310631773574528
9.310631773574528
9.310631773574528
9.103439097773016
9.103439097773016
9.103439097773016
8.202476566912281
8.202476566912281
8.202476566912281
8.200355430893726
8.200355430893726
8.066031594884443
8.066031594884443
8.066031594884443
8.066031594884443
7.544461031523248
7.544461031523248
7.544461031523248
7.544461031523248
7.544461031523248
7.544461031523248
7.544461031523248
7.544461031523248
7.544461031523248
7.544461031523248
7.544461031523248
7.544461031523248
7.544461031523248
7.544461031523248
7.544461031523248
7.544461031523248
7.544461031523248
7.544461031523248
7.476829944429092
7.476829944429092
7.476829944429092
7.476829944429092
7.476829944429092
7.476829944429092
7.276454203847273
7.276454203847273
7.029671724543448
6.574025950242074
6.574025950242074
6.574025950242074
6.574025950242074
6.574025950242074
6.574025950242074
6.574025950242074
6.480849814639953
6.480849814639953
6.292606964335661
6.292606964335661
6.292606964335661
6.292606964335661
6.292606964335661
6.292606964335661
6.292606964335661
6.292606964335661
6.292606964335661
6.292606964335661
6.292606964335661
6.292606964335661
6.130964068116469
5.951820598058035
5.951820598058035
5.951820598058035
5.951820598058035
5.951820598058035
5.951820598058035
5.951820598058035
5.951820598058035
5.910302125848233
5.910302125848233
5.910302125848233
5.889961880859474
5.889961880859474
5.889961880859474
5.889961880859474
5.889961880859474
5.889961880859474
5.889961880859474
5.889961880859474
5.889961880859474
5.889961880859474
5.889961880859474
5.889961880859474
5.86119659527354
5.86119659527354
4.967559539622378
4.967559539622378
4.967559539622378
4.967559539622378
4.967559539622378
4.967559539622378
4.967559539622378
4.967559539622378
4.967559539622378
4.967559539622378
4.967559539622378
4.967559539622378
4.967559539622378
4.79130765252161
4.79130765252161
4.79130765252161
4.79130765252161
4.79130765252161
4.79130765252161
4.467284242718051
4.467284242718051
4.467284242718051
4.467284242718051
4.467284242718051
4.467284242718051
4.467284242718051
4.467284242718051
4.467284242718051
4.467284242718051
4.467284242718051
4.447631747584261
4.447631747584261
4.411000614288227
4.3506420005596524
4.3506420005596524
4.3506420005596524
3.996259017011056
3.996259017011056
3.996259017011056
3.996259017011056
3.996259017011056
3.996259017011056
3.996259017011056
3.996259017011056
3.996259017011056
3.996259017011056
3.6323945394020427
3.6323945394020427
3.6323945394020427
3.6323945394020427
3.6323945394020427
3.6323945394020427
3.6323945394020427
3.6323945394020427
3.6323945394020427
3.6323945394020427
3.6323945394020427
3.6323945394020427
3.102754977380229
3.102754977380229
3.102754977380229
3.102754977380229
3.102754977380229
3.102754977380229
3.102754977380229
3.102754977380229
3.102754977380229
3.102754977380229
3.102754977380229
3.102754977380229
3.102754977380229
3.102754977380229
3.102754977380229
3.102754977380229
3.102754977380229
3.102754977380229
3.102754977380229
3.102754977380229
3.102754977380229
3.102754977380229
3.102754977380229
3.102754977380229
3.102754977380229
3.102754977380229
3.102754977380229
3.102754977380229
3.102754977380229
2.9334840912537956
2.9334840912537956
2.9334840912537956
2.9334840912537956
2.9334840912537956
2.9334840912537956
2.9334840912537956
2.9334840912537956
2.9334840912537956
2.9334840912537956
2.9334840912537956
2.9334840912537956
2.9334840912537956
2.9334840912537956
2.9087679993873934
2.9087679993873934
2.9087679993873934
2.9087679993873934
2.9087679993873934
2.9087679993873934
2.9087679993873934
2.9036626206287792
2.9036626206287792
2.9036626206287792
2.9036626206287792
2.8843376303285666
2.8843376303285666
2.8413597594597633
2.8413597594597633
2.579161369878449
2.579161369878449
2.579161369878449
2.5630414736858356
2.5630414736858356
2.5630414736858356
2.5630414736858356
2.5630414736858356
2.5388982611542374
2.5388982611542374
2.5388982611542374
2.5388982611542374
2.5050945472412494
2.5050945472412494
2.408951584336961
2.408951584336961
2.408951584336961
2.408951584336961
2.408951584336961
2.408951584336961
2.408951584336961
2.408951584336961
2.408951584336961
2.408951584336961
2.408951584336961
2.32197257290386
2.2872039346912842
2.2872039346912842
2.2872039346912842
2.2872039346912842
2.2872039346912842
1.870664970189928
1.870664970189928
1.870664970189928
1.870664970189928
1.870664970189928
1.870664970189928
1.870664970189928
1.870664970189928
1.870664970189928
1.870664970189928
1.870664970189928
1.870664970189928
1.870664970189928
1.870664970189928
1.870664970189928
1.870664970189928
1.870664970189928
1.773957140263903
1.773957140263903
1.773957140263903
1.773957140263903
1.773957140263903
1.773957140263903
1.773957140263903
1.773957140263903
1.773957140263903
1.773957140263903
1.773957140263903
1.773957140263903
1.773957140263903
1.773957140263903
1.773957140263903
1.773957140263903
1.773957140263903
1.7617469138132833
1.7617469138132833
1.7617469138132833
1.7617469138132833
1.7617469138132833
1.7617469138132833
1.7617469138132833
1.7617469138132833
1.7617469138132833
1.7387674409549092
1.7387674409549092
1.7387674409549092
1.7387674409549092
1.7387674409549092
1.7387674409549092
1.7387674409549092
1.724081757464596
1.724081757464596
1.724081757464596
1.724081757464596
1.724081757464596
1.724081757464596
1.6993219442715954
1.6993219442715954
1.6993219442715954
1.641100067661597
1.641100067661597
1.5885068828884599
1.5885068828884599
1.5730043221892345
1.5730043221892345
1.5730043221892345
1.5730043221892345
1.5730043221892345
1.5730043221892345
1.522105141244218
1.522105141244218
1.522105141244218
1.522105141244218
1.522105141244218
1.522105141244218
1.4382991082232266
1.4382991082232266
1.4382991082232266
1.4382991082232266
1.4382991082232266
1.4382991082232266
1.4382991082232266
1.4382991082232266
1.4382991082232266
1.4382991082232266
1.4382991082232266
1.4382991082232266
1.4382991082232266
1.434731365942774
1.4221205169087128
1.4221205169087128
1.4076899044097146
1.4076899044097146
1.404914561397895
1.3805796396453687
1.3252461558241464
1.3252461558241464
1.3252461558241464
1.3252461558241464
1.3252461558241464
1.2914507418730707
1.2914507418730707
1.2914507418730707
1.2914507418730707
1.2914507418730707
1.2914507418730707
1.2914507418730707
1.2914507418730707
1.2914507418730707
1.2914507418730707
1.1690005447881688
1.1690005447881688
1.1690005447881688
1.1690005447881688
1.1690005447881688
1.1690005447881688
1.1690005447881688
1.138750058273601
1.138750058273601
1.099076966479764
1.099076966479764
1.099076966479764
1.099076966479764
1.099076966479764
1.099076966479764
1.099076966479764
1.099076966479764
1.099076966479764
1.099076966479764
1.099076966479764
1.099076966479764
1.099076966479764
1.099076966479764
1.099076966479764
1.050415838550272
1.050415838550272
1.050415838550272
1.050415838550272
1.050415838550272
1.050415838550272
1.050415838550272
1.050415838550272
1.050415838550272
1.050415838550272
1.050415838550272
1.050415838550272
1.050415838550272
1.050415838550272
1.017929844954324
1.017929844954324
1.017929844954324
1.017929844954324
1.017929844954324
0.989362574831965
0.989362574831965
0.989362574831965
0.9667232649875928
0.9667232649875928
0.9667232649875928
0.9667232649875928
0.9667232649875928
0.9667232649875928
0.9356924215799864
0.9356924215799864
0.9356924215799864
0.9356924215799864
0.9356924215799864
0.9356924215799864
0.9356924215799864
0.8750702325413329
0.8750702325413329
0.8750702325413329
0.8709700220531218
0.8709700220531218
0.8709700220531218
0.8709700220531218
0.8709700220531218
0.8709700220531218
0.8709700220531218
0.844029998827132
0.844029998827132
0.844029998827132
0.844029998827132
0.844029998827132
0.844029998827132
0.844029998827132
0.844029998827132
0.8344406126118002
0.8344406126118002
0.8344406126118002
0.8344406126118002
0.8344406126118002
0.7284180821250246
0.7284180821250246
0.7284180821250246
0.7284180821250246
0.7284180821250246
0.7284180821250246
0.7284180821250246
0.7284180821250246
0.7284180821250246
0.7284180821250246
0.7284180821250246
0.7284180821250246
0.7284180821250246
0.7284180821250246
0.7284180821250246
0.7284180821250246
0.7284180821250246
0.705206878465809
0.705206878465809
0.6548362216793464
0.6548362216793464
0.6548362216793464
0.6548362216793464
0.6548362216793464
0.6548362216793464
0.645600082486375
0.6409413510068447
0.6409413510068447
0.6409413510068447
0.6409413510068447
0.6145109636071382
0.6145109636071382
0.6145109636071382
0.6145109636071382
0.6145109636071382
0.6145109636071382
0.6145109636071382
0.6145109636071382
0.6145109636071382
0.6145109636071382
0.6145109636071382
0.6145109636071382
0.6145109636071382
0.6145109636071382
0.6145109636071382
0.5823532745010738
0.5823532745010738
0.5823532745010738
0.5823532745010738
0.5823532745010738
0.5777064067790931
0.5777064067790931
0.5777064067790931
0.5727384957321746
0.5727384957321746
0.5727384957321746
0.5727384957321746
0.5568036607528271
0.5568036607528271
0.5568036607528271
0.5568036607528271
0.5568036607528271
0.5081305022665958
0.5081305022665958
0.5081305022665958
0.5081305022665958
0.5081305022665958
0.5081305022665958
0.5081305022665958
0.5081305022665958
0.5081305022665958
0.5081305022665958
0.5081305022665958
0.5081305022665958
0.5081305022665958
0.5081305022665958
0.49794642287514534
0.49794642287514534
0.49794642287514534
0.49794642287514534
0.49794642287514534
0.49794642287514534
0.44947058577950827
0.44947058577950827
0.44947058577950827
0.44947058577950827
0.44947058577950827
0.44947058577950827
0.44947058577950827
0.44947058577950827
0.446150772118763
0.446150772118763
0.4436967763809605
0.4436967763809605
0.4436967763809605
0.4436967763809605
0.4436967763809605
0.4436967763809605
0.4436967763809605
0.4436967763809605
0.4421371690918008
0.4421371690918008
0.4421371690918008
0.4389226671672759
0.4389226671672759
0.4327103692898433
0.4327103692898433
0.4327103692898433
0.4327103692898433
0.4327103692898433
0.4327103692898433
0.3925938602809609
0.3925938602809609
0.3925938602809609
0.3925938602809609
0.3925938602809609
0.3925938602809609
0.3925938602809609
0.3925938602809609
0.3925938602809609
0.3925938602809609
0.3925938602809609
0.3925938602809609
0.37843417108452826
0.37843417108452826
0.37843417108452826
0.37843417108452826
0.37843417108452826
0.37843417108452826
0.37843417108452826
0.36266992004263443
0.36266992004263443
0.36266992004263443
0.36266992004263443
0.36266992004263443
0.36266992004263443
0.36266992004263443
0.36266992004263443
0.36266992004263443
0.36266992004263443
0.36266992004263443
0.3573589214870907
0.3573589214870907
0.3573589214870907
0.3573589214870907
0.3573589214870907
0.3573589214870907
0.3573589214870907
0.3573589214870907
0.3573589214870907
0.3573589214870907
0.3573589214870907
0.3573589214870907
0.3573589214870907
0.3550638106384838
0.3389111569955503
0.3155534738070145
0.3155534738070145
0.3155534738070145
0.31148569001548054
0.31148569001548054
0.31148569001548054
0.31148569001548054
0.31148569001548054
0.31148569001548054
0.2858935168034549
0.2858935168034549
0.2858935168034549
0.2858935168034549
0.2858935168034549
0.2741411592326912
0.2741411592326912
0.2741411592326912
0.2741411592326912
0.2741411592326912
0.2741411592326912
0.2741411592326912
0.2741411592326912
0.2741411592326912
0.2741411592326912
0.2741411592326912
0.2741411592326912
0.2741411592326912
0.24014416031999986
0.24014416031999986
0.24014416031999986
0.24014416031999986
0.24014416031999986
0.24014416031999986
0.24014416031999986
0.24014416031999986
0.24014416031999986
0.24014416031999986
0.24014416031999986
0.24014416031999986
0.24014416031999986
0.24014416031999986
0.24014416031999986
0.24014416031999986
0.24014416031999986
0.24014416031999986
0.24014416031999986
0.24014416031999986
0.24014416031999986
0.24014416031999986
0.24014416031999986
0.23856082699482783
0.23465147418676935
0.23465147418676935
0.22857798083629177
0.22857798083629177
0.22857798083629177
0.22857798083629177
0.22857798083629177
0.22857798083629177
0.22857798083629177
0.22857798083629177
0.20242644831234458
0.20242644831234458
0.20242644831234458
0.20242644831234458
0.19876028204121354
0.19876028204121354
0.19876028204121354
0.19876028204121354
0.19876028204121354
0.19876028204121354
0.19876028204121354
0.19876028204121354
0.19876028204121354
0.19876028204121354
0.16573431734170185
0.16573431734170185
0.16573431734170185
0.16573431734170185
0.16573431734170185
0.16573431734170185
0.16573431734170185
0.16573431734170185
0.16573431734170185
0.16573431734170185
0.16573431734170185
0.16573431734170185
0.16573431734170185
0.16573431734170185
0.16573431734170185
0.16573431734170185
0.16573431734170185
0.16573431734170185
0.16573431734170185
0.16573431734170185
0.16573431734170185
0.16573431734170185
0.16573431734170185
0.16573431734170185
0.16573431734170185
0.16573431734170185
0.16573431734170185
0.16573431734170185
0.16573431734170185
0.16573431734170185
0.16573431734170185
0.16573431734170185
0.16573431734170185
0.16573431734170185
0.16573431734170185
0.16573431734170185
0.16573431734170185
0.16573431734170185
0.16573431734170185
0.16573431734170185
0.16573431734170185
0.16138943026538044
0.16138943026538044
0.15923693004337025
0.15923693004337025
0.15923693004337025
0.15890978013178625
0.15890978013178625
0.1552119056425738
0.1552119056425738
0.1552119056425738
0.1552119056425738
0.1552119056425738
0.1552119056425738
0.1552119056425738
0.1552119056425738
0.1552119056425738
0.1552119056425738
0.1478440016524658
0.1478440016524658
0.1478440016524658
0.1478440016524658
0.1478440016524658
0.1478440016524658
0.1478440016524658
0.14150153473971017
0.14150153473971017
0.14150153473971017
0.14150153473971017
0.14150153473971017
0.14150153473971017
0.14150153473971017
0.14150153473971017
0.13565133743621516
0.13565133743621516
0.13565133743621516
0.13565133743621516
0.13565133743621516
0.13565133743621516
0.13565133743621516
0.13565133743621516
0.1356508547962889
0.1356508547962889
0.1356508547962889
0.1356508547962889
0.1311383541105613
0.1311383541105613
0.13036292560803275
0.13036292560803275
0.13036292560803275
0.13036292560803275
0.13036292560803275
0.13036292560803275
0.13036292560803275
0.13036292560803275
0.13036292560803275
0.1290783038873471
0.1268451039995213
0.1268451039995213
0.12559899564355703
0.12559899564355703
0.12559899564355703
0.12559899564355703
0.12559899564355703
0.12559899564355703
0.12559899564355703
0.12559899564355703
0.12559899564355703
0.12559899564355703
0.12559899564355703
0.12559899564355703
0.12559899564355703
0.12342158087494681
0.12342158087494681
0.12342158087494681
0.12342158087494681
0.12342158087494681
0.12342158087494681
0.12218549357775288
0.10765437019612989
0.10765437019612989
0.10765437019612989
0.10765437019612989
0.10765437019612989
0.10765437019612989
0.10765437019612989
0.10765437019612989
0.10765437019612989
0.10765437019612989
0.10765437019612989
0.10765437019612989
0.10765437019612989
0.10765437019612989
0.10765437019612989
0.10725200583255656
0.10725200583255656
0.10725200583255656
0.10725200583255656
0.10057699078982552
0.10057699078982552
0.097130445888574
0.09665850682016952
0.09665850682016952
0.09665850682016952
0.09665850682016952
0.09665850682016952
0.09665850682016952
0.09665850682016952
0.09665850682016952
0.09665850682016952
0.09665850682016952
0.09665850682016952
0.09665850682016952
0.09188405148254475
0.09188405148254475
0.09188405148254475
0.09188405148254475
0.09188405148254475
0.08928515027736239
0.08928515027736239
0.08928515027736239
0.08928515027736239
0.08928515027736239
0.08928515027736239
0.08928515027736239
0.08928515027736239
0.08928515027736239
0.08928515027736239
0.0847662879179154
0.0847662879179154
0.0847662879179154
0.0847662879179154
0.0847662879179154
0.0847662879179154
0.0847662879179154
0.0847662879179154
0.0847662879179154
0.0839627895496875
0.0839627895496875
0.0839627895496875
0.0839627895496875
0.0839627895496875
0.0839627895496875
0.0839627895496875
0.0839627895496875
0.0839627895496875
0.08216279784163305
0.08216279784163305
0.08216279784163305
0.08216279784163305
0.08216279784163305
0.08216279784163305
0.08216279784163305
0.08216279784163305
0.08216279784163305
0.08216279784163305
0.08216279784163305
0.08216279784163305
0.08216279784163305
0.08115120873354442
0.08115120873354442
0.08115120873354442
0.08115120873354442
0.08115120873354442
0.08115120873354442
0.08115120873354442
0.08115120873354442
0.08115120873354442
0.08115120873354442
0.08110570814653784
0.07934786746069733
0.07934786746069733
0.07934786746069733
0.07934786746069733
0.07934786746069733
0.07934786746069733
0.07934786746069733
0.07934786746069733
0.07934786746069733
0.07934786746069733
0.07934786746069733
0.07934786746069733
0.07934786746069733
0.07858439768543946
0.07858439768543946
0.07787095798879307
0.07787095798879307
0.07787095798879307
0.07787095798879307
0.07787095798879307
0.07484028029447387
0.07484028029447387
0.07484028029447387
0.07484028029447387
0.07472830857012269
0.07367549692155251
0.07367549692155251
0.07367549692155251
0.07367549692155251
0.07367549692155251
0.07304310214973952
0.07304310214973952
0.07304310214973952
0.07304310214973952
0.07304310214973952
0.07304310214973952
0.07102967785891678
0.07102967785891678
0.07102967785891678
0.07102967785891678
0.07102967785891678
0.07102967785891678
0.07102967785891678
0.07041904292671575
0.07041904292671575
0.06871617632207005
0.06871617632207005
0.06871617632207005
0.06871617632207005
0.06871617632207005
0.06871617632207005
0.06715269866455031
0.06715269866455031
0.06403555171412023
0.06403555171412023
0.06403555171412023
0.06279391967298409
0.06279391967298409
0.06279391967298409
0.06279391967298409
0.06279391967298409
0.06254204306181776
0.061970838426681496
0.061970838426681496
0.061970838426681496
0.06111251665390682
0.06111251665390682
0.06111251665390682
0.05744935637717674
