0.0015649795532226562
0.0015306472778320312
0.0015881061553955078
0.001434326171875
0.0015494823455810547
0.0015063285827636719
0.0014986991882324219
0.0016009807586669922
0.0014955997467041016
0.0015556812286376953
0.001466989517211914
0.0013835430145263672
0.0015959739685058594
0.0014424324035644531
0.001489400863647461
0.0014796257019042969
0.0014386177062988281
0.0015978813171386719
0.0014264583587646484
0.0014293193817138672
0.0014383792877197266
0.001434326171875
0.0014688968658447266
0.0013837814331054688
0.0014030933380126953
0.0015249252319335938
0.0014004707336425781
0.0014355182647705078
0.0014543533325195312
0.0013859272003173828
0.0013713836669921875
0.0013921260833740234
0.0014519691467285156
0.00154876708984375
0.0014443397521972656
0.0013799667358398438
0.001371622085571289
0.0013828277587890625
0.001384735107421875
0.0013816356658935547
0.0013887882232666016
0.001483917236328125
0.0014545917510986328
0.0014274120330810547
0.0014371871948242188
0.0013763904571533203
0.001455545425415039
0.0014140605926513672
0.0013895034790039062
0.0014483928680419922
0.0014047622680664062
0.0015034675598144531
0.0014064311981201172
0.0014963150024414062
0.0015344619750976562
0.0014047622680664062
0.001443624496459961
0.0014996528625488281
0.0014224052429199219
0.00144195556640625
0.001420736312866211
0.0013985633850097656
0.0013856887817382812
0.0013806819915771484
0.0013802051544189453
0.0014433860778808594
0.0014548301696777344
0.0014200210571289062
0.0014429092407226562
0.0014088153839111328
0.0013747215270996094
0.0013701915740966797
0.0014541149139404297
0.0014653205871582031
0.0014443397521972656
0.0014100074768066406
0.0014529228210449219
0.0013699531555175781
0.001394033432006836
0.001416921615600586
0.0014286041259765625
0.001438140869140625
0.0013890266418457031
0.001461029052734375
0.001422882080078125
0.0013813972473144531
0.0013887882232666016
0.0013821125030517578
0.0013933181762695312
0.001407623291015625
0.0013916492462158203
0.0013740062713623047
0.0014853477478027344
0.0014719963073730469
0.0013844966888427734
0.0013895034790039062
0.0013954639434814453
0.0014195442199707031
0.0013921260833740234
0.0014562606811523438
0.0014634132385253906
0.0014486312866210938
0.0015027523040771484
0.0013740062713623047
0.0013911724090576172
0.0013935565948486328
0.0013768672943115234
0.0013723373413085938
0.0013926029205322266
0.0014390945434570312
0.0015752315521240234
0.0014164447784423828
0.0013871192932128906
0.0014693737030029297
0.0013780593872070312
0.0013930797576904297
0.0014705657958984375
0.0014646053314208984
0.001474142074584961
0.0014691352844238281
0.0014491081237792969
0.00145721435546875
0.0013699531555175781
0.001409769058227539
0.0015048980712890625
0.0014595985412597656
0.0015232563018798828
0.0014998912811279297
0.0014100074768066406
0.001504659652709961
0.0014503002166748047
0.0014829635620117188
0.0014736652374267578
0.0014193058013916016
0.0015180110931396484
0.0014722347259521484
0.0014770030975341797
0.0014190673828125
0.0013663768768310547
0.0014715194702148438
0.0014450550079345703
0.0013740062713623047
0.0014913082122802734
0.0014843940734863281
0.0014400482177734375
0.0014693737030029297
0.0014355182647705078
0.0013804435729980469
0.0013661384582519531
0.0015530586242675781
0.0014531612396240234
0.0014679431915283203
0.0016064643859863281
0.0013625621795654297
0.0013756752014160156
0.0014495849609375
0.0014483928680419922
0.0015208721160888672
0.0014684200286865234
0.0014679431915283203
0.0015265941619873047
0.00147247314453125
0.0014882087707519531
0.0014355182647705078
0.0014731884002685547
0.0015439987182617188
0.001384735107421875
0.0014424324035644531
0.0014450550079345703
0.001424551010131836
0.0014503002166748047
0.0014073848724365234
0.0014257431030273438
0.0014996528625488281
0.001451253890991211
0.001508951187133789
0.0015642642974853516
0.0014388561248779297
0.0015003681182861328
0.0014264583587646484
0.0014557838439941406
0.0014646053314208984
0.0013811588287353516
0.0014827251434326172
0.0015003681182861328
0.0015933513641357422
0.0014808177947998047
0.001439809799194336
0.001476287841796875
0.0014238357543945312
0.0014445781707763672
0.0014951229095458984
0.0014803409576416016
0.0014758110046386719
0.0014994144439697266
0.0014202594757080078
0.0013740062713623047
0.0013823509216308594
0.0013930797576904297
0.0013992786407470703
0.0014111995697021484
0.0014438629150390625
0.0013735294342041016
0.00139617919921875
0.0013949871063232422
0.0014662742614746094
0.0014188289642333984
0.0014541149139404297
0.0014138221740722656
0.0014386177062988281
0.0013971328735351562
0.0013763904571533203
0.001390218734741211
0.0013730525970458984
0.001462697982788086
0.0015234947204589844
0.001371622085571289
0.0013804435729980469
0.0014624595642089844
0.0013954639434814453
0.0014374256134033203
0.0013740062713623047
0.001374959945678711
0.0014581680297851562
0.001462697982788086
0.0013859272003173828
0.0014216899871826172
0.0015249252319335938
0.0014834403991699219
0.0014369487762451172
0.0014007091522216797
0.0014584064483642578
0.0014903545379638672
0.0014116764068603516
0.0013785362243652344
0.001453399658203125
0.0013966560363769531
0.0014595985412597656
0.0013821125030517578
0.0014679431915283203
0.0014998912811279297
0.0014569759368896484
0.0014386177062988281
0.0014667510986328125
0.0014858245849609375
0.001379251480102539
0.001420736312866211
0.0014338493347167969
0.0014679431915283203
0.0015027523040771484
0.0014312267303466797
0.001455545425415039
0.0014758110046386719
0.0014071464538574219
0.0014536380767822266
0.0014088153839111328
0.0015799999237060547
0.001558542251586914
0.0015871524810791016
0.0016393661499023438
0.0016024112701416016
0.0016064643859863281
0.0015976428985595703
0.0014646053314208984
0.0015761852264404297
0.001468658447265625
0.0015990734100341797
0.001592874526977539
0.0015397071838378906
0.0014960765838623047
0.0015630722045898438
0.001567840576171875
0.0015273094177246094
0.0014541149139404297
0.0015828609466552734
0.0015702247619628906
0.0015532970428466797
0.0014910697937011719
0.001463174819946289
0.0015358924865722656
0.001476287841796875
0.0014743804931640625
0.0014662742614746094
0.0015702247619628906
0.0016019344329833984
0.0014824867248535156
0.00152587890625
0.0015125274658203125
0.0015802383422851562
0.0015294551849365234
0.0014643669128417969
0.0014622211456298828
0.0015308856964111328
0.001497507095336914
0.0015363693237304688
0.0014567375183105469
0.0014710426330566406
0.0014219284057617188
0.001377105712890625
0.001580953598022461
0.0014142990112304688
0.0014941692352294922
0.001531362533569336
0.0014681816101074219
0.0014693737030029297
0.0014765262603759766
0.0014874935150146484
0.0015683174133300781
0.0014598369598388672
0.0014758110046386719
0.00152587890625
0.0014638900756835938
0.0014791488647460938
0.0014650821685791016
0.0015938282012939453
0.0015137195587158203
0.0014619827270507812
0.0014781951904296875
0.0014791488647460938
0.001483917236328125
0.0014476776123046875
0.0013761520385742188
0.001386880874633789
0.0014536380767822266
0.0014314651489257812
0.0013654232025146484
0.0013704299926757812
0.0015034675598144531
0.001428842544555664
0.001428365707397461
0.001455545425415039
0.0014765262603759766
0.001458883285522461
0.0013663768768310547
0.0013573169708251953
0.0013833045959472656
0.0014684200286865234
0.0014216899871826172
0.0015230178833007812
0.001374959945678711
0.0014491081237792969
0.0014379024505615234
0.0014312267303466797
0.0014736652374267578
0.001373291015625
0.0013980865478515625
0.0014569759368896484
0.0014028549194335938
0.0014629364013671875
0.0014753341674804688
0.0014100074768066406
0.0014829635620117188
0.001386404037475586
0.0013670921325683594
0.0014262199401855469
0.0014491081237792969
0.0014543533325195312
0.0014600753784179688
0.0014431476593017578
0.001378774642944336
0.0014469623565673828
0.0013811588287353516
0.0015797615051269531
0.0014624595642089844
0.001394033432006836
0.0014171600341796875
0.0015077590942382812
0.00148773193359375
0.0014004707336425781
0.0013887882232666016
0.0014624595642089844
0.001506805419921875
0.0014591217041015625
0.001435995101928711
0.0016281604766845703
0.0014774799346923828
0.001425027847290039
0.0013818740844726562
0.0013756752014160156
0.0014178752899169922
0.0015435218811035156
0.0014235973358154297
0.0015342235565185547
0.0014796257019042969
0.0015239715576171875
0.001468658447265625
0.0013720989227294922
0.0013713836669921875
0.0014655590057373047
0.0014998912811279297
0.00153350830078125
0.0014984607696533203
0.0015015602111816406
0.0015411376953125
0.001384735107421875
0.0016143321990966797
0.0014002323150634766
0.0014386177062988281
0.0014774799346923828
0.0014123916625976562
0.0014293193817138672
0.0014116764068603516
0.0014867782592773438
0.0014293193817138672
0.0014202594757080078
0.0014300346374511719
0.0014810562133789062
0.0014693737030029297
0.001544952392578125
0.0014646053314208984
0.00136566162109375
0.0014805793762207031
0.0014624595642089844
0.0014786720275878906
0.0013587474822998047
0.0014429092407226562
0.0013785362243652344
0.0014367103576660156
0.0013797283172607422
0.0013976097106933594
0.0014476776123046875
0.0014312267303466797
0.0015339851379394531
0.0014977455139160156
0.0014078617095947266
0.001621246337890625
0.0013990402221679688
0.0014355182647705078
0.0013856887817382812
0.00142669677734375
0.0014235973358154297
0.0014214515686035156
0.0014719963073730469
0.001394033432006836
0.0014414787292480469
0.0013866424560546875
0.0013937950134277344
0.0013804435729980469
0.0013823509216308594
0.0013866424560546875
0.0014791488647460938
0.0013730525970458984
0.0014026165008544922
0.0014505386352539062
0.0014264583587646484
0.0014660358428955078
0.001373291015625
0.0013759136199951172
0.0014395713806152344
0.0014886856079101562
0.0013930797576904297
0.0013709068298339844
0.0013763904571533203
0.0014519691467285156
0.0014576911926269531
0.0014183521270751953
0.0014319419860839844
0.0014638900756835938
0.0013592243194580078
0.0013718605041503906
0.0013663768768310547
0.0014629364013671875
0.0014107227325439453
0.001371622085571289
0.001436471939086914
0.0015349388122558594
0.0015218257904052734
0.00148773193359375
0.0014235973358154297
0.0014450550079345703
0.0014257431030273438
0.0014586448669433594
0.001461029052734375
0.0013964176177978516
0.0014925003051757812
0.0014858245849609375
0.0014421939849853516
0.0013802051544189453
0.0013659000396728516
0.001386880874633789
0.001478433609008789
0.0013616085052490234
0.0014464855194091797
0.0014951229095458984
0.0014293193817138672
0.0014641284942626953
0.0016176700592041016
0.001405954360961914
0.0014078617095947266
0.0014128684997558594
0.001416921615600586
0.0014591217041015625
0.0014071464538574219
0.0014417171478271484
0.001371622085571289
0.0013883113861083984
0.0014157295227050781
0.0014646053314208984
0.0014052391052246094
0.0014560222625732422
0.0014510154724121094
0.0015299320220947266
0.0014629364013671875
0.0014529228210449219
0.0015063285827636719
0.0014607906341552734
0.0014603137969970703
0.0015196800231933594
0.0014853477478027344
0.0015070438385009766
0.0015797615051269531
0.001577615737915039
0.0013833045959472656
0.001447439193725586
0.0015637874603271484
0.0014624595642089844
0.001428365707397461
0.0014123916625976562
0.0014710426330566406
0.001478433609008789
0.0014247894287109375
0.001422882080078125
0.0014729499816894531
0.0014653205871582031
0.0014832019805908203
0.0013651847839355469
0.0014443397521972656
0.001577615737915039
0.0013766288757324219
0.001482248306274414
0.0014886856079101562
0.0015549659729003906
0.0015401840209960938
0.0014050006866455078
0.0015277862548828125
0.0014705657958984375
0.0015594959259033203
0.00146484375
0.0014712810516357422
0.0016551017761230469
0.0015730857849121094
0.0014607906341552734
0.0014553070068359375
0.0014541149139404297
0.0015866756439208984
0.0015120506286621094
0.0014851093292236328
0.0015227794647216797
0.0016264915466308594
0.0017161369323730469
0.0016934871673583984
0.0016062259674072266
0.0016086101531982422
0.0016033649444580078
0.0016443729400634766
0.0015277862548828125
0.0016293525695800781
0.001482248306274414
0.0014939308166503906
0.001650094985961914
0.0015757083892822266
0.0016338825225830078
0.0016188621520996094
0.0016269683837890625
0.0015413761138916016
0.0014460086822509766
0.0015864372253417969
0.0014011859893798828
0.0015406608581542969
0.0014047622680664062
0.0015842914581298828
0.0016219615936279297
0.0014300346374511719
0.001581430435180664
0.001493692398071289
0.0014569759368896484
0.0015861988067626953
0.0014390945434570312
0.0015306472778320312
0.0014700889587402344
0.0014362335205078125
0.0016069412231445312
0.0013914108276367188
0.0014293193817138672
0.001453399658203125
0.001562356948852539
0.0015664100646972656
0.0013852119445800781
0.0015382766723632812
0.0015230178833007812
0.0013475418090820312
0.0015528202056884766
0.0014617443084716797
0.0014998912811279297
0.001569509506225586
0.0013921260833740234
0.0014882087707519531
0.001577615737915039
0.0014498233795166016
0.0016241073608398438
0.0015108585357666016
0.001619577407836914
0.0015311241149902344
0.0015263557434082031
0.0015709400177001953
0.0015332698822021484
0.001581430435180664
0.0014662742614746094
0.0015058517456054688
0.0015101432800292969
0.0015974044799804688
0.001580953598022461
0.001550912857055664
0.0015506744384765625
0.001493692398071289
0.0015079975128173828
0.0016472339630126953
0.0015773773193359375
0.0016989707946777344
0.0015654563903808594
0.001604318618774414
0.001520395278930664
0.001461029052734375
0.0016465187072753906
0.0014617443084716797
0.0015628337860107422
0.0015559196472167969
0.0015816688537597656
0.001617431640625
0.001476287841796875
0.0015532970428466797
0.0016224384307861328
0.0014939308166503906
0.0017118453979492188
0.001611948013305664
0.0016529560089111328
0.0014545917510986328
0.00151824951171875
0.0015299320220947266
0.0015516281127929688
0.0016243457794189453
0.0015518665313720703
0.0016455650329589844
0.0016002655029296875
0.0016121864318847656
0.0016026496887207031
0.0015919208526611328
0.0016069412231445312
0.0015773773193359375
0.0016841888427734375
0.001537322998046875
0.0014171600341796875
0.0015869140625
0.0014314651489257812
0.0014050006866455078
0.0014357566833496094
0.001527547836303711
0.0015766620635986328
0.0014657974243164062
0.0014638900756835938
0.0014464855194091797
0.0014560222625732422
0.001577138900756836
0.0015239715576171875
0.0015544891357421875
0.0015566349029541016
0.0017304420471191406
0.001728057861328125
0.0017268657684326172
0.001741647720336914
0.0017175674438476562
0.0017352104187011719
0.0017216205596923828
0.0017457008361816406
0.0017228126525878906
0.0017485618591308594
0.0017464160919189453
0.0016865730285644531
0.0017325878143310547
0.0016412734985351562
0.0017178058624267578
0.0015988349914550781
0.0016989707946777344
0.0015964508056640625
0.0015573501586914062
0.0016963481903076172
0.0017025470733642578
0.001714468002319336
0.0017135143280029297
0.0017490386962890625
0.001653909683227539
0.0017440319061279297
0.0017561912536621094
0.0017316341400146484
0.0015459060668945312
0.0014641284942626953
0.0017120838165283203
0.0014653205871582031
0.0015671253204345703
0.0015010833740234375
0.0015864372253417969
0.0016164779663085938
0.0014493465423583984
0.0015444755554199219
0.0015730857849121094
0.0015153884887695312
0.0015568733215332031
0.0013713836669921875
0.0016090869903564453
0.00145721435546875
0.0014083385467529297
0.0016798973083496094
0.0014925003051757812
0.001556396484375
0.0014777183532714844
0.0015904903411865234
0.0016560554504394531
0.0015306472778320312
0.0016632080078125
0.001455545425415039
0.0014719963073730469
0.001590728759765625
0.0014395713806152344
0.0016553401947021484
0.0014615058898925781
0.0014333724975585938
0.0016252994537353516
0.0014643669128417969
0.0016701221466064453
0.0014450550079345703
0.00146484375
0.0016181468963623047
0.0014433860778808594
0.001615285873413086
0.0014467239379882812
0.0015645027160644531
0.0015370845794677734
0.0014977455139160156
0.0015666484832763672
0.0013937950134277344
0.001491546630859375
0.0014770030975341797
0.0014390945434570312
0.0015194416046142578
0.0014028549194335938
0.0014505386352539062
0.0014379024505615234
0.0013740062713623047
0.0015523433685302734
0.0015714168548583984
0.0014529228210449219
0.0016291141510009766
0.0015869140625
0.001689910888671875
0.0015749931335449219
0.001659393310546875
0.001619100570678711
0.0016067028045654297
0.0017008781433105469
0.0016224384307861328
0.0016617774963378906
0.0015916824340820312
0.0016629695892333984
0.001611471176147461
0.0016062259674072266
0.00171661376953125
0.0015969276428222656
0.001720428466796875
0.0015845298767089844
0.0016486644744873047
0.0016376972198486328
0.0015447139739990234
0.0016417503356933594
0.0016241073608398438
0.0016093254089355469
0.0014491081237792969
0.001499176025390625
0.0015728473663330078
0.00154876708984375
0.0015912055969238281
0.0014300346374511719
0.0015065670013427734
0.0015530586242675781
0.0014681816101074219
0.0015728473663330078
0.0014796257019042969
0.0015416145324707031
0.0015327930450439453
0.0014410018920898438
0.001588582992553711
0.0014405250549316406
0.001493692398071289
0.0015492439270019531
0.0014684200286865234
0.0015866756439208984
0.001438140869140625
0.0015492439270019531
0.001516103744506836
0.0014791488647460938
0.0015697479248046875
0.0014672279357910156
0.0014922618865966797
0.0015110969543457031
0.0014569759368896484
0.0015115737915039062
0.0015270709991455078
0.0015292167663574219
0.0015764236450195312
0.001573801040649414
0.0015785694122314453
0.0014569759368896484
0.0015211105346679688
0.0014469623565673828
0.001363992691040039
0.0014235973358154297
0.0014104843139648438
0.0014574527740478516
0.0015118122100830078
0.0014638900756835938
0.0014088153839111328
0.0014193058013916016
0.0013723373413085938
0.0014033317565917969
0.0014145374298095703
0.0013811588287353516
0.0013997554779052734
0.0014178752899169922
0.0014815330505371094
0.0014972686767578125
0.0014486312866210938
0.0014460086822509766
0.00140380859375
0.0014700889587402344
0.0015511512756347656
0.0014815330505371094
0.0014672279357910156
0.0014777183532714844
0.0014829635620117188
0.0015459060668945312
0.0013728141784667969
0.0015163421630859375
0.0014042854309082031
0.0014309883117675781
0.0015821456909179688
0.0014119148254394531
0.0014622211456298828
0.0015742778778076172
0.0014526844024658203
0.001462697982788086
0.0013649463653564453
0.0014281272888183594
0.0015959739685058594
0.0014719963073730469
0.0014653205871582031
0.0014061927795410156
0.0015511512756347656
0.0014717578887939453
0.0014581680297851562
0.0014636516571044922
0.0014641284942626953
0.0014417171478271484
0.001482248306274414
0.0014185905456542969
0.0014526844024658203
0.0014064311981201172
0.0013761520385742188
0.001422882080078125
0.001428842544555664
0.0014619827270507812
0.00147247314453125
0.0014405250549316406
0.0015485286712646484
0.001461029052734375
0.0014123916625976562
0.0014543533325195312
0.001447439193725586
0.0014865398406982422
0.0014407634735107422
0.001462697982788086
0.0014100074768066406
0.0014557838439941406
0.0013842582702636719
0.0014410018920898438
0.0013513565063476562
0.0014390945434570312
0.0015513896942138672
0.0014781951904296875
0.0014379024505615234
0.0014617443084716797
0.001459360122680664
0.0014805793762207031
0.001409292221069336
0.0015206336975097656
0.0014350414276123047
0.0014252662658691406
0.001407623291015625
0.0013620853424072266
0.0013649463653564453
0.0015132427215576172
0.0013654232025146484
0.001382589340209961
0.0014612674713134766
0.0014357566833496094
0.001451730728149414
0.0013911724090576172
0.0013668537139892578
0.0013804435729980469
0.0013663768768310547
0.0013704299926757812
0.0014100074768066406
0.0014064311981201172
0.001438140869140625
0.0014507770538330078
0.0013570785522460938
0.0014562606811523438
0.0013899803161621094
0.0014677047729492188
0.0015769004821777344
0.0014700889587402344
0.0014574527740478516
0.0013782978057861328
0.0014698505401611328
0.0014662742614746094
0.001428842544555664
0.0014057159423828125
0.0014181137084960938
0.0014314651489257812
0.0014410018920898438
0.0013589859008789062
0.0014002323150634766
0.0013604164123535156
0.0013623237609863281
0.0015037059783935547
0.0013535022735595703
0.001383066177368164
0.0014421939849853516
0.0014605522155761719
0.0013723373413085938
0.001428365707397461
0.0014348030090332031
0.0014355182647705078
0.0013632774353027344
0.0013699531555175781
0.0014524459838867188
0.0014483928680419922
0.0013782978057861328
0.0014638900756835938
0.001361846923828125
0.0014421939849853516
0.0014154911041259766
0.0013766288757324219
0.0013661384582519531
0.0015287399291992188
0.0014193058013916016
0.001386404037475586
0.0013668537139892578
0.001379251480102539
0.001363992691040039
0.001369476318359375
0.0013747215270996094
0.0014731884002685547
0.0014312267303466797
0.0014526844024658203
0.0014607906341552734
0.001447916030883789
0.0014629364013671875
0.0013659000396728516
0.0014259815216064453
0.0014090538024902344
0.001438140869140625
0.0014770030975341797
0.0014338493347167969
0.001459360122680664
0.0014183521270751953
0.0014405250549316406
0.00145721435546875
0.0014150142669677734
0.0014336109161376953
0.0014667510986328125
0.0014240741729736328
0.0013775825500488281
0.0014400482177734375
0.001375436782836914
0.0013680458068847656
0.0013697147369384766
0.0015413761138916016
0.0015728473663330078
0.001567840576171875
0.0015072822570800781
0.0016012191772460938
0.0015006065368652344
0.0014271736145019531
0.0014324188232421875
0.0015285015106201172
0.0014369487762451172
0.0014390945434570312
0.0014531612396240234
0.001399993896484375
0.0014052391052246094
0.0014154911041259766
