0.0015540122985839844
0.0014815330505371094
0.0014605522155761719
0.001474618911743164
0.0014719963073730469
0.0014579296112060547
0.001470327377319336
0.001466512680053711
0.0015442371368408203
0.0014808177947998047
0.0014750957489013672
0.0015115737915039062
0.0014576911926269531
0.0014166831970214844
0.0014679431915283203
0.0014905929565429688
0.0015177726745605469
0.0014805793762207031
0.0014760494232177734
0.0014803409576416016
0.001462697982788086
0.0014247894287109375
0.001486063003540039
0.0014710426330566406
0.0015499591827392578
0.0014674663543701172
0.0014853477478027344
0.001500844955444336
0.0015614032745361328
0.0015017986297607422
0.0014886856079101562
0.0014789104461669922
0.001528024673461914
0.0014622211456298828
0.001499176025390625
0.0014770030975341797
0.001470327377319336
0.0014731884002685547
0.0014719963073730469
0.0014910697937011719
0.0015227794647216797
0.0015039443969726562
0.0015075206756591797
0.0015032291412353516
0.001415252685546875
0.0014841556549072266
0.0014681816101074219
0.0014917850494384766
0.0014810562133789062
0.0016629695892333984
0.0016014575958251953
0.001524209976196289
0.0015718936920166016
0.0015838146209716797
0.0015578269958496094
0.0015306472778320312
0.0015702247619628906
0.0015459060668945312
0.0015518665313720703
0.0015575885772705078
0.0015377998352050781
0.001560211181640625
0.0015647411346435547
0.0015530586242675781
0.0015802383422851562
0.0016868114471435547
0.0017094612121582031
0.0015938282012939453
0.0015544891357421875
0.0016100406646728516
0.0015497207641601562
0.0016238689422607422
0.001583099365234375
0.0015838146209716797
0.0015683174133300781
0.001474142074584961
0.0015361309051513672
0.0014944076538085938
0.0014595985412597656
0.001653432846069336
0.0014874935150146484
0.001584768295288086
0.0015225410461425781
0.0014536380767822266
0.001651763916015625
0.0014553070068359375
0.0015671253204345703
0.0015189647674560547
0.0014116764068603516
0.0016705989837646484
0.0015425682067871094
0.0016660690307617188
0.0014734268188476562
0.0015308856964111328
0.0016078948974609375
0.0014667510986328125
0.0016698837280273438
0.0015132427215576172
0.001554727554321289
0.0015499591827392578
0.0014834403991699219
0.0016913414001464844
0.0015223026275634766
0.0016465187072753906
0.0015113353729248047
0.0015113353729248047
0.0016367435455322266
0.0014829635620117188
0.0016834735870361328
0.00148773193359375
0.0015456676483154297
0.0015749931335449219
0.0014278888702392578
0.0016202926635742188
0.0014934539794921875
0.001520395278930664
0.001585245132446289
0.001455545425415039
0.0015702247619628906
0.0014832019805908203
0.0015337467193603516
0.0015020370483398438
0.001474618911743164
0.0015881061553955078
0.0015015602111816406
0.0015568733215332031
0.0016238689422607422
0.0014846324920654297
0.0015981197357177734
0.0014791488647460938
0.0015325546264648438
0.0015206336975097656
0.0014808177947998047
0.0016012191772460938
0.001575469970703125
0.0015482902526855469
0.0014960765838623047
0.0014748573303222656
0.0015535354614257812
0.0014755725860595703
0.0015451908111572266
0.0015418529510498047
0.0015323162078857422
0.0015492439270019531
0.0015070438385009766
0.001539468765258789
0.0014958381652832031
0.0014841556549072266
0.0015211105346679688
0.0015213489532470703
0.001585245132446289
0.0015108585357666016
0.0015459060668945312
0.0014636516571044922
0.001489877700805664
0.0015354156494140625
0.0015075206756591797
0.0015480518341064453
0.0015246868133544922
0.0014848709106445312
0.0015544891357421875
0.0014874935150146484
0.0014634132385253906
0.0015382766723632812
0.001432657241821289
0.0015604496002197266
0.00146484375
0.0014257431030273438
0.0015294551849365234
0.0014357566833496094
0.0015406608581542969
0.0014634132385253906
0.0014243125915527344
0.0015630722045898438
0.0014278888702392578
0.0014767646789550781
0.001481771469116211
0.0014884471893310547
0.0015711784362792969
0.0015077590942382812
0.0016169548034667969
0.0015444755554199219
0.001501321792602539
0.0015594959259033203
0.001432180404663086
0.0015027523040771484
0.0015423297882080078
0.0014638900756835938
0.0015478134155273438
0.0014867782592773438
0.001512765884399414
0.0015077590942382812
0.0014774799346923828
0.0015764236450195312
0.0014789104461669922
0.001529693603515625
0.0015106201171875
0.0014846324920654297
0.0015578269958496094
0.001489877700805664
0.0015261173248291016
0.0014998912811279297
0.0014116764068603516
0.0015790462493896484
0.0014691352844238281
0.0015156269073486328
0.0014951229095458984
0.0014538764953613281
0.0015790462493896484
0.0014884471893310547
0.001527547836303711
0.0015265941619873047
0.0015032291412353516
0.0016574859619140625
0.0015308856964111328
0.0016317367553710938
0.001641988754272461
0.00154876708984375
0.0016777515411376953
0.001558542251586914
0.0016999244689941406
0.001561880111694336
0.0015664100646972656
0.0015902519226074219
0.0014774799346923828
0.0016629695892333984
0.001458883285522461
0.0015485286712646484
0.0016102790832519531
0.0015141963958740234
0.001634836196899414
0.0014815330505371094
0.0015437602996826172
0.001493692398071289
0.0014905929565429688
0.0015439987182617188
0.0014882087707519531
0.0015339851379394531
0.0014884471893310547
0.0014841556549072266
0.0015480518341064453
0.001466512680053711
0.001485586166381836
0.0014791488647460938
0.0015299320220947266
0.0015513896942138672
0.0014827251434326172
0.0015347003936767578
0.0015256404876708984
0.0014767646789550781
0.0015904903411865234
0.001486063003540039
0.0015377998352050781
0.0015244483947753906
0.0014913082122802734
0.0015690326690673828
0.001493215560913086
0.0015380382537841797
0.00150299072265625
0.0014863014221191406
0.001550912857055664
0.0014789104461669922
0.0015473365783691406
0.0015110969543457031
0.0014717578887939453
0.0015604496002197266
0.0014836788177490234
0.0015590190887451172
0.0015969276428222656
0.0015590190887451172
0.0015544891357421875
0.0015652179718017578
0.0016031265258789062
0.0014736652374267578
0.0016009807586669922
0.0015673637390136719
0.0016219615936279297
0.0015594959259033203
0.0015957355499267578
0.0015642642974853516
0.0015316009521484375
0.001550436019897461
0.0015721321105957031
0.0016646385192871094
0.0015628337860107422
0.0014615058898925781
0.001489400863647461
0.001622915267944336
0.0015892982482910156
0.0016624927520751953
0.0015597343444824219
0.0016176700592041016
0.0015382766723632812
0.001512765884399414
0.0016613006591796875
0.0014560222625732422
0.0015711784362792969
0.001543283462524414
0.0015053749084472656
0.001539468765258789
0.001491546630859375
0.0015158653259277344
0.0014996528625488281
0.0014791488647460938
0.0015125274658203125
0.0014846324920654297
0.001543283462524414
0.0015444755554199219
0.0014889240264892578
0.0015575885772705078
0.0014634132385253906
0.0015304088592529297
0.0014774799346923828
0.0014810562133789062
0.0015311241149902344
0.0015099048614501953
0.001489400863647461
0.0014722347259521484
0.0014667510986328125
0.0014688968658447266
0.0014760494232177734
0.0015015602111816406
0.0015630722045898438
0.0015287399291992188
0.0014772415161132812
0.0014693737030029297
0.0015387535095214844
0.001466989517211914
0.0014870166778564453
0.0014896392822265625
0.0015511512756347656
0.0015273094177246094
0.0014617443084716797
0.0015788078308105469
0.0015544891357421875
0.0015401840209960938
0.0015802383422851562
0.001544952392578125
0.0017130374908447266
0.001581430435180664
0.0015594959259033203
0.0016217231750488281
0.001581430435180664
0.0015451908111572266
0.001522064208984375
0.0014543533325195312
0.0015599727630615234
0.00147247314453125
0.0014777183532714844
0.0015294551849365234
0.0014526844024658203
0.0015332698822021484
0.0015099048614501953
0.0014920234680175781
0.0015358924865722656
0.0014638900756835938
0.0015361309051513672
0.0014564990997314453
0.0014905929565429688
0.0014622211456298828
0.0014753341674804688
0.0014812946319580078
0.001520395278930664
0.001466989517211914
0.0014576911926269531
0.0014755725860595703
0.0014634132385253906
0.0014812946319580078
0.001476287841796875
0.0014755725860595703
0.0014729499816894531
0.001461029052734375
0.0014853477478027344
0.0014884471893310547
0.0014688968658447266
0.0014629364013671875
0.00148773193359375
0.0014698505401611328
0.0014705657958984375
0.00147247314453125
0.0014765262603759766
0.0014748573303222656
0.001483917236328125
0.001478433609008789
0.0014853477478027344
0.0014908313751220703
0.0014600753784179688
0.0014729499816894531
0.0014863014221191406
0.001531362533569336
0.0015041828155517578
0.001485586166381836
0.0014958381652832031
0.0014865398406982422
0.0015208721160888672
0.001531839370727539
0.0014841556549072266
0.001463174819946289
0.0014929771423339844
0.0015745162963867188
0.001468658447265625
0.0015316009521484375
0.0015215873718261719
0.001538991928100586
0.0015254020690917969
0.0015516281127929688
0.0015914440155029297
0.0015447139739990234
0.001516580581665039
0.0015714168548583984
0.001581430435180664
0.0016083717346191406
0.0015454292297363281
0.0014796257019042969
0.0015459060668945312
0.0014879703521728516
0.0015039443969726562
0.001538991928100586
0.0016870498657226562
0.0015616416931152344
0.0015728473663330078
0.001596212387084961
0.0016088485717773438
0.0015621185302734375
0.001569986343383789
0.0015747547149658203
0.001613616943359375
0.0014820098876953125
0.0015554428100585938
0.0015873908996582031
0.0014693737030029297
0.001573324203491211
0.00151824951171875
0.0015451908111572266
0.0015299320220947266
0.0014939308166503906
0.0016112327575683594
0.0015213489532470703
0.0015091896057128906
0.0015375614166259766
0.0015125274658203125
0.001672506332397461
0.001531362533569336
0.0015518665313720703
0.0015048980712890625
0.001575469970703125
0.0015628337860107422
0.0014524459838867188
0.0015401840209960938
0.0015537738800048828
0.0015022754669189453
0.0015482902526855469
0.0014615058898925781
0.0016314983367919922
0.001514434814453125
0.0015077590942382812
0.0015728473663330078
0.0014646053314208984
0.0015616416931152344
0.0014789104461669922
0.0015003681182861328
0.0015549659729003906
0.0015149116516113281
0.0015921592712402344
0.0014946460723876953
0.0015795230865478516
0.0015180110931396484
0.0014743804931640625
0.0015475749969482422
0.0014874935150146484
0.0015916824340820312
0.001516103744506836
0.0015001296997070312
0.0017049312591552734
0.0015149116516113281
0.0015263557434082031
0.0015075206756591797
0.0014722347259521484
0.0015842914581298828
0.0015053749084472656
0.0015223026275634766
0.0014739036560058594
0.0014352798461914062
0.0015981197357177734
0.0014526844024658203
0.0014760494232177734
0.0014853477478027344
0.001474618911743164
0.0015821456909179688
0.0014863014221191406
0.0014870166778564453
0.0015370845794677734
0.0014581680297851562
0.0014917850494384766
0.0014338493347167969
0.0015225410461425781
0.0015664100646972656
0.0014314651489257812
0.0014824867248535156
0.0015621185302734375
0.001528024673461914
0.0014903545379638672
0.0014872550964355469
0.0015690326690673828
0.0015687942504882812
0.0015063285827636719
0.0014696121215820312
0.001459360122680664
0.0015795230865478516
0.0014688968658447266
0.0014879703521728516
0.0015010833740234375
0.001613616943359375
0.001542806625366211
0.0014526844024658203
0.0015292167663574219
0.0015757083892822266
0.001461029052734375
0.0014774799346923828
0.0015914440155029297
0.0015726089477539062
0.0015354156494140625
0.0014383792877197266
0.0014672279357910156
0.001512765884399414
0.0015194416046142578
0.0014586448669433594
0.001478433609008789
0.001539468765258789
0.001443624496459961
0.0014874935150146484
0.0014982223510742188
0.0015370845794677734
0.0015594959259033203
0.0015668869018554688
0.0014958381652832031
0.0016078948974609375
0.0014483928680419922
0.0014889240264892578
0.0014629364013671875
0.0014677047729492188
0.0014834403991699219
0.0014841556549072266
0.0015342235565185547
0.0016160011291503906
0.001476287841796875
0.0014889240264892578
0.0014493465423583984
0.0015048980712890625
0.0015034675598144531
0.0015201568603515625
0.0016057491302490234
0.0015423297882080078
0.0015690326690673828
0.001478433609008789
0.0015437602996826172
0.001461029052734375
0.0014693737030029297
0.0014710426330566406
0.0015273094177246094
0.0015535354614257812
0.0014758110046386719
0.0014753341674804688
0.0014832019805908203
0.0014755725860595703
0.0014891624450683594
0.0014698505401611328
0.0014672279357910156
0.0016276836395263672
0.00147247314453125
0.001486063003540039
0.0015583038330078125
0.0015377998352050781
0.001489877700805664
0.0015022754669189453
0.0015201568603515625
0.0015637874603271484
0.0014810562133789062
0.0014934539794921875
0.0014960765838623047
0.0014913082122802734
0.001493215560913086
0.0014660358428955078
0.001486063003540039
0.0015637874603271484
0.0014832019805908203
0.0014812946319580078
0.001539468765258789
0.0016777515411376953
0.0014848709106445312
0.0014858245849609375
0.0014996528625488281
0.0014722347259521484
0.0014944076538085938
0.001580953598022461
0.0014884471893310547
0.0014772415161132812
0.0014421939849853516
0.001474618911743164
0.0014781951904296875
0.001466989517211914
0.0014901161193847656
0.0014994144439697266
0.0014941692352294922
0.0014696121215820312
0.0014271736145019531
0.001500844955444336
0.0014677047729492188
0.0015442371368408203
0.0014564990997314453
0.0014183521270751953
0.001455545425415039
0.001527547836303711
0.0014657974243164062
0.0015957355499267578
0.0015032291412353516
0.0015573501586914062
0.001455068588256836
0.0014681816101074219
0.00148773193359375
0.0015254020690917969
0.0014638900756835938
0.0014641284942626953
0.0014598369598388672
0.0015673637390136719
0.0014805793762207031
0.0014824867248535156
0.0014753341674804688
0.0014796257019042969
0.0014531612396240234
0.0014803409576416016
0.0015234947204589844
0.0015234947204589844
0.0014634132385253906
0.0014548301696777344
0.0014514923095703125
0.001477956771850586
0.0014688968658447266
0.0014574527740478516
0.0014679431915283203
0.0015561580657958984
0.0015108585357666016
0.0015063285827636719
0.0014662742614746094
0.0014884471893310547
0.0014598369598388672
0.0014765262603759766
0.0014989376068115234
0.001482248306274414
0.0014700889587402344
0.0014650821685791016
0.0014929771423339844
0.0015850067138671875
0.0015230178833007812
0.0014841556549072266
0.0014567375183105469
0.001459360122680664
0.0014655590057373047
0.0014727115631103516
0.0014719963073730469
0.0014576911926269531
0.0014731884002685547
0.0014805793762207031
0.0014805793762207031
0.0014581680297851562
0.0014576911926269531
0.001415252685546875
0.0014834403991699219
0.001497030258178711
0.00141143798828125
0.0014772415161132812
0.0014884471893310547
0.0014760494232177734
0.001522064208984375
0.0014200210571289062
0.0014641284942626953
0.0015015602111816406
0.0014827251434326172
0.001470327377319336
0.0015437602996826172
0.0015702247619628906
0.0014498233795166016
0.0014739036560058594
0.0014460086822509766
0.0014841556549072266
0.0014755725860595703
0.0015366077423095703
0.0015702247619628906
0.0017750263214111328
0.0018157958984375
0.0015325546264648438
0.0014913082122802734
0.0014812946319580078
0.0014920234680175781
0.0015077590942382812
0.0015680789947509766
0.0014743804931640625
0.0014619827270507812
0.0014674663543701172
0.001495361328125
0.0015234947204589844
0.0014891624450683594
0.0014972686767578125
0.0014646053314208984
0.0014808177947998047
0.0014557838439941406
0.001495361328125
0.001493215560913086
0.001466512680053711
0.0014553070068359375
0.0014865398406982422
0.0014712810516357422
0.001481771469116211
0.001552581787109375
0.0015478134155273438
0.0016040802001953125
0.0014643669128417969
0.0015184879302978516
0.0014722347259521484
0.0014836788177490234
0.001542806625366211
0.0015420913696289062
0.00154876708984375
0.0015301704406738281
0.0014789104461669922
0.0015287399291992188
0.0014941692352294922
0.0015337467193603516
0.0016369819641113281
0.0015108585357666016
0.0014674663543701172
0.0014791488647460938
0.0015566349029541016
0.0015513896942138672
0.0015056133270263672
0.0015633106231689453
0.0014734268188476562
0.0014710426330566406
0.0014734268188476562
0.0015387535095214844
0.0015048980712890625
0.001474142074584961
0.0014667510986328125
0.001463174819946289
0.0014619827270507812
0.0014848709106445312
0.0014519691467285156
0.0014967918395996094
0.0015749931335449219
0.001483917236328125
0.0014889240264892578
0.0014619827270507812
0.0014889240264892578
0.0014677047729492188
0.0014655590057373047
0.0015597343444824219
0.0014693737030029297
0.0015246868133544922
0.001569509506225586
0.0015339851379394531
0.0014698505401611328
0.0014677047729492188
0.0014903545379638672
0.0015048980712890625
0.0014925003051757812
0.0015053749084472656
0.0014736652374267578
0.0014770030975341797
0.0015430450439453125
0.0014812946319580078
0.0015141963958740234
0.0014600753784179688
0.0014905929565429688
0.0014941692352294922
0.0014736652374267578
0.001508474349975586
0.0015153884887695312
0.0014994144439697266
0.0015354156494140625
0.0014696121215820312
0.0015225410461425781
0.0015349388122558594
0.0014796257019042969
0.0014882087707519531
0.0015223026275634766
0.0015912055969238281
0.001527547836303711
0.0015485286712646484
0.0015869140625
0.001560211181640625
0.0015857219696044922
0.0015721321105957031
0.0015387535095214844
0.0015742778778076172
0.001558542251586914
0.0015652179718017578
0.0015492439270019531
0.0015552043914794922
0.001550436019897461
0.0015723705291748047
0.0015540122985839844
0.0015931129455566406
0.0015408992767333984
0.0015327930450439453
0.0014672279357910156
0.0015408992767333984
0.0015399456024169922
0.0015170574188232422
0.001512765884399414
0.0014796257019042969
0.0014758110046386719
0.001524209976196289
0.0015094280242919922
0.0014605522155761719
0.0015788078308105469
0.0015590190887451172
0.0015020370483398438
0.0014731884002685547
0.0014848709106445312
0.0014815330505371094
0.0014691352844238281
0.001432657241821289
0.0014772415161132812
0.0014960765838623047
0.001493215560913086
0.0014882087707519531
0.001466989517211914
0.0014905929565429688
0.0015587806701660156
0.0014848709106445312
0.0015194416046142578
0.0015523433685302734
0.001447916030883789
0.0015206336975097656
0.0014591217041015625
0.0015225410461425781
0.0014832019805908203
0.0014700889587402344
0.001489400863647461
0.00152587890625
0.0015568733215332031
0.0015130043029785156
0.0014696121215820312
0.0014879703521728516
0.001505136489868164
0.0015327930450439453
0.0014717578887939453
0.0015513896942138672
0.0015301704406738281
0.0014743804931640625
0.0014791488647460938
0.0014562606811523438
0.001470327377319336
0.0015408992767333984
0.0015492439270019531
0.0015308856964111328
0.0015323162078857422
0.001554727554321289
0.0015721321105957031
0.0015120506286621094
0.0015683174133300781
0.0015535354614257812
0.0015687942504882812
0.0015866756439208984
0.00156402587890625
0.0015728473663330078
0.0015566349029541016
0.0015723705291748047
0.001550912857055664
0.0015575885772705078
0.0016105175018310547
0.0015702247619628906
0.0015785694122314453
0.0015575885772705078
0.0014705657958984375
0.0015633106231689453
0.0014655590057373047
0.0015025138854980469
0.001567840576171875
0.0015120506286621094
0.0015516281127929688
0.0014696121215820312
0.0015137195587158203
0.0015265941619873047
0.0014660358428955078
0.0015571117401123047
0.001504659652709961
0.0015454292297363281
0.0014939308166503906
0.0014684200286865234
0.0015690326690673828
0.0014731884002685547
0.0015723705291748047
0.0015075206756591797
0.0016522407531738281
0.0015571117401123047
0.00148773193359375
0.0016028881072998047
0.0015408992767333984
0.0015211105346679688
0.0015506744384765625
0.0015039443969726562
0.001636505126953125
0.0015382766723632812
0.0014841556549072266
0.0015227794647216797
0.0014808177947998047
0.0015530586242675781
0.001489877700805664
0.001603841781616211
0.0015978813171386719
0.0014607906341552734
0.001583099365234375
0.0014734268188476562
0.0015532970428466797
0.0015141963958740234
0.0014646053314208984
0.0015606880187988281
0.0015645027160644531
0.0014986991882324219
0.0015130043029785156
0.0014700889587402344
0.0015413761138916016
0.0014972686767578125
0.0015130043029785156
0.0015554428100585938
0.001556396484375
0.0015645027160644531
0.001554250717163086
0.0016865730285644531
0.001543283462524414
0.0015134811401367188
0.001569509506225586
0.0016007423400878906
0.0015358924865722656
0.0015439987182617188
0.0015821456909179688
0.001535177230834961
0.0015759468078613281
0.0015861988067626953
0.001466512680053711
0.0015871524810791016
0.0015270709991455078
0.00153350830078125
0.0015702247619628906
0.0014529228210449219
0.001544952392578125
0.0015897750854492188
0.0015239715576171875
0.0016369819641113281
0.001466512680053711
0.0015304088592529297
0.001500844955444336
0.001560211181640625
0.0016219615936279297
0.0014777183532714844
0.0016055107116699219
0.0015926361083984375
0.0015976428985595703
0.0015418529510498047
0.0015759468078613281
0.001580953598022461
0.0015146732330322266
0.0016217231750488281
0.0016856193542480469
0.0014560222625732422
0.0015952587127685547
0.001493215560913086
0.0015232563018798828
0.0014944076538085938
0.0014922618865966797
0.001668691635131836
0.001459360122680664
0.0015425682067871094
0.0014584064483642578
0.0014297962188720703
0.0015604496002197266
0.0015578269958496094
0.001528024673461914
0.0015230178833007812
0.0015501976013183594
0.0016248226165771484
0.0014643669128417969
0.0016434192657470703
0.0015468597412109375
0.0016214847564697266
0.0017490386962890625
0.0015802383422851562
0.0016696453094482422
0.001543283462524414
0.00159454345703125
0.001486063003540039
0.001512289047241211
0.001523733139038086
0.0014681816101074219
0.0015921592712402344
0.001493692398071289
0.0014858245849609375
0.0016226768493652344
0.001428842544555664
