0.0044596195220947266
0.004591941833496094
0.004288911819458008
0.004323482513427734
0.004290580749511719
0.00433039665222168
0.004542112350463867
0.004301548004150391
0.004282474517822266
0.0047528743743896484
0.0054552555084228516
0.004355907440185547
0.0047533512115478516
0.004404306411743164
0.004411220550537109
0.0043370723724365234
0.004284381866455078
0.0042841434478759766
0.004293203353881836
0.004368782043457031
0.004351377487182617
0.004808902740478516
0.004476070404052734
0.0043659210205078125
0.004378795623779297
0.004331111907958984
0.004334211349487305
0.004339456558227539
0.004371166229248047
0.004839420318603516
0.004387855529785156
0.004456043243408203
0.004311800003051758
0.0043680667877197266
0.00441288948059082
0.004385232925415039
0.004389762878417969
0.004860401153564453
0.004489898681640625
0.004450798034667969
0.0043828487396240234
0.00434565544128418
0.004367828369140625
0.004372835159301758
0.004350185394287109
0.0048370361328125
0.004441261291503906
0.004337787628173828
0.004355669021606445
0.004449367523193359
0.004426002502441406
0.004326343536376953
0.0043756961822509766
0.004886150360107422
0.004434347152709961
0.004506349563598633
0.004437685012817383
0.004433155059814453
0.0044155120849609375
0.004430294036865234
0.004342079162597656
0.0043487548828125
0.004395961761474609
0.0035657882690429688
0.004361152648925781
0.004422426223754883
0.004357576370239258
0.004378318786621094
0.004522562026977539
0.004557371139526367
0.004492759704589844
0.0044918060302734375
0.004321575164794922
0.004358530044555664
0.004357337951660156
0.005027294158935547
0.0049169063568115234
0.004408836364746094
0.004379749298095703
0.004372358322143555
0.004399538040161133
0.004388332366943359
0.004381895065307617
0.0043065547943115234
0.0044078826904296875
0.004334926605224609
0.004323244094848633
0.00430750846862793
0.0042917728424072266
0.004267692565917969
0.0043048858642578125
0.004302501678466797
0.004287242889404297
0.00431060791015625
0.004266023635864258
0.004273653030395508
0.004305124282836914
0.004405975341796875
0.004418611526489258
0.004288911819458008
0.0042877197265625
0.004296302795410156
0.004404306411743164
0.004822492599487305
0.004476308822631836
0.004616737365722656
0.0047838687896728516
0.004700422286987305
0.004624605178833008
0.004411220550537109
0.004427194595336914
0.0043871402740478516
0.004457712173461914
0.004370450973510742
0.0043795108795166016
0.00438690185546875
0.0044634342193603516
0.004595756530761719
0.004585742950439453
0.004365205764770508
0.004332780838012695
0.0045087337493896484
0.004378318786621094
0.0042955875396728516
0.004296064376831055
0.004316568374633789
0.004271745681762695
0.004292726516723633
0.004332304000854492
0.0042765140533447266
0.004292964935302734
0.0042934417724609375
0.00427556037902832
0.0042612552642822266
0.004271507263183594
0.004345417022705078
0.00432586669921875
0.004308223724365234
0.004331111907958984
0.0044345855712890625
0.004385948181152344
0.004483461380004883
0.0043299198150634766
0.004419565200805664
0.004326820373535156
0.004378557205200195
0.004342079162597656
0.004436492919921875
0.004277706146240234
0.004254341125488281
0.0042705535888671875
0.0043697357177734375
0.004347085952758789
0.004297018051147461
0.0042917728424072266
0.0043108463287353516
0.004280567169189453
0.004302978515625
0.004279375076293945
0.0042803287506103516
0.004263639450073242
0.004316806793212891
0.004258871078491211
0.004364967346191406
0.00434565544128418
0.004870414733886719
0.004332304000854492
0.0047528743743896484
0.004422903060913086
0.0044138431549072266
0.004354000091552734
0.004294872283935547
0.004274845123291016
0.0042858123779296875
0.004266023635864258
0.00431060791015625
0.004433870315551758
0.00435638427734375
0.00427556037902832
0.004281282424926758
0.00428462028503418
0.0042765140533447266
0.004271984100341797
0.0042989253997802734
0.004292011260986328
0.004285097122192383
0.004309177398681641
0.004326581954956055
0.004313945770263672
0.0043141841888427734
0.004273653030395508
0.004286766052246094
0.0042917728424072266
0.004260540008544922
0.004271984100341797
0.004281759262084961
0.004271745681762695
0.004261970520019531
0.00432276725769043
0.004305124282836914
0.004311323165893555
0.004316091537475586
0.004328250885009766
0.004324197769165039
0.004292488098144531
0.004311084747314453
0.0043354034423828125
0.004301309585571289
0.004309177398681641
0.0043184757232666016
0.004281282424926758
0.0043010711669921875
0.004286289215087891
0.004280567169189453
0.004319906234741211
0.004286766052246094
0.004306316375732422
0.004317045211791992
0.0042743682861328125
0.004284858703613281
0.004296541213989258
0.004314899444580078
0.0042994022369384766
0.004281044006347656
0.004306793212890625
0.004287242889404297
0.00425267219543457
0.004305362701416016
0.004298686981201172
0.0043141841888427734
0.0043048858642578125
0.004372358322143555
0.004388093948364258
0.004323244094848633
0.00432586669921875
0.004306793212890625
0.004504680633544922
0.004320383071899414
0.004297018051147461
0.004338741302490234
0.004388332366943359
0.004378080368041992
0.004433155059814453
0.004427671432495117
0.0043239593505859375
0.0044171810150146484
0.0043468475341796875
0.004302024841308594
0.004297971725463867
0.004281759262084961
0.004278898239135742
0.004269838333129883
0.004341602325439453
0.004318952560424805
0.004510402679443359
0.004377126693725586
0.0043485164642333984
0.004337310791015625
0.0042858123779296875
0.004271268844604492
0.004283428192138672
0.004320859909057617
0.004302978515625
0.004270076751708984
0.0042858123779296875
0.004292964935302734
0.004281520843505859
0.004316568374633789
0.004364013671875
0.004386186599731445
0.0043256282806396484
0.004303693771362305
0.0045430660247802734
0.004320859909057617
0.004345417022705078
0.00433349609375
0.004277467727661133
0.004285097122192383
0.004318714141845703
0.004259586334228516
0.004251956939697266
0.004288434982299805
0.004298686981201172
0.004244089126586914
0.0043146610260009766
0.004297733306884766
0.004296064376831055
0.004322052001953125
0.004581451416015625
0.004553318023681641
0.0050046443939208984
0.004614591598510742
0.004602670669555664
0.004488706588745117
0.004286289215087891
0.004270315170288086
0.00424957275390625
0.004280567169189453
0.004266977310180664
0.004273891448974609
0.004270792007446289
0.0042705535888671875
0.004277467727661133
0.004268169403076172
0.004259824752807617
0.004276275634765625
0.0042819976806640625
0.0042743682861328125
0.004268169403076172
0.004262208938598633
0.004261016845703125
0.004319190979003906
0.004333019256591797
0.004311084747314453
0.004353761672973633
0.0043163299560546875
0.0044803619384765625
0.004404783248901367
0.004343986511230469
0.0043141841888427734
0.004426002502441406
0.004309654235839844
0.0043528079986572266
0.004348278045654297
0.0043010711669921875
0.004276275634765625
0.004291534423828125
0.004286289215087891
0.004239559173583984
0.004251718521118164
0.0042629241943359375
0.00426483154296875
0.004269599914550781
0.0042705535888671875
0.004411220550537109
0.004425048828125
0.0045070648193359375
0.00438690185546875
0.00445246696472168
0.004343986511230469
0.004303455352783203
0.004358530044555664
0.004544258117675781
0.004393815994262695
0.0043141841888427734
0.004353046417236328
0.004286766052246094
0.004338264465332031
0.004320621490478516
0.004348278045654297
0.0043184757232666016
0.004447221755981445
0.004381895065307617
0.0042743682861328125
0.004402637481689453
0.004317045211791992
0.004328489303588867
0.004355669021606445
0.004311800003051758
0.0043485164642333984
0.004416227340698242
0.004395961761474609
0.004339694976806641
0.004336357116699219
0.00439453125
0.004302263259887695
0.004321575164794922
0.004263639450073242
0.004267215728759766
0.004273414611816406
0.004242897033691406
0.00428318977355957
0.004277229309082031
0.004288434982299805
0.0042645931243896484
0.004246950149536133
0.00426793098449707
0.00426173210144043
0.004276275634765625
0.005475044250488281
0.004421234130859375
0.004268646240234375
0.004257917404174805
0.0042803287506103516
0.004258155822753906
0.004265785217285156
0.0042726993560791016
0.004305839538574219
0.004306316375732422
0.004277706146240234
0.004271268844604492
0.004315614700317383
0.004325389862060547
0.004374027252197266
0.004344940185546875
0.005018472671508789
0.004668712615966797
0.004697084426879883
0.004669189453125
0.004682779312133789
0.004686594009399414
0.004654645919799805
0.004705667495727539
0.005048513412475586
0.005224704742431641
0.00463104248046875
0.004618167877197266
0.0046215057373046875
0.00463104248046875
0.004696369171142578
0.004625082015991211
0.004965543746948242
0.004712343215942383
0.004679441452026367
0.004664182662963867
0.0046350955963134766
0.0046329498291015625
0.004303455352783203
0.004294633865356445
0.004315376281738281
0.004964590072631836
0.0046844482421875
0.004591941833496094
0.00445103645324707
0.00462651252746582
0.004330635070800781
0.004377603530883789
0.004408836364746094
0.00439143180847168
0.004394054412841797
0.004312276840209961
0.004315614700317383
0.004321098327636719
0.0043447017669677734
0.004373073577880859
0.00433659553527832
0.004407167434692383
0.004796266555786133
0.004329681396484375
0.004385948181152344
0.004392385482788086
0.004345893859863281
0.0043561458587646484
0.004325389862060547
0.004342079162597656
0.0050525665283203125
0.004655122756958008
0.0046732425689697266
0.004647970199584961
0.004712343215942383
0.004685878753662109
0.004667520523071289
0.0046694278717041016
0.005036592483520508
0.004710197448730469
0.0046710968017578125
0.004592180252075195
0.004437685012817383
0.004465818405151367
0.004467964172363281
0.004311561584472656
0.00433802604675293
0.0043256282806396484
0.004325151443481445
0.004311323165893555
0.00429224967956543
0.004525661468505859
0.0044248104095458984
0.004629373550415039
0.005263090133666992
0.004330158233642578
0.004793405532836914
0.0044825077056884766
0.004396915435791016
0.004400491714477539
0.004399538040161133
0.004492759704589844
0.004492044448852539
0.004422187805175781
0.004471302032470703
0.004752159118652344
0.00455474853515625
0.004479169845581055
0.004507780075073242
0.004473447799682617
0.004470109939575195
0.004495859146118164
0.004478931427001953
0.004469633102416992
0.004858493804931641
0.005010128021240234
0.004511833190917969
0.00449061393737793
0.0044748783111572266
0.004288434982299805
0.004334449768066406
0.004332065582275391
0.004385232925415039
0.004471302032470703
0.016453266143798828
0.016451358795166016
0.016355514526367188
0.008797168731689453
0.0049207210540771484
0.0044176578521728516
0.004319906234741211
0.0043010711669921875
0.004278659820556641
0.00440669059753418
0.0043184757232666016
0.004297494888305664
0.004277706146240234
0.004266023635864258
0.004273176193237305
0.00426030158996582
0.004304170608520508
0.0042819976806640625
0.004288673400878906
0.004332304000854492
0.0043370723724365234
0.004295825958251953
0.004273414611816406
0.004504680633544922
0.004273891448974609
0.004279375076293945
0.004282474517822266
0.004306316375732422
0.0042879581451416016
0.004309415817260742
0.004381418228149414
0.004373788833618164
0.004307985305786133
0.004422664642333984
0.004360675811767578
0.004353523254394531
0.0045375823974609375
0.004324197769165039
0.004264116287231445
0.004286527633666992
0.0043179988861083984
0.004549503326416016
0.004426717758178711
0.0043447017669677734
0.004314899444580078
0.004331827163696289
0.004400968551635742
0.004328489303588867
0.004293680191040039
0.004323244094848633
0.004282951354980469
0.004269599914550781
0.004278421401977539
0.0045282840728759766
0.004342555999755859
0.004348039627075195
0.004320383071899414
0.004327058792114258
0.004428386688232422
0.004302263259887695
0.004308223724365234
0.004314422607421875
0.004336357116699219
0.004349708557128906
0.0033593177795410156
0.004309177398681641
0.0043392181396484375
0.004307985305786133
0.004264116287231445
0.0042819976806640625
0.004339694976806641
0.004327058792114258
0.004327297210693359
0.004734039306640625
0.004268169403076172
0.004278898239135742
0.004671573638916016
0.0042955875396728516
0.0042877197265625
0.004259347915649414
0.0042724609375
0.004273653030395508
0.004282712936401367
0.004282951354980469
0.004280567169189453
0.004261970520019531
0.0042722225189208984
0.004299640655517578
0.004320859909057617
0.004297494888305664
0.004278898239135742
0.004261493682861328
0.004300832748413086
0.004375457763671875
0.004292964935302734
0.004296064376831055
0.004293203353881836
0.004292964935302734
0.00429987907409668
0.004287004470825195
0.004303693771362305
0.004303455352783203
0.004292964935302734
0.004311561584472656
0.004315614700317383
0.004302978515625
0.0044403076171875
0.004349946975708008
0.004351615905761719
0.004336357116699219
0.004296541213989258
0.0042743682861328125
0.004281520843505859
0.004869222640991211
0.004429340362548828
0.00455474853515625
0.0043964385986328125
0.0045011043548583984
0.004532575607299805
0.004315376281738281
0.0044176578521728516
0.0043087005615234375
0.004828691482543945
0.00450444221496582
0.004323005676269531
0.004337310791015625
0.004326820373535156
0.004441976547241211
0.004426240921020508
0.004349470138549805
0.004739284515380859
0.004347801208496094
0.004480123519897461
0.004450321197509766
0.004399299621582031
0.0046923160552978516
0.004696369171142578
0.004654884338378906
0.004635810852050781
0.0045316219329833984
0.004673480987548828
0.004373073577880859
0.004358530044555664
0.0043179988861083984
0.0043146610260009766
0.004271507263183594
0.0042934417724609375
0.004393339157104492
0.004296779632568359
0.0042994022369384766
0.0042819976806640625
0.00432896614074707
0.0043182373046875
0.00426936149597168
0.0043833255767822266
0.004515171051025391
0.004342555999755859
0.004286766052246094
0.004273653030395508
0.004321098327636719
0.0043239593505859375
0.00431370735168457
0.004306793212890625
0.0044171810150146484
0.004513263702392578
0.004396200180053711
0.004319190979003906
0.004547119140625
0.004343748092651367
0.004399776458740234
0.004293918609619141
0.0042951107025146484
0.004247188568115234
0.004473447799682617
0.004298686981201172
0.004379987716674805
0.004426240921020508
0.004327058792114258
0.004303693771362305
0.004308938980102539
0.00429534912109375
0.004341602325439453
0.0043146610260009766
0.004343509674072266
0.004306316375732422
0.004303932189941406
0.004316806793212891
0.004271268844604492
0.004240989685058594
0.004340410232543945
0.004284858703613281
0.0042724609375
0.004366636276245117
0.0043332576751708984
0.00431513786315918
0.004342079162597656
0.004286766052246094
0.004311800003051758
0.004382610321044922
0.004460334777832031
0.004436969757080078
0.00432276725769043
0.0042972564697265625
0.00437617301940918
0.0043070316314697266
0.005110025405883789
0.00434422492980957
0.004354238510131836
0.004282236099243164
0.004247188568115234
0.004266262054443359
0.004266500473022461
0.004295825958251953
0.004262685775756836
0.004256248474121094
0.00429987907409668
0.004282712936401367
0.0043125152587890625
0.00426483154296875
0.0042877197265625
0.004422664642333984
0.004324436187744141
0.004418611526489258
0.004368782043457031
0.004416942596435547
0.00429844856262207
0.00432586669921875
0.004262685775756836
0.0042726993560791016
0.00424504280090332
0.004247903823852539
0.0042476654052734375
0.004335165023803711
0.004246711730957031
0.0042705535888671875
0.004292011260986328
0.004297733306884766
0.004263162612915039
0.004282712936401367
0.00424647331237793
0.0042765140533447266
0.0042607784271240234
0.004264116287231445
0.0042285919189453125
0.004278659820556641
0.004279375076293945
0.004253864288330078
0.0042498111724853516
0.004253864288330078
0.0043621063232421875
0.004634857177734375
0.004279375076293945
0.0042629241943359375
0.004519939422607422
0.004747152328491211
0.004253387451171875
0.004272937774658203
0.004352092742919922
0.0042955875396728516
0.004277706146240234
0.004312276840209961
0.004274129867553711
0.0043523311614990234
0.0044329166412353516
0.004265785217285156
0.004292488098144531
0.004288673400878906
0.004298210144042969
0.004266262054443359
0.00424504280090332
0.0042514801025390625
0.004419565200805664
0.004262447357177734
0.004597187042236328
0.0044558048248291016
0.004292011260986328
0.004995584487915039
0.004252433776855469
0.0042378902435302734
0.004259586334228516
0.004288196563720703
0.004281520843505859
0.0042858123779296875
0.0042781829833984375
0.004302024841308594
0.004259347915649414
0.004294633865356445
0.0042858123779296875
0.004270315170288086
0.004301548004150391
0.004350900650024414
0.00428462028503418
0.0042803287506103516
0.004277229309082031
0.004271268844604492
0.0042705535888671875
0.004294633865356445
0.004255056381225586
0.004273891448974609
0.004271030426025391
0.004279375076293945
0.0042743682861328125
0.004273414611816406
0.004265308380126953
0.004300832748413086
0.004322528839111328
0.004364728927612305
0.004308938980102539
0.00436711311340332
0.004477262496948242
0.004277229309082031
0.004286766052246094
0.004385709762573242
0.004303455352783203
0.004302978515625
0.004317045211791992
0.004345417022705078
0.004320859909057617
0.004501819610595703
0.004399776458740234
0.004313230514526367
0.004301786422729492
0.004306793212890625
0.004326343536376953
0.004306793212890625
0.004307985305786133
0.004273176193237305
0.0042841434478759766
0.0042917728424072266
0.004252195358276367
0.0042531490325927734
0.00427556037902832
0.0042667388916015625
0.004517555236816406
0.004331827163696289
0.004319190979003906
0.004331827163696289
0.0049588680267333984
0.004647254943847656
0.004621028900146484
0.004587411880493164
0.004590034484863281
0.0046002864837646484
0.004598855972290039
0.004575252532958984
0.004944562911987305
0.004567146301269531
0.004647016525268555
0.004579782485961914
0.004597902297973633
0.004658937454223633
0.00459599494934082
0.004601240158081055
0.004665851593017578
0.004929065704345703
0.004717350006103516
0.0043182373046875
0.004395008087158203
0.004370212554931641
0.004352092742919922
0.0043599605560302734
0.004317760467529297
0.0049991607666015625
0.004439830780029297
0.00438380241394043
0.004417896270751953
0.004509687423706055
0.004315853118896484
0.0043489933013916016
0.004298686981201172
0.004740715026855469
0.004422187805175781
0.00435185432434082
0.0043523311614990234
0.0043926239013671875
0.004374504089355469
0.00435328483581543
0.0043337345123291016
0.004816532135009766
0.0044095516204833984
0.004348039627075195
0.004552364349365234
0.0043010711669921875
0.004312992095947266
0.004377841949462891
0.0043506622314453125
0.004302978515625
0.004289865493774414
0.0042858123779296875
0.004281282424926758
0.004334211349487305
0.004273891448974609
0.004277467727661133
0.004273176193237305
0.004288911819458008
0.004308223724365234
0.004286050796508789
0.0042455196380615234
0.0042705535888671875
0.004271745681762695
0.004292726516723633
0.004276275634765625
0.004290342330932617
0.0042667388916015625
0.004258871078491211
0.004277944564819336
0.0042684078216552734
0.004256486892700195
0.004265785217285156
0.004292726516723633
0.004310131072998047
0.004261493682861328
0.004264116287231445
0.004243135452270508
0.004251718521118164
0.004262447357177734
0.004256248474121094
0.00428462028503418
0.004264116287231445
0.004249095916748047
0.004303455352783203
0.004286766052246094
0.0043065547943115234
0.004327058792114258
0.004380941390991211
0.004443168640136719
0.004380226135253906
0.00431513786315918
0.00432133674621582
0.004479169845581055
0.0043048858642578125
0.004333019256591797
0.004385232925415039
0.004370212554931641
0.004256248474121094
0.0042841434478759766
0.004356861114501953
0.004263401031494141
0.004266500473022461
0.004376411437988281
0.00433659553527832
0.0042459964752197266
0.004259347915649414
0.004251003265380859
0.004087924957275391
0.004234790802001953
0.004244089126586914
0.004238605499267578
0.004365205764770508
0.004782676696777344
0.004341602325439453
0.004487037658691406
0.004839420318603516
0.004712343215942383
0.004655122756958008
0.004679441452026367
0.004662036895751953
0.004662275314331055
0.0044460296630859375
0.004515409469604492
0.0049896240234375
0.004558563232421875
0.004556179046630859
0.00458216667175293
0.004368305206298828
0.0043468475341796875
0.004300832748413086
0.0043451786041259766
0.004278659820556641
0.004282951354980469
0.00428462028503418
0.004258871078491211
0.0042688846588134766
0.004265546798706055
0.004376649856567383
0.004629373550415039
0.004252433776855469
0.0042917728424072266
0.004251718521118164
0.0042629241943359375
0.004289388656616211
0.004291057586669922
0.004276752471923828
0.004241466522216797
0.004251241683959961
0.004276275634765625
0.004260540008544922
0.0042917728424072266
0.004265546798706055
0.004271507263183594
0.0042645931243896484
0.004259347915649414
0.0043070316314697266
0.004266500473022461
0.00428009033203125
0.004283905029296875
0.004273176193237305
0.004256486892700195
0.004301786422729492
0.004283905029296875
0.004278659820556641
