12.923917452086659
12.839740391387608
12.839740391387608
12.839740391387608
12.497817639638896
12.497817639638896
12.352260499438927
11.52087886835599
11.52087886835599
11.52087886835599
11.52087886835599
11.52087886835599
11.52087886835599
11.52087886835599
11.52087886835599
11.52087886835599
11.52087886835599
11.52087886835599
11.52087886835599
11.52087886835599
11.52087886835599
11.52087886835599
11.52087886835599
11.52087886835599
9.994288317585145
9.994288317585145
9.994288317585145
9.994288317585145
9.994288317585145
9.994288317585145
9.994288317585145
9.994288317585145
9.994288317585145
9.994288317585145
9.994288317585145
9.994288317585145
9.994288317585145
9.994288317585145
9.994288317585145
9.994288317585145
9.994288317585145
8.870293022672694
8.870293022672694
8.870293022672694
8.870293022672694
8.870293022672694
8.870293022672694
8.870293022672694
8.870293022672694
8.841762656045766
8.841762656045766
8.841762656045766
8.841762656045766
8.687822273996062
8.457625400965554
8.457625400965554
8.457625400965554
8.457625400965554
8.457625400965554
8.457625400965554
8.457625400965554
8.457625400965554
8.457625400965554
8.349611976544729
8.349611976544729
8.349611976544729
8.349611976544729
8.349611976544729
8.258225711650404
8.258225711650404
7.793786812223992
7.793786812223992
7.793786812223992
7.793786812223992
7.793786812223992
7.793786812223992
7.793786812223992
7.793786812223992
7.793786812223992
7.793786812223992
7.702106968839459
7.702106968839459
7.674047011535102
7.6333388405724065
7.6333388405724065
7.6333388405724065
7.598302385992099
7.598302385992099
7.598302385992099
7.598302385992099
7.598302385992099
7.598302385992099
7.489935694353569
7.489935694353569
7.359768393619525
7.359768393619525
7.359768393619525
7.3230947136074676
7.3230947136074676
7.3230947136074676
7.3230947136074676
6.922797719504004
6.922797719504004
6.922797719504004
6.922797719504004
6.922797719504004
6.922797719504004
6.922797719504004
6.922797719504004
6.922797719504004
6.922797719504004
6.922797719504004
6.922797719504004
6.922797719504004
6.831202109098243
6.831202109098243
6.831202109098243
6.587629820532648
6.512316512815353
6.512316512815353
6.170066600473788
6.170066600473788
6.170066600473788
6.170066600473788
6.160923579573328
6.160923579573328
6.160923579573328
6.160923579573328
6.160923579573328
6.129088462123292
6.129088462123292
6.119820303957823
6.119820303957823
6.119820303957823
6.119820303957823
6.119820303957823
6.119820303957823
6.119820303957823
6.04460380283367
6.04460380283367
6.04460380283367
6.04460380283367
6.04460380283367
6.04460380283367
6.04460380283367
5.63027475011873
5.63027475011873
5.63027475011873
5.63027475011873
5.63027475011873
5.63027475011873
5.63027475011873
5.63027475011873
5.63027475011873
5.63027475011873
5.63027475011873
5.63027475011873
5.63027475011873
5.63027475011873
5.63027475011873
5.63027475011873
5.63027475011873
5.63027475011873
5.227995254825508
5.227995254825508
5.227995254825508
5.227995254825508
5.227995254825508
5.227995254825508
5.227995254825508
5.227995254825508
5.227995254825508
5.227995254825508
5.210479990001147
5.210479990001147
5.210479990001147
5.210479990001147
5.210479990001147
5.210479990001147
5.210479990001147
5.173790911299264
5.173790911299264
5.173790911299264
4.828365455395932
4.828365455395932
4.828365455395932
4.828365455395932
4.828365455395932
4.828365455395932
4.828365455395932
4.828365455395932
4.828365455395932
4.828365455395932
4.828365455395932
4.828365455395932
4.828365455395932
4.828365455395932
4.828365455395932
4.828365455395932
4.828365455395932
4.828365455395932
4.7418330232041015
4.7418330232041015
4.7418330232041015
4.7418330232041015
4.7418330232041015
4.7418330232041015
4.7418330232041015
4.7418330232041015
4.7418330232041015
4.7418330232041015
4.7418330232041015
4.7418330232041015
4.7418330232041015
4.626779274863829
4.626779274863829
4.626779274863829
4.131965621522923
4.131965621522923
4.131965621522923
4.131965621522923
4.131965621522923
4.131965621522923
4.131965621522923
4.131965621522923
4.131965621522923
4.131965621522923
4.131965621522923
4.131965621522923
4.131965621522923
4.131965621522923
4.131965621522923
4.131965621522923
4.131965621522923
3.8555825656620755
3.8555825656620755
3.8555825656620755
3.8555825656620755
3.8555825656620755
3.8555825656620755
3.8555825656620755
3.590604978862366
3.590604978862366
3.590604978862366
3.590604978862366
3.590604978862366
3.590604978862366
3.590604978862366
3.590604978862366
3.590604978862366
3.590604978862366
3.5444145132002873
3.5444145132002873
3.313008120446028
3.313008120446028
3.313008120446028
3.313008120446028
3.313008120446028
3.313008120446028
3.313008120446028
3.313008120446028
3.313008120446028
3.313008120446028
3.313008120446028
3.313008120446028
3.313008120446028
3.313008120446028
3.313008120446028
3.313008120446028
3.313008120446028
3.313008120446028
3.2760834602860314
3.2760834602860314
3.2760834602860314
3.2760834602860314
3.200704837107736
3.200704837107736
3.200704837107736
3.083228210019989
3.083228210019989
3.083228210019989
3.083228210019989
3.083228210019989
3.083228210019989
2.852560855482082
2.852560855482082
2.852560855482082
2.852560855482082
2.852560855482082
2.852560855482082
2.852560855482082
2.852560855482082
2.852560855482082
2.852560855482082
2.852560855482082
2.852560855482082
2.852560855482082
2.852560855482082
2.852560855482082
2.852560855482082
2.852560855482082
2.852560855482082
2.852560855482082
2.852560855482082
2.852560855482082
2.852560855482082
2.852560855482082
2.852560855482082
2.852560855482082
2.852560855482082
2.852560855482082
2.852560855482082
2.852560855482082
2.852560855482082
2.852560855482082
2.852560855482082
2.852560855482082
2.852560855482082
2.852560855482082
2.834761674606959
2.834761674606959
2.834761674606959
2.834761674606959
2.834761674606959
2.834761674606959
2.834761674606959
2.834761674606959
2.834761674606959
2.834761674606959
2.834761674606959
2.834761674606959
2.834761674606959
2.824605483839278
2.824605483839278
2.824605483839278
2.824605483839278
2.824605483839278
2.740840646987941
2.740840646987941
2.740840646987941
2.740840646987941
2.740840646987941
2.740840646987941
2.740840646987941
2.740840646987941
2.740840646987941
2.740840646987941
2.740840646987941
2.740840646987941
2.740840646987941
2.740840646987941
2.740840646987941
2.740840646987941
2.574192118172597
2.574192118172597
2.5449996621551634
2.5449996621551634
2.5449996621551634
2.397015082158532
2.397015082158532
2.397015082158532
2.397015082158532
2.397015082158532
2.397015082158532
2.397015082158532
2.397015082158532
2.397015082158532
2.397015082158532
2.397015082158532
2.397015082158532
2.397015082158532
2.397015082158532
2.397015082158532
2.397015082158532
2.397015082158532
2.397015082158532
2.397015082158532
2.397015082158532
2.397015082158532
2.397015082158532
2.397015082158532
2.397015082158532
2.2962265057920135
2.2962265057920135
2.2962265057920135
2.2962265057920135
2.269443656155339
2.269443656155339
2.269443656155339
2.269443656155339
2.269443656155339
2.269443656155339
2.269443656155339
2.247366415910541
2.247366415910541
2.247366415910541
2.247366415910541
2.247366415910541
2.13687914794442
2.13687914794442
2.13687914794442
2.13687914794442
2.13687914794442
2.13687914794442
2.13687914794442
2.13687914794442
2.13687914794442
2.13687914794442
2.13687914794442
2.13687914794442
2.13687914794442
2.13687914794442
2.13687914794442
2.13687914794442
2.13687914794442
2.13687914794442
2.13687914794442
2.1072158381123813
2.1072158381123813
2.1072158381123813
2.1072158381123813
2.1072158381123813
2.1072158381123813
2.1072158381123813
2.1072158381123813
2.1072158381123813
2.1072158381123813
2.1072158381123813
2.1072158381123813
1.9144613460312456
1.9144613460312456
1.9144613460312456
1.9144613460312456
1.9144613460312456
1.9144613460312456
1.9144613460312456
1.9144613460312456
1.9144613460312456
1.9144613460312456
1.9144613460312456
1.9144613460312456
1.9144613460312456
1.9144613460312456
1.9144613460312456
1.9144613460312456
1.9030424070228378
1.9030424070228378
1.9030424070228378
1.9030424070228378
1.838727360741295
1.838727360741295
1.838727360741295
1.838727360741295
1.838727360741295
1.7214293366150883
1.7214293366150883
1.7214293366150883
1.7214293366150883
1.7178037175377412
1.7178037175377412
1.7178037175377412
1.6936099291001767
1.6746299847746045
1.6746299847746045
1.6746299847746045
1.6746299847746045
1.6746299847746045
1.6746299847746045
1.6746299847746045
1.6746299847746045
1.6746299847746045
1.6746299847746045
1.6746299847746045
1.6746299847746045
1.6746299847746045
1.6746299847746045
1.6537761141176972
1.6537761141176972
1.5347222135474397
1.5347222135474397
1.5347222135474397
1.5347222135474397
1.5347222135474397
1.5347222135474397
1.5347222135474397
1.5269640912227445
1.5269640912227445
1.5269640912227445
1.5269640912227445
1.491890545170726
1.491890545170726
1.491890545170726
1.491890545170726
1.491890545170726
1.4693936648174741
1.4693936648174741
1.4214013578707991
1.4214013578707991
1.4214013578707991
1.4214013578707991
1.4214013578707991
1.4214013578707991
1.4214013578707991
1.4214013578707991
1.4214013578707991
1.4180020280549144
1.4180020280549144
1.4004233881884645
1.4004233881884645
1.4004233881884645
1.4004233881884645
1.4004233881884645
1.4004233881884645
1.4004233881884645
1.4004233881884645
1.4004233881884645
1.4004233881884645
1.4004233881884645
1.4004233881884645
1.4004233881884645
1.3795714727874042
1.3795714727874042
1.3795714727874042
1.3795714727874042
1.3795714727874042
1.3795714727874042
1.3795714727874042
1.3795714727874042
1.3795714727874042
1.3795714727874042
1.3795714727874042
1.3795714727874042
1.3795714727874042
1.3795714727874042
1.3795714727874042
1.3795714727874042
1.2539792858110985
1.2539792858110985
1.2539792858110985
1.2539792858110985
1.2539792858110985
1.2539792858110985
1.2539792858110985
1.2539792858110985
1.2539792858110985
1.2539792858110985
1.2539792858110985
1.2539792858110985
1.2539792858110985
1.2539792858110985
1.2539792858110985
1.2539792858110985
1.2291669746669456
1.2291669746669456
1.2291669746669456
1.2291669746669456
1.2291669746669456
1.2291669746669456
1.2291669746669456
1.2291669746669456
1.2291669746669456
1.2291669746669456
1.2291669746669456
1.2202603065520137
1.2202603065520137
1.2202603065520137
1.2202603065520137
1.193153866352091
1.193153866352091
1.193153866352091
1.193153866352091
1.193153866352091
1.193153866352091
1.193153866352091
1.193153866352091
1.193153866352091
1.193153866352091
1.193153866352091
1.1626589927199475
1.1626589927199475
1.1626589927199475
1.1626589927199475
1.1626589927199475
1.1626589927199475
1.1626589927199475
1.1626589927199475
1.1626589927199475
1.1626589927199475
1.1486663166595434
1.1486663166595434
1.1486663166595434
1.1071471605681396
1.0517018249008032
1.0517018249008032
1.0517018249008032
1.0517018249008032
1.0517018249008032
1.0517018249008032
1.0517018249008032
1.051565482085259
1.051565482085259
1.051565482085259
1.051565482085259
1.051565482085259
1.051565482085259
1.051565482085259
1.0449127347803113
1.0449127347803113
1.0449127347803113
1.0258550319538884
1.0258550319538884
1.0258550319538884
1.0258550319538884
1.0258550319538884
1.0258550319538884
0.9926258298020372
0.9926258298020372
0.9577436047399033
0.9577436047399033
0.9577436047399033
0.9577436047399033
0.9577436047399033
0.9577436047399033
0.9577436047399033
0.9577436047399033
0.9577436047399033
0.9324291320936382
0.9324291320936382
0.9324291320936382
0.9324291320936382
0.9324291320936382
0.9324291320936382
0.9324291320936382
0.9324291320936382
0.9324291320936382
0.9324291320936382
0.9324291320936382
0.9039873500326934
0.9039873500326934
0.9039873500326934
0.9039873500326934
0.9039873500326934
0.9039873500326934
0.9039873500326934
0.9039873500326934
0.8950066010934776
0.8950066010934776
0.8950066010934776
0.8950066010934776
0.8950066010934776
0.8950066010934776
0.8423228052111611
0.8423228052111611
0.8423228052111611
0.8423228052111611
0.8239195286221346
0.8239195286221346
0.8239195286221346
0.8239195286221346
0.8239195286221346
0.8192032902268807
0.8192032902268807
0.8192032902268807
0.6937934887035482
0.6937934887035482
0.6937934887035482
0.6937934887035482
0.6937934887035482
0.6937934887035482
0.6937934887035482
0.6937934887035482
0.6937934887035482
0.6937934887035482
0.6937934887035482
0.6937934887035482
0.6937934887035482
0.6937934887035482
0.6937934887035482
0.6937934887035482
0.6937934887035482
0.6937934887035482
0.6937934887035482
0.6937934887035482
0.6937934887035482
0.6937934887035482
0.6937934887035482
0.6937934887035482
0.6937934887035482
0.6937934887035482
0.6937934887035482
0.6937934887035482
0.6937934887035482
0.6876322876171486
0.6876322876171486
0.6863854173456971
0.6863854173456971
0.6793737540388705
0.6471788398846883
0.6471788398846883
0.6471788398846883
0.6471788398846883
0.6471788398846883
0.6471788398846883
0.6471788398846883
0.6471788398846883
0.6471788398846883
0.6471788398846883
0.6471788398846883
0.6186724894962623
0.6186724894962623
0.5863554774578148
0.5863554774578148
0.5863554774578148
0.5863554774578148
0.5812829005663573
0.5812829005663573
0.5812829005663573
0.5812829005663573
0.5812829005663573
0.5599380088176673
0.5599380088176673
0.5599380088176673
0.5599380088176673
0.5599380088176673
0.5599380088176673
0.5311814076145396
0.5311814076145396
0.5311814076145396
0.5311814076145396
0.5311814076145396
0.5311814076145396
0.5311814076145396
0.5311814076145396
0.5311814076145396
0.5311814076145396
0.5311814076145396
0.5311814076145396
0.5311814076145396
0.5311814076145396
0.5311814076145396
0.5311814076145396
0.5311814076145396
0.5311814076145396
0.5311814076145396
0.5311814076145396
0.5311814076145396
0.5311814076145396
0.5311814076145396
0.5086523372423812
0.5086523372423812
0.5086523372423812
0.5086523372423812
0.5086523372423812
0.5086523372423812
0.5086523372423812
0.5086523372423812
0.5086523372423812
0.5086523372423812
0.5086523372423812
0.5086523372423812
0.4905653056528507
0.4905653056528507
0.4905653056528507
0.4905653056528507
0.4905653056528507
0.4905653056528507
0.4905653056528507
0.4905653056528507
0.4905653056528507
0.4905653056528507
0.488031143622365
0.4777476579431408
0.4777476579431408
0.4777476579431408
0.4777476579431408
0.4777476579431408
0.4777476579431408
0.4777476579431408
0.4777476579431408
0.4777476579431408
0.4777476579431408
0.4777476579431408
0.47183800269605314
0.47183800269605314
0.47183800269605314
0.47183800269605314
0.4528653458998946
0.4353034753826037
0.4008080076033522
0.4008080076033522
0.4008080076033522
0.4008080076033522
0.4008080076033522
0.4008080076033522
0.4008080076033522
0.4008080076033522
0.4008080076033522
0.4008080076033522
0.4008080076033522
0.4008080076033522
0.4008080076033522
0.4008080076033522
0.4008080076033522
0.4008080076033522
0.4008080076033522
0.4008080076033522
0.4008080076033522
0.4008080076033522
0.4008080076033522
0.4008080076033522
0.4008080076033522
0.4008080076033522
0.4008080076033522
0.4008080076033522
0.4008080076033522
0.4008080076033522
0.4008080076033522
0.4008080076033522
0.39664963163201605
0.39664963163201605
0.39664963163201605
0.395982092673691
0.395982092673691
0.395982092673691
0.395982092673691
0.395982092673691
0.395982092673691
0.395982092673691
0.395982092673691
0.395982092673691
0.395982092673691
0.395982092673691
0.395982092673691
0.395982092673691
0.395982092673691
0.395982092673691
0.395982092673691
0.3882141786542732
0.3882141786542732
0.37277886051507636
0.37277886051507636
0.37277886051507636
0.37277886051507636
0.37277886051507636
0.37277886051507636
0.37277886051507636
0.37193673185608844
0.3625050039000044
0.3625050039000044
0.3625050039000044
0.3625050039000044
0.3625050039000044
0.3625050039000044
0.3625050039000044
0.3625050039000044
0.3625050039000044
0.3625050039000044
0.3625050039000044
0.3625050039000044
0.3552221183426951
0.3497213935758907
0.3454879354379443
0.3338385487479627
0.3338385487479627
0.3338385487479627
0.3338385487479627
0.3338385487479627
0.3338385487479627
0.3338385487479627
0.333226360311329
0.3245884836475881
0.3245884836475881
0.2878750834337893
0.2878750834337893
0.2878750834337893
0.2878750834337893
0.2878750834337893
0.2878750834337893
0.2878750834337893
0.2878750834337893
0.2878750834337893
0.2878750834337893
0.2878750834337893
0.2878750834337893
0.2878750834337893
0.2878750834337893
0.28629363745945113
0.28629363745945113
0.28629363745945113
0.28629363745945113
0.28629363745945113
0.28222065837351096
0.27747397575969757
0.27747397575969757
0.25968291188669923
0.25968291188669923
0.25968291188669923
0.25968291188669923
0.25968291188669923
0.25968291188669923
0.25968291188669923
0.25968291188669923
0.25968291188669923
0.25968291188669923
0.25968291188669923
0.25968291188669923
0.25968291188669923
0.25968291188669923
0.25968291188669923
0.25968291188669923
0.25968291188669923
0.25968291188669923
0.25968291188669923
0.25968291188669923
0.25968291188669923
0.25968291188669923
0.25968291188669923
0.25968291188669923
0.25968291188669923
0.25968291188669923
0.25728379938962576
0.25728379938962576
0.253914227662726
0.25074037072299404
0.25074037072299404
0.2485649615665082
0.2485649615665082
0.2485649615665082
0.2485649615665082
0.23974728694650338
0.23974728694650338
0.23974728694650338
0.2326709859106728
0.2326709859106728
0.2326709859106728
0.2326709859106728
0.2326709859106728
0.22777679230732417
0.22777679230732417
0.22777679230732417
0.22777679230732417
0.2161923571921207
0.2161923571921207
0.2161923571921207
0.2161923571921207
0.2161923571921207
0.2161923571921207
0.2161923571921207
0.2161923571921207
0.2161923571921207
0.2161923571921207
0.21174486225390865
0.21174486225390865
0.21174486225390865
0.21174486225390865
0.21174486225390865
0.21174486225390865
0.21174486225390865
0.21174486225390865
0.21174486225390865
0.21174486225390865
0.21111453575885974
0.21111453575885974
0.21111453575885974
0.21111453575885974
0.21111453575885974
0.21111453575885974
0.21111453575885974
0.21111453575885974
0.21111453575885974
0.21111453575885974
0.21111453575885974
0.21111453575885974
0.21068297107570544
0.21068297107570544
0.21068297107570544
0.21068297107570544
0.21068297107570544
0.21068297107570544
0.21068297107570544
0.21068297107570544
0.21068297107570544
0.21068297107570544
0.2076062853533216
0.2076062853533216
0.2076062853533216
0.2076062853533216
0.2076062853533216
0.2076062853533216
0.2076062853533216
0.2076062853533216
0.2076062853533216
0.2076062853533216
0.2076062853533216
0.2076062853533216
0.2076062853533216
0.2076062853533216
0.2076062853533216
0.2076062853533216
0.2076062853533216
