0.01609492301940918
0.016442060470581055
0.016280412673950195
0.015676021575927734
0.015184402465820312
0.015286684036254883
0.01516103744506836
0.015093326568603516
0.015388727188110352
0.015168190002441406
0.015160322189331055
0.015092849731445312
0.015141010284423828
0.014955997467041016
0.014986991882324219
0.01503133773803711
0.01497507095336914
0.015046119689941406
0.015167236328125
0.014961481094360352
0.014991998672485352
0.015087604522705078
0.015127182006835938
0.014969348907470703
0.01509857177734375
0.015209436416625977
0.015035629272460938
0.015221357345581055
0.01490473747253418
0.014865398406982422
0.014913082122802734
0.015034914016723633
0.01494598388671875
0.014961719512939453
0.014960050582885742
0.01510930061340332
0.014993429183959961
0.014982938766479492
0.01484227180480957
0.014976739883422852
0.015011787414550781
0.014891624450683594
0.015253782272338867
0.015273571014404297
0.015543699264526367
0.014977455139160156
0.014954090118408203
0.015083789825439453
0.01507425308227539
0.015002727508544922
0.01506805419921875
0.015781879425048828
0.014997005462646484
0.014976739883422852
0.015502691268920898
0.015022754669189453
0.01499319076538086
0.014979839324951172
0.014833688735961914
0.014806032180786133
0.014855384826660156
0.015307426452636719
0.014900684356689453
0.01522064208984375
0.014954328536987305
0.015001296997070312
0.015023231506347656
0.014987945556640625
0.014987707138061523
0.014935970306396484
0.01517176628112793
0.014983415603637695
0.015008211135864258
0.015159130096435547
0.015392065048217773
0.014986753463745117
0.015059947967529297
0.014997005462646484
0.01494145393371582
0.014966011047363281
0.015009403228759766
0.01497650146484375
0.015023231506347656
0.015044689178466797
0.015090465545654297
0.014980316162109375
0.01512765884399414
0.014981985092163086
0.015052318572998047
0.015011787414550781
0.014931678771972656
0.015036582946777344
0.014978408813476562
0.014970541000366211
0.014963626861572266
0.015146732330322266
0.015089273452758789
0.014931440353393555
0.015112638473510742
0.015147686004638672
0.015004634857177734
0.014968156814575195
0.01538538932800293
0.0150146484375
0.014907121658325195
0.015023231506347656
0.01496267318725586
0.0149993896484375
0.015050411224365234
0.014976978302001953
0.014994621276855469
0.015009403228759766
0.01577901840209961
0.01497793197631836
0.01504826545715332
0.014948368072509766
0.01498723030090332
0.015080451965332031
0.014928579330444336
0.014972925186157227
0.014975547790527344
0.015156745910644531
0.015147924423217773
0.014974355697631836
0.015081405639648438
0.015022516250610352
0.014986753463745117
0.015382766723632812
0.015012979507446289
0.014954805374145508
0.014982223510742188
0.014994621276855469
0.014994621276855469
0.015044450759887695
0.015061616897583008
0.014961719512939453
0.01500248908996582
0.015074729919433594
0.015069007873535156
0.01498270034790039
0.015135049819946289
0.014969587326049805
0.015018224716186523
0.015228271484375
0.015260696411132812
0.015152692794799805
0.015229225158691406
0.015241861343383789
0.015144586563110352
0.015169382095336914
0.015143156051635742
0.015138387680053711
0.015028715133666992
0.015047073364257812
0.015040159225463867
0.014999151229858398
0.01500844955444336
0.01496267318725586
0.014963626861572266
0.015618324279785156
0.014943361282348633
0.015319108963012695
0.015602350234985352
0.024845361709594727
0.01584339141845703
0.014925479888916016
0.014863014221191406
0.01485896110534668
0.014975309371948242
0.014849424362182617
0.014953136444091797
0.015145063400268555
0.014966964721679688
0.014990091323852539
0.014906167984008789
0.015017032623291016
0.014846086502075195
0.01484823226928711
0.015015125274658203
0.015133142471313477
0.015174388885498047
0.014913558959960938
0.014914512634277344
0.014989852905273438
0.014930486679077148
0.014868974685668945
0.014845609664916992
0.014898061752319336
0.015711545944213867
0.014841794967651367
0.01475381851196289
0.014797687530517578
0.014801025390625
0.014718770980834961
0.01482391357421875
0.014793634414672852
0.01486659049987793
0.01481771469116211
0.01475977897644043
0.014746665954589844
0.014786481857299805
0.014749526977539062
0.01478886604309082
0.014777660369873047
0.01479029655456543
0.014763355255126953
0.014786720275878906
0.014796733856201172
0.01481938362121582
0.01480865478515625
0.01483917236328125
0.01482844352722168
0.014881134033203125
0.014754772186279297
0.014782428741455078
0.014814376831054688
0.014737367630004883
0.014775276184082031
0.014794588088989258
0.014847517013549805
0.01471710205078125
0.014772653579711914
0.014821290969848633
0.01477813720703125
0.014750242233276367
0.014725446701049805
0.014767646789550781
0.014762401580810547
0.014991521835327148
0.014818906784057617
0.014819622039794922
0.014898538589477539
0.014780282974243164
0.014798641204833984
0.014822006225585938
0.014937162399291992
0.014787673950195312
0.014793634414672852
0.0155029296875
0.015390872955322266
0.015316486358642578
0.015109062194824219
0.015176057815551758
0.014932632446289062
0.0150299072265625
0.014997005462646484
0.015038251876831055
0.014963865280151367
0.014920949935913086
0.014962911605834961
0.014923810958862305
0.015094995498657227
0.015050411224365234
0.01504826545715332
0.015106678009033203
0.015139341354370117
0.014962434768676758
0.015020608901977539
0.015082120895385742
0.015011072158813477
0.01504373550415039
0.014984369277954102
0.01493072509765625
0.015047311782836914
0.015223026275634766
0.015184879302978516
0.015402078628540039
0.014873981475830078
0.01487874984741211
0.014885663986206055
0.014892578125
0.014987707138061523
0.014971017837524414
0.014976978302001953
0.014984130859375
0.015178680419921875
0.015060186386108398
0.015182018280029297
0.015035390853881836
0.015152692794799805
0.015119791030883789
0.015093326568603516
0.015011072158813477
0.01493692398071289
0.01486515998840332
0.014899253845214844
0.01482081413269043
0.014990568161010742
0.014943361282348633
0.014850378036499023
0.01501321792602539
0.015149354934692383
0.014894723892211914
0.01500082015991211
0.015119552612304688
0.014871358871459961
0.014930963516235352
0.014887571334838867
0.014922857284545898
0.014956951141357422
0.014907121658325195
0.015001296997070312
0.015121221542358398
0.015074491500854492
0.014982461929321289
0.014938831329345703
0.015094518661499023
0.015087366104125977
0.015018463134765625
0.014978170394897461
0.015054941177368164
0.014955282211303711
0.014911174774169922
0.014887809753417969
0.014924287796020508
0.01490926742553711
0.014880895614624023
0.014826059341430664
0.01478266716003418
0.014880657196044922
0.01516270637512207
0.014958858489990234
0.015365123748779297
0.014948129653930664
0.014963150024414062
0.014966726303100586
0.01497507095336914
0.015022516250610352
0.015041589736938477
0.01508474349975586
0.014957904815673828
0.014909982681274414
0.015261650085449219
0.01518869400024414
0.015190601348876953
0.015107393264770508
0.015129804611206055
0.0149688720703125
0.014931917190551758
0.015015125274658203
0.014956474304199219
0.01504826545715332
0.015008687973022461
0.015223026275634766
0.01497650146484375
0.015020132064819336
0.0164794921875
0.01495218276977539
0.014937877655029297
0.014909505844116211
0.015085458755493164
0.014811038970947266
0.014888286590576172
0.015252351760864258
0.015018463134765625
0.014958620071411133
0.015070199966430664
0.014970779418945312
0.015155553817749023
0.014979839324951172
0.014998674392700195
0.014946699142456055
0.01487588882446289
0.014803171157836914
0.014787912368774414
0.014753103256225586
0.014984846115112305
0.014985799789428711
0.014973878860473633
0.015069007873535156
0.01503753662109375
0.015076637268066406
0.014953136444091797
0.015006303787231445
0.015000581741333008
0.015269279479980469
0.015828847885131836
0.015665054321289062
0.014971256256103516
0.014885187149047852
0.01498556137084961
0.01501917839050293
0.014976263046264648
0.015056848526000977
0.015197992324829102
0.015053987503051758
0.014970779418945312
0.015000343322753906
0.01506495475769043
0.015010833740234375
0.014993429183959961
0.015008687973022461
0.015027761459350586
0.015091180801391602
0.014998435974121094
0.015122413635253906
0.014971256256103516
0.015098094940185547
0.01491856575012207
0.01492929458618164
0.01506662368774414
0.015132665634155273
0.014979839324951172
0.015028238296508789
0.014993667602539062
0.014885425567626953
0.014885425567626953
0.015101909637451172
0.015005111694335938
0.015039205551147461
0.01511073112487793
0.01582050323486328
0.014934301376342773
0.014946222305297852
0.015108108520507812
0.014930963516235352
0.01497507095336914
0.014948129653930664
0.014940023422241211
0.015052318572998047
0.015004158020019531
0.01503133773803711
0.015118122100830078
0.015052318572998047
0.014937639236450195
0.01497650146484375
0.014962196350097656
0.014986515045166016
0.014999151229858398
0.014914512634277344
0.014965295791625977
0.014955997467041016
0.015060663223266602
0.014989614486694336
0.015009403228759766
0.015028238296508789
0.015177726745605469
0.014902591705322266
0.014972448348999023
0.014902591705322266
0.014977455139160156
0.01494288444519043
0.014950037002563477
0.015151023864746094
0.015245199203491211
0.015125036239624023
0.015231132507324219
0.01510930061340332
0.014969110488891602
0.014838695526123047
0.01480245590209961
0.014788150787353516
0.014784812927246094
0.014756917953491211
0.014889955520629883
0.015050411224365234
0.015024900436401367
0.015003204345703125
0.014988183975219727
0.014967203140258789
0.014975786209106445
0.015034914016723633
0.014920473098754883
0.014828681945800781
0.015050888061523438
0.014777421951293945
0.014811277389526367
0.014797687530517578
0.01484537124633789
0.01498723030090332
0.016103029251098633
0.015411615371704102
0.015231609344482422
0.015183210372924805
0.015197277069091797
0.015546321868896484
0.015036821365356445
0.014969825744628906
0.015031576156616211
0.014976978302001953
0.014953136444091797
0.01494741439819336
0.014928102493286133
0.01506495475769043
0.014986276626586914
0.014920711517333984
0.015130758285522461
0.015010356903076172
0.014981746673583984
0.01494455337524414
0.014997720718383789
0.013983964920043945
0.014799356460571289
0.014809846878051758
0.01482081413269043
0.014985799789428711
0.015048503875732422
0.015089750289916992
0.014965057373046875
0.014984130859375
0.01508784294128418
0.014966726303100586
0.014899015426635742
0.015421390533447266
0.015336990356445312
0.015336751937866211
0.015269041061401367
0.015275001525878906
0.014865875244140625
0.015027523040771484
0.015012979507446289
0.015027284622192383
0.015055179595947266
0.01512598991394043
0.014954090118408203
0.014925003051757812
0.014943838119506836
0.014908552169799805
0.014904499053955078
0.014933347702026367
0.01498556137084961
0.014965057373046875
0.015079736709594727
0.015062093734741211
0.014927387237548828
0.015092134475708008
0.01507568359375
0.014986276626586914
0.015024900436401367
0.014967203140258789
0.014957666397094727
0.015711545944213867
0.014958381652832031
0.014899730682373047
0.015180826187133789
0.014946699142456055
0.014855623245239258
0.014937877655029297
0.015082597732543945
0.015076875686645508
0.014946937561035156
0.014981508255004883
0.014939546585083008
0.015005826950073242
0.0150909423828125
0.015287160873413086
0.015498876571655273
0.017548322677612305
0.015221595764160156
0.015004873275756836
0.015007972717285156
0.015111446380615234
0.015342950820922852
0.015035867691040039
0.015037298202514648
0.015003681182861328
0.014918088912963867
0.014872312545776367
0.01495981216430664
0.015191793441772461
0.015422821044921875
0.015090227127075195
0.015883207321166992
0.017112016677856445
0.016805410385131836
0.015433549880981445
0.015447139739990234
0.015344381332397461
0.015209197998046875
0.015227317810058594
0.015520811080932617
0.015776872634887695
0.015253305435180664
0.015191078186035156
0.014918804168701172
0.01564192771911621
0.014171361923217773
0.015201091766357422
0.015006303787231445
0.015769004821777344
0.014991521835327148
0.01504659652709961
0.015065431594848633
0.015246152877807617
0.015104532241821289
0.015635967254638672
0.015084266662597656
0.014883041381835938
0.01513981819152832
0.015345096588134766
0.01491236686706543
0.016109943389892578
0.01505589485168457
0.015120267868041992
0.014914512634277344
0.015061616897583008
0.01492929458618164
0.015212059020996094
0.015062332153320312
0.014914274215698242
0.015006303787231445
0.014980792999267578
0.015174388885498047
0.014899730682373047
0.014904022216796875
0.014968395233154297
0.014928579330444336
0.014859437942504883
0.015131950378417969
0.01567244529724121
0.015243291854858398
0.015692710876464844
0.015340089797973633
0.015147924423217773
0.015156745910644531
0.015137910842895508
0.015108823776245117
0.015125513076782227
0.01590418815612793
0.015384435653686523
0.015175580978393555
0.015087366104125977
0.015166521072387695
0.01512765884399414
0.01513671875
0.014966011047363281
0.014909744262695312
0.015126943588256836
0.01498866081237793
0.014978408813476562
0.014999628067016602
0.014957189559936523
0.014907598495483398
0.014900684356689453
0.014948606491088867
0.015359163284301758
0.015370607376098633
0.015019416809082031
0.014936685562133789
0.014933347702026367
0.015046834945678711
0.01499176025390625
0.014960765838623047
0.015020608901977539
0.015071868896484375
0.014937400817871094
0.014988422393798828
0.014907598495483398
0.015214920043945312
0.015192031860351562
0.015188217163085938
0.015929222106933594
0.015168190002441406
0.015184879302978516
0.015259981155395508
0.015150308609008789
0.015244245529174805
0.014763832092285156
0.015405654907226562
0.015191316604614258
0.015075922012329102
0.014935016632080078
0.014978170394897461
0.015047788619995117
0.01499032974243164
0.014974594116210938
0.015187263488769531
0.014960527420043945
0.015025854110717773
0.014774084091186523
0.014973878860473633
0.014984607696533203
0.014909505844116211
0.01494598388671875
0.015021085739135742
0.01503896713256836
0.015079021453857422
0.014847517013549805
0.014992475509643555
0.014923572540283203
0.01521444320678711
0.014738082885742188
0.014921188354492188
0.014815330505371094
0.014796972274780273
0.014809131622314453
0.014813661575317383
0.014727115631103516
0.014780998229980469
0.014759063720703125
0.014824628829956055
0.014810800552368164
0.014740705490112305
0.014818668365478516
0.014766693115234375
0.014770030975341797
0.014729738235473633
0.014749526977539062
0.014836311340332031
0.01501917839050293
0.014984130859375
0.015091180801391602
0.015080451965332031
0.014973640441894531
0.015074014663696289
0.015029668807983398
0.015009641647338867
0.014977216720581055
0.014961481094360352
0.014989852905273438
0.01567363739013672
0.014888286590576172
0.014893531799316406
0.01502537727355957
0.015003681182861328
0.015035629272460938
0.014916419982910156
0.014900922775268555
0.015012741088867188
0.015094280242919922
0.014940023422241211
0.01502847671508789
0.014971733093261719
0.014792203903198242
0.014962911605834961
0.014869928359985352
0.014972925186157227
0.01505732536315918
0.015019893646240234
0.014976024627685547
0.014935970306396484
0.015140533447265625
0.014951705932617188
0.014920949935913086
0.014945745468139648
0.014997005462646484
0.01488494873046875
0.014902114868164062
0.014995098114013672
0.014860868453979492
0.015357732772827148
0.014988899230957031
0.014979839324951172
0.014750003814697266
0.014753103256225586
0.014839887619018555
0.014816045761108398
0.014800310134887695
0.014769554138183594
0.01479196548461914
0.014821290969848633
0.014704704284667969
0.015015125274658203
0.015009641647338867
0.015067100524902344
0.014900445938110352
0.015040159225463867
0.015048503875732422
0.015128135681152344
0.014928579330444336
0.014950752258300781
0.014927148818969727
0.014943361282348633
0.01497507095336914
0.015031099319458008
0.014980792999267578
0.015062332153320312
0.01483011245727539
0.014986038208007812
0.01509857177734375
0.01569652557373047
0.014959096908569336
0.01494598388671875
0.01500082015991211
0.014880657196044922
0.015012025833129883
0.015024185180664062
0.015045404434204102
0.014974355697631836
0.015001535415649414
0.015407085418701172
0.015046834945678711
0.014906167984008789
0.015061378479003906
0.014909982681274414
0.014931678771972656
0.014931917190551758
0.014935493469238281
0.015627622604370117
0.015120983123779297
0.014971494674682617
0.015164852142333984
0.014846324920654297
0.015249013900756836
0.01514887809753418
0.0151519775390625
0.015188455581665039
0.015145301818847656
0.015240192413330078
0.015192747116088867
0.01517176628112793
0.015094757080078125
0.01486825942993164
0.014789581298828125
0.014962434768676758
0.015046119689941406
0.014894485473632812
0.015353918075561523
0.015079498291015625
0.015012025833129883
0.014915227890014648
0.015171051025390625
0.01497650146484375
0.014936685562133789
0.014920234680175781
0.014907598495483398
0.01484227180480957
0.014948844909667969
0.01507711410522461
0.014904022216796875
0.014911413192749023
0.014917135238647461
0.014861345291137695
0.01472163200378418
0.014741897583007812
0.014915704727172852
0.01501607894897461
0.01492762565612793
0.01494908332824707
0.014950990676879883
0.015647172927856445
0.014991044998168945
0.014966011047363281
0.015131235122680664
0.015088319778442383
0.01489114761352539
0.014910459518432617
0.014919042587280273
0.014903545379638672
0.014880657196044922
0.015023946762084961
0.014865398406982422
0.014926910400390625
0.015035629272460938
0.014981985092163086
0.014882087707519531
0.014945507049560547
0.015018224716186523
0.014976739883422852
0.014948844909667969
0.015042543411254883
0.014906167984008789
0.01492452621459961
0.014948368072509766
0.015006780624389648
0.01492762565612793
0.014929056167602539
0.015039920806884766
0.014934301376342773
0.015105009078979492
0.01499485969543457
0.014984846115112305
0.014894247055053711
0.014904499053955078
0.01496577262878418
0.014909505844116211
0.014986038208007812
0.014975786209106445
0.014859437942504883
0.014997720718383789
0.014940261840820312
0.014921426773071289
0.015105485916137695
0.015021800994873047
0.014906167984008789
0.01498103141784668
0.014984607696533203
0.014927864074707031
0.014833927154541016
0.014934539794921875
0.014946222305297852
0.014980792999267578
0.015012025833129883
0.014957666397094727
0.015002965927124023
0.015020132064819336
0.015047788619995117
0.01492166519165039
0.01493692398071289
0.0149078369140625
0.01562190055847168
0.014925241470336914
0.014910459518432617
0.015007257461547852
0.01493692398071289
0.014943599700927734
0.014898061752319336
0.01490640640258789
0.014955520629882812
0.014925956726074219
0.014950752258300781
0.014925956726074219
0.01487874984741211
0.014909982681274414
0.014934778213500977
0.014986276626586914
0.014925003051757812
0.015435218811035156
0.015136480331420898
0.015180826187133789
0.015131711959838867
0.015185356140136719
0.015111684799194336
0.015156030654907227
0.015226364135742188
0.015682697296142578
0.01520538330078125
0.01524662971496582
0.015195846557617188
0.015132904052734375
0.015156269073486328
0.015362977981567383
0.015098094940185547
0.015140533447265625
0.015121698379516602
0.015206098556518555
0.015126228332519531
0.01512598991394043
0.014787912368774414
0.01498556137084961
0.015084266662597656
0.014816522598266602
0.01489567756652832
0.015569686889648438
0.014983654022216797
0.014914274215698242
0.014952898025512695
0.014976739883422852
0.01498103141784668
0.014802694320678711
0.014745712280273438
0.014779329299926758
0.014763355255126953
0.014688253402709961
0.014703512191772461
0.01477813720703125
0.014725446701049805
0.014696836471557617
0.014884233474731445
0.014686346054077148
0.015192985534667969
0.01518106460571289
0.014995336532592773
0.015131950378417969
0.014901399612426758
0.01507258415222168
0.014924287796020508
0.014995813369750977
0.015001058578491211
0.015136003494262695
0.014937639236450195
0.015076160430908203
0.01494741439819336
0.01504206657409668
0.014947652816772461
0.01500391960144043
0.014935731887817383
0.014990568161010742
0.014990568161010742
0.014825105667114258
0.01489400863647461
0.014937162399291992
0.014953374862670898
0.014894485473632812
0.01493525505065918
0.01494598388671875
0.015054464340209961
0.014972448348999023
0.014888763427734375
0.014910221099853516
0.014900445938110352
0.014787912368774414
0.014856815338134766
0.014871835708618164
0.015122652053833008
0.014992475509643555
0.014969587326049805
0.014827251434326172
0.014844417572021484
0.015079736709594727
0.01494145393371582
0.014917850494384766
0.014920711517333984
0.015325784683227539
0.015287160873413086
0.01529693603515625
0.015316486358642578
0.015268325805664062
0.015335798263549805
0.015104293823242188
