17.41666222589773
17.41666222589773
17.41666222589773
16.827694940920328
16.827694940920328
16.827694940920328
16.827694940920328
16.393190437254084
16.393190437254084
16.393190437254084
16.393190437254084
16.393190437254084
15.985168114486028
15.985168114486028
15.985168114486028
15.765505933864224
14.65964820139712
14.65964820139712
14.65964820139712
13.993923006676017
13.993923006676017
13.993923006676017
12.511961844005091
12.511961844005091
12.511961844005091
12.511961844005091
12.511961844005091
12.511961844005091
12.511961844005091
12.511961844005091
12.511961844005091
12.511961844005091
11.950114715983725
11.950114715983725
11.950114715983725
11.950114715983725
11.950114715983725
11.950114715983725
11.950114715983725
11.950114715983725
11.950114715983725
11.950114715983725
11.950114715983725
11.950114715983725
11.950114715983725
11.950114715983725
11.950114715983725
11.950114715983725
11.950114715983725
11.950114715983725
11.950114715983725
11.950114715983725
11.950114715983725
11.950114715983725
11.950114715983725
11.950114715983725
11.580722270435844
11.580722270435844
11.580722270435844
11.580722270435844
11.580722270435844
11.483406217404058
11.42697495017611
11.209347600573771
11.209347600573771
11.209347600573771
11.209347600573771
11.209347600573771
11.209347600573771
11.209347600573771
11.209347600573771
11.209347600573771
11.209347600573771
11.209347600573771
11.20585579622682
11.20585579622682
11.20585579622682
10.217036990155233
10.217036990155233
10.217036990155233
10.217036990155233
9.51351911064921
9.51351911064921
9.451860639938669
9.451860639938669
9.451860639938669
9.451860639938669
9.451860639938669
9.451860639938669
9.451860639938669
9.451860639938669
9.451860639938669
9.324945250201512
9.324945250201512
9.324945250201512
9.324945250201512
9.324945250201512
9.324945250201512
9.324945250201512
9.324945250201512
9.324945250201512
9.324945250201512
9.324945250201512
9.324945250201512
9.069680918924966
7.947026460923375
7.947026460923375
7.947026460923375
7.851653442305089
7.851653442305089
7.665465614349637
7.665465614349637
6.859659423600178
6.859659423600178
6.859659423600178
6.859659423600178
6.859659423600178
6.859659423600178
6.738257962688319
6.738257962688319
6.738257962688319
6.738257962688319
6.738257962688319
6.738257962688319
6.738257962688319
6.738257962688319
6.738257962688319
6.738257962688319
6.738257962688319
6.738257962688319
6.738257962688319
6.738257962688319
6.738257962688319
6.738257962688319
6.738257962688319
6.738257962688319
6.738257962688319
6.738257962688319
6.738257962688319
6.7155809793014605
6.7155809793014605
6.7155809793014605
6.576428646531676
6.576428646531676
6.576428646531676
6.545056695806233
6.545056695806233
6.545056695806233
6.545056695806233
6.545056695806233
6.545056695806233
6.498802485705967
6.498802485705967
6.399844890044566
6.399844890044566
6.399844890044566
6.399844890044566
6.399844890044566
6.399844890044566
6.399844890044566
6.399844890044566
6.399844890044566
6.399844890044566
6.399844890044566
6.399844890044566
6.399844890044566
6.399844890044566
6.399844890044566
6.399844890044566
6.0652711282795195
6.0652711282795195
6.0652711282795195
6.0652711282795195
6.0652711282795195
6.0652711282795195
6.0652711282795195
6.0652711282795195
6.0652711282795195
6.0652711282795195
6.0652711282795195
6.0652711282795195
6.0652711282795195
6.0652711282795195
6.0652711282795195
6.0652711282795195
6.0652711282795195
6.0652711282795195
6.0652711282795195
5.313462993816337
5.313462993816337
5.313462993816337
5.313462993816337
5.313462993816337
5.313462993816337
5.313462993816337
5.313462993816337
5.313462993816337
5.313462993816337
5.313462993816337
5.313462993816337
5.313462993816337
5.313462993816337
5.306014184071266
5.306014184071266
5.306014184071266
5.306014184071266
5.306014184071266
5.2171065067425
5.2171065067425
5.2171065067425
5.2171065067425
5.2171065067425
4.779186541971125
4.779186541971125
4.779186541971125
4.779186541971125
4.74173011867925
4.74173011867925
4.74173011867925
4.74173011867925
4.74173011867925
4.706238752652752
4.706238752652752
4.706238752652752
4.706238752652752
4.706238752652752
4.706238752652752
4.706238752652752
4.706238752652752
4.706238752652752
4.706238752652752
4.706238752652752
4.604862449087886
4.604862449087886
4.604862449087886
4.604862449087886
4.604862449087886
4.604862449087886
4.604862449087886
4.604862449087886
4.604862449087886
4.604862449087886
4.426996401649962
4.426996401649962
4.426996401649962
4.426996401649962
4.2678685999132995
4.2678685999132995
4.2678685999132995
4.2678685999132995
4.2678685999132995
4.2678685999132995
4.2678685999132995
4.2678685999132995
4.2678685999132995
4.2678685999132995
4.2678685999132995
4.2678685999132995
4.2678685999132995
4.2678685999132995
4.2678685999132995
4.2678685999132995
4.2678685999132995
3.9742195165796943
3.9742195165796943
3.7232639690569798
3.7232639690569798
3.7037703099581414
3.5749142700974694
3.5749142700974694
3.5749142700974694
3.5133693145935823
3.5133693145935823
3.5133693145935823
3.5133693145935823
3.5133693145935823
3.5133693145935823
3.5133693145935823
3.5133693145935823
3.4473283705737323
3.195674084710422
3.195674084710422
3.195674084710422
3.195674084710422
3.195674084710422
3.195674084710422
3.195674084710422
3.195674084710422
3.195674084710422
3.195674084710422
3.195674084710422
3.149953189121103
3.1099690414201966
3.1099690414201966
3.1099690414201966
3.1099690414201966
3.1099690414201966
3.1099690414201966
3.1099690414201966
3.1099690414201966
3.1099690414201966
2.964593755970956
2.964593755970956
2.964593755970956
2.964593755970956
2.8604467592811638
2.8604467592811638
2.8604467592811638
2.8604467592811638
2.8604467592811638
2.8604467592811638
2.8604467592811638
2.8604467592811638
2.8604467592811638
2.770516278734867
2.770516278734867
2.7612450988770263
2.7612450988770263
2.7612450988770263
2.7604670330432874
2.707333124946672
2.707333124946672
2.707333124946672
2.707333124946672
2.707333124946672
2.707333124946672
2.707333124946672
2.707333124946672
2.707333124946672
2.707333124946672
2.707333124946672
2.707333124946672
2.707333124946672
2.707333124946672
2.707333124946672
2.707333124946672
2.703498276825865
2.703498276825865
2.703498276825865
2.703498276825865
2.703498276825865
2.703498276825865
2.703498276825865
2.703498276825865
2.703498276825865
2.703498276825865
2.703498276825865
2.703498276825865
2.703498276825865
2.647019569716381
2.647019569716381
2.647019569716381
2.606738335030368
2.606738335030368
2.606738335030368
2.606738335030368
2.5455496718008632
2.4785132199334754
2.4785132199334754
2.4785132199334754
2.4785132199334754
2.4785132199334754
2.4785132199334754
2.4785132199334754
2.4785132199334754
2.4785132199334754
2.4785132199334754
2.4785132199334754
2.421154543023352
2.392665060008671
2.392665060008671
2.392665060008671
2.392665060008671
2.392665060008671
2.392665060008671
2.392665060008671
2.3448521889631273
2.3161211241262443
2.3161211241262443
2.3077844630756346
2.29646162123678
2.29646162123678
2.29646162123678
2.2728856849557104
2.249846816185457
2.249846816185457
2.249846816185457
2.249846816185457
2.235722174118653
2.235722174118653
2.235722174118653
2.235722174118653
2.235722174118653
2.235722174118653
2.235722174118653
2.235722174118653
2.235722174118653
2.235722174118653
2.235722174118653
2.235722174118653
2.235722174118653
2.235722174118653
2.235722174118653
2.235722174118653
2.1320178748230667
2.1320178748230667
2.1320178748230667
2.1320178748230667
2.1320178748230667
2.1320178748230667
2.1320178748230667
2.1320178748230667
2.1320178748230667
2.1320178748230667
2.1320178748230667
2.1320178748230667
2.1320178748230667
2.1320178748230667
2.1320178748230667
2.1320178748230667
2.1320178748230667
2.126583022169857
2.113337583740588
2.113337583740588
2.113337583740588
2.0834938975277417
2.082743958051161
2.055035668326461
2.055035668326461
1.7702627843295105
1.7702627843295105
1.7702627843295105
1.7702627843295105
1.7702627843295105
1.7702627843295105
1.7702627843295105
1.7702627843295105
1.7702627843295105
1.7702627843295105
1.7702627843295105
1.7702627843295105
1.7702627843295105
1.7702627843295105
1.7702627843295105
1.7702627843295105
1.7702627843295105
1.7702627843295105
1.7702627843295105
1.7702627843295105
1.7702627843295105
1.7702627843295105
1.7667587078256801
1.7621188356321156
1.7621188356321156
1.7621188356321156
1.7119656036043338
1.7119656036043338
1.7119656036043338
1.7119656036043338
1.516553757136382
1.2546754128296875
1.2546754128296875
1.2546754128296875
1.2546754128296875
1.2546754128296875
1.2546754128296875
1.2546754128296875
1.2546754128296875
1.2546754128296875
1.2546754128296875
1.2546754128296875
1.2546754128296875
1.2546754128296875
1.2546754128296875
1.2546754128296875
1.2546754128296875
0.9322824587840728
0.9322824587840728
0.9322824587840728
0.9322824587840728
0.9322824587840728
0.9322824587840728
0.9322824587840728
0.9322824587840728
0.9322824587840728
0.9322824587840728
0.9322824587840728
0.9322824587840728
0.9322824587840728
0.9322824587840728
0.9322824587840728
0.9322824587840728
0.9322824587840728
0.9110785854532288
0.9110785854532288
0.8198046782599455
0.8198046782599455
0.8198046782599455
0.8198046782599455
0.7219704890990037
0.7219704890990037
0.7219704890990037
0.7219704890990037
0.7167259355143649
0.642649230615099
0.642649230615099
0.642649230615099
0.642649230615099
0.5407014090804729
0.5407014090804729
0.5407014090804729
0.5407014090804729
0.5407014090804729
0.5407014090804729
0.5407014090804729
0.5407014090804729
0.5407014090804729
0.5407014090804729
0.5407014090804729
0.5407014090804729
0.5407014090804729
0.5407014090804729
0.5407014090804729
0.5407014090804729
0.5407014090804729
0.5407014090804729
0.5407014090804729
0.5407014090804729
0.5407014090804729
0.5407014090804729
0.5407014090804729
0.5407014090804729
0.5407014090804729
0.5407014090804729
0.5407014090804729
0.39608258984353384
0.39608258984353384
0.39608258984353384
0.39608258984353384
0.39608258984353384
0.39608258984353384
0.39195039479452376
0.38530282610276956
0.38530282610276956
0.38530282610276956
0.38530282610276956
0.368776793042759
0.368776793042759
0.368776793042759
0.368776793042759
0.368776793042759
0.29947826655370235
0.29947826655370235
0.29947826655370235
0.29947826655370235
0.25408625462419465
0.24083351577478496
0.2344243401266155
0.2344243401266155
0.2344243401266155
0.2344243401266155
0.2344243401266155
0.2344243401266155
0.17358012708372428
0.17358012708372428
0.17358012708372428
0.17358012708372428
0.17358012708372428
0.17358012708372428
0.17358012708372428
0.17358012708372428
0.17358012708372428
0.17358012708372428
0.17358012708372428
0.17358012708372428
0.17358012708372428
0.17358012708372428
0.17358012708372428
0.16083320516113275
0.16083320516113275
0.16083320516113275
0.16083320516113275
0.16083320516113275
0.16083320516113275
0.16083320516113275
0.16083320516113275
0.16083320516113275
0.16083320516113275
0.16083320516113275
0.16083320516113275
0.16083320516113275
0.16083320516113275
0.16083320516113275
0.16017530121763812
0.16017530121763812
0.1302686453768267
0.1302686453768267
0.1302686453768267
0.1302686453768267
0.1302686453768267
0.1302686453768267
0.1302686453768267
0.1302686453768267
0.1302686453768267
0.1302686453768267
0.1302686453768267
0.1302686453768267
0.1302686453768267
0.1302686453768267
0.1302686453768267
0.1302686453768267
0.1302686453768267
0.1302686453768267
0.1302686453768267
0.1302686453768267
0.1302686453768267
0.1302686453768267
0.1302686453768267
0.12984272744647285
0.12984272744647285
0.10115226805405442
0.10115226805405442
0.10115226805405442
0.10115226805405442
0.10115226805405442
0.10115226805405442
0.10115226805405442
0.10115226805405442
0.10115226805405442
0.10115226805405442
0.10115226805405442
0.10115226805405442
0.10115226805405442
0.10115226805405442
0.10115226805405442
0.10115226805405442
0.10115226805405442
0.10115226805405442
0.10115226805405442
0.10115226805405442
0.10115226805405442
0.10115226805405442
0.10115226805405442
0.10115226805405442
0.10115226805405442
0.10115226805405442
0.10115226805405442
0.10115226805405442
0.10115226805405442
0.09865034884792934
0.09865034884792934
0.09865034884792934
0.09865034884792934
0.09865034884792934
0.09865034884792934
0.09865034884792934
0.09865034884792934
0.09387648574324459
0.09387648574324459
0.09387648574324459
0.09387648574324459
0.09387648574324459
0.09387648574324459
0.09387648574324459
0.09387648574324459
0.09387648574324459
0.09387648574324459
0.07112807108780572
0.07112807108780572
0.07112807108780572
0.07112807108780572
0.07112807108780572
0.07112807108780572
0.07112807108780572
0.07112807108780572
0.07112807108780572
0.07112807108780572
0.07112807108780572
0.07112807108780572
0.07101972544326074
0.07101972544326074
0.07101972544326074
0.06634592624510915
0.06634592624510915
0.0645434339346238
0.0645434339346238
0.05898694579265751
0.05898694579265751
0.05898694579265751
0.05898694579265751
0.05898694579265751
0.05898694579265751
0.05898694579265751
0.05898694579265751
0.05898694579265751
0.05898694579265751
0.05787413185159451
0.05787413185159451
0.05787413185159451
0.05787413185159451
0.05787413185159451
0.05787413185159451
0.05787413185159451
0.05787413185159451
0.0574250100574325
0.0574250100574325
0.05706596983768364
0.05706596983768364
0.05672259939985125
0.05672259939985125
0.05672259939985125
0.0482462537253987
0.0482462537253987
0.04750031851721559
0.04750031851721559
0.04750031851721559
0.04750031851721559
0.04750031851721559
0.04750031851721559
0.04750031851721559
0.04750031851721559
0.04750031851721559
0.04750031851721559
0.04750031851721559
0.04740633355311985
0.04682121842029474
0.04682121842029474
0.04276922167732522
0.04276922167732522
0.04276922167732522
0.04276922167732522
0.04276922167732522
0.04276922167732522
0.04276922167732522
0.04276922167732522
0.04276922167732522
0.04276922167732522
0.04276922167732522
0.04276922167732522
0.04276922167732522
0.02939542329379563
0.02939542329379563
0.02939542329379563
0.02939542329379563
0.02939542329379563
0.02939542329379563
0.02939542329379563
0.02939542329379563
0.02939542329379563
0.02939542329379563
0.02939542329379563
0.02939542329379563
0.02939542329379563
0.02939542329379563
0.02939542329379563
0.02939542329379563
0.02939542329379563
0.02939542329379563
0.02939542329379563
0.02939542329379563
0.02939542329379563
0.02939542329379563
0.02939542329379563
0.02939542329379563
0.02939542329379563
0.02939542329379563
0.02939542329379563
0.029271055221251174
0.02907267164597016
0.02907267164597016
0.02867955530255273
0.02867955530255273
0.02867955530255273
0.027934451476426148
0.027934451476426148
0.027934451476426148
0.027934451476426148
0.027407499893698173
0.02603989120567718
0.02603989120567718
0.024973149555290064
0.024973149555290064
0.024973149555290064
0.02371730313649678
0.02371730313649678
0.02371730313649678
0.022178922733818496
0.022178922733818496
0.022178922733818496
0.022178922733818496
0.022178922733818496
0.022178922733818496
0.022178922733818496
0.022178922733818496
0.022178922733818496
0.022178922733818496
0.022178922733818496
0.022178922733818496
0.020289541171997882
0.020289541171997882
0.020289541171997882
0.020289541171997882
0.020289541171997882
0.020289541171997882
0.020289541171997882
0.01959637385541413
0.019458404584550948
0.016273941286474525
0.016273941286474525
0.016273941286474525
0.016273941286474525
0.016273941286474525
0.016273941286474525
0.016273941286474525
0.016273941286474525
0.016273941286474525
0.016273941286474525
0.01567567606997855
0.01567567606997855
0.01567567606997855
0.01567567606997855
0.01567567606997855
0.01567567606997855
0.01567567606997855
0.01567567606997855
0.01567567606997855
0.01567567606997855
0.015301948461605264
0.015301948461605264
0.015301948461605264
0.013983722957938483
0.013983722957938483
0.013983722957938483
0.013614067149571696
0.013614067149571696
0.013614067149571696
0.013614067149571696
0.013614067149571696
0.013614067149571696
0.012984672709659861
0.012984672709659861
0.012984672709659861
0.012984672709659861
0.012984672709659861
0.012984672709659861
0.012875109190648715
0.012875109190648715
0.012715972333381842
0.012715972333381842
0.012492640821797352
0.012132134615079337
0.010938091218505974
0.010938091218505974
0.009083117004095698
0.009083117004095698
0.009083117004095698
0.009083117004095698
0.009083117004095698
0.009083117004095698
0.009083117004095698
0.009083117004095698
0.009083117004095698
0.009083117004095698
0.009083117004095698
0.009083117004095698
0.009083117004095698
0.009083117004095698
0.009083117004095698
0.009083117004095698
0.009083117004095698
0.009083117004095698
0.009083117004095698
0.009083117004095698
0.009083117004095698
0.009083117004095698
0.009083117004095698
0.006013004434301195
0.006013004434301195
0.006013004434301195
0.006013004434301195
0.006013004434301195
0.006013004434301195
0.006013004434301195
0.006013004434301195
0.006013004434301195
0.006013004434301195
0.006013004434301195
0.006013004434301195
0.006013004434301195
0.006013004434301195
0.006013004434301195
0.006013004434301195
0.006013004434301195
0.006013004434301195
0.006013004434301195
0.006013004434301195
0.006013004434301195
0.006013004434301195
0.006013004434301195
0.006013004434301195
0.006013004434301195
0.006013004434301195
0.006013004434301195
0.006013004434301195
0.006013004434301195
0.006013004434301195
0.005294145701256525
0.005294145701256525
0.004824297940068334
0.004824297940068334
0.004824297940068334
0.004824297940068334
0.004824297940068334
0.004824297940068334
0.004824297940068334
0.004824297940068334
0.004824297940068334
0.004824297940068334
0.004824297940068334
0.004824297940068334
0.004614539549105956
0.004614539549105956
0.004614539549105956
0.004614539549105956
0.004614539549105956
0.004614539549105956
0.004614539549105956
0.004614539549105956
0.004609060015045685
0.004609060015045685
0.004609060015045685
0.004461157599106258
0.004461157599106258
0.004461157599106258
0.004461157599106258
0.004461157599106258
0.004461157599106258
0.004461157599106258
0.004461157599106258
0.004461157599106258
0.004461157599106258
0.004461157599106258
0.004461157599106258
0.004461157599106258
0.004461157599106258
0.004330143891461802
0.004330143891461802
0.004330143891461802
0.004330143891461802
0.004330143891461802
0.004330143891461802
0.004310174157296842
0.004210837295342884
0.004210837295342884
0.004210837295342884
0.004210837295342884
0.0041854048339580174
0.004140938874453326
0.004110401233770489
0.004110401233770489
0.0040733699333515005
0.003675332204352344
0.003675332204352344
0.0035726571772300986
0.003467532925320427
0.003467532925320427
0.003467532925320427
0.003467532925320427
0.00342242625857736
0.00342242625857736
0.00342242625857736
0.003402529713675051
0.003402529713675051
0.00303874088285383
0.00303874088285383
0.00303874088285383
0.00303874088285383
0.00303874088285383
0.00303874088285383
0.00303874088285383
0.00303874088285383
0.00303874088285383
0.00303133109512288
0.00303133109512288
0.002988961173766569
0.002988961173766569
0.0021790326844417507
0.0021790326844417507
0.0021790326844417507
0.0021790326844417507
0.0021790326844417507
0.0021790326844417507
0.0021790326844417507
0.0021790326844417507
0.0021790326844417507
0.0021790326844417507
0.0021790326844417507
0.0021790326844417507
0.0021790326844417507
0.0021790326844417507
