0.0033626556396484375
0.003352642059326172
0.003261566162109375
0.0030221939086914062
0.0031480789184570312
0.0032002925872802734
0.003268718719482422
0.0031461715698242188
0.003012418746948242
0.002933979034423828
0.0028765201568603516
0.0030412673950195312
0.003010272979736328
0.0028798580169677734
0.0029473304748535156
0.0030870437622070312
0.003042459487915039
0.0029647350311279297
0.002839326858520508
0.0030355453491210938
0.002969026565551758
0.0028634071350097656
0.002918243408203125
0.002943754196166992
0.0029039382934570312
0.002899169921875
0.002925395965576172
0.002957582473754883
0.002912282943725586
0.002910614013671875
0.00296783447265625
0.0027937889099121094
0.002852916717529297
0.0028815269470214844
0.003025531768798828
0.0029611587524414062
0.0028514862060546875
0.002865314483642578
0.0028505325317382812
0.003117084503173828
0.003555774688720703
0.0035774707794189453
0.00359344482421875
0.003564119338989258
0.003577709197998047
0.0035905838012695312
0.003584146499633789
0.0035758018493652344
0.003216266632080078
0.0034825801849365234
0.0032806396484375
0.0031890869140625
0.0030422210693359375
0.0029249191284179688
0.002971172332763672
0.002971172332763672
0.002944469451904297
0.0029036998748779297
0.002888202667236328
0.0028600692749023438
0.0028908252716064453
0.002832174301147461
0.0031058788299560547
0.003042936325073242
0.0030052661895751953
0.0029723644256591797
0.0029289722442626953
0.0029108524322509766
0.0028777122497558594
0.003081083297729492
0.002985715866088867
0.002875804901123047
0.002910614013671875
0.0028684139251708984
0.002942800521850586
0.002978801727294922
0.0028951168060302734
0.002871274948120117
0.002846240997314453
0.002934694290161133
0.0028815269470214844
0.0028586387634277344
0.0029458999633789062
0.002924203872680664
0.002835512161254883
0.002830028533935547
0.002826690673828125
0.0028383731842041016
0.0028464794158935547
0.002840757369995117
0.0028731822967529297
0.002950906753540039
0.0028901100158691406
0.002820253372192383
0.0028684139251708984
0.0029768943786621094
0.0030624866485595703
0.002945423126220703
0.0030477046966552734
0.0030202865600585938
0.0030412673950195312
0.002992868423461914
0.002946138381958008
0.0030515193939208984
0.003009796142578125
0.0029180049896240234
0.0029027462005615234
0.0028696060180664062
0.0028662681579589844
0.002858877182006836
0.002846240997314453
0.0028672218322753906
0.0029015541076660156
0.003039121627807617
0.003016233444213867
0.003154754638671875
0.0031571388244628906
0.0030422210693359375
0.0030210018157958984
0.002915620803833008
0.003153085708618164
0.003018617630004883
0.0029816627502441406
0.0028808116912841797
0.0030395984649658203
0.002920389175415039
0.002961397171020508
0.0028116703033447266
0.0029191970825195312
0.003040313720703125
0.0029439926147460938
0.002992868423461914
0.0028693675994873047
0.0030121803283691406
0.002936124801635742
0.002866029739379883
0.0030107498168945312
0.002946138381958008
0.0028717517852783203
0.0028679370880126953
0.0028891563415527344
0.002944469451904297
0.0028464794158935547
0.0028815269470214844
0.002932310104370117
0.002972841262817383
0.0028488636016845703
0.002893686294555664
0.002951383590698242
0.0030367374420166016
0.0028388500213623047
0.0028977394104003906
0.0029201507568359375
0.0029501914978027344
0.0029811859130859375
0.003009796142578125
0.002961397171020508
0.0029273033142089844
0.002942323684692383
0.002969503402709961
0.002959728240966797
0.0029642581939697266
0.003045320510864258
0.002996683120727539
0.002993345260620117
0.002915620803833008
0.002933025360107422
0.002919912338256836
0.002899169921875
0.0029311180114746094
0.0028913021087646484
0.0029153823852539062
0.002872467041015625
0.0028791427612304688
0.002882719039916992
0.0029082298278808594
0.0027883052825927734
0.0027816295623779297
0.0029184818267822266
0.002877950668334961
0.002779722213745117
0.002942323684692383
0.003023386001586914
0.002878904342651367
0.0028138160705566406
0.002790212631225586
0.0029087066650390625
0.0029714107513427734
0.0029218196868896484
0.002805948257446289
0.002901792526245117
0.002937793731689453
0.0028145313262939453
0.002895355224609375
0.0029757022857666016
0.002804279327392578
0.002866506576538086
0.0028722286224365234
0.0029027462005615234
0.002817869186401367
0.0027976036071777344
0.0029103755950927734
0.0029883384704589844
0.0028853416442871094
0.002817869186401367
0.0028502941131591797
0.0028259754180908203
0.002864360809326172
0.0030388832092285156
0.003115415573120117
0.0031135082244873047
0.0027070045471191406
0.002927064895629883
0.002943277359008789
0.002924203872680664
0.002800464630126953
0.0029299259185791016
0.0029137134552001953
0.0029249191284179688
0.00286865234375
0.002878427505493164
0.0029447078704833984
0.002874135971069336
0.0029060840606689453
0.002870321273803711
0.002884387969970703
0.002936840057373047
0.002796649932861328
0.002788066864013672
0.00296783447265625
0.0028946399688720703
0.0029032230377197266
0.0028276443481445312
0.0028879642486572266
0.002927541732788086
0.0028028488159179688
0.002859830856323242
0.0028924942016601562
0.002846240997314453
0.002794027328491211
0.002844095230102539
0.002871274948120117
0.002804994583129883
0.002853870391845703
0.0029468536376953125
0.0028603076934814453
0.0028913021087646484
0.0028913021087646484
0.0028934478759765625
0.002826213836669922
0.0028908252716064453
0.0028412342071533203
0.002871990203857422
0.0028972625732421875
0.0028481483459472656
0.002897977828979492
0.0028252601623535156
0.003026723861694336
0.0029115676879882812
0.002965211868286133
0.0030372142791748047
0.0029973983764648438
0.002925872802734375
0.0030243396759033203
0.003061532974243164
0.003183126449584961
0.003159761428833008
0.0031080245971679688
0.003157377243041992
0.0031828880310058594
0.0032367706298828125
0.0031087398529052734
0.002988576889038086
0.003123760223388672
0.0031518936157226562
0.0032570362091064453
0.0032303333282470703
0.0031697750091552734
0.003151416778564453
0.0032029151916503906
0.0032777786254882812
0.0033740997314453125
0.0031785964965820312
0.003222227096557617
0.003054380416870117
0.0031061172485351562
0.0033898353576660156
0.003363370895385742
0.0031991004943847656
0.0032634735107421875
0.0030901432037353516
0.0034208297729492188
0.0033922195434570312
0.0036039352416992188
0.003598451614379883
0.0035858154296875
0.0035092830657958984
0.0031266212463378906
0.003095388412475586
0.0032401084899902344
0.0032052993774414062
0.0032536983489990234
0.003168821334838867
0.0030181407928466797
0.0031037330627441406
0.0031795501708984375
0.003144979476928711
0.0030717849731445312
0.002997159957885742
0.0031898021697998047
0.0032806396484375
0.0032567977905273438
0.003324270248413086
0.0030846595764160156
0.003110170364379883
0.003156900405883789
0.003265857696533203
0.0032777786254882812
0.0030968189239501953
0.0028820037841796875
0.00318145751953125
0.0031850337982177734
0.0032482147216796875
0.0031418800354003906
0.0031430721282958984
0.0031821727752685547
0.0032122135162353516
0.0032563209533691406
0.0031914710998535156
0.0031480789184570312
0.003199338912963867
0.0031926631927490234
0.0031359195709228516
0.003207683563232422
0.0031561851501464844
0.003010988235473633
0.0031778812408447266
0.0031900405883789062
0.0032410621643066406
0.0031270980834960938
0.003143310546875
0.0031387805938720703
0.003451824188232422
0.0032989978790283203
0.0032165050506591797
0.0033233165740966797
0.0030646324157714844
0.0030450820922851562
0.0031785964965820312
0.003144502639770508
0.0031273365020751953
0.0030252933502197266
0.0029616355895996094
0.0031003952026367188
0.0029604434967041016
0.0029158592224121094
0.0029478073120117188
0.0028946399688720703
0.002946138381958008
0.0028772354125976562
0.0028908252716064453
0.0030121803283691406
0.002887248992919922
0.0029299259185791016
0.002835512161254883
0.0027840137481689453
0.0029282569885253906
0.0028946399688720703
0.002813577651977539
0.0028810501098632812
0.0029366016387939453
0.0029044151306152344
0.0029556751251220703
0.002912759780883789
0.0028395652770996094
0.002856016159057617
0.0028159618377685547
0.002847909927368164
0.002898693084716797
0.0029778480529785156
0.0029718875885009766
0.002957582473754883
0.0028960704803466797
0.0027713775634765625
0.002893209457397461
0.0028409957885742188
0.0029392242431640625
0.0028743743896484375
0.0029413700103759766
0.002973318099975586
0.002874612808227539
0.002753734588623047
0.0028302669525146484
0.0028116703033447266
0.0027861595153808594
0.0028438568115234375
0.0027608871459960938
0.0027933120727539062
0.002771615982055664
0.0027425289154052734
0.002855539321899414
0.0028247833251953125
0.0027399063110351562
0.002806425094604492
0.0029039382934570312
0.00272369384765625
0.0027086734771728516
0.0028467178344726562
0.002816915512084961
0.0028498172760009766
0.0028274059295654297
0.0029468536376953125
0.002834796905517578
0.002814054489135742
0.0028324127197265625
0.0028295516967773438
0.002895832061767578
0.0027997493743896484
0.002843141555786133
0.0028188228607177734
0.0028769969940185547
0.002899169921875
0.002838134765625
0.0029196739196777344
0.0029675960540771484
0.002902984619140625
0.002945423126220703
0.00286102294921875
0.0028450489044189453
0.0029647350311279297
0.002810955047607422
0.002850770950317383
0.0028531551361083984
0.0028455257415771484
0.002846956253051758
0.0028781890869140625
0.002877473831176758
0.002843618392944336
0.002882242202758789
0.002969503402709961
0.003024578094482422
0.002959012985229492
0.0028388500213623047
0.0029549598693847656
0.0028886795043945312
0.002944469451904297
0.002820730209350586
0.002883434295654297
0.0029001235961914062
0.0028536319732666016
0.002852916717529297
0.002833127975463867
0.002838611602783203
0.0028929710388183594
0.002838134765625
0.002866029739379883
0.002849102020263672
0.0028862953186035156
0.00281524658203125
0.0028228759765625
0.002834796905517578
0.002834320068359375
0.0028562545776367188
0.002866983413696289
0.002808094024658203
0.0028243064880371094
0.0028481483459472656
0.0028295516967773438
0.002825021743774414
0.002825021743774414
0.002822399139404297
0.0028171539306640625
0.0028824806213378906
0.002821683883666992
0.002809762954711914
0.002843141555786133
0.0028655529022216797
0.002862215042114258
0.002870321273803711
0.0028111934661865234
0.00281524658203125
0.0028274059295654297
0.002864837646484375
0.003369569778442383
0.003167867660522461
0.002863168716430664
0.0028645992279052734
0.002938508987426758
0.0029053688049316406
0.002868175506591797
0.002913951873779297
0.002946138381958008
0.002936124801635742
0.0028350353240966797
0.0028409957885742188
0.0028417110443115234
0.0028276443481445312
0.0028676986694335938
0.002833127975463867
0.0028841495513916016
0.0028219223022460938
0.0028276443481445312
0.0028443336486816406
0.0028412342071533203
0.0028297901153564453
0.0028357505798339844
0.002851724624633789
0.0028274059295654297
0.002851724624633789
0.002849102020263672
0.0028808116912841797
0.0028448104858398438
0.002872943878173828
0.002831697463989258
0.002872943878173828
0.0028383731842041016
0.0028412342071533203
0.002828836441040039
0.0028383731842041016
0.002849578857421875
0.0028350353240966797
0.0028252601623535156
0.002838611602783203
0.002820730209350586
0.002834796905517578
0.002905607223510742
0.0028100013732910156
0.002834796905517578
0.0028531551361083984
0.002803325653076172
0.002853870391845703
0.0028002262115478516
0.0028045177459716797
0.0028362274169921875
0.002835988998413086
0.0027976036071777344
0.0028183460235595703
0.0028197765350341797
0.0028429031372070312
0.0028069019317626953
0.0028350353240966797
0.002902507781982422
0.0028543472290039062
0.0028274059295654297
0.0028274059295654297
0.002834796905517578
0.002837657928466797
0.002804994583129883
0.0028395652770996094
0.0028336048126220703
0.0028390884399414062
0.002841472625732422
0.0029451847076416016
0.002847909927368164
0.0028352737426757812
0.0028443336486816406
0.0028595924377441406
0.002819538116455078
0.002847433090209961
0.002925872802734375
0.0028333663940429688
0.0027985572814941406
0.0028243064880371094
0.0028285980224609375
0.002841472625732422
0.002844095230102539
0.002821683883666992
0.0028314590454101562
0.002822399139404297
0.0027959346771240234
0.00281524658203125
0.002822399139404297
0.0028350353240966797
0.0028247833251953125
0.002870321273803711
0.0029726028442382812
0.002821683883666992
0.0029447078704833984
0.002833843231201172
0.002843141555786133
0.002831697463989258
0.002840757369995117
0.0028395652770996094
0.002841949462890625
0.0028371810913085938
0.0028901100158691406
0.0029082298278808594
0.002827882766723633
0.0028307437896728516
0.002855062484741211
0.0028328895568847656
0.0028641223907470703
0.002839803695678711
0.003004312515258789
0.002999544143676758
0.0028901100158691406
0.002913951873779297
0.0029218196868896484
0.0028111934661865234
0.0028922557830810547
0.0028493404388427734
0.002840280532836914
0.002840757369995117
0.002932310104370117
0.002922534942626953
0.002825498580932617
0.0028412342071533203
0.0028345584869384766
0.0028426647186279297
0.0029344558715820312
0.0029039382934570312
0.0029196739196777344
0.002819538116455078
0.0028252601623535156
0.0028302669525146484
0.002821207046508789
0.002831697463989258
0.0029370784759521484
0.002867460250854492
0.0028760433197021484
0.0030431747436523438
0.002908945083618164
0.0029115676879882812
0.002911090850830078
0.0029549598693847656
0.002981424331665039
0.0029020309448242188
0.00302886962890625
0.0028612613677978516
0.0028848648071289062
0.0029058456420898438
0.002840280532836914
0.0028221607208251953
0.002910614013671875
0.002864837646484375
0.0028197765350341797
0.0029189586639404297
0.0028252601623535156
0.0028171539306640625
0.002923250198364258
0.0028192996978759766
0.00290679931640625
0.0028231143951416016
0.002886533737182617
0.002887248992919922
0.0028829574584960938
0.002973794937133789
0.002811908721923828
0.0028116703033447266
0.002802610397338867
0.0028078556060791016
0.00281524658203125
0.0029070377349853516
0.0031676292419433594
0.0031299591064453125
0.0031206607818603516
0.003170490264892578
0.003160238265991211
0.0031538009643554688
0.0031692981719970703
0.0032150745391845703
0.003123760223388672
0.0031626224517822266
0.0031392574310302734
0.003168821334838867
0.0031430721282958984
0.003111600875854492
0.0029006004333496094
0.0028395652770996094
0.0029342174530029297
0.003064393997192383
0.002893209457397461
0.0028324127197265625
0.0029571056365966797
0.0029001235961914062
0.002821683883666992
0.0028502941131591797
0.002929210662841797
0.002969503402709961
0.002824544906616211
0.002858877182006836
0.0029044151306152344
0.0029458999633789062
0.002930164337158203
0.002831697463989258
0.002931356430053711
0.0030155181884765625
0.003194093704223633
0.003075122833251953
0.003179788589477539
0.0031952857971191406
0.003186464309692383
0.0031147003173828125
0.0031609535217285156
0.0029952526092529297
0.0031197071075439453
0.0030264854431152344
0.0031290054321289062
0.0030846595764160156
0.0030069351196289062
0.0029478073120117188
0.003022432327270508
0.0028793811798095703
0.0028700828552246094
0.003042936325073242
0.0030133724212646484
0.0030281543731689453
0.0030918121337890625
0.0029954910278320312
0.002956867218017578
0.0028395652770996094
0.002825498580932617
0.0028533935546875
0.002902984619140625
0.002834796905517578
0.002820253372192383
0.00290679931640625
0.002900362014770508
0.0028564929962158203
0.002835512161254883
0.0029113292694091797
0.0029027462005615234
0.0029129981994628906
0.003000020980834961
0.0030095577239990234
0.003084421157836914
0.0030565261840820312
0.003015756607055664
0.003045797348022461
0.0029942989349365234
0.0030014514923095703
0.0029859542846679688
0.0029685497283935547
0.002994537353515625
0.0030095577239990234
0.003001689910888672
0.0030007362365722656
0.002987384796142578
0.0030546188354492188
0.0030815601348876953
0.003116607666015625
0.0029914379119873047
0.0031404495239257812
0.0029897689819335938
0.0029993057250976562
0.0028510093688964844
0.0031044483184814453
0.0029573440551757812
0.0029320716857910156
0.0028514862060546875
0.002828836441040039
0.0030210018157958984
0.0029413700103759766
0.0029783248901367188
0.003086566925048828
0.003119230270385742
0.0030319690704345703
0.003142833709716797
0.0028302669525146484
0.003083467483520508
0.0029659271240234375
0.0030400753021240234
0.0028390884399414062
0.003003358840942383
0.0030519962310791016
0.002935171127319336
0.0028591156005859375
0.0028870105743408203
0.0029866695404052734
0.0030455589294433594
0.003008604049682617
0.0028829574584960938
0.0030295848846435547
0.0031003952026367188
0.003078460693359375
0.0030908584594726562
0.0030825138092041016
0.0030236244201660156
0.002947092056274414
0.002893686294555664
0.002888917922973633
0.002961874008178711
0.002978086471557617
0.0028829574584960938
0.002886056900024414
0.00290679931640625
0.0029397010803222656
0.002907991409301758
0.0029060840606689453
0.0029141902923583984
0.0029325485229492188
0.0028569698333740234
0.002804279327392578
0.0029366016387939453
0.0029010772705078125
0.0028564929962158203
0.0027899742126464844
0.0028204917907714844
0.0028946399688720703
0.0028357505798339844
0.002784252166748047
0.002833127975463867
0.002828836441040039
0.0028166770935058594
0.0028200149536132812
0.002832174301147461
0.002886533737182617
0.0027832984924316406
0.002824068069458008
0.002888917922973633
0.002796173095703125
0.0028181076049804688
0.0028362274169921875
0.0028357505798339844
0.0027964115142822266
0.002828836441040039
0.002847433090209961
0.0028769969940185547
0.0027916431427001953
0.0028057098388671875
0.002809762954711914
0.0028154850006103516
0.002811431884765625
0.0027861595153808594
0.0028371810913085938
0.0028553009033203125
0.002816438674926758
0.0028100013732910156
0.002813100814819336
0.002794027328491211
0.0028145313262939453
0.002801179885864258
0.002796173095703125
0.002794027328491211
0.0028138160705566406
0.002796173095703125
0.0028076171875
0.002821683883666992
0.0028018951416015625
0.0028340816497802734
0.002802133560180664
0.0028264522552490234
0.0028166770935058594
0.002799510955810547
0.0027947425842285156
0.0028285980224609375
0.0028128623962402344
0.002794504165649414
0.002792835235595703
0.002806425094604492
0.002811431884765625
0.0028085708618164062
0.002799510955810547
0.002857685089111328
0.0028061866760253906
0.0028693675994873047
0.0028388500213623047
0.002804279327392578
0.002805948257446289
0.0029392242431640625
0.002804994583129883
0.0028295516967773438
0.0028107166290283203
0.0027985572814941406
0.0028018951416015625
0.002822399139404297
0.002803325653076172
0.0028133392333984375
0.0028200149536132812
0.0028002262115478516
0.0028083324432373047
0.0028259754180908203
0.0028035640716552734
0.0028009414672851562
0.002838134765625
0.002880573272705078
0.0028281211853027344
0.002862215042114258
0.0028290748596191406
0.002829313278198242
0.0028371810913085938
0.002805471420288086
0.002826213836669922
0.002811908721923828
0.002804279327392578
0.002809286117553711
0.0029144287109375
0.0028142929077148438
0.0028247833251953125
0.0028116703033447266
0.002798795700073242
0.0028052330017089844
0.0028030872344970703
0.0028498172760009766
0.002902984619140625
0.002724885940551758
0.002717256546020508
0.0027189254760742188
0.0027189254760742188
0.002712249755859375
0.0027365684509277344
0.002714872360229492
0.0027420520782470703
0.0027227401733398438
0.002700328826904297
0.0027170181274414062
0.002779722213745117
0.002741575241088867
0.002724170684814453
0.0027184486389160156
0.0028450489044189453
0.0027616024017333984
0.0028150081634521484
0.0028052330017089844
0.00281524658203125
0.0028030872344970703
0.002802610397338867
0.002808809280395508
0.0027971267700195312
0.0027892589569091797
0.002834796905517578
0.002797842025756836
0.0027964115142822266
0.002817869186401367
0.0028090476989746094
0.0027933120727539062
0.0028295516967773438
0.002802610397338867
0.0028197765350341797
0.0028717517852783203
0.002821207046508789
0.002822399139404297
0.0028111934661865234
0.00276947021484375
0.0027930736541748047
0.0027039051055908203
0.002695322036743164
0.0027561187744140625
0.002725839614868164
0.0027933120727539062
0.0026869773864746094
0.002701282501220703
0.0027093887329101562
0.002713441848754883
0.0026960372924804688
0.002794981002807617
0.002858400344848633
0.002747774124145508
0.002777576446533203
0.002682209014892578
0.002758502960205078
0.002713918685913086
0.0027136802673339844
0.002794981002807617
0.002726316452026367
0.0027573108673095703
0.002809286117553711
0.002785921096801758
0.002717256546020508
0.0028235912322998047
0.002745389938354492
0.0027923583984375
0.0028047561645507812
0.002727031707763672
0.002890348434448242
0.002703428268432617
0.0026993751525878906
0.002731800079345703
0.0026938915252685547
0.0026884078979492188
0.0026826858520507812
0.0026988983154296875
0.0027801990509033203
0.002760648727416992
0.002712726593017578
0.0027501583099365234
0.002759695053100586
0.0026831626892089844
0.002726316452026367
0.002721548080444336
0.0027632713317871094
0.0027065277099609375
0.0028200149536132812
0.0028085708618164062
0.0028519630432128906
0.002841472625732422
0.0028967857360839844
0.002933502197265625
0.0029723644256591797
0.0029375553131103516
0.0028760433197021484
0.0028879642486572266
0.002919435501098633
0.0029172897338867188
0.0029091835021972656
0.0029184818267822266
0.002960205078125
0.002917051315307617
0.0029523372650146484
0.0029392242431640625
