0.0028862953186035156
0.002781391143798828
0.0027701854705810547
0.0028030872344970703
0.002694368362426758
0.0027518272399902344
0.0026929378509521484
0.0026350021362304688
0.002658843994140625
0.002679586410522461
0.0025844573974609375
0.0026946067810058594
0.002762317657470703
0.002705097198486328
0.002687692642211914
0.002691507339477539
0.0026602745056152344
0.0027289390563964844
0.002696514129638672
0.002668619155883789
0.0026047229766845703
0.0026874542236328125
0.0026667118072509766
0.0026772022247314453
0.0026504993438720703
0.002631664276123047
0.002738475799560547
0.002613067626953125
0.0026998519897460938
0.00267791748046875
0.002685070037841797
0.002674579620361328
0.002698183059692383
0.002777099609375
0.0026390552520751953
0.0027959346771240234
0.002748727798461914
0.0027060508728027344
0.0027539730072021484
0.0026810169219970703
0.002613067626953125
0.0026509761810302734
0.002649068832397461
0.002686738967895508
0.0026226043701171875
0.002708911895751953
0.002721071243286133
0.0026819705963134766
0.0027742385864257812
0.0027837753295898438
0.002667665481567383
0.002722024917602539
0.0026891231536865234
0.002696990966796875
0.002738475799560547
0.002783536911010742
0.0027496814727783203
0.0026581287384033203
0.0026977062225341797
0.0027534961700439453
0.0026319026947021484
0.0026853084564208984
0.0026662349700927734
0.0027179718017578125
0.002660036087036133
0.0027136802673339844
0.002679109573364258
0.0027174949645996094
0.0027000904083251953
0.002794504165649414
0.002757549285888672
0.0027303695678710938
0.0027475357055664062
0.002694845199584961
0.0026946067810058594
0.002655506134033203
0.002622842788696289
0.002657651901245117
0.0026578903198242188
0.0027036666870117188
0.0026955604553222656
0.0027604103088378906
0.002544403076171875
0.0026807785034179688
0.0026030540466308594
0.002621173858642578
0.0025963783264160156
0.0025911331176757812
0.002593994140625
0.002643585205078125
0.0026397705078125
0.0028104782104492188
0.002615213394165039
0.002686738967895508
0.002672910690307617
0.002617359161376953
0.002700328826904297
0.0026788711547851562
0.002661466598510742
0.0026242733001708984
0.002678394317626953
0.0026760101318359375
0.0028035640716552734
0.0028061866760253906
0.0026946067810058594
0.0027475357055664062
0.002712726593017578
0.002742767333984375
0.0026760101318359375
0.002667665481567383
0.002723217010498047
0.002604961395263672
0.002743959426879883
0.0026950836181640625
0.0026993751525878906
0.002679586410522461
0.0027420520782470703
0.0026962757110595703
0.0026564598083496094
0.0027244091033935547
0.002705097198486328
0.0027265548706054688
0.002633333206176758
0.002695798873901367
0.002640247344970703
0.0027108192443847656
0.002733469009399414
0.0027294158935546875
0.0027008056640625
0.0026853084564208984
0.0027806758880615234
0.0026776790618896484
0.002737283706665039
0.002720355987548828
0.002725362777709961
0.0026633739471435547
0.0027174949645996094
0.0026845932006835938
0.002657175064086914
0.0027093887329101562
0.0026891231536865234
0.002752542495727539
0.0027904510498046875
0.0026862621307373047
0.002739429473876953
0.002636432647705078
0.0026657581329345703
0.0027151107788085938
0.0026879310607910156
0.0027217864990234375
0.0026674270629882812
0.002663850784301758
0.002715587615966797
0.0026776790618896484
0.002632617950439453
0.0027549266815185547
0.002657175064086914
0.0026819705963134766
0.002718687057495117
0.002703428268432617
0.002649545669555664
0.0026099681854248047
0.002762317657470703
0.0027458667755126953
0.0027341842651367188
0.002754688262939453
0.002780437469482422
0.002777099609375
0.002735614776611328
0.0026946067810058594
0.0027306079864501953
0.002821207046508789
0.002740144729614258
0.0027000904083251953
0.0026988983154296875
0.0027391910552978516
0.0027015209197998047
0.0027832984924316406
0.0026862621307373047
0.0027306079864501953
0.0027213096618652344
0.002758026123046875
0.002773761749267578
0.0028023719787597656
0.0027077198028564453
0.002710103988647461
0.002746105194091797
0.002702474594116211
0.0027103424072265625
0.002773284912109375
0.0027725696563720703
0.002638101577758789
0.002817869186401367
0.0027878284454345703
0.0026314258575439453
0.002730131149291992
0.002795696258544922
0.002789020538330078
0.002743959426879883
0.002752065658569336
0.00267791748046875
0.002774953842163086
0.0027954578399658203
0.002742290496826172
0.0027840137481689453
0.002797365188598633
0.002877473831176758
0.0027065277099609375
0.0027959346771240234
0.002797365188598633
0.002853870391845703
0.0026612281799316406
0.0028901100158691406
0.002796173095703125
0.002805471420288086
0.002775430679321289
0.0026922225952148438
0.0027942657470703125
0.0026521682739257812
0.0026967525482177734
0.0028142929077148438
0.0028274059295654297
0.0027098655700683594
0.0027458667755126953
0.0028493404388427734
0.002672433853149414
0.002730131149291992
0.002765655517578125
0.002790212631225586
0.0026938915252685547
0.002749204635620117
0.0028357505798339844
0.0027992725372314453
0.002799510955810547
0.0029144287109375
0.002766847610473633
0.002688884735107422
0.0027649402618408203
0.0028162002563476562
0.0026459693908691406
0.002711057662963867
0.002854585647583008
0.0027658939361572266
0.002722024917602539
0.002796173095703125
0.002820253372192383
0.002717256546020508
0.0028111934661865234
0.0027799606323242188
0.002783060073852539
0.0027196407318115234
0.0028853416442871094
0.0027680397033691406
0.0026717185974121094
0.002739429473876953
0.0027496814727783203
0.0027348995208740234
0.0026786327362060547
0.002739429473876953
0.0027289390563964844
0.002635955810546875
0.0027294158935546875
0.0026509761810302734
0.0026667118072509766
0.0026438236236572266
0.002636432647705078
0.002652406692504883
0.0027158260345458984
0.002753019332885742
0.002827167510986328
0.002668619155883789
0.0027055740356445312
0.0026595592498779297
0.0026552677154541016
0.0027403831481933594
0.0026187896728515625
0.0026578903198242188
0.002708911895751953
0.002664804458618164
0.0027875900268554688
0.0027103424072265625
0.002758026123046875
0.0028030872344970703
0.002785205841064453
0.0027174949645996094
0.0026633739471435547
0.0027647018432617188
0.0027174949645996094
0.002679109573364258
0.002653837203979492
0.002746105194091797
0.002665996551513672
0.0027234554290771484
0.0026350021362304688
0.002682924270629883
0.0026879310607910156
0.0027229785919189453
0.002797365188598633
0.002750396728515625
0.0028014183044433594
0.0027322769165039062
0.0027828216552734375
0.0027201175689697266
0.0026209354400634766
0.0028357505798339844
0.0027332305908203125
0.0026862621307373047
0.0027408599853515625
0.002817392349243164
0.0027043819427490234
0.0026192665100097656
0.0027425289154052734
0.0027985572814941406
0.002642393112182617
0.00274658203125
0.002790212631225586
0.002699136734008789
0.00269317626953125
0.0026636123657226562
0.002860546112060547
0.0027115345001220703
0.0028619766235351562
0.002924203872680664
0.002696990966796875
0.002711057662963867
0.0027577877044677734
0.0027146339416503906
0.002787351608276367
0.002722024917602539
0.002733469009399414
0.002653360366821289
0.0026416778564453125
0.002741575241088867
0.0026640892028808594
0.002753734588623047
0.0027129650115966797
0.002676725387573242
0.0026803016662597656
0.0026667118072509766
0.0026497840881347656
0.0026764869689941406
0.002700328826904297
0.0026857852935791016
0.002657175064086914
0.0026590824127197266
0.0026807785034179688
0.0026094913482666016
0.0026655197143554688
0.0027081966400146484
0.0026793479919433594
0.0026330947875976562
0.002572774887084961
0.0026237964630126953
0.002668619155883789
0.002689361572265625
0.0028612613677978516
0.002670764923095703
0.0026433467864990234
0.002741575241088867
0.0027511119842529297
0.002724170684814453
0.002738475799560547
0.002659320831298828
0.0027227401733398438
0.0027074813842773438
0.0026633739471435547
0.0027091503143310547
0.0027251243591308594
0.0026597976684570312
0.002635478973388672
0.0026514530181884766
0.002735137939453125
0.002641916275024414
0.002623319625854492
0.0026493072509765625
0.0027010440826416016
0.00270843505859375
0.0026628971099853516
0.002653837203979492
0.0026450157165527344
0.0028159618377685547
0.0027036666870117188
0.002701282501220703
0.0026869773864746094
0.0027735233306884766
0.002664804458618164
0.002660989761352539
0.0026679039001464844
0.002736330032348633
0.0026047229766845703
0.00272369384765625
0.002771615982055664
0.0025398731231689453
0.002664804458618164
0.002596616744995117
0.002589702606201172
0.0026900768280029297
0.0025992393493652344
0.0025942325592041016
0.002634286880493164
0.002639293670654297
0.002596139907836914
0.0026221275329589844
0.0026917457580566406
0.002722024917602539
0.002750873565673828
0.002634763717651367
0.002742767333984375
0.002605438232421875
0.0026426315307617188
0.0026390552520751953
0.002587556838989258
0.002708911895751953
0.002645730972290039
0.002735614776611328
0.0026433467864990234
0.0027251243591308594
0.0027265548706054688
0.002670764923095703
0.0026977062225341797
0.0026445388793945312
0.0027093887329101562
0.0027081966400146484
0.0026383399963378906
0.0026273727416992188
0.0026786327362060547
0.0026578903198242188
0.002653837203979492
0.002736806869506836
0.0026421546936035156
0.0027594566345214844
0.0028743743896484375
0.0031137466430664062
0.002862691879272461
0.0029342174530029297
0.0028340816497802734
0.002825498580932617
0.002812623977661133
0.00283050537109375
0.00274658203125
0.002663135528564453
0.0027456283569335938
0.002742290496826172
0.002726316452026367
0.002679586410522461
0.0026912689208984375
0.002774953842163086
0.002702951431274414
0.002823352813720703
0.0027213096618652344
0.0026793479919433594
0.002682924270629883
0.002758502960205078
0.0027599334716796875
0.002724170684814453
0.0026438236236572266
0.002676248550415039
0.0027098655700683594
0.002688169479370117
0.0027043819427490234
0.0027234554290771484
0.002714395523071289
0.002788543701171875
0.0027484893798828125
0.0026497840881347656
0.002743959426879883
0.002771615982055664
0.002749919891357422
0.0026466846466064453
0.002664327621459961
0.0026454925537109375
0.002765655517578125
0.0027620792388916016
0.0026667118072509766
0.002644777297973633
0.002640962600708008
0.0027322769165039062
0.002718210220336914
0.0026824474334716797
0.002708911895751953
0.0026674270629882812
0.0026543140411376953
0.0026721954345703125
0.0027048587799072266
0.002608060836791992
0.002657175064086914
0.0026636123657226562
0.0026140213012695312
0.0027000904083251953
0.0026526451110839844
0.0027179718017578125
0.0026450157165527344
0.002641916275024414
0.0027468204498291016
0.002691030502319336
0.002640962600708008
0.0026493072509765625
0.0026051998138427734
0.002663135528564453
0.0027806758880615234
0.0025856494903564453
0.002680063247680664
0.0027441978454589844
0.002639293670654297
0.0026705265045166016
0.002721548080444336
0.0026547908782958984
0.002648591995239258
0.0026464462280273438
0.002679586410522461
0.0026390552520751953
0.0026121139526367188
0.0027573108673095703
0.002704620361328125
0.002641439437866211
0.002652883529663086
0.002627849578857422
0.0026895999908447266
0.0025734901428222656
0.002634286880493164
0.002744436264038086
0.0026640892028808594
0.0026750564575195312
0.0026209354400634766
0.002671480178833008
0.0026667118072509766
0.002657651901245117
0.0026378631591796875
0.0026624202728271484
0.002797365188598633
0.0026504993438720703
0.0026521682739257812
0.0026607513427734375
0.002661466598510742
0.0026853084564208984
0.0027272701263427734
0.0027153491973876953
0.0026438236236572266
0.0027472972869873047
0.002736330032348633
0.0026895999908447266
0.0026619434356689453
0.0026459693908691406
0.002736330032348633
0.0026574134826660156
0.0025870800018310547
0.0026967525482177734
0.002696990966796875
0.002635955810546875
0.002752065658569336
0.002698183059692383
0.0027327537536621094
0.0027146339416503906
0.002658367156982422
0.0026764869689941406
0.0026993751525878906
0.0027163028717041016
0.002772808074951172
0.002657651901245117
0.0026960372924804688
0.002737760543823242
0.0026772022247314453
0.002666473388671875
0.002862215042114258
0.0029757022857666016
0.0028426647186279297
0.002819538116455078
0.0028450489044189453
0.002783060073852539
0.0027756690979003906
0.002947092056274414
0.0030946731567382812
0.003139495849609375
0.002844572067260742
0.002900838851928711
0.002986907958984375
0.0028595924377441406
0.002699613571166992
0.0030083656311035156
0.0030477046966552734
0.0029027462005615234
0.0031137466430664062
0.0034427642822265625
0.0030024051666259766
0.0030722618103027344
0.0029664039611816406
0.0029039382934570312
0.0029282569885253906
0.0031020641326904297
0.003108978271484375
0.002858877182006836
0.0028700828552246094
0.0029935836791992188
0.0029268264770507812
0.002732515335083008
0.0028841495513916016
0.0029277801513671875
0.0028717517852783203
0.002802133560180664
0.0029239654541015625
0.0029647350311279297
0.002825498580932617
0.0027735233306884766
0.00292205810546875
0.0030393600463867188
0.0028600692749023438
0.0028450489044189453
0.0029554367065429688
0.002964019775390625
0.002749204635620117
0.002885580062866211
0.0029036998748779297
0.003065347671508789
0.0029222965240478516
0.002962827682495117
0.002864360809326172
0.0028815269470214844
0.0028295516967773438
0.0027322769165039062
0.0029053688049316406
0.002842426300048828
0.0028069019317626953
0.0028111934661865234
0.002825498580932617
0.002805948257446289
0.002695798873901367
0.002843141555786133
0.002843618392944336
0.0027587413787841797
0.0028226375579833984
0.0028715133666992188
0.002859354019165039
0.0027701854705810547
0.0028426647186279297
0.0029125213623046875
0.0028443336486816406
0.0028183460235595703
0.0028319358825683594
0.003016948699951172
0.0027244091033935547
0.0028548240661621094
0.0028955936431884766
0.002766847610473633
0.002645254135131836
0.00269317626953125
0.0027992725372314453
0.0026938915252685547
0.0026597976684570312
0.0027256011962890625
0.0026748180389404297
0.00272369384765625
0.0026619434356689453
0.0028619766235351562
0.0027348995208740234
0.002805948257446289
0.002725362777709961
0.0027229785919189453
0.002738475799560547
0.0027000904083251953
0.002782583236694336
0.0026853084564208984
0.002663850784301758
0.0027930736541748047
0.0028879642486572266
0.0026786327362060547
0.0026748180389404297
0.0027129650115966797
0.002755403518676758
0.0028231143951416016
0.002749204635620117
0.002701997756958008
0.002612590789794922
0.0026574134826660156
0.0028045177459716797
0.0027284622192382812
0.002905607223510742
0.002849102020263672
0.002724170684814453
0.0026345252990722656
0.0027484893798828125
0.0026443004608154297
0.0026397705078125
0.0026502609252929688
0.002691030502319336
0.0027341842651367188
0.002744436264038086
0.002740144729614258
0.002709627151489258
0.0027761459350585938
0.0027747154235839844
0.002668142318725586
0.0027036666870117188
0.0026662349700927734
0.0027205944061279297
0.0026865005493164062
0.0026454925537109375
0.0027611255645751953
0.0025856494903564453
0.0026476383209228516
0.0027306079864501953
0.002674102783203125
0.002630472183227539
0.002614259719848633
0.0027191638946533203
0.0027205944061279297
0.002643108367919922
0.0026819705963134766
0.002670764923095703
0.002794027328491211
0.0029287338256835938
0.0028946399688720703
0.0028433799743652344
0.0027658939361572266
0.00274658203125
0.0027637481689453125
0.0027801990509033203
0.0026984214782714844
0.0026826858520507812
0.0027413368225097656
0.002660989761352539
0.002729654312133789
0.0026636123657226562
0.002693653106689453
0.002731800079345703
0.0026464462280273438
0.0027925968170166016
0.002674579620361328
0.002720355987548828
0.002720355987548828
0.0029594898223876953
0.0026574134826660156
0.0027458667755126953
0.002618074417114258
0.0026328563690185547
0.002721071243286133
0.002697467803955078
0.002750873565673828
0.002709627151489258
0.0027306079864501953
0.002811431884765625
0.0027666091918945312
0.0026929378509521484
0.0027234554290771484
0.002710580825805664
0.0026988983154296875
0.0028569698333740234
0.0027396678924560547
0.002763986587524414
0.002636432647705078
0.0027184486389160156
0.002768993377685547
0.0026488304138183594
0.002652406692504883
0.0026373863220214844
0.002652406692504883
0.0026514530181884766
0.0026443004608154297
0.0026388168334960938
0.002657651901245117
0.002690553665161133
0.0026438236236572266
0.002790212631225586
0.0026731491088867188
0.0026404857635498047
0.002622365951538086
0.0026443004608154297
0.002653360366821289
0.0026826858520507812
0.002673625946044922
0.0026667118072509766
0.0027496814727783203
0.0026624202728271484
0.002727985382080078
0.00267791748046875
0.0026595592498779297
0.0027513504028320312
0.0026865005493164062
0.002658843994140625
0.0026786327362060547
0.002670764923095703
0.002669811248779297
0.0029091835021972656
0.002725839614868164
0.0027437210083007812
0.00289154052734375
0.002779245376586914
0.0026807785034179688
0.0026636123657226562
0.0026483535766601562
0.0026569366455078125
0.002663135528564453
0.0026493072509765625
0.002689838409423828
0.0026617050170898438
0.002650737762451172
0.0027115345001220703
0.0026504993438720703
0.002743959426879883
0.002675771713256836
0.0027022361755371094
0.002753019332885742
0.0026865005493164062
0.002729654312133789
0.002730846405029297
0.0026955604553222656
0.002697467803955078
0.002824544906616211
0.0027930736541748047
0.002756834030151367
0.0028002262115478516
0.0026781558990478516
0.0027844905853271484
0.002723217010498047
0.002671957015991211
0.0026769638061523438
0.0026955604553222656
0.0026960372924804688
0.002802133560180664
0.0026578903198242188
0.0026826858520507812
0.0026531219482421875
0.0027780532836914062
0.002677440643310547
0.002630949020385742
0.002710580825805664
0.003655672073364258
0.0027625560760498047
0.0026047229766845703
0.002775907516479492
0.002699613571166992
0.002604246139526367
0.0026650428771972656
0.002686738967895508
0.0026946067810058594
0.0026352405548095703
0.002660036087036133
0.002759218215942383
0.002699136734008789
0.002643108367919922
0.0026504993438720703
0.0026459693908691406
0.0026962757110595703
0.0027523040771484375
0.0026388168334960938
0.002701282501220703
0.0026464462280273438
0.0025272369384765625
0.0028018951416015625
0.002608060836791992
0.0026769638061523438
0.0026705265045166016
0.0026769638061523438
0.002748250961303711
0.002627849578857422
0.0026874542236328125
0.0027260780334472656
0.0026068687438964844
0.0026900768280029297
0.0026280879974365234
0.0027403831481933594
0.002629518508911133
0.0026807785034179688
0.002658367156982422
0.002714872360229492
0.0026328563690185547
0.0026993751525878906
0.0028159618377685547
0.0026390552520751953
0.002635478973388672
0.0027399063110351562
0.002647876739501953
0.002668619155883789
0.0026624202728271484
0.0027391910552978516
0.002683877944946289
0.0027484893798828125
0.0026788711547851562
0.0026755332946777344
0.002739429473876953
0.0027310848236083984
0.0026731491088867188
0.0026640892028808594
0.002895832061767578
0.0027637481689453125
0.002644777297973633
0.0026416778564453125
0.002818584442138672
0.0026340484619140625
0.002704620361328125
0.002816438674926758
0.0026938915252685547
0.0027570724487304688
0.002712249755859375
0.002759218215942383
0.0027799606323242188
0.0027513504028320312
0.002825021743774414
0.002735137939453125
0.0028421878814697266
0.0027260780334472656
0.002828359603881836
0.002856016159057617
0.0027816295623779297
0.002739429473876953
0.002841472625732422
0.0026967525482177734
0.0026540756225585938
0.002794027328491211
0.0028264522552490234
0.002819061279296875
0.002800464630126953
0.0027892589569091797
0.0026862621307373047
0.0027489662170410156
0.002720355987548828
0.002691507339477539
0.0026814937591552734
0.0026786327362060547
0.0029265880584716797
0.0026962757110595703
0.002678394317626953
0.0028290748596191406
0.0027306079864501953
0.0027685165405273438
0.002802610397338867
0.0027005672454833984
0.002874135971069336
0.0027811527252197266
0.0027713775634765625
0.0027201175689697266
0.0026366710662841797
0.00276947021484375
0.0029120445251464844
0.002760171890258789
0.002695322036743164
0.0028073787689208984
0.0026934146881103516
0.0026764869689941406
0.002695322036743164
0.0027091503143310547
0.002740621566772461
0.002648591995239258
0.0026552677154541016
0.002718210220336914
0.0027806758880615234
0.0028166770935058594
0.0027298927307128906
0.002672433853149414
0.002694845199584961
0.0028228759765625
0.002675294876098633
0.0026907920837402344
0.002680540084838867
0.0026960372924804688
0.0028214454650878906
0.0026717185974121094
0.002656698226928711
0.0026237964630126953
0.002696514129638672
0.0027077198028564453
0.002742767333984375
0.0026903152465820312
0.0027332305908203125
0.002772808074951172
0.002624034881591797
0.0026733875274658203
0.0026633739471435547
0.002641439437866211
0.00270843505859375
0.002692699432373047
0.0026471614837646484
0.002644777297973633
0.002765655517578125
0.0026853084564208984
0.002710103988647461
0.0026814937591552734
0.0027675628662109375
0.002683877944946289
0.0027294158935546875
0.0026581287384033203
0.002646923065185547
0.002824544906616211
0.0027091503143310547
0.0027048587799072266
0.0026776790618896484
0.0028150081634521484
0.002715587615966797
0.002611875534057617
0.002701282501220703
0.0026559829711914062
0.0028450489044189453
0.0026454925537109375
0.0026433467864990234
0.0026912689208984375
0.002707242965698242
0.0028390884399414062
0.0027184486389160156
0.0027103424072265625
0.0027403831481933594
0.002679586410522461
