0.004339694976806641
0.00429224967956543
0.004282951354980469
0.020305156707763672
0.0043027400970458984
0.0043108463287353516
0.004297018051147461
0.015629053115844727
0.004403352737426758
0.005239009857177734
0.004570484161376953
0.004339933395385742
0.004776477813720703
0.0047681331634521484
0.004708528518676758
0.0051462650299072266
0.0051538944244384766
0.004628419876098633
0.004378795623779297
0.00435948371887207
0.004991769790649414
0.004490852355957031
0.005210161209106445
0.00471043586730957
0.00470733642578125
0.004768848419189453
0.004729032516479492
0.004752635955810547
0.005133390426635742
0.005280017852783203
0.004878044128417969
0.0046579837799072266
0.004657268524169922
0.00483393669128418
0.004882097244262695
0.004581928253173828
0.0048520565032958984
0.004597902297973633
0.004668235778808594
0.0046651363372802734
0.004999876022338867
0.004660367965698242
0.0050313472747802734
0.0047454833984375
0.004734516143798828
0.004701852798461914
0.0053555965423583984
0.0047016143798828125
0.0052335262298583984
0.004692554473876953
0.004693269729614258
0.004667043685913086
0.0045642852783203125
0.0048313140869140625
0.005106210708618164
0.0048389434814453125
0.0047762393951416016
0.005814552307128906
0.004747629165649414
0.004729032516479492
0.004309892654418945
0.004300117492675781
0.004347324371337891
0.0043179988861083984
0.004335880279541016
0.004412651062011719
0.004321575164794922
0.004303693771362305
0.004296064376831055
0.004320621490478516
0.0043146610260009766
0.0043065547943115234
0.004373788833618164
0.00434565544128418
0.004332542419433594
0.004285573959350586
0.004307985305786133
0.0042994022369384766
0.00431513786315918
0.004347324371337891
0.004420757293701172
0.004318952560424805
0.004308223724365234
0.004412412643432617
0.004400968551635742
0.004452943801879883
0.004319906234741211
0.004346370697021484
0.00432276725769043
0.004324436187744141
0.004325389862060547
0.004337787628173828
0.004370450973510742
0.004317522048950195
0.004314899444580078
0.0043370723724365234
0.004302501678466797
0.004313468933105469
0.004381656646728516
0.004317283630371094
0.004288196563720703
0.0043125152587890625
0.004327297210693359
0.00428009033203125
0.004305124282836914
0.004363059997558594
0.004286766052246094
0.004325151443481445
0.004298210144042969
0.004300594329833984
0.004312992095947266
0.00429844856262207
0.0043337345123291016
0.004304409027099609
0.004416704177856445
0.004278898239135742
0.004279375076293945
0.004280567169189453
0.004350900650024414
0.004286766052246094
0.004292964935302734
0.0042951107025146484
0.0043108463287353516
0.004277467727661133
0.004320383071899414
0.004374027252197266
0.004290103912353516
0.00430750846862793
0.004331350326538086
0.004364967346191406
0.004317283630371094
0.004572153091430664
0.0043222904205322266
0.004403829574584961
0.004339456558227539
0.004340171813964844
0.004526615142822266
0.004457950592041016
0.0044879913330078125
0.004553318023681641
0.004349470138549805
0.0043697357177734375
0.0044977664947509766
0.004412412643432617
0.004515171051025391
0.0044782161712646484
0.004385232925415039
0.004436969757080078
0.004348278045654297
0.004370212554931641
0.0042989253997802734
0.004653453826904297
0.004327535629272461
0.004324674606323242
0.004377603530883789
0.004547595977783203
0.004472255706787109
0.004485130310058594
0.004406929016113281
0.004353761672973633
0.0043277740478515625
0.004539966583251953
0.004412651062011719
0.004498004913330078
0.004413127899169922
0.0043849945068359375
0.004318714141845703
0.004364490509033203
0.004277467727661133
0.0043375492095947266
0.004302978515625
0.00432586669921875
0.00508570671081543
0.004324436187744141
0.00433659553527832
0.004332542419433594
0.00439143180847168
0.004343986511230469
0.0043103694915771484
0.004360198974609375
0.0043337345123291016
0.004348039627075195
0.004329204559326172
0.004316568374633789
0.004312038421630859
0.0043277740478515625
0.004296541213989258
0.004328012466430664
0.0042972564697265625
0.0043756961822509766
0.004324913024902344
0.004293680191040039
0.004442930221557617
0.004426002502441406
0.0042858123779296875
0.004363536834716797
0.00431370735168457
0.0043566226959228516
0.004283428192138672
0.004299163818359375
0.0043070316314697266
0.004296541213989258
0.004510164260864258
0.0043277740478515625
0.00429987907409668
0.004285335540771484
0.004303455352783203
0.004293918609619141
0.0043375492095947266
0.004304170608520508
0.004273653030395508
0.004364728927612305
0.004309177398681641
0.004290580749511719
0.0042841434478759766
0.0043828487396240234
0.00430750846862793
0.004300355911254883
0.004277229309082031
0.004256010055541992
0.004289150238037109
0.004304170608520508
0.004332780838012695
0.0043108463287353516
0.004345893859863281
0.004330158233642578
0.004355430603027344
0.0043337345123291016
0.004473209381103516
0.004376888275146484
0.004311323165893555
0.004353761672973633
0.00436091423034668
0.004381656646728516
0.005276918411254883
0.00470280647277832
0.0046803951263427734
0.004444599151611328
0.004566669464111328
0.004701375961303711
0.0045130252838134766
0.0043790340423583984
0.004366159439086914
0.004371166229248047
0.004354238510131836
0.0042722225189208984
0.004300832748413086
0.00427699089050293
0.004291534423828125
0.004277944564819336
0.004291534423828125
0.0042726993560791016
0.004288196563720703
0.004309892654418945
0.004302024841308594
0.004311561584472656
0.004326581954956055
0.0043447017669677734
0.0042994022369384766
0.00431513786315918
0.004289388656616211
0.004286289215087891
0.004292011260986328
0.004276752471923828
0.004304647445678711
0.00430607795715332
0.004268169403076172
0.004274845123291016
0.0042955875396728516
0.004303932189941406
0.004282236099243164
0.004292488098144531
0.004301548004150391
0.004310131072998047
0.0042879581451416016
0.004301786422729492
0.0042841434478759766
0.004334688186645508
0.004273414611816406
0.0042726993560791016
0.004334211349487305
0.00428318977355957
0.004264354705810547
0.004319429397583008
0.00430607795715332
0.004366397857666016
0.004296541213989258
0.00429081916809082
0.0042841434478759766
0.004415273666381836
0.004340648651123047
0.004350185394287109
0.004326343536376953
0.004263401031494141
0.0042629241943359375
0.004720211029052734
0.004370927810668945
0.0043277740478515625
0.004322052001953125
0.004899263381958008
0.0046842098236083984
0.00464630126953125
0.004604816436767578
0.004528999328613281
0.004679203033447266
0.00480341911315918
0.0042841434478759766
0.004280567169189453
0.00426936149597168
0.003530263900756836
0.004275083541870117
0.004281044006347656
0.004278659820556641
0.004278898239135742
0.005117654800415039
0.0046732425689697266
0.004729509353637695
0.0052454471588134766
0.004578828811645508
0.004366397857666016
0.004799604415893555
0.004606962203979492
0.004380226135253906
0.004540443420410156
0.00436854362487793
0.004436492919921875
0.004367828369140625
0.004364013671875
0.004324436187744141
0.004507541656494141
0.004367351531982422
0.0043408870697021484
0.004325151443481445
0.00435638427734375
0.0043070316314697266
0.00435185432434082
0.004485130310058594
0.0043070316314697266
0.0043065547943115234
0.004331350326538086
0.0044515132904052734
0.004305362701416016
0.0043354034423828125
0.004341840744018555
0.00430607795715332
0.004281044006347656
0.004467487335205078
0.004308462142944336
0.0048067569732666016
0.004698991775512695
0.004624843597412109
0.004778146743774414
0.005079984664916992
0.004743814468383789
0.005167245864868164
0.004593372344970703
0.00487065315246582
0.00475764274597168
0.004657745361328125
0.004655599594116211
0.004967212677001953
0.0046427249908447266
0.004667043685913086
0.00465703010559082
0.005193233489990234
0.004973649978637695
0.004636526107788086
0.004670381546020508
0.004623889923095703
0.004669189453125
0.004964590072631836
0.004476308822631836
0.00464320182800293
0.004430294036865234
0.0045282840728759766
0.004497051239013672
0.0047092437744140625
0.0051076412200927734
0.004472494125366211
0.004446744918823242
0.0044782161712646484
0.0044803619384765625
0.004603385925292969
0.0047550201416015625
0.004446983337402344
0.004473686218261719
0.0044939517974853516
0.004479408264160156
0.004767417907714844
0.004510164260864258
0.004608154296875
0.004394054412841797
0.004421710968017578
0.0044634342193603516
0.004485368728637695
0.004390239715576172
0.004500150680541992
0.0044286251068115234
0.004424333572387695
0.004418849945068359
0.004366636276245117
0.004441976547241211
0.0043222904205322266
0.004472970962524414
0.004337310791015625
0.004290342330932617
0.0042803287506103516
0.004289150238037109
0.004279613494873047
0.0042684078216552734
0.004327535629272461
0.004280805587768555
0.00429987907409668
0.004284381866455078
0.004283905029296875
0.004287004470825195
0.0045201778411865234
0.004424571990966797
0.004308223724365234
0.004314422607421875
0.0042877197265625
0.004404783248901367
0.00439143180847168
0.00439000129699707
0.004353761672973633
0.00435328483581543
0.0043795108795166016
0.004351377487182617
0.0043256282806396484
0.004274606704711914
0.00428318977355957
0.004606962203979492
0.004403829574584961
0.004292011260986328
0.004270315170288086
0.004279613494873047
0.004487276077270508
0.004786252975463867
0.004420757293701172
0.0043947696685791016
0.004380941390991211
0.0047304630279541016
0.004711627960205078
0.004748106002807617
0.004426479339599609
0.004441976547241211
0.004347324371337891
0.004383087158203125
0.004355907440185547
0.004341602325439453
0.004336833953857422
0.004516124725341797
0.004734039306640625
0.0047092437744140625
0.00429844856262207
0.004271268844604492
0.020305395126342773
0.004294633865356445
0.004308462142944336
0.004288196563720703
0.020341873168945312
0.004315614700317383
0.004276752471923828
0.004448413848876953
0.004301309585571289
0.004293203353881836
0.004308938980102539
0.004400014877319336
0.004414081573486328
0.00433349609375
0.004296064376831055
0.00443577766418457
0.004357337951660156
0.004286050796508789
0.0043370723724365234
0.004316806793212891
0.004428386688232422
0.004789113998413086
0.004308223724365234
0.004287242889404297
0.004265546798706055
0.0048389434814453125
0.004386186599731445
0.0046808719635009766
0.004700899124145508
0.004509449005126953
0.004322052001953125
0.004294872283935547
0.004312992095947266
0.004285573959350586
0.004311561584472656
0.004292488098144531
0.004321098327636719
0.004323244094848633
0.004302024841308594
0.00426936149597168
0.004349231719970703
0.0042951107025146484
0.004266977310180664
0.004297733306884766
0.004294633865356445
0.004441738128662109
0.004384756088256836
0.00437474250793457
0.004316806793212891
0.004300594329833984
0.004282474517822266
0.004290342330932617
0.004347085952758789
0.00431513786315918
0.004339933395385742
0.00432896614074707
0.004439830780029297
0.004375934600830078
0.004545688629150391
0.00433659553527832
0.004302024841308594
0.004271268844604492
0.0042841434478759766
0.00436091423034668
0.0043315887451171875
0.0043027400970458984
0.004389524459838867
0.004288196563720703
0.0042836666107177734
0.004311561584472656
0.004486560821533203
0.004280567169189453
0.004435539245605469
0.00433039665222168
0.00432133674621582
0.0044765472412109375
0.004342317581176758
0.004286527633666992
0.004289865493774414
0.004275083541870117
0.004281520843505859
0.004281282424926758
0.004286289215087891
0.004270315170288086
0.0042841434478759766
0.004312753677368164
0.004301309585571289
0.004278421401977539
0.004275083541870117
0.004272937774658203
0.004279375076293945
0.0043027400970458984
0.0042858123779296875
0.00435328483581543
0.004528522491455078
0.004410266876220703
0.004323720932006836
0.004450559616088867
0.004385232925415039
0.004340648651123047
0.004483222961425781
0.00435948371887207
0.004419565200805664
0.004276752471923828
0.004271030426025391
0.004264116287231445
0.004283428192138672
0.0042912960052490234
0.00435328483581543
0.004286289215087891
0.0043065547943115234
0.0042765140533447266
0.004271268844604492
0.004271268844604492
0.0043182373046875
0.004365682601928711
0.004273414611816406
0.004274606704711914
0.004386425018310547
0.004322052001953125
0.00426483154296875
0.0043027400970458984
0.004320859909057617
0.004265546798706055
0.004292488098144531
0.004281044006347656
0.004304647445678711
0.004453182220458984
0.0043337345123291016
0.004281759262084961
0.004269123077392578
0.004328727722167969
0.004287242889404297
0.0042803287506103516
0.004258155822753906
0.004277706146240234
0.0042688846588134766
0.004270076751708984
0.0043010711669921875
0.004344463348388672
0.004282712936401367
0.004277229309082031
0.004318714141845703
0.004311084747314453
0.0042841434478759766
0.004271984100341797
0.004259347915649414
0.004269838333129883
0.004281044006347656
0.004309415817260742
0.004308462142944336
0.0043256282806396484
0.004327058792114258
0.00434422492980957
0.0044481754302978516
0.004467487335205078
0.004529714584350586
0.004456996917724609
0.004945993423461914
0.0046977996826171875
0.0049054622650146484
0.004523515701293945
0.0043714046478271484
0.0044324398040771484
0.004388093948364258
0.004327535629272461
0.0043566226959228516
0.004262208938598633
0.004266977310180664
0.004285097122192383
0.004256010055541992
0.004253864288330078
0.0042705535888671875
0.004257917404174805
0.0042726993560791016
0.004274606704711914
0.004289150238037109
0.004283428192138672
0.00426173210144043
0.0042760372161865234
0.004258871078491211
0.004277706146240234
0.004554033279418945
0.004289388656616211
0.004276275634765625
0.004262208938598633
0.0045244693756103516
0.004364728927612305
0.004338741302490234
0.005316257476806641
0.004656076431274414
0.0046198368072509766
0.004690885543823242
0.004714012145996094
0.004689693450927734
0.00498652458190918
0.004367351531982422
0.004706382751464844
0.004620790481567383
0.004685401916503906
0.00455784797668457
0.0044918060302734375
0.004361152648925781
0.004389286041259766
0.004356861114501953
0.004405975341796875
0.004341602325439453
0.004343271255493164
0.004261016845703125
0.005034446716308594
0.004930257797241211
0.00429987907409668
0.004838466644287109
0.004294872283935547
0.004981040954589844
0.0050048828125
0.0043218135833740234
0.004280567169189453
0.004292488098144531
0.004328250885009766
0.004274606704711914
0.004302978515625
0.004340648651123047
0.004286050796508789
0.004278659820556641
0.004403591156005859
0.004381895065307617
0.0043222904205322266
0.004266023635864258
0.0043315887451171875
0.00460505485534668
0.004361867904663086
0.004293680191040039
0.004322052001953125
0.004275083541870117
0.004271030426025391
0.004289865493774414
0.0046198368072509766
0.004326581954956055
0.004573822021484375
0.005964994430541992
0.004334211349487305
0.004305839538574219
0.004287242889404297
0.00432133674621582
0.004322052001953125
0.00530695915222168
0.004670381546020508
0.004667520523071289
0.0046765804290771484
0.004671812057495117
0.004732608795166016
0.004653453826904297
0.004445552825927734
0.0044403076171875
0.004486799240112305
0.004453420639038086
0.004451751708984375
0.004648447036743164
0.004401206970214844
0.004413604736328125
0.004397869110107422
0.004442930221557617
0.0043735504150390625
0.004579067230224609
0.004419565200805664
0.004339456558227539
0.004514932632446289
0.004503011703491211
0.0044803619384765625
0.00477910041809082
0.0044252872467041016
0.004380702972412109
0.004335641860961914
0.004318952560424805
0.0043103694915771484
0.004775047302246094
0.0047075748443603516
0.0044062137603759766
0.0043828487396240234
0.0043485164642333984
0.00435638427734375
0.004681825637817383
0.004669189453125
0.004393339157104492
0.004343509674072266
0.004408359527587891
0.004350185394287109
0.0043239593505859375
0.005051136016845703
0.0046503543853759766
0.004670858383178711
0.004675149917602539
0.004595279693603516
0.004321575164794922
0.004550933837890625
0.004353523254394531
0.004320383071899414
0.004349708557128906
0.004346370697021484
0.004364728927612305
0.0043599605560302734
0.004321098327636719
0.004338264465332031
0.004312753677368164
0.004300594329833984
0.00433659553527832
0.0047414302825927734
0.005021810531616211
0.004388332366943359
0.0043811798095703125
0.004372119903564453
0.004358768463134766
0.004572391510009766
0.004652500152587891
0.004423856735229492
0.004369497299194336
0.004376888275146484
0.004301786422729492
0.004285097122192383
0.004669666290283203
0.004391670227050781
0.004286289215087891
0.0042841434478759766
0.004315614700317383
0.004338741302490234
0.004314422607421875
0.004426717758178711
0.004399538040161133
0.0043828487396240234
0.004277229309082031
0.004270315170288086
0.004372596740722656
0.004332304000854492
0.004521369934082031
0.004504680633544922
0.004312038421630859
0.004319906234741211
0.0043392181396484375
0.00435948371887207
0.004389047622680664
0.0043413639068603516
0.004337787628173828
0.0043087005615234375
0.00429844856262207
0.0043103694915771484
0.004311800003051758
0.004594326019287109
0.004618406295776367
0.004648447036743164
0.004641056060791016
0.004639387130737305
0.004635334014892578
0.0053806304931640625
0.004494190216064453
0.004350185394287109
0.004308462142944336
0.004419088363647461
0.004326343536376953
0.004498958587646484
0.004288911819458008
0.004257917404174805
0.004349470138549805
0.004613161087036133
0.004680156707763672
0.004328489303588867
0.004311323165893555
0.004295825958251953
0.0042879581451416016
0.0042989253997802734
0.004269599914550781
0.004294872283935547
0.00432896614074707
0.004262685775756836
0.004296541213989258
0.004337787628173828
0.004370689392089844
0.00432586669921875
0.004317045211791992
0.004319429397583008
0.004307270050048828
0.0042760372161865234
0.004262685775756836
0.004289150238037109
0.004274129867553711
0.0042841434478759766
0.004277467727661133
0.004312038421630859
0.004297733306884766
0.004270315170288086
0.004280805587768555
0.004313945770263672
0.004317760467529297
0.004301786422729492
0.0042858123779296875
0.004299640655517578
0.0043468475341796875
0.004966259002685547
0.004614830017089844
0.00494074821472168
0.004468441009521484
0.004354953765869141
0.004423856735229492
0.0044782161712646484
0.0045452117919921875
0.004484415054321289
0.0043697357177734375
0.004299163818359375
0.004294872283935547
0.004282474517822266
0.004811763763427734
0.004970550537109375
0.004583835601806641
0.004307270050048828
0.0043795108795166016
0.004366874694824219
0.004347324371337891
0.0052525997161865234
0.004730939865112305
0.00467228889465332
0.004670619964599609
0.005282402038574219
0.004684925079345703
0.0050601959228515625
0.004530429840087891
0.004569530487060547
0.004621744155883789
0.004469156265258789
0.004634380340576172
0.004591941833496094
0.004410266876220703
0.004380702972412109
0.004495382308959961
0.0042955875396728516
0.004279375076293945
0.004262208938598633
0.0042836666107177734
0.004354000091552734
0.0043489933013916016
0.0044896602630615234
0.004340648651123047
0.004327297210693359
0.0043315887451171875
0.004267692565917969
0.00429224967956543
0.00434565544128418
0.004346609115600586
0.004946708679199219
0.005164146423339844
0.004294395446777344
0.004292011260986328
0.004312038421630859
0.0044786930084228516
0.004689693450927734
0.004805564880371094
0.0044748783111572266
0.004434823989868164
0.004438877105712891
0.004422187805175781
0.004288911819458008
0.004338741302490234
0.004281759262084961
0.004269123077392578
0.00427556037902832
0.004294633865356445
0.0044820308685302734
0.004293203353881836
0.0042836666107177734
0.004292964935302734
0.00428009033203125
0.004314422607421875
0.004302978515625
0.004284858703613281
0.004273176193237305
0.004262447357177734
0.0042760372161865234
0.004306793212890625
0.00430607795715332
0.004289388656616211
0.004324913024902344
0.004320859909057617
0.00433659553527832
0.004312753677368164
0.004310131072998047
0.004275083541870117
0.004264116287231445
0.004330635070800781
0.0044248104095458984
0.004367828369140625
0.004362583160400391
0.004278898239135742
0.004277706146240234
0.004302978515625
0.004316091537475586
0.00432896614074707
0.00429081916809082
0.0042705535888671875
0.004266023635864258
0.004281759262084961
0.0042874813079833984
0.004280567169189453
0.004311800003051758
0.00431513786315918
0.004312992095947266
0.004616498947143555
0.004303455352783203
0.004304409027099609
0.004277229309082031
0.004285335540771484
0.004281282424926758
0.0042552947998046875
0.004305124282836914
0.004304170608520508
0.004437446594238281
0.004396915435791016
0.00442051887512207
0.0044803619384765625
0.004319906234741211
0.004323482513427734
0.004316568374633789
0.004410266876220703
0.004404544830322266
0.004311084747314453
0.004547595977783203
0.004408359527587891
0.00432276725769043
0.0048902034759521484
0.00460505485534668
0.004617452621459961
0.004851102828979492
0.004633188247680664
0.0046460628509521484
0.005026102066040039
0.0046155452728271484
0.005509853363037109
0.00461125373840332
0.004588127136230469
0.00458979606628418
0.0048520565032958984
0.004584312438964844
0.004914283752441406
0.004569292068481445
0.004573345184326172
0.004662990570068359
