13.166704637589017
13.166704637589017
11.974797901374036
11.974797901374036
11.974797901374036
11.974797901374036
11.974797901374036
11.974797901374036
11.974797901374036
11.763577698613762
11.763577698613762
11.763577698613762
10.85454749158815
10.85454749158815
10.85454749158815
10.85454749158815
10.85454749158815
10.85454749158815
10.85454749158815
10.659215867760892
9.8258402146468
9.8258402146468
9.8258402146468
9.8258402146468
9.738756176172124
9.738756176172124
9.738756176172124
9.738756176172124
9.738756176172124
9.738756176172124
9.738756176172124
9.290624070073392
9.22857020013317
8.787202111433132
8.787202111433132
8.787202111433132
8.787202111433132
8.787202111433132
8.787202111433132
8.316277389012715
8.316277389012715
8.316277389012715
8.316277389012715
8.316277389012715
8.316277389012715
8.316277389012715
8.316277389012715
8.316277389012715
8.316277389012715
8.245282961045206
8.223980305650766
8.223980305650766
8.223980305650766
8.0293012504726
8.0293012504726
7.784822119121728
7.784822119121728
7.784822119121728
7.784822119121728
7.784822119121728
7.784822119121728
7.784822119121728
7.784822119121728
7.784822119121728
7.188083446461981
7.188083446461981
7.188083446461981
7.188083446461981
7.188083446461981
7.188083446461981
6.741767675010109
6.741767675010109
6.741767675010109
6.741767675010109
6.741767675010109
6.741767675010109
6.741767675010109
6.741767675010109
6.741767675010109
6.741767675010109
6.741767675010109
6.741767675010109
6.741767675010109
6.741767675010109
6.741767675010109
6.741767675010109
6.741767675010109
6.741767675010109
6.62536624315409
5.51005739087541
5.51005739087541
5.51005739087541
5.51005739087541
5.51005739087541
5.51005739087541
5.51005739087541
5.51005739087541
5.51005739087541
5.51005739087541
5.51005739087541
5.51005739087541
5.51005739087541
5.51005739087541
5.51005739087541
5.51005739087541
5.51005739087541
5.51005739087541
5.51005739087541
5.51005739087541
5.39451771281562
5.383056122744449
5.383056122744449
5.383056122744449
5.383056122744449
5.232157022566696
5.232157022566696
4.977674721816335
4.977674721816335
4.977674721816335
4.977674721816335
4.914717492921049
4.914717492921049
4.914717492921049
4.914717492921049
4.914717492921049
4.914717492921049
4.914717492921049
4.914717492921049
4.914717492921049
4.914717492921049
4.914717492921049
4.914717492921049
4.914717492921049
4.914717492921049
4.798415947388811
4.798415947388811
4.798415947388811
4.798415947388811
4.798415947388811
4.798415947388811
4.547382550028367
4.414379538829017
4.414379538829017
4.414379538829017
4.414379538829017
4.414379538829017
4.414379538829017
4.34386631521879
4.34386631521879
4.34386631521879
4.125191815578212
4.125191815578212
4.125191815578212
3.9854547911628586
3.9854547911628586
3.9854547911628586
3.9854547911628586
3.9854547911628586
3.9002614658085264
3.9002614658085264
3.9002614658085264
3.708741391154959
3.658219696759666
3.658219696759666
3.658219696759666
3.658219696759666
3.658219696759666
3.6345659731587787
3.6345659731587787
3.6345659731587787
3.6345659731587787
3.6345659731587787
3.6345659731587787
3.6345659731587787
3.6345659731587787
3.5910356094566467
3.5741410448881936
3.5741410448881936
3.4905364280498006
3.4905364280498006
3.4905364280498006
3.4905364280498006
3.4905364280498006
3.4905364280498006
3.4905364280498006
3.4905364280498006
3.4905364280498006
3.4610861514367173
3.4610861514367173
3.4610861514367173
3.4610861514367173
3.4610861514367173
3.4610861514367173
3.4610861514367173
3.327487082088169
3.327487082088169
3.327487082088169
3.327487082088169
3.327487082088169
3.327487082088169
3.327487082088169
3.327487082088169
3.327487082088169
3.327487082088169
3.3140663203531773
3.3140663203531773
3.3140663203531773
3.3140663203531773
3.242995900955684
3.242995900955684
3.1803284335275706
3.1803284335275706
3.1803284335275706
2.8195501011844044
2.7911080761333906
2.7911080761333906
2.7699534872388014
2.7699534872388014
2.7675061396564615
2.7675061396564615
2.7675061396564615
2.755268422092165
2.755268422092165
2.755268422092165
2.755268422092165
2.755268422092165
2.755268422092165
2.671701145490168
2.671701145490168
2.671701145490168
2.6678437354321645
2.6678437354321645
2.647082558482367
2.647082558482367
2.6021887529431
2.6021887529431
2.1544377686195446
2.1544377686195446
2.1544377686195446
2.1544377686195446
2.1544377686195446
2.1544377686195446
2.1544377686195446
2.1544377686195446
2.1544377686195446
2.1544377686195446
2.1544377686195446
2.1544377686195446
2.1544377686195446
2.1544377686195446
1.91374236623831
1.91374236623831
1.91374236623831
1.91374236623831
1.91374236623831
1.91374236623831
1.91374236623831
1.888917420285246
1.888917420285246
1.8069386344646716
1.8069386344646716
1.8069386344646716
1.8069386344646716
1.8069386344646716
1.8069386344646716
1.8069386344646716
1.8069386344646716
1.8069386344646716
1.8069386344646716
1.8069386344646716
1.8069386344646716
1.8069386344646716
1.7981110489328316
1.7782727930461775
1.7782727930461775
1.7782727930461775
1.7782727930461775
1.7782727930461775
1.7782727930461775
1.7782727930461775
1.7782727930461775
1.7782727930461775
1.72095643699204
1.72095643699204
1.72095643699204
1.72095643699204
1.72095643699204
1.72095643699204
1.72095643699204
1.72095643699204
1.72095643699204
1.72095643699204
1.72095643699204
1.72095643699204
1.72095643699204
1.72095643699204
1.72095643699204
1.72095643699204
1.6759509084955369
1.6759509084955369
1.6759509084955369
1.6070753818663661
1.6070753818663661
1.5926842816841074
1.531860842204324
1.531860842204324
1.531860842204324
1.531860842204324
1.531860842204324
1.531860842204324
1.531860842204324
1.531860842204324
1.531860842204324
1.531860842204324
1.531860842204324
1.531860842204324
1.531860842204324
1.531860842204324
1.4425181835691916
1.4425181835691916
1.4425181835691916
1.4425181835691916
1.341060185118934
1.341060185118934
1.341060185118934
1.341060185118934
1.341060185118934
1.341060185118934
1.341060185118934
1.341060185118934
1.341060185118934
1.341060185118934
1.341060185118934
1.275157656472551
1.275157656472551
1.2638612310060253
1.2638612310060253
1.2611420211367204
1.246885835542372
1.246885835542372
1.231118299600702
1.231118299600702
1.231118299600702
1.1567897028415928
1.1567897028415928
1.1567897028415928
1.1567897028415928
1.1529524302935172
1.1529524302935172
1.1529524302935172
1.1529524302935172
1.1529524302935172
1.1181486175514905
1.1181486175514905
1.1181486175514905
1.1181486175514905
1.1181486175514905
1.09590101461729
1.09590101461729
1.09590101461729
1.09590101461729
1.011355918696431
1.011355918696431
0.9969734470166927
0.9969734470166927
0.9969734470166927
0.9969734470166927
0.9969734470166927
0.9969734470166927
0.9969734470166927
0.9671025764771812
0.9024709881675292
0.9024709881675292
0.9024709881675292
0.9024709881675292
0.9024709881675292
0.9024709881675292
0.9024709881675292
0.9024709881675292
0.9024709881675292
0.9024709881675292
0.8913067492238085
0.8054563625437012
0.8054563625437012
0.8054563625437012
0.8054563625437012
0.8054563625437012
0.8054563625437012
0.8054563625437012
0.8054563625437012
0.8018474820558907
0.8018474820558907
0.8018474820558907
0.8018474820558907
0.8018474820558907
0.8018474820558907
0.8018474820558907
0.8018474820558907
0.8018474820558907
0.8018474820558907
0.8018474820558907
0.8018474820558907
0.7993208612847056
0.7993208612847056
0.7993208612847056
0.7993208612847056
0.7993208612847056
0.7993208612847056
0.7993208612847056
0.7993208612847056
0.7993208612847056
0.799274634636582
0.7914403623028079
0.7506781972059144
0.7506781972059144
0.7506781972059144
0.7506781972059144
0.7506781972059144
0.7506781972059144
0.7101956224360251
0.7101956224360251
0.7101956224360251
0.7101956224360251
0.7036070211679117
0.6851254923541319
0.6054922643651537
0.6054922643651537
0.6054922643651537
0.6054922643651537
0.6054922643651537
0.6054922643651537
0.6054922643651537
0.6054922643651537
0.6054922643651537
0.6054922643651537
0.6054922643651537
0.6054922643651537
0.6054922643651537
0.6054922643651537
0.6054922643651537
0.5689682067592727
0.5689682067592727
0.5213084199193077
0.5213084199193077
0.5213084199193077
0.5213084199193077
0.5213084199193077
0.5213084199193077
0.5213084199193077
0.5213084199193077
0.5213084199193077
0.5213084199193077
0.5213084199193077
0.5213084199193077
0.5213084199193077
0.5213084199193077
0.5213084199193077
0.5213084199193077
0.5213084199193077
0.5213084199193077
0.5213084199193077
0.5213084199193077
0.5213084199193077
0.5213084199193077
0.5213084199193077
0.5213084199193077
0.5213084199193077
0.5189838635520161
0.5189838635520161
0.5189838635520161
0.5189838635520161
0.5189838635520161
0.5144923712158942
0.5002890547902084
0.5002890547902084
0.5002890547902084
0.5002890547902084
0.4950901025779828
0.4950901025779828
0.4916641037993159
0.4916641037993159
0.49114345722075825
0.4829918112694358
0.4478020431742138
0.4478020431742138
0.4478020431742138
0.4478020431742138
0.4478020431742138
0.4478020431742138
0.4478020431742138
0.4478020431742138
0.4478020431742138
0.4478020431742138
0.43150546535725454
0.4217794096888099
0.4217794096888099
0.4217794096888099
0.4217794096888099
0.4217794096888099
0.4217794096888099
0.4217794096888099
0.4217794096888099
0.4217794096888099
0.4217794096888099
0.40725792149216744
0.40725792149216744
0.40725792149216744
0.40725792149216744
0.40725792149216744
0.40725792149216744
0.40725792149216744
0.40725792149216744
0.37477865099113217
0.37477865099113217
0.37477865099113217
0.37477865099113217
0.37477865099113217
0.37477865099113217
0.37477865099113217
0.37477865099113217
0.3733650014186125
0.3701047110139726
0.3447357670595821
0.3447357670595821
0.3447357670595821
0.34316482794672254
0.34316482794672254
0.34316482794672254
0.34316482794672254
0.3413347475857691
0.3413347475857691
0.3413347475857691
0.3413347475857691
0.3413347475857691
0.33118459053702765
0.3184790988850281
0.3184790988850281
0.3184790988850281
0.3184790988850281
0.3184790988850281
0.3184790988850281
0.31694269816696874
0.31694269816696874
0.31694269816696874
0.31694269816696874
0.3092051126676907
0.3092051126676907
0.3092051126676907
0.3092051126676907
0.3092051126676907
0.3092051126676907
0.3092051126676907
0.29968558105031207
0.29968558105031207
0.29968558105031207
0.29968558105031207
0.2967550308755804
0.2598422491902852
0.2598422491902852
0.2598422491902852
0.2598422491902852
0.2598422491902852
0.2598422491902852
0.2598422491902852
0.2598422491902852
0.2598422491902852
0.2598422491902852
0.2598422491902852
0.2598422491902852
0.2598422491902852
0.2598422491902852
0.2598422491902852
0.24224430079191706
0.24224430079191706
0.24224430079191706
0.24224430079191706
0.24224430079191706
0.24224430079191706
0.2372223799287312
0.2372223799287312
0.2372223799287312
0.2372223799287312
0.2372223799287312
0.2372223799287312
0.2372223799287312
0.2372223799287312
0.2372223799287312
0.2372223799287312
0.23257255627054718
0.23257255627054718
0.23257255627054718
0.22290623128341736
0.22290623128341736
0.22290623128341736
0.21706006492711793
0.21706006492711793
0.21706006492711793
0.21706006492711793
0.21706006492711793
0.2133358028889063
0.2133358028889063
0.2133358028889063
0.2133358028889063
0.2133358028889063
0.2133358028889063
0.20433234612140438
0.20433234612140438
0.20433234612140438
0.20433234612140438
0.20433234612140438
0.20433234612140438
0.1990010913131357
0.1990010913131357
0.19363761355879916
0.19363761355879916
0.19363761355879916
0.19363761355879916
0.1876451895115423
0.1876451895115423
0.1876451895115423
0.18378953947397036
0.18236290715906733
0.18236290715906733
0.17882369323265124
0.17882369323265124
0.17882369323265124
0.17882369323265124
0.161598180780139
0.161598180780139
0.161598180780139
0.161598180780139
0.161598180780139
0.161598180780139
0.161598180780139
0.15848285448553412
0.15848285448553412
0.15848285448553412
0.15848285448553412
0.15387061504327448
0.15387061504327448
0.15387061504327448
0.15387061504327448
0.15387061504327448
0.15387061504327448
0.15387061504327448
0.15387061504327448
0.15387061504327448
0.15387061504327448
0.15082920117784937
0.15082920117784937
0.15082920117784937
0.15082920117784937
0.15082920117784937
0.1333534400452976
0.1333534400452976
0.1333534400452976
0.1333534400452976
0.126663871768379
0.126663871768379
0.126663871768379
0.1155687937046963
0.10997212525000322
0.10997212525000322
0.10997212525000322
0.10997212525000322
0.10997212525000322
0.10997212525000322
0.10997212525000322
0.10997212525000322
0.10997212525000322
0.10997212525000322
0.10997212525000322
0.10997212525000322
0.10997212525000322
0.10997212525000322
0.10997212525000322
0.10997212525000322
0.10997212525000322
0.10997212525000322
0.10997212525000322
0.10997212525000322
0.10997212525000322
0.10997212525000322
0.10997212525000322
0.1089684141167524
0.1089684141167524
0.09791835740562504
0.09791835740562504
0.09791835740562504
0.09791835740562504
0.09791835740562504
0.09791835740562504
0.09791835740562504
0.09791835740562504
0.09791835740562504
0.09791835740562504
0.09791835740562504
0.09614274927775313
0.09614274927775313
0.09614274927775313
0.09614274927775313
0.09614274927775313
0.09457974476401887
0.09457974476401887
0.09457974476401887
0.09047750131702514
0.09047750131702514
0.09047750131702514
0.09047750131702514
0.09047750131702514
0.09047750131702514
0.09047750131702514
0.09047750131702514
0.09047750131702514
0.09047750131702514
0.09047750131702514
0.09047750131702514
0.09047750131702514
0.09047750131702514
0.08705819409225768
0.08705819409225768
0.08705819409225768
0.08705819409225768
0.08705819409225768
0.08611232823852077
0.08611232823852077
0.08611232823852077
0.08436712116196077
0.08436712116196077
0.08436712116196077
0.08436712116196077
0.08436712116196077
0.08078567573866735
0.08078567573866735
0.08006587128770803
0.07579484813764736
0.07579484813764736
0.07579484813764736
0.07579484813764736
0.07579484813764736
0.07579484813764736
0.07549808738927055
0.07057104499416056
0.07057104499416056
0.07057104499416056
0.07057104499416056
0.07057104499416056
0.07057104499416056
0.07057104499416056
0.07057104499416056
0.07057104499416056
0.07057104499416056
0.07057104499416056
0.07057104499416056
0.07057104499416056
0.07057104499416056
0.07057104499416056
0.06980091325971216
0.06979298885768515
0.06979298885768515
0.06822176263032276
0.06374320738496664
0.06374320738496664
0.06374320738496664
0.06374320738496664
0.06374320738496664
0.06374320738496664
0.06316822504339115
0.06316822504339115
0.06316822504339115
0.06316822504339115
0.06316822504339115
0.06316822504339115
0.06316822504339115
0.06286606918828852
0.06286606918828852
0.06075111776126363
0.06075111776126363
0.06075111776126363
0.06075111776126363
0.06075111776126363
0.06075111776126363
0.06075111776126363
0.06075111776126363
0.06075111776126363
0.05859409288611772
0.05859409288611772
0.05859409288611772
0.05859409288611772
0.05859409288611772
0.05859409288611772
0.05859409288611772
0.05736209641389678
0.05736209641389678
0.05736209641389678
0.05736209641389678
0.05736209641389678
0.05493660902551767
0.05493660902551767
0.05493660902551767
0.05493660902551767
0.05493660902551767
0.05493660902551767
0.05493660902551767
0.05493660902551767
0.05493660902551767
0.05493660902551767
0.05490551109352282
0.05445141182229918
0.053865399186257434
0.051666626443477526
0.051666626443477526
0.051666626443477526
0.051666626443477526
0.050479651864478114
0.050479651864478114
0.04862518165494123
0.04862518165494123
0.04862518165494123
0.04862518165494123
0.04862518165494123
0.04862518165494123
0.04862518165494123
0.04862518165494123
0.04862518165494123
0.04817404024765182
0.04710949660872643
0.04710949660872643
0.04670755086493017
0.04658169288339309
0.04658169288339309
0.04619875602196544
0.04619875602196544
0.04399219996653869
0.04399219996653869
0.04399219996653869
0.04399219996653869
0.04399219996653869
0.04399219996653869
0.04399219996653869
0.04399219996653869
0.04399219996653869
0.04399219996653869
0.04362646230479328
0.04362646230479328
0.04344739467491365
0.04344739467491365
0.04292520316423776
0.04292520316423776
0.04292520316423776
0.04292520316423776
0.04292520316423776
0.0407700325512792
0.0407700325512792
0.0407700325512792
0.0407700325512792
0.03622540785077888
0.03622540785077888
0.03622540785077888
0.03622540785077888
0.03622540785077888
0.03622540785077888
0.03622540785077888
0.03622540785077888
0.03622540785077888
0.03622540785077888
0.03622540785077888
0.03622540785077888
0.03622540785077888
0.03622540785077888
0.03622540785077888
0.03622540785077888
0.03589487751150244
0.03589487751150244
0.03410405552786955
0.03410405552786955
0.03410405552786955
0.032434913555135836
0.032434913555135836
0.032434913555135836
0.032434913555135836
0.032434913555135836
0.032434913555135836
0.032434913555135836
0.030851282673722835
0.03021483654031698
0.03021483654031698
0.03021483654031698
0.03021483654031698
0.03021483654031698
0.03021483654031698
0.03021483654031698
0.03021483654031698
0.03021483654031698
0.029977940333800746
0.029977940333800746
0.025867298651952808
0.025867298651952808
0.025867298651952808
0.025867298651952808
0.025867298651952808
0.025867298651952808
0.025867298651952808
0.025867298651952808
0.025867298651952808
0.02479571256870372
0.02479571256870372
0.02479571256870372
0.02479571256870372
0.02479571256870372
0.02479571256870372
0.02479571256870372
0.02479571256870372
0.02479571256870372
0.02479571256870372
0.02479571256870372
0.02479571256870372
0.02479571256870372
0.023732492346098866
0.023732492346098866
0.023732492346098866
0.023732492346098866
0.023732492346098866
0.023732492346098866
0.023732492346098866
0.023732492346098866
0.023732492346098866
0.023732492346098866
0.023408047962952594
0.023253756061258457
0.022844794422354653
0.020835202993936264
0.020835202993936264
0.020835202993936264
0.020835202993936264
0.020835202993936264
0.020835202993936264
0.020835202993936264
0.020835202993936264
0.020835202993936264
0.020835202993936264
0.020556810075220255
0.020556810075220255
0.020556810075220255
0.020556810075220255
0.02053312721589151
0.02053312721589151
0.02052205677379959
0.02052205677379959
0.02052205677379959
0.020211874707740662
0.0197368365023749
0.0197368365023749
0.0197368365023749
0.0197368365023749
0.0197368365023749
0.019520937900246338
0.019513453671976322
0.019513453671976322
0.019513453671976322
0.019250586458966268
0.018721649559410025
0.018721649559410025
0.018721649559410025
0.017557909998600962
0.017557909998600962
0.017557909998600962
0.017557909998600962
0.017557909998600962
0.017557909998600962
0.017557909998600962
0.017557909998600962
0.017557909998600962
0.017557909998600962
0.017557909998600962
0.017557909998600962
0.017557909998600962
0.016641996630809786
0.016641996630809786
0.016641996630809786
0.016641996630809786
0.016641996630809786
0.016641996630809786
0.016641996630809786
0.016641996630809786
0.016641996630809786
0.016641996630809786
0.016641996630809786
0.01492423320003411
0.01492423320003411
0.01492423320003411
0.01492423320003411
0.01492423320003411
0.01492423320003411
0.01492423320003411
0.01492423320003411
0.01492423320003411
0.01420335591824795
0.01420335591824795
0.01420335591824795
