0.02983832359313965
0.0294039249420166
0.029528379440307617
0.029349803924560547
0.02928781509399414
0.029371261596679688
0.029325008392333984
0.02926778793334961
0.029315471649169922
0.029959440231323242
0.029253005981445312
0.029398202896118164
0.02945256233215332
0.02945876121520996
0.030946731567382812
0.02998495101928711
0.0295102596282959
0.029427289962768555
0.04557633399963379
0.02927374839782715
0.02930426597595215
0.029393434524536133
0.029307126998901367
0.029265403747558594
0.029265642166137695
0.02931499481201172
0.029338598251342773
0.030375003814697266
0.02931046485900879
0.02928900718688965
0.02923870086669922
0.029376506805419922
0.029375314712524414
0.02931666374206543
0.029437780380249023
0.02926158905029297
0.029232501983642578
0.030232906341552734
0.029373884201049805
0.029315948486328125
0.029277324676513672
0.02928447723388672
0.029315471649169922
0.029357194900512695
0.02931690216064453
0.02947711944580078
0.02924370765686035
0.029233455657958984
0.029393434524536133
0.02940511703491211
0.029397249221801758
0.029726028442382812
0.029399394989013672
0.029532909393310547
0.029572248458862305
0.02941155433654785
0.029408931732177734
0.02947258949279785
0.029534101486206055
0.02996683120727539
0.029706716537475586
0.029290199279785156
0.029305219650268555
0.029469728469848633
0.029369831085205078
0.029496192932128906
0.029359102249145508
0.02971959114074707
0.029450654983520508
0.029337644577026367
0.02941441535949707
0.02956986427307129
0.029521465301513672
0.029345035552978516
0.02943587303161621
0.029277801513671875
0.029542922973632812
0.029829025268554688
0.029407739639282227
0.029418230056762695
0.029185056686401367
0.030864953994750977
0.029402494430541992
0.029561758041381836
0.029458999633789062
0.029415607452392578
0.02922534942626953
0.029493093490600586
0.029312610626220703
0.029349327087402344
0.02928781509399414
0.029523611068725586
0.029378652572631836
0.029468774795532227
0.029410600662231445
0.029378414154052734
0.029317855834960938
0.02934122085571289
0.02942180633544922
0.030043363571166992
0.029600143432617188
0.029504060745239258
0.02947831153869629
0.029445409774780273
0.029784440994262695
0.02965235710144043
0.029447317123413086
0.02948164939880371
0.029417753219604492
0.02940058708190918
0.029410600662231445
0.02933025360107422
0.029335498809814453
0.02934122085571289
0.02938985824584961
0.029345035552978516
0.029303789138793945
0.029387235641479492
0.029445886611938477
0.029962778091430664
0.029394865036010742
0.02952885627746582
0.0294492244720459
0.02942371368408203
0.029387712478637695
0.029567718505859375
0.029325246810913086
0.02949976921081543
0.029262065887451172
0.029372692108154297
0.02984619140625
0.02944350242614746
0.029397964477539062
0.02952265739440918
0.02939629554748535
0.029385805130004883
0.030698776245117188
0.028777599334716797
0.029392480850219727
0.029373884201049805
0.029516935348510742
0.029393672943115234
0.02947831153869629
0.02940058708190918
0.02978205680847168
0.02928471565246582
0.029329299926757812
0.031043291091918945
0.029330730438232422
0.029477357864379883
0.02918720245361328
0.02928018569946289
0.029303312301635742
0.02933812141418457
0.029663562774658203
0.02971625328063965
0.029333114624023438
0.029587507247924805
0.029804229736328125
0.029624462127685547
0.029558658599853516
0.029316186904907227
0.02934408187866211
0.02941727638244629
0.029448747634887695
0.029327392578125
0.029647111892700195
0.02982020378112793
0.029491186141967773
0.02931809425354004
0.02951836585998535
0.039664268493652344
0.029437541961669922
0.029211997985839844
0.029216766357421875
0.029137372970581055
0.029439926147460938
0.02932882308959961
0.02933669090270996
0.02926945686340332
0.02918529510498047
0.02922224998474121
0.029317378997802734
0.02924370765686035
0.029468059539794922
0.0294644832611084
0.02954840660095215
0.029469013214111328
0.029450178146362305
0.029341697692871094
0.029456615447998047
0.030139684677124023
0.029282808303833008
0.029628515243530273
0.029443740844726562
0.02978658676147461
0.029832839965820312
0.029712200164794922
0.02951216697692871
0.02933359146118164
0.029545307159423828
0.029339313507080078
0.029326677322387695
0.029413461685180664
0.02923583984375
0.02917337417602539
0.029238224029541016
0.02936387062072754
0.029596805572509766
0.02947211265563965
0.02941274642944336
0.029341459274291992
0.029202938079833984
0.02925276756286621
0.02916431427001953
0.02915167808532715
0.029384374618530273
0.029401063919067383
0.029363155364990234
0.029692649841308594
0.02963709831237793
0.02931952476501465
0.029360294342041016
0.029418230056762695
0.029500961303710938
0.02953505516052246
0.029311418533325195
0.02968144416809082
0.029299020767211914
0.029293060302734375
0.029288053512573242
0.029235363006591797
0.029207706451416016
0.029381275177001953
0.02919912338256836
0.02911663055419922
0.029123783111572266
0.029160499572753906
0.029354095458984375
0.029341936111450195
0.029439926147460938
0.030327796936035156
0.029486417770385742
0.0292208194732666
0.029407262802124023
0.029665708541870117
0.02933669090270996
0.029411792755126953
0.02942824363708496
0.029256105422973633
0.02930307388305664
0.029437780380249023
0.029343605041503906
0.029807090759277344
0.0294497013092041
0.02937150001525879
0.029343843460083008
0.03072643280029297
0.029335737228393555
0.02935624122619629
0.029244422912597656
0.029303312301635742
0.029191255569458008
0.029556751251220703
0.02944636344909668
0.029327869415283203
0.029871463775634766
0.029546499252319336
0.029577970504760742
0.02967047691345215
0.029526710510253906
0.029528141021728516
0.029634952545166016
0.029470205307006836
0.03004288673400879
0.02934741973876953
0.029287099838256836
0.029308319091796875
0.03431081771850586
0.029204368591308594
0.02940678596496582
0.029729366302490234
0.02929830551147461
0.029436826705932617
0.02947854995727539
0.02936553955078125
0.029305458068847656
0.0291597843170166
0.02920389175415039
0.02908039093017578
0.02911543846130371
0.02936387062072754
0.030444860458374023
0.030477523803710938
0.02926182746887207
0.02941274642944336
0.029521942138671875
0.029817581176757812
0.029634714126586914
0.02950310707092285
0.02913045883178711
0.02916550636291504
0.029198884963989258
0.02937006950378418
0.02933478355407715
0.029420852661132812
0.030393600463867188
0.029296875
0.029674291610717773
0.029820680618286133
0.029644489288330078
0.029607057571411133
0.029521465301513672
0.029421091079711914
0.029661893844604492
0.0295560359954834
0.029434680938720703
0.02943110466003418
0.030138015747070312
0.02953481674194336
0.030383825302124023
0.02972269058227539
0.029950618743896484
0.029702425003051758
0.02946329116821289
0.029421091079711914
0.029433250427246094
0.029605865478515625
0.02930736541748047
0.029670000076293945
0.029471158981323242
0.029564380645751953
0.02936697006225586
0.02956867218017578
0.030785083770751953
0.03034210205078125
0.030327320098876953
0.030236482620239258
0.029717683792114258
0.03018474578857422
0.030487060546875
0.030141830444335938
0.029638051986694336
0.030135631561279297
0.030611753463745117
0.029799699783325195
0.02973651885986328
0.02983689308166504
0.029277324676513672
0.02994847297668457
0.029555320739746094
0.029700756072998047
0.0296783447265625
0.029921531677246094
0.029312849044799805
0.029755592346191406
0.029681921005249023
0.02946305274963379
0.029856443405151367
0.030516862869262695
0.02991771697998047
0.03030252456665039
0.029738426208496094
0.02937793731689453
0.029390335083007812
0.029421329498291016
0.029441356658935547
0.02971816062927246
0.02930617332458496
0.029455900192260742
0.029332399368286133
0.029412508010864258
0.029292821884155273
0.030287742614746094
0.029360294342041016
0.02931690216064453
0.029395103454589844
0.029399633407592773
0.028738975524902344
0.02923870086669922
0.029382944107055664
0.02946305274963379
0.029426097869873047
0.029331445693969727
0.02932572364807129
0.02791619300842285
0.029291868209838867
0.02932882308959961
0.029291868209838867
0.029250383377075195
0.029231786727905273
0.029421567916870117
0.030061006546020508
0.029467105865478516
0.02965378761291504
0.02943134307861328
0.029485225677490234
0.029442310333251953
0.029614925384521484
0.029877901077270508
0.029757022857666016
0.0293886661529541
0.029355287551879883
0.0294191837310791
0.029424190521240234
0.0295259952545166
0.029364824295043945
0.02948784828186035
0.02950000762939453
0.02932143211364746
0.029523849487304688
0.02939915657043457
0.029767990112304688
0.0294187068939209
0.02979135513305664
0.029493093490600586
0.02951526641845703
0.029358863830566406
0.029361486434936523
0.02949357032775879
0.029378414154052734
0.029602527618408203
0.029683828353881836
0.02933788299560547
0.029427528381347656
0.029439449310302734
0.029387235641479492
0.030324220657348633
0.02926921844482422
0.029484272003173828
0.03151512145996094
0.0537562370300293
0.045287132263183594
0.04539632797241211
0.02953052520751953
0.02941608428955078
0.030239582061767578
0.029758453369140625
0.02946758270263672
0.029513120651245117
0.029412031173706055
0.029778003692626953
0.02952432632446289
0.029488801956176758
0.029650211334228516
0.029519081115722656
0.02948927879333496
0.02949666976928711
0.029346466064453125
0.02943730354309082
0.029404878616333008
0.02963709831237793
0.029584646224975586
0.02940082550048828
0.029419660568237305
0.029599428176879883
0.02990412712097168
0.02951812744140625
0.029588937759399414
0.02969527244567871
0.029537200927734375
0.02970290184020996
0.028818607330322266
0.02919316291809082
0.029211044311523438
0.02940082550048828
0.029265165328979492
0.029154300689697266
0.029392242431640625
0.029329776763916016
0.029295682907104492
0.029503345489501953
0.029235124588012695
0.029329538345336914
0.029175758361816406
0.02928328514099121
0.029268741607666016
0.029323339462280273
0.029328584671020508
0.029284954071044922
0.029249906539916992
0.02927875518798828
0.029302120208740234
0.029221296310424805
0.029357194900512695
0.029889345169067383
0.029373645782470703
0.02930283546447754
0.02938055992126465
0.029267549514770508
0.029302120208740234
0.02961874008178711
0.029589414596557617
0.029712677001953125
0.02950143814086914
0.02969837188720703
0.029499053955078125
0.029484033584594727
0.02941608428955078
0.029529809951782227
0.029915809631347656
0.029532432556152344
0.029573678970336914
0.029496431350708008
0.029428720474243164
0.02949047088623047
0.029500722885131836
0.02955031394958496
0.029509782791137695
0.02917003631591797
0.02932262420654297
0.02944779396057129
0.02928304672241211
0.02923870086669922
0.029209375381469727
0.029309988021850586
0.029510498046875
0.029330730438232422
0.0294339656829834
0.029346466064453125
0.02928614616394043
0.029446840286254883
0.02937483787536621
0.02939629554748535
0.029690265655517578
0.029361248016357422
0.029528379440307617
0.029337167739868164
0.02955913543701172
0.029270648956298828
0.029529094696044922
0.0294342041015625
0.02921915054321289
0.02915811538696289
0.02931046485900879
0.02925276756286621
0.02941274642944336
0.029237747192382812
0.030285358428955078
0.0293881893157959
0.02924942970275879
0.029209613800048828
0.029288291931152344
0.0293886661529541
0.02943134307861328
0.029445171356201172
0.029473304748535156
0.029317378997802734
0.029313087463378906
0.029343366622924805
0.02932262420654297
0.030211687088012695
0.02926349639892578
0.029262542724609375
0.02926039695739746
0.044945478439331055
0.029360055923461914
0.029346466064453125
0.029335498809814453
0.029371261596679688
0.029358386993408203
0.029512643814086914
0.02937769889831543
0.029355525970458984
0.029388427734375
0.029392004013061523
0.029319047927856445
0.02931380271911621
0.02919149398803711
0.029391050338745117
0.029366731643676758
0.029295921325683594
0.02932262420654297
0.029268741607666016
0.029327392578125
0.029343366622924805
0.02935004234313965
0.029521942138671875
0.029328584671020508
0.0292203426361084
0.029288530349731445
0.02929377555847168
0.029371261596679688
0.02938079833984375
0.02926325798034668
0.02948904037475586
0.029551029205322266
0.029575109481811523
0.029555797576904297
0.029455184936523438
0.029454708099365234
0.02942514419555664
0.03063344955444336
0.029417037963867188
0.02953791618347168
0.029627084732055664
0.029221057891845703
0.029478788375854492
0.029473304748535156
0.030756235122680664
0.029553890228271484
0.02949237823486328
0.029497861862182617
0.02954864501953125
0.029571533203125
0.029578208923339844
0.029622793197631836
0.02954244613647461
0.029575824737548828
0.029637575149536133
0.029564380645751953
0.02962327003479004
0.029566049575805664
0.029613733291625977
0.029573917388916016
0.029573917388916016
0.02965402603149414
0.029622554779052734
0.029517412185668945
0.029772043228149414
0.029524564743041992
0.029533863067626953
0.02973151206970215
0.029454469680786133
0.029629230499267578
0.029712438583374023
0.029552936553955078
0.02952718734741211
0.029810190200805664
0.029561519622802734
0.029506206512451172
0.02970600128173828
0.029744625091552734
0.0298917293548584
0.029859304428100586
0.030160903930664062
0.029961109161376953
0.030252456665039062
0.02936577796936035
0.029970169067382812
0.0294191837310791
0.029714345932006836
0.02926492691040039
0.029429912567138672
0.0299680233001709
0.029347896575927734
0.02951502799987793
0.02939462661743164
0.029346942901611328
0.029244661331176758
0.029168128967285156
0.029581785202026367
0.02939581871032715
0.029309511184692383
0.029431581497192383
0.02927231788635254
0.02939748764038086
0.02949380874633789
0.029462575912475586
0.0294191837310791
0.029372692108154297
0.029360055923461914
0.029501676559448242
0.029898643493652344
0.029425621032714844
0.029427051544189453
0.02932882308959961
0.02936840057373047
0.029437541961669922
0.029349088668823242
0.02937459945678711
0.029356002807617188
0.029427289962768555
0.029378652572631836
0.02954864501953125
0.029329538345336914
0.029384613037109375
0.029361486434936523
0.029400348663330078
0.02933979034423828
0.029405593872070312
0.029520750045776367
0.02939581871032715
0.029444217681884766
0.02935934066772461
0.029294967651367188
0.029341697692871094
0.029334068298339844
0.02934432029724121
0.029345035552978516
0.02971816062927246
0.029590606689453125
0.029615402221679688
0.02954721450805664
0.029428482055664062
0.02965259552001953
0.02958846092224121
0.0295102596282959
0.029337406158447266
0.02952861785888672
0.02933526039123535
0.029457807540893555
0.02999401092529297
0.02935194969177246
0.029407501220703125
0.029386281967163086
0.029335975646972656
0.029321908950805664
0.04537558555603027
0.04517221450805664
0.029138803482055664
0.04528617858886719
0.06013035774230957
0.029352664947509766
0.029272079467773438
0.029349565505981445
0.029287338256835938
0.02927875518798828
0.029224395751953125
0.03054213523864746
0.02915215492248535
0.0293576717376709
0.029479265213012695
0.029506921768188477
0.029917478561401367
0.02991342544555664
0.02980494499206543
0.02970290184020996
0.02946186065673828
0.029561519622802734
0.0292813777923584
0.029323101043701172
0.029067516326904297
0.029085874557495117
0.02901601791381836
0.029062747955322266
0.029070138931274414
0.02913522720336914
0.029000520706176758
0.030477285385131836
0.029187917709350586
0.02924489974975586
0.029094457626342773
0.029123544692993164
0.029161930084228516
0.029117107391357422
0.02903914451599121
0.02909374237060547
0.029723644256591797
0.02915191650390625
0.02913951873779297
0.02913379669189453
0.02911663055419922
0.029104948043823242
0.029150009155273438
0.030010223388671875
0.029349803924560547
0.03070664405822754
0.030200958251953125
0.030134201049804688
0.030459165573120117
0.029546737670898438
0.029536008834838867
0.029528379440307617
0.02923417091369629
0.02929544448852539
0.02938985824584961
0.029270648956298828
0.02932286262512207
0.029424667358398438
0.0295255184173584
0.02953171730041504
0.029500961303710938
0.029517412185668945
0.02951216697692871
0.029393434524536133
0.029381752014160156
0.029416322708129883
0.029452800750732422
0.029698848724365234
0.029336929321289062
0.02929544448852539
0.029143333435058594
0.029381513595581055
0.029212474822998047
0.02929544448852539
0.029354095458984375
0.02939128875732422
0.029652118682861328
0.02934718132019043
0.02938079833984375
0.029273033142089844
0.029285430908203125
0.030495643615722656
0.030225038528442383
0.03033900260925293
0.03022313117980957
0.030112028121948242
0.03029608726501465
0.029114484786987305
0.02965545654296875
0.029242753982543945
0.03610587120056152
0.02931833267211914
0.029231548309326172
0.029293060302734375
0.02925562858581543
0.04547381401062012
0.029360532760620117
0.02928781509399414
0.02919626235961914
0.0293731689453125
0.02935624122619629
0.029185771942138672
0.029396772384643555
0.029482126235961914
0.029343605041503906
0.03007650375366211
0.02946329116821289
0.029409408569335938
0.029440879821777344
0.02935957908630371
0.029370784759521484
0.02945709228515625
0.029569149017333984
0.02943563461303711
0.029574871063232422
0.029351234436035156
0.029540538787841797
0.02989506721496582
0.029341697692871094
0.029384136199951172
0.029386043548583984
0.030931472778320312
0.02921319007873535
0.029768943786621094
0.02998042106628418
0.029523372650146484
0.02982640266418457
0.029366016387939453
0.029066801071166992
0.02918243408203125
0.029038667678833008
0.029194116592407227
0.0291900634765625
0.029120445251464844
0.029064178466796875
0.029195070266723633
0.02915191650390625
0.02921295166015625
0.029218435287475586
0.029114484786987305
0.02904653549194336
0.0291750431060791
0.029192686080932617
0.029206037521362305
0.029173612594604492
0.02919459342956543
0.029174089431762695
0.029355525970458984
0.029354572296142578
0.02961277961730957
0.029690027236938477
0.029654264450073242
0.02957463264465332
0.029474735260009766
0.03017711639404297
0.02948141098022461
0.029569625854492188
0.029462575912475586
0.029501914978027344
0.029325485229492188
0.029425859451293945
0.029391765594482422
0.02927231788635254
0.02946615219116211
0.029293060302734375
0.029442787170410156
0.0293426513671875
0.045287370681762695
0.029450416564941406
0.02928447723388672
0.02931976318359375
0.029476404190063477
0.029523372650146484
0.029367685317993164
0.02957773208618164
0.029436588287353516
0.02962779998779297
0.029425382614135742
0.029961347579956055
0.02966141700744629
0.029621601104736328
0.029236316680908203
0.0294339656829834
0.029293060302734375
0.02916550636291504
0.029134511947631836
0.02944040298461914
0.029348373413085938
0.029392719268798828
0.029531002044677734
0.029748201370239258
0.03000044822692871
0.03085637092590332
0.02948737144470215
0.029302120208740234
0.029435396194458008
0.02947092056274414
0.029391050338745117
0.029419660568237305
0.029467344284057617
0.030251026153564453
0.030096769332885742
0.0295712947845459
0.02975153923034668
0.030255556106567383
0.029788732528686523
0.029420852661132812
0.029448986053466797
0.029206037521362305
0.029217004776000977
0.02918267250061035
0.029132604598999023
0.029758930206298828
0.02949213981628418
0.030112504959106445
0.029415607452392578
0.0295712947845459
0.02927088737487793
0.029515981674194336
0.029294729232788086
0.02929091453552246
0.030373334884643555
0.029655933380126953
0.029758214950561523
0.029503583908081055
0.031009674072265625
0.029195785522460938
0.029990673065185547
0.029156208038330078
0.029268264770507812
0.02934861183166504
0.029308557510375977
0.02937912940979004
0.029404640197753906
0.029269695281982422
0.02997303009033203
0.029217004776000977
0.02918529510498047
0.02910923957824707
0.029215335845947266
0.0291745662689209
0.029689788818359375
0.02997303009033203
0.029430866241455078
0.029322385787963867
0.029302120208740234
0.029320240020751953
0.029401779174804688
0.02931666374206543
0.029607534408569336
0.030333995819091797
0.029295921325683594
0.029439687728881836
0.029295682907104492
0.029654264450073242
0.02931070327758789
0.029225587844848633
0.029238462448120117
0.02953505516052246
0.029317855834960938
0.02923274040222168
0.029229402542114258
0.029181241989135742
0.029662132263183594
0.029309511184692383
0.0292818546295166
0.05971932411193848
0.02941584587097168
0.029373645782470703
0.029338836669921875
0.02937912940979004
0.030437231063842773
0.02944803237915039
0.029444217681884766
0.029277563095092773
0.029532909393310547
0.029174327850341797
0.029333829879760742
0.02926468849182129
0.02935004234313965
0.029454708099365234
0.02942943572998047
0.029153108596801758
0.029131650924682617
0.029004573822021484
0.029270410537719727
0.029213905334472656
0.029212236404418945
