15.364310773360526
15.364310773360526
15.364310773360526
15.364310773360526
15.364310773360526
15.362021760578788
15.358970452641358
15.339350314061374
15.33929665641389
15.321225547093686
15.321225547093686
15.321225547093686
15.321225547093686
15.321225547093686
15.321225547093686
15.321225547093686
15.321225547093686
15.321225547093686
15.321225547093686
15.321225547093686
15.321225547093686
15.179197629655086
15.179197629655086
15.173947486690754
15.173947486690754
15.173947486690754
14.886183468507234
14.763725035595792
14.085943992388355
14.080568149962904
14.06683223354105
14.06683223354105
14.062487172899473
14.060502597379955
14.055983787339478
14.044251831072057
14.04422814407624
14.041397708489018
13.720976546647833
13.720976546647833
13.720976546647833
13.720976546647833
13.720976546647833
13.676958954860028
13.676958954860028
13.299468161310054
13.238777057305395
13.238777057305395
13.238777057305395
13.232520562420683
13.232520562420683
13.21994915859175
13.216100724187203
13.21603887531822
13.215918062974907
13.21483207403047
13.21483207403047
13.213353503251355
13.154251665763873
13.129500190465764
13.129500190465764
13.06965253249403
10.678654737968156
10.678654737968156
10.678654737968156
10.677846059026454
10.674800183158187
10.674349315483413
10.674349315483413
10.674349315483413
10.674349315483413
10.673391072015376
10.673391072015376
10.673391072015376
10.673092827215296
10.672778556727824
10.672778556727824
10.672778556727824
10.672778556727824
10.672778556727824
10.672778556727824
10.672664478413127
10.672664478413127
10.672243610559809
10.650043745978671
10.423685609212594
10.423591520194453
10.42303916474549
7.832492326802283
7.832492326802283
7.831137568404106
7.831137568404106
7.829587135772554
7.827861831096509
7.827295589688472
7.827295589688472
7.827295589688472
7.827295589688472
7.827295589688472
7.827295589688472
7.827295589688472
7.8241831359338505
7.8241831359338505
7.775280103929957
7.775280103929957
7.6862519882059654
7.686041438119947
7.686041438119947
7.686041438119947
7.686041438119947
7.686041438119947
7.686041438119947
7.6860230219978
7.6860230219978
7.655879776514235
7.354292740102647
7.353025441308038
7.353025441308038
7.342811859723193
7.334510953981686
7.334510953981686
7.334510953981686
7.3321335342746785
7.3321335342746785
7.3316666522103
7.321388729797633
7.31926471615423
7.306260027100276
7.2895016093983
7.287602702143392
7.287602702143392
7.287515575605358
7.2784602698749925
7.260176009006514
7.238745701619884
7.238745701619884
7.182557522794456
6.953063719904836
6.941458730519326
6.941458730519326
6.870865550856815
6.870865550856815
6.870865550856815
6.870865550856815
6.828946271800479
6.826338723727893
6.826338723727893
6.818029056421487
6.818029056421487
6.789362182372672
6.789362182372672
6.7737187396992695
6.7737187396992695
6.547326640643918
6.444080723136036
6.440953022653874
6.440953022653874
6.434071287171932
6.418161665344606
6.418161665344606
6.418161665344606
6.418161665344606
6.411095732437694
6.411095732437694
6.410756925127597
6.4025538425873485
6.4025538425873485
6.4025538425873485
6.398141497267488
6.398141497267488
6.397600105296291
6.370056672750609
6.370056672750609
6.370056672750609
6.237951926561102
6.237951926561102
6.237951926561102
6.226487007958816
6.226487007958816
6.094837082017445
6.094837082017445
6.094837082017445
6.094837082017445
6.094837082017445
6.094837082017445
6.094837082017445
6.094837082017445
6.046568573868475
5.984283824736245
5.971210529352337
5.956641793732803
5.930302135385787
5.930302135385787
5.930302135385787
5.930302135385787
5.930302135385787
5.874283763206565
5.862264960671702
5.862264960671702
5.862264960671702
5.834683158347602
5.809317525143772
5.793734032074587
5.731030270830221
5.719664709465297
5.673727256680586
5.671795893759661
5.671795893759661
5.6588718581323025
5.6588718581323025
5.653824853925309
5.5829306665572
5.5829306665572
5.580598895263895
5.5561149630619795
5.5561149630619795
5.5561149630619795
5.551613775965411
5.547177563112875
5.547177563112875
5.42317800083932
5.418032046721143
5.413801935656524
5.407071635708114
5.403270919709188
5.403270919709188
5.391865268723308
5.391865268723308
5.391485494966187
5.375358159155663
5.375358159155663
5.375358159155663
5.375358159155663
5.375358159155663
5.3748661365638455
5.3748661365638455
5.3160463665941755
5.3160463665941755
5.293546003565105
5.286007237732978
5.279924954328241
5.2788094172986675
5.2767028800895375
5.261401733534029
5.261401733534029
5.250904424891196
5.193163322994646
5.172787705358385
5.167232444912262
5.166443524091999
5.166443524091999
5.165735423659843
5.125290747963373
5.125290747963373
5.106748797418202
5.021522760525901
5.021522760525901
4.9159596596992685
4.9159596596992685
4.9159596596992685
4.9141647957447105
4.90331066677032
4.90331066677032
4.90331066677032
4.90331066677032
4.90331066677032
4.90331066677032
4.897441742768173
4.897441742768173
4.897441742768173
4.897441742768173
4.897441742768173
4.897441742768173
4.897441742768173
4.892466086875302
4.892466086875302
4.874892221592223
4.874892221592223
4.874892221592223
4.874892221592223
4.874892221592223
4.874892221592223
4.874892221592223
4.874892221592223
4.8693353007113735
4.866109936748103
4.859474731607051
4.855041220223921
4.855041220223921
4.852577051606318
4.852577051606318
4.852577051606318
4.849392992683509
4.849165092749562
4.849165092749562
4.838270527688405
4.838270527688405
4.838270527688405
4.831148678693115
4.8270563799160335
4.8270563799160335
4.8270563799160335
4.8270563799160335
4.8270563799160335
4.8270563799160335
4.8270563799160335
4.8270563799160335
4.812610991103426
4.81245336503823
4.811895076258903
4.805760950159076
4.792013047251068
4.791170275513455
4.791132940201489
4.791132940201489
4.790906604312802
4.7719391229822286
4.7719391229822286
4.7610282312024665
4.752898782186971
4.734265319700221
4.734265319700221
4.734265319700221
4.734265319700221
4.584622863436632
4.584622863436632
4.584622863436632
4.584622863436632
4.576121209800952
4.576121209800952
4.574459347491519
4.57353312732203
4.5696507975011045
4.5696507975011045
4.5696507975011045
4.5696507975011045
4.56366907995087
4.56366907995087
4.56366907995087
4.56366907995087
4.56366907995087
4.563348997134753
4.563348997134753
4.563348997134753
4.538936593104008
4.526069634840958
4.522335149023441
4.5140846290052
4.5140846290052
4.497159220514579
4.497159220514579
4.497159220514579
4.497072886060241
4.497072886060241
4.4967466291412705
4.473216273157302
4.470004698884313
4.470004698884313
4.470004698884313
4.470004698884313
4.470004698884313
4.4690936262102845
4.468957418052931
4.465765698068296
4.46477266068905
4.464709178885329
4.464709178885329
4.463099074737304
4.463099074737304
4.462771044114405
4.462771044114405
4.462771044114405
4.449303556420066
4.449303556420066
4.449303556420066
4.449303556420066
4.449303556420066
4.449303556420066
4.449303556420066
4.449303556420066
4.448908485331778
4.448908485331778
4.443258289699028
4.441017523043168
4.433076737377956
4.433076737377956
4.433076737377956
4.428236011644131
4.428236011644131
4.428236011644131
4.428236011644131
4.428236011644131
4.4213154386075395
4.420481989882568
4.420481989882568
4.420481989882568
4.420481989882568
4.420481989882568
4.420481989882568
4.420481989882568
4.420481989882568
4.40133322418621
4.376367843848691
4.376367843848691
4.376367843848691
4.371571718378238
4.371571718378238
4.371571718378238
4.352019780130714
4.350215068623903
4.348124401269356
4.348124401269356
4.348124401269356
4.345831053615825
4.345831053615825
4.342537718761289
4.341825093706412
4.341825093706412
4.320845812005693
4.281174301820467
4.235551367981962
4.235551367981962
4.235551367981962
4.235551367981962
4.235551367981962
4.233955989107017
4.211904519658464
4.211855636918891
4.211855636918891
4.211855636918891
4.18961031276412
4.18961031276412
4.18961031276412
4.189163898347058
4.185890346438864
4.115864830906187
4.115864830906187
4.115864830906187
4.115864830906187
3.967815032914366
3.967815032914366
3.967815032914366
3.963457108181629
3.963457108181629
3.963457108181629
3.963457108181629
3.963457108181629
3.963457108181629
3.9633553491350604
3.95853685348931
3.95853685348931
3.95853685348931
3.9491275114105626
3.9490346582867666
3.9076714866196838
3.9076714866196838
3.9076714866196838
3.9008253382336164
3.9008253382336164
3.9008253382336164
3.8989140441409162
3.8989140441409162
3.8989140441409162
3.8989140441409162
3.8989140441409162
3.8989140441409162
3.8989140441409162
3.8989140441409162
3.8989140441409162
3.8989140441409162
3.896165435527088
3.880871713801639
3.880871713801639
3.8807655211183487
3.8807655211183487
3.876437355352838
3.876437355352838
3.876437355352838
3.8705222632165395
3.850276085029261
3.850276085029261
3.850276085029261
3.850276085029261
3.849542118852529
3.848714897347328
3.84287044089497
3.826302725162101
3.8242106317192963
3.8242106317192963
3.807617616005608
3.79444208934272
3.79444208934272
3.79444208934272
3.79444208934272
3.790328348625991
3.789990840106011
3.789990840106011
3.789990840106011
3.789990840106011
3.789990840106011
3.7828335666526485
3.7815621390448264
3.779169498558204
3.77718279897125
3.777041179969409
3.7738023320835943
3.7738023320835943
3.7738023320835943
3.7738023320835943
3.772426275556839
3.772426275556839
3.772426275556839
3.771167324099981
3.771167324099981
3.771167324099981
3.755795831870035
3.753133163774141
3.5678287905499424
3.5656591102253117
3.5656591102253117
3.5656591102253117
3.5656591102253117
3.5656591102253117
3.490567274930733
3.4842592614181243
3.470648013327356
3.470648013327356
3.470648013327356
3.470648013327356
3.4289055474658277
3.4149730724891043
3.414775384431966
3.4141293046977026
3.413101819281305
3.413101819281305
3.413101819281305
3.413101819281305
3.413101819281305
3.413101819281305
3.2339547408157934
3.2334048709078154
3.232499542233814
3.232499542233814
3.2315864071850235
3.2315864071850235
3.2315864071850235
3.2315864071850235
3.2315864071850235
3.2315864071850235
3.2313753211856273
3.2134272181745125
3.2134272181745125
3.2134272181745125
3.2134272181745125
3.2125720888001688
3.2125720888001688
3.2125720888001688
3.211252740253503
3.2092957379784366
3.200103606734732
3.200103606734732
3.200103606734732
3.183583394000408
3.181950382202775
3.181950382202775
3.181950382202775
3.181950382202775
3.1786015356643134
3.1766569247593033
3.1766569247593033
3.161571983872797
3.1497260724504414
3.1489582649903873
3.1489582649903873
3.11412588141037
3.1080914225767877
3.104839853706739
3.100642236940182
3.09856071926885
3.09856071926885
3.096003115708097
3.088767137342952
3.084076786676601
3.084076786676601
3.083629923851163
3.0783492320930854
3.0783492320930854
3.0783492320930854
3.0783492320930854
3.0765566367272577
3.0765566367272577
3.0765566367272577
3.0765566367272577
3.0759465065167184
3.0759465065167184
3.0759465065167184
3.0759465065167184
3.0692288519791475
3.0692288519791475
3.0692288519791475
3.057496707323832
3.057496707323832
3.057496707323832
3.0514715338414113
3.0514715338414113
3.045780025159143
3.045780025159143
3.0395520950497072
3.0395520950497072
3.0395520950497072
3.0395520950497072
3.0388051486768255
3.0388051486768255
3.0388051486768255
3.03602566023433
3.03602566023433
3.03602566023433
3.0249370744234483
3.0249370744234483
3.0246650393415138
3.023297167733862
3.0125374757963144
2.9884656800715454
2.975394669859824
2.971675991024462
2.971675991024462
2.971675991024462
2.971675991024462
2.971675991024462
2.969388981825233
2.9648164499212335
2.9638559226717085
2.9638559226717085
2.9638559226717085
2.9638559226717085
2.957030248431277
2.94067271552991
2.94067271552991
2.94067271552991
2.94067271552991
2.9127059225329184
2.9127059225329184
2.908164238036516
2.908164238036516
2.906881162210432
2.906881162210432
2.906881162210432
2.906881162210432
2.906881162210432
2.906881162210432
2.8966608202149615
2.8922846873775256
2.8922846873775256
2.8922846873775256
2.8827100103258267
2.8827100103258267
2.879982383766194
2.879764605999995
2.879764605999995
2.8782863452935956
2.8724233496798135
2.8724233496798135
2.87157286029327
2.8713390401985706
2.8704649601396213
2.8704649601396213
2.8704649601396213
2.8704649601396213
2.8704649601396213
2.8693628819957233
2.76537519122709
2.76228481328312
2.759726666392911
2.759359507753107
2.7165143474703584
2.7165143474703584
2.7157174345904416
2.7157174345904416
2.7157174345904416
2.7157174345904416
2.7112669688506266
2.7094567927626514
2.7094567927626514
2.7094567927626514
2.7094567927626514
2.7094567927626514
2.7094567927626514
2.699556152250814
2.699556152250814
2.6981227902487532
2.6972923422682342
2.6972863861787957
2.695569558038631
2.695569558038631
2.695569558038631
2.693657910135837
2.6881086726525147
2.6881086726525147
2.6881086726525147
2.6864526263751785
2.685750573244345
2.6856880828742113
2.6789333154266046
2.676285913420422
2.676285913420422
2.671251226763111
2.671251226763111
2.6697367968880776
2.6697367968880776
2.6697367968880776
2.6697367968880776
2.6697367968880776
2.6697367968880776
2.6697367968880776
2.6697367968880776
2.6697367968880776
2.667812979321077
2.667785431625898
2.6503445327975292
2.6503445327975292
2.6503445327975292
2.6503445327975292
2.6470921910348117
2.6447801839118767
2.631910263127576
2.631910263127576
2.631910263127576
2.6313228595994786
2.6313228595994786
2.6295394968075314
2.628726555692076
2.628726555692076
2.62314655228052
2.62314655228052
2.62314655228052
2.6197086506807423
2.6197086506807423
2.615306828883373
2.614191286447223
2.6141061164228745
2.6136552031610734
2.6136552031610734
2.6136552031610734
2.6136552031610734
2.6068234852590635
2.606563487213421
2.6058889508103675
2.6054789350950998
2.6054789350950998
2.6054789350950998
2.6049284117498104
2.60401720941222
2.60401720941222
2.603473110900307
2.603473110900307
2.603473110900307
2.6023041318557567
2.6023041318557567
2.6023041318557567
2.6017811347083786
2.6016268493162293
2.6016268493162293
2.601466523270794
2.601466523270794
2.601466523270794
2.601466523270794
2.601466523270794
2.5991549249124297
2.597551513885339
2.597182708439309
2.597182708439309
2.597006841055194
2.5965447551617764
2.5965447551617764
2.5965447551617764
2.5965447551617764
2.5965447551617764
2.5965447551617764
2.5953689750981113
2.5953689750981113
2.5953689750981113
2.59300835656099
2.5911031943704224
2.5878801526498485
2.5878801526498485
2.5878801526498485
2.5878801526498485
2.5876999527448596
2.5876999527448596
2.587118633565421
2.587118633565421
2.587118633565421
2.587118633565421
2.587118633565421
2.587118633565421
2.587118633565421
2.587118633565421
2.587118633565421
2.587118633565421
2.5867433785317218
2.5867433785317218
2.5867433785317218
2.5854557865648538
2.5854557865648538
2.5854557865648538
2.5854557865648538
2.5854557865648538
2.5854557865648538
2.5854557865648538
2.584406663097589
2.5840655554268537
2.5840655554268537
2.583702608481225
2.583702608481225
2.583606887983798
2.583606887983798
2.583606887983798
2.583606887983798
2.583606887983798
2.583606887983798
2.582953348609081
2.582953348609081
2.582953348609081
2.582953348609081
2.582953348609081
2.5827232979698067
2.582557345016575
2.5824828108713334
2.5824828108713334
2.5824828108713334
2.5824828108713334
2.5824828108713334
2.5824828108713334
2.5824828108713334
2.5824828108713334
2.5823156019896594
2.5823156019896594
2.5823156019896594
2.5823156019896594
2.5823156019896594
2.5822172729562425
2.5822172729562425
2.5822172729562425
2.5820367508806505
2.5820367508806505
2.5820367508806505
2.5820367508806505
2.5820367508806505
2.5820367508806505
2.5820367508806505
2.5820367508806505
2.5820367508806505
2.5820367508806505
2.5820367508806505
2.5820367508806505
2.5820367508806505
2.5818494630546702
2.5818481245447735
2.5812665993092168
2.5812665993092168
2.5812665993092168
2.5812665993092168
2.5812665993092168
2.5812665993092168
2.580990837012731
2.580990837012731
2.580990837012731
2.580990837012731
2.580990837012731
2.580990837012731
2.580892522184481
2.580892522184481
2.580892522184481
2.580892522184481
2.580892522184481
2.5808558750800366
2.5808558750800366
2.5808558750800366
2.5808558750800366
2.5808558750800366
2.5805343458974725
2.568993565358685
2.567175206579229
2.567175206579229
2.564840116369659
2.550717795410204
2.550717795410204
2.550384089742991
2.550384089742991
2.550384089742991
2.550384089742991
2.5464887067976427
2.5224946500728223
2.5224946500728223
2.5219113191368834
2.5129660191140992
2.5125918128008955
2.5125918128008955
2.508548893276089
2.508548893276089
2.508548893276089
2.5073523519500966
2.482333746831298
2.480632558174282
2.4803723837595264
2.463714543872669
2.46361299634059
2.46361299634059
2.4630257318389503
2.4630257318389503
2.4603793713492053
2.4603793713492053
2.4591121169883188
2.4591121169883188
2.4591121169883188
2.4555834459922075
2.4555834459922075
2.4555834459922075
2.4555834459922075
2.4555834459922075
2.4555834459922075
2.4555834459922075
2.4555834459922075
2.454362539398794
2.4533357637784654
2.4352351522820506
2.433645465278598
2.433645465278598
2.417393518717457
2.417393518717457
2.4153557370294507
2.4153557370294507
2.414526427585926
2.414526427585926
2.414526427585926
2.414021715383722
2.4091382335003964
2.4091382335003964
2.407211642508429
2.407211642508429
2.407211642508429
2.406362344517543
2.3958063687993167
2.394129604424254
2.392329944225555
2.392329944225555
2.392329944225555
2.3854149002121083
2.3854149002121083
2.3854149002121083
2.3808363246949185
2.3803801221744116
2.3765933972964923
2.369806504522913
2.365138780917043
2.3615577119008186
2.3615577119008186
2.3615577119008186
2.3615577119008186
2.3615577119008186
2.3577680723689873
2.3577680723689873
2.3577680723689873
2.3577680723689873
2.3569382110989068
2.3569382110989068
2.3569382110989068
2.3569382110989068
2.353975433720109
2.353975433720109
2.353932559559432
2.353932559559432
2.353932559559432
2.2624831978915196
2.2588016083849283
2.2588016083849283
2.2588016083849283
2.257986844359607
2.256152593435967
2.256152593435967
2.256152593435967
2.256152593435967
2.250680335426079
2.250680335426079
2.250680335426079
2.250680335426079
2.250680335426079
2.250680335426079
2.2465343903963912
2.2465343903963912
2.2465343903963912
2.2465343903963912
2.2465343903963912
2.2441586907594377
2.2441586907594377
2.2441586907594377
2.239947116477804
2.239947116477804
2.2382336004213705
2.2382336004213705
