0.015579462051391602
0.014825582504272461
0.014850378036499023
0.014739274978637695
0.01479649543762207
0.014653921127319336
0.014871835708618164
0.014683723449707031
0.014689922332763672
0.014637947082519531
0.01466822624206543
0.014650106430053711
0.014661073684692383
0.014740705490112305
0.014826536178588867
0.015148162841796875
0.014671802520751953
0.014650344848632812
0.014696121215820312
0.015700817108154297
0.014870166778564453
0.014693737030029297
0.014731168746948242
0.014810800552368164
0.014867305755615234
0.01463007926940918
0.014779806137084961
0.014690637588500977
0.014663934707641602
0.01464986801147461
0.013759851455688477
0.014611482620239258
0.014655113220214844
0.014731407165527344
0.014642000198364258
0.014675617218017578
0.01465296745300293
0.014606952667236328
0.014585733413696289
0.01464986801147461
0.014724016189575195
0.01460886001586914
0.0146636962890625
0.014574766159057617
0.014755487442016602
0.014702081680297852
0.01507115364074707
0.014829635620117188
0.014647483825683594
0.014679670333862305
0.014698982238769531
0.014619112014770508
0.014634132385253906
0.014781475067138672
0.014764547348022461
0.014712333679199219
0.014940977096557617
0.014786958694458008
0.019275426864624023
0.014837503433227539
0.014842033386230469
0.014693260192871094
0.014815092086791992
0.014765024185180664
0.014651060104370117
0.01472020149230957
0.014866113662719727
0.014664173126220703
0.014631509780883789
0.01471567153930664
0.014653444290161133
0.01468515396118164
0.01467132568359375
0.014795064926147461
0.014634132385253906
0.014645814895629883
0.014622211456298828
0.014644384384155273
0.014721393585205078
0.014651298522949219
0.014770984649658203
0.01466679573059082
0.014688491821289062
0.014670372009277344
0.014711856842041016
0.014716148376464844
0.015141725540161133
0.014739036560058594
0.014675378799438477
0.014709711074829102
0.014823198318481445
0.014822959899902344
0.014681339263916016
0.014683723449707031
0.014794588088989258
0.014774799346923828
0.014652013778686523
0.015895843505859375
0.014738798141479492
0.014632701873779297
0.01461482048034668
0.014720439910888672
0.014708518981933594
0.014638900756835938
0.014795064926147461
0.014718055725097656
0.015272855758666992
0.014881134033203125
0.014681100845336914
0.014676332473754883
0.014669418334960938
0.014734268188476562
0.01470947265625
0.015518665313720703
0.015479326248168945
0.015315532684326172
0.013973474502563477
0.014666557312011719
0.014660358428955078
0.014658689498901367
0.014652729034423828
0.014728784561157227
0.014662504196166992
0.014656782150268555
0.014693498611450195
0.014722347259521484
0.014679908752441406
0.01460123062133789
0.014657020568847656
0.014601469039916992
0.01463770866394043
0.014667749404907227
0.014644861221313477
0.01466679573059082
0.01461648941040039
0.014714956283569336
0.015404701232910156
0.015453577041625977
0.015249967575073242
0.01536250114440918
0.015417337417602539
0.015199422836303711
0.014728784561157227
0.014631032943725586
0.01467585563659668
0.014641046524047852
0.014608383178710938
0.014671802520751953
0.01464080810546875
0.014775991439819336
0.01462697982788086
0.014692306518554688
0.01469564437866211
0.015153884887695312
0.014765262603759766
0.014704704284667969
0.014832258224487305
0.014752864837646484
0.014657974243164062
0.014691352844238281
0.014780521392822266
0.018669605255126953
0.017961978912353516
0.017531156539916992
0.014931440353393555
0.014930486679077148
0.01475071907043457
0.014812707901000977
0.014965295791625977
0.014890193939208984
0.014864683151245117
0.015293598175048828
0.01484990119934082
0.015067577362060547
0.01515960693359375
0.02130579948425293
0.02251744270324707
0.014656782150268555
0.014586687088012695
0.014730215072631836
0.014619827270507812
0.014666557312011719
0.014715909957885742
0.014671802520751953
0.014605522155761719
0.014739274978637695
0.014648675918579102
0.014612913131713867
0.014610528945922852
0.014664649963378906
0.014637231826782227
0.014675378799438477
0.014625072479248047
0.014676570892333984
0.014711141586303711
0.014646053314208984
0.014650821685791016
0.014636516571044922
0.014694690704345703
0.014662027359008789
0.014640331268310547
0.014614582061767578
0.014678716659545898
0.014647483825683594
0.014577150344848633
0.014636516571044922
0.014640092849731445
0.014658212661743164
0.014647483825683594
0.014670372009277344
0.014586925506591797
0.01458883285522461
0.014626264572143555
0.014641284942626953
0.014606714248657227
0.01458287239074707
0.014576911926269531
0.015408039093017578
0.015336275100708008
0.015359878540039062
0.015430450439453125
0.014820337295532227
0.014600038528442383
0.01454019546508789
0.015162944793701172
0.014664411544799805
0.014709234237670898
0.014595508575439453
0.014605998992919922
0.014646291732788086
0.01458430290222168
0.014601469039916992
0.014544248580932617
0.014574527740478516
0.014598369598388672
0.014569759368896484
0.014588117599487305
0.014668464660644531
0.014558076858520508
0.014617919921875
0.014535903930664062
0.014554977416992188
0.014599084854125977
0.014615535736083984
0.014617919921875
0.014648675918579102
0.014552831649780273
0.015286684036254883
0.015385866165161133
0.015291690826416016
0.014602422714233398
0.014585733413696289
0.014648675918579102
0.01507425308227539
0.014694452285766602
0.014632940292358398
0.014644145965576172
0.014648914337158203
0.014586448669433594
0.014658927917480469
0.014642715454101562
0.014857769012451172
0.014605283737182617
0.014583826065063477
0.014617919921875
0.014641046524047852
0.014561891555786133
0.014569759368896484
0.014630317687988281
0.014551162719726562
0.014574289321899414
0.014597177505493164
0.014683961868286133
0.014597177505493164
0.0145721435546875
0.014593124389648438
0.015262603759765625
0.014716148376464844
0.014605045318603516
0.014627933502197266
0.014668703079223633
0.01465606689453125
0.014650106430053711
0.014639616012573242
0.014695167541503906
0.014856100082397461
0.01461338996887207
0.01483774185180664
0.014625310897827148
0.03063678741455078
0.014649629592895508
0.014672040939331055
0.01659560203552246
0.014617204666137695
0.014725208282470703
0.014687776565551758
0.014705657958984375
0.014682769775390625
0.014644145965576172
0.01464986801147461
0.014641046524047852
0.014705181121826172
0.014709234237670898
0.014581918716430664
0.014592170715332031
0.014672994613647461
0.0146636962890625
0.014587163925170898
0.014654874801635742
0.014652729034423828
0.014637947082519531
0.01462411880493164
0.014624357223510742
0.014633417129516602
0.014632701873779297
0.014642953872680664
0.014678716659545898
0.01466822624206543
0.014685630798339844
0.01461029052734375
0.014562368392944336
0.014804601669311523
0.014631986618041992
0.014622926712036133
0.014571666717529297
0.014598608016967773
0.014751195907592773
0.01461338996887207
0.014663934707641602
0.014703750610351562
0.014644861221313477
0.01467752456665039
0.014652013778686523
0.014586925506591797
0.014570951461791992
0.014640331268310547
0.014636039733886719
0.014657735824584961
0.015346765518188477
0.014838218688964844
0.01463937759399414
0.014914512634277344
0.01453399658203125
0.014591455459594727
0.014618873596191406
0.014665603637695312
0.01464533805847168
0.0146026611328125
0.014639854431152344
0.014631271362304688
0.014607667922973633
0.014609098434448242
0.014644861221313477
0.014633655548095703
0.014602899551391602
0.014653921127319336
0.014571666717529297
0.015398502349853516
0.015398502349853516
0.016035795211791992
0.016801118850708008
0.01692652702331543
0.016744375228881836
0.016377925872802734
0.015990734100341797
0.015388011932373047
0.014582395553588867
0.01461029052734375
0.01450657844543457
0.014524698257446289
0.014523029327392578
0.01473236083984375
0.014605283737182617
0.014499425888061523
0.014554738998413086
0.014571189880371094
0.014656782150268555
0.014533758163452148
0.01458430290222168
0.01459956169128418
0.014622926712036133
0.014592409133911133
0.01455998420715332
0.014615535736083984
0.014602184295654297
0.014588117599487305
0.014559030532836914
0.014601945877075195
0.014582633972167969
0.015090227127075195
0.01460123062133789
0.014559268951416016
0.01461172103881836
0.014602422714233398
0.014581918716430664
0.014628171920776367
0.01467585563659668
0.014672279357910156
0.014596939086914062
0.014969348907470703
0.01456308364868164
0.01457071304321289
0.01458740234375
0.014577388763427734
0.014589071273803711
0.014547348022460938
0.015503168106079102
0.015404701232910156
0.015247106552124023
0.015407085418701172
0.015286922454833984
0.014844417572021484
0.014561176300048828
0.014675140380859375
0.014572381973266602
0.01459050178527832
0.014534711837768555
0.014557361602783203
0.014525175094604492
0.014524698257446289
0.014883041381835938
0.014620065689086914
0.014667987823486328
0.014673471450805664
0.014562129974365234
0.014563798904418945
0.014594554901123047
0.01463937759399414
0.01481008529663086
0.014545679092407227
0.0147857666015625
0.014595270156860352
0.014626026153564453
0.01459050178527832
0.01468205451965332
0.014652729034423828
0.01464390754699707
0.014891624450683594
0.014621734619140625
0.014634132385253906
0.0145721435546875
0.014592885971069336
0.014607667922973633
0.014599800109863281
0.014585494995117188
0.014640569686889648
0.014674901962280273
0.014597415924072266
0.014561653137207031
0.01467275619506836
0.014667034149169922
0.014636754989624023
0.014630556106567383
0.014623641967773438
0.014616966247558594
0.01459956169128418
0.014632940292358398
0.014568567276000977
0.014675617218017578
0.014592170715332031
0.014529943466186523
0.01473855972290039
0.015005350112915039
0.014992713928222656
0.014639616012573242
0.014638185501098633
0.01462864875793457
0.014957189559936523
0.014658212661743164
0.015590906143188477
0.015303850173950195
0.015490055084228516
0.015227794647216797
0.016767501831054688
0.016310930252075195
0.014812231063842773
0.014583110809326172
0.014605045318603516
0.014528036117553711
0.014544010162353516
0.01461482048034668
0.014729976654052734
0.014697790145874023
0.015611648559570312
0.01462244987487793
0.014625310897827148
0.01464700698852539
0.014533042907714844
0.014594316482543945
0.014559745788574219
0.01458430290222168
0.014618873596191406
0.014636039733886719
0.014720678329467773
0.014618873596191406
0.0146026611328125
0.014750957489013672
0.014737606048583984
0.014564037322998047
0.014541387557983398
0.01461029052734375
0.017536163330078125
0.017352581024169922
0.01698780059814453
0.01578044891357422
0.01703333854675293
0.01714920997619629
0.015106439590454102
0.014637231826782227
0.014586448669433594
0.014533519744873047
0.01458883285522461
0.014554977416992188
0.014522790908813477
0.014664173126220703
0.014634132385253906
0.014728307723999023
0.014607906341552734
0.014585733413696289
0.01464533805847168
0.014516592025756836
0.014538049697875977
0.014562606811523438
0.014568805694580078
0.014558076858520508
0.015496492385864258
0.014812231063842773
0.014671087265014648
0.014611244201660156
0.014604568481445312
0.014600276947021484
0.01464080810546875
0.01458287239074707
0.014554262161254883
0.01459503173828125
0.014587640762329102
0.014577150344848633
0.01463627815246582
0.014626502990722656
0.014661788940429688
0.014568567276000977
0.014581441879272461
0.014557361602783203
0.030541658401489258
0.030525922775268555
0.014632940292358398
0.014636516571044922
0.014594316482543945
0.014691829681396484
0.01462244987487793
0.014630794525146484
0.014743804931640625
0.014622688293457031
0.014711618423461914
0.014591455459594727
0.01461482048034668
0.014823198318481445
0.014575004577636719
0.014574527740478516
0.015364885330200195
0.014687538146972656
0.016631364822387695
0.014996051788330078
0.014948368072509766
0.014851093292236328
0.014616250991821289
0.014581918716430664
0.015031814575195312
0.014657258987426758
0.014567136764526367
0.01450800895690918
0.014702320098876953
0.014706134796142578
0.014606714248657227
0.014616966247558594
0.015451192855834961
0.014544010162353516
0.014593124389648438
0.01464533805847168
0.01463174819946289
0.01462101936340332
0.01456904411315918
0.014555692672729492
0.014660835266113281
0.014545202255249023
0.014469146728515625
0.014539241790771484
0.014562606811523438
0.014582157135009766
0.014534711837768555
0.014507532119750977
0.014543771743774414
0.014508485794067383
0.014560222625732422
0.01523590087890625
0.014595985412597656
0.014535903930664062
0.014490842819213867
0.014603614807128906
0.014597415924072266
0.014595985412597656
0.014517784118652344
0.01493382453918457
0.014629840850830078
0.014761924743652344
0.014592170715332031
0.014595985412597656
0.014626741409301758
0.014561176300048828
0.014592885971069336
0.01460409164428711
0.014641761779785156
0.014621973037719727
0.014600276947021484
0.014621734619140625
0.014601945877075195
0.014548063278198242
0.014609575271606445
0.014574766159057617
0.015097379684448242
0.015066862106323242
0.02972888946533203
0.014631032943725586
0.014609813690185547
0.014618158340454102
0.014620780944824219
0.03065347671508789
0.03058624267578125
0.03077864646911621
0.03070235252380371
0.030635356903076172
0.014538049697875977
0.030592679977416992
0.014614105224609375
0.014566183090209961
0.014591217041015625
0.01465463638305664
0.014576196670532227
0.014573812484741211
0.014566898345947266
0.014615297317504883
0.014534711837768555
0.014503240585327148
0.014559507369995117
0.014529705047607422
0.01458430290222168
0.014501333236694336
0.014509916305541992
0.014705181121826172
0.014623165130615234
0.014579057693481445
0.014566421508789062
0.014601469039916992
0.014907121658325195
0.014523744583129883
0.01457071304321289
0.01465463638305664
0.014827251434326172
0.015228509902954102
0.014594078063964844
0.014613151550292969
0.014589309692382812
0.014563560485839844
0.014653205871582031
0.014617919921875
0.014877796173095703
0.014623403549194336
0.014656543731689453
0.014609813690185547
0.014577150344848633
0.014554023742675781
0.014582395553588867
0.014626026153564453
0.014607906341552734
0.014567375183105469
0.015646696090698242
0.014831304550170898
0.014604568481445312
0.014648914337158203
0.014619112014770508
0.016226530075073242
0.014582395553588867
0.014598846435546875
0.014584779739379883
0.014565467834472656
0.014539718627929688
0.014545679092407227
0.014542579650878906
0.014500141143798828
0.014619112014770508
0.014605283737182617
0.014627218246459961
0.014644622802734375
0.014598369598388672
0.014582395553588867
0.014592885971069336
0.014593362808227539
0.014558792114257812
0.014549493789672852
0.014599323272705078
0.014555931091308594
0.014632225036621094
0.014611959457397461
0.014660120010375977
0.014624357223510742
0.014562368392944336
0.014641046524047852
0.014551162719726562
0.014505386352539062
0.014490604400634766
0.014572858810424805
0.014579057693481445
0.014532327651977539
0.015219926834106445
0.01536703109741211
0.01463770866394043
0.01454305648803711
0.01457977294921875
0.014588594436645508
0.014553546905517578
0.014587879180908203
0.015323877334594727
0.015457868576049805
0.015147209167480469
0.015221118927001953
0.015243768692016602
0.01543426513671875
0.015405416488647461
0.01515817642211914
0.015364885330200195
0.015177011489868164
0.014628171920776367
0.014511823654174805
0.014626026153564453
0.014619827270507812
0.015399694442749023
0.01527857780456543
0.01525259017944336
0.015393257141113281
0.015220880508422852
0.015432357788085938
0.016361474990844727
0.015311717987060547
0.014588594436645508
0.014589786529541016
0.014574766159057617
0.014539241790771484
0.014553308486938477
0.015632152557373047
0.015442609786987305
0.015073299407958984
0.015603303909301758
0.014583587646484375
0.014550447463989258
0.034668922424316406
0.014807701110839844
0.030942678451538086
0.01646733283996582
0.024562835693359375
0.014557361602783203
0.014543771743774414
0.01454019546508789
0.014732837677001953
0.014545202255249023
0.014459371566772461
0.014529705047607422
0.014507770538330078
0.014511823654174805
0.01462244987487793
0.014539480209350586
0.014579534530639648
0.014539003372192383
0.014516115188598633
0.014445781707763672
0.014580726623535156
0.014693498611450195
0.014572620391845703
0.014579057693481445
0.014482498168945312
0.014505147933959961
0.014521360397338867
0.0147857666015625
0.014607429504394531
0.014603376388549805
0.014581680297851562
0.014576435089111328
0.014559507369995117
0.01459813117980957
0.01455545425415039
0.014536857604980469
0.014590978622436523
0.014668464660644531
0.014554738998413086
0.014517545700073242
0.015230417251586914
0.015228033065795898
0.014981508255004883
0.014670610427856445
0.014583587646484375
0.014646768569946289
0.014600753784179688
0.014611244201660156
0.014541149139404297
0.014639139175415039
0.014637947082519531
0.014594793319702148
0.01804351806640625
0.016817808151245117
0.015813350677490234
0.014752626419067383
0.01476287841796875
0.01478719711303711
0.015108108520507812
0.015406608581542969
0.014867544174194336
0.01486063003540039
0.01482701301574707
0.01475977897644043
0.014828205108642578
0.014735698699951172
0.014740467071533203
0.025448322296142578
0.030601024627685547
0.026839017868041992
0.030604124069213867
0.030718088150024414
0.014693975448608398
0.014631986618041992
0.014517068862915039
0.014590978622436523
0.01471090316772461
0.014641761779785156
0.01459360122680664
0.018707275390625
0.03547811508178711
0.014653205871582031
0.014581680297851562
0.01535654067993164
0.014557600021362305
0.014590024948120117
0.014569759368896484
0.014574289321899414
0.014502525329589844
0.014583826065063477
0.014598369598388672
0.014585018157958984
0.014595746994018555
0.014598369598388672
0.014570474624633789
0.014610767364501953
0.014555215835571289
0.014587879180908203
0.014667034149169922
0.014712810516357422
0.014582395553588867
0.014569759368896484
0.014603376388549805
0.0145416259765625
0.014520645141601562
0.014536142349243164
0.014586448669433594
0.014657735824584961
0.014589786529541016
0.014638423919677734
0.014587640762329102
0.01657414436340332
0.01735997200012207
0.016993999481201172
0.016566753387451172
0.015244483947753906
0.01561284065246582
0.015115737915039062
0.015149116516113281
0.014929771423339844
0.01471400260925293
0.015242576599121094
0.014826297760009766
0.014820098876953125
0.014771223068237305
0.014721393585205078
0.014782190322875977
0.014813423156738281
0.014740943908691406
0.015523910522460938
0.015017509460449219
0.014803171157836914
0.01463627815246582
0.014688491821289062
0.014564037322998047
0.014581680297851562
0.014631509780883789
0.014565467834472656
0.014629840850830078
0.014603137969970703
0.014600992202758789
0.014658689498901367
0.014569282531738281
0.014584779739379883
0.014567852020263672
0.014717817306518555
0.014598608016967773
0.01456141471862793
0.014575719833374023
0.014595985412597656
0.014624834060668945
0.014602899551391602
0.01457977294921875
0.014587163925170898
0.014531135559082031
0.014665603637695312
0.014586448669433594
0.014577627182006836
0.01459813117980957
0.014585494995117188
0.014628171920776367
0.014590978622436523
0.014611244201660156
0.01454472541809082
0.029939889907836914
0.016968727111816406
0.030713796615600586
0.030609607696533203
0.030559539794921875
0.027414798736572266
0.014532327651977539
0.014521360397338867
0.014502525329589844
0.01450800895690918
0.014535188674926758
0.01454782485961914
0.01457524299621582
0.014485359191894531
0.014541864395141602
0.014858007431030273
0.014697790145874023
0.015022754669189453
0.015405416488647461
0.015254020690917969
0.015244483947753906
0.015514373779296875
0.015174627304077148
0.014517545700073242
0.014515876770019531
0.014562129974365234
0.014530181884765625
0.014545917510986328
0.01453542709350586
0.014533758163452148
0.015164375305175781
0.015286684036254883
0.015154361724853516
0.014593362808227539
0.014642715454101562
0.014559507369995117
0.014601469039916992
0.01466679573059082
0.01452946662902832
0.014611482620239258
0.014576196670532227
0.014548778533935547
0.014564752578735352
0.014566421508789062
0.014580488204956055
0.014576435089111328
0.014627218246459961
0.01466679573059082
0.014521598815917969
0.01449131965637207
0.014539241790771484
0.014512062072753906
0.014518022537231445
0.014567136764526367
0.014548778533935547
0.01448678970336914
0.014542102813720703
0.015117406845092773
0.014576196670532227
0.014558076858520508
0.01458883285522461
0.014568805694580078
0.014615058898925781
0.014840126037597656
0.014543533325195312
0.014667749404907227
0.014615058898925781
0.014545679092407227
0.014653205871582031
0.014615535736083984
0.014691591262817383
0.015242576599121094
0.014546632766723633
0.01461338996887207
0.014580488204956055
0.014543771743774414
0.01629805564880371
0.01455235481262207
0.017901897430419922
0.016115188598632812
0.014607906341552734
0.014634847640991211
