18.233219853874093
18.233219853874093
17.892062677008685
17.892062677008685
17.77915538243822
16.18438944901109
16.18438944901109
16.18438944901109
16.18438944901109
16.18438944901109
16.18438944901109
16.18438944901109
16.18438944901109
16.18438944901109
16.18438944901109
16.039536282728236
16.039536282728236
16.039536282728236
16.039536282728236
16.039536282728236
16.039536282728236
16.039536282728236
16.01117150556589
16.01117150556589
14.687739606028192
14.687739606028192
14.687739606028192
14.687739606028192
14.449751416306437
14.449751416306437
14.449751416306437
14.449751416306437
14.449751416306437
14.449751416306437
14.449751416306437
14.449751416306437
14.449751416306437
14.449751416306437
14.449751416306437
14.449751416306437
14.449751416306437
13.590053767056013
13.590053767056013
13.590053767056013
13.590053767056013
13.590053767056013
13.590053767056013
13.590053767056013
13.590053767056013
13.590053767056013
13.590053767056013
13.012509749991803
13.012509749991803
12.815825384120082
12.815825384120082
12.815825384120082
12.815825384120082
12.815825384120082
12.815825384120082
12.815825384120082
12.793190730843081
12.536709721145538
12.213650509842616
12.213650509842616
12.213650509842616
12.213650509842616
12.213650509842616
12.213650509842616
12.213650509842616
12.213650509842616
12.095816226789644
12.095816226789644
12.095816226789644
12.095816226789644
11.300634414520104
11.300634414520104
11.300634414520104
10.91714235324773
10.91714235324773
10.753291394738081
10.753291394738081
10.753291394738081
10.627920388891773
10.627920388891773
10.567537151843958
10.567537151843958
9.776274426995665
9.776274426995665
9.776274426995665
9.776274426995665
9.776274426995665
9.776274426995665
9.776274426995665
9.776274426995665
9.776274426995665
9.776274426995665
9.776274426995665
9.776274426995665
9.776274426995665
9.776274426995665
9.776274426995665
9.776274426995665
9.776274426995665
9.71369742372947
9.71369742372947
9.557109751464894
9.557109751464894
9.557109751464894
9.51713123057831
9.51713123057831
9.51713123057831
9.38326912359798
9.38326912359798
8.682294098569102
8.682294098569102
8.682294098569102
8.682294098569102
8.682294098569102
8.682294098569102
8.682294098569102
8.682294098569102
8.682294098569102
8.682294098569102
8.682294098569102
8.682294098569102
8.682294098569102
8.682294098569102
8.469709381836115
8.469709381836115
8.453939656069997
8.28784109077033
8.180370206197633
8.180370206197633
8.180370206197633
8.139794719082754
8.139794719082754
8.098958252713647
7.963063419390519
7.719969625507119
7.719969625507119
7.719969625507119
7.719969625507119
7.719969625507119
7.719969625507119
7.719969625507119
7.719969625507119
7.1212370528599855
7.1212370528599855
7.1212370528599855
7.1212370528599855
7.1212370528599855
7.1212370528599855
7.1212370528599855
7.1212370528599855
7.1212370528599855
7.1212370528599855
7.1212370528599855
6.767436647167322
6.694684585541538
6.694684585541538
6.694684585541538
6.694684585541538
6.1921524300865425
6.1921524300865425
6.1921524300865425
6.1921524300865425
6.1921524300865425
6.1921524300865425
6.1921524300865425
6.1921524300865425
6.1921524300865425
6.1921524300865425
6.1921524300865425
6.1921524300865425
6.1921524300865425
6.176951852257451
6.176951852257451
5.842512190596068
5.842512190596068
5.842512190596068
5.842512190596068
5.842512190596068
5.842512190596068
5.842512190596068
5.842512190596068
5.842512190596068
5.842512190596068
5.842512190596068
5.842512190596068
5.842512190596068
5.842512190596068
5.806835668991555
5.78086923886238
5.78086923886238
5.3889818380195535
5.3889818380195535
5.3889818380195535
5.3889818380195535
5.137274905807946
5.137274905807946
5.137274905807946
5.137274905807946
5.137274905807946
5.137274905807946
5.137274905807946
5.137274905807946
5.137274905807946
4.9386447530889654
4.9386447530889654
4.815302059162267
4.815302059162267
4.809951228987998
4.809951228987998
4.809951228987998
4.615168388070423
4.615168388070423
4.615168388070423
4.615168388070423
4.566894611876389
4.566894611876389
4.566894611876389
4.566894611876389
4.566894611876389
4.566894611876389
4.377505797904256
4.377505797904256
4.377505797904256
4.377505797904256
4.377505797904256
4.377505797904256
4.377505797904256
4.377505797904256
4.377505797904256
4.377505797904256
4.364206264059305
4.364206264059305
4.222093606969118
4.222093606969118
4.222093606969118
4.222093606969118
4.222093606969118
4.222093606969118
4.217170096604779
4.217170096604779
4.087762050248067
4.0223099725814215
4.0223099725814215
4.0223099725814215
4.0223099725814215
4.0223099725814215
4.0223099725814215
4.0223099725814215
3.9375459644380726
3.9375459644380726
3.9375459644380726
3.9375459644380726
3.9375459644380726
3.9375459644380726
3.6206783966851965
3.6206783966851965
3.6206783966851965
3.6206783966851965
3.6206783966851965
3.6206783966851965
3.6206783966851965
3.6206783966851965
3.6206783966851965
3.6206783966851965
3.6206783966851965
3.6206783966851965
3.6206783966851965
3.6206783966851965
3.6206783966851965
3.6206783966851965
3.598594382510896
3.5311177839094583
3.502112123386137
3.502112123386137
3.502112123386137
3.502112123386137
3.471959336477653
3.471959336477653
3.4647933230719836
3.3608799905858397
3.3608799905858397
3.3608799905858397
3.3608799905858397
3.3608799905858397
3.3608799905858397
3.3608799905858397
3.3608799905858397
3.3608799905858397
3.3608799905858397
3.3608799905858397
3.32213153310731
3.32213153310731
3.0714416801093876
3.0714416801093876
3.0714416801093876
3.0714416801093876
3.0714416801093876
3.0714416801093876
3.0714416801093876
3.0714416801093876
3.0714416801093876
3.0714416801093876
2.954270409396212
2.954270409396212
2.954270409396212
2.954270409396212
2.954270409396212
2.954270409396212
2.954270409396212
2.954270409396212
2.954270409396212
2.954270409396212
2.954270409396212
2.954270409396212
2.954270409396212
2.887620957403218
2.887620957403218
2.887620957403218
2.887620957403218
2.8033448752065304
2.8033448752065304
2.6041325248570644
2.6041325248570644
2.6041325248570644
2.6041325248570644
2.6041325248570644
2.6041325248570644
2.6041325248570644
2.6041325248570644
2.6041325248570644
2.6041325248570644
2.6041325248570644
2.6041325248570644
2.6041325248570644
2.6041325248570644
2.6041325248570644
2.550118995893534
2.550118995893534
2.550118995893534
2.550118995893534
2.5295042125747216
2.5295042125747216
2.4458767719649934
2.4458767719649934
2.4458767719649934
2.4458767719649934
2.4458767719649934
2.4458767719649934
2.4458767719649934
2.4458767719649934
2.4458767719649934
2.4458767719649934
2.203353914278516
2.203353914278516
2.203353914278516
2.203353914278516
2.203353914278516
2.203353914278516
2.203353914278516
2.203353914278516
2.203353914278516
2.203353914278516
2.203353914278516
2.203353914278516
2.203353914278516
2.203353914278516
2.0413644410451255
2.0413644410451255
2.0413644410451255
2.0413644410451255
2.0413644410451255
2.0413644410451255
2.0413644410451255
2.0413644410451255
2.0413644410451255
2.0413644410451255
2.0413644410451255
2.0340559315463587
2.0340559315463587
2.0340559315463587
1.9805976635351854
1.7761500492852633
1.7761500492852633
1.7761500492852633
1.7761500492852633
1.7761500492852633
1.7761500492852633
1.7761500492852633
1.7761500492852633
1.7761500492852633
1.7761500492852633
1.7761500492852633
1.7438883823971345
1.7438883823971345
1.7438883823971345
1.515557478286027
1.515557478286027
1.515557478286027
1.515557478286027
1.515557478286027
1.515557478286027
1.515557478286027
1.4229558812974545
1.4229558812974545
1.4229558812974545
1.4229558812974545
1.4229558812974545
1.4229558812974545
1.4229558812974545
1.4229558812974545
1.4229558812974545
1.4229558812974545
1.4229558812974545
1.4229558812974545
1.2134769378146224
1.2134769378146224
1.2134769378146224
1.2134769378146224
1.2134769378146224
1.2134769378146224
1.2134769378146224
1.1748225182362049
1.1748225182362049
1.1748225182362049
1.1748225182362049
1.1748225182362049
1.1748225182362049
1.1748225182362049
1.076475532443684
1.076475532443684
1.076475532443684
1.076475532443684
1.076475532443684
0.9312397096342231
0.9312397096342231
0.9165770031572826
0.9165770031572826
0.9165770031572826
0.9165770031572826
0.9165770031572826
0.9165770031572826
0.8170536385437117
0.8170536385437117
0.8170536385437117
0.8170536385437117
0.8170536385437117
0.8170536385437117
0.8170536385437117
0.8170536385437117
0.8170536385437117
0.8170536385437117
0.8170536385437117
0.8170536385437117
0.8170536385437117
0.7868221770345194
0.7868221770345194
0.7375915232568495
0.7224992780777626
0.7224992780777626
0.7224992780777626
0.695692822285924
0.695692822285924
0.6153240043451689
0.6153240043451689
0.6153240043451689
0.6153240043451689
0.6153240043451689
0.6153240043451689
0.6153240043451689
0.6153240043451689
0.4970574046546119
0.4970574046546119
0.4970574046546119
0.4970574046546119
0.4970574046546119
0.4970574046546119
0.4970574046546119
0.4970574046546119
0.4970574046546119
0.4970574046546119
0.4970574046546119
0.4970574046546119
0.4970574046546119
0.4970574046546119
0.4660789695567331
0.4570745877599691
0.4570745877599691
0.4570745877599691
0.4570745877599691
0.4570745877599691
0.4570745877599691
0.4570745877599691
0.4570745877599691
0.4296027004139802
0.4296027004139802
0.4225567825718599
0.4141048994830996
0.4141048994830996
0.4141048994830996
0.40323740128091146
0.3896662396034145
0.3896662396034145
0.3896662396034145
0.3896662396034145
0.3795174260983494
0.3795174260983494
0.25199189644219544
0.25199189644219544
0.25199189644219544
0.25199189644219544
0.25199189644219544
0.25199189644219544
0.25199189644219544
0.25199189644219544
0.25199189644219544
0.25199189644219544
0.25199189644219544
0.25199189644219544
0.25199189644219544
0.25199189644219544
0.25199189644219544
0.25199189644219544
0.25199189644219544
0.25199189644219544
0.25199189644219544
0.25199189644219544
0.25199189644219544
0.25199189644219544
0.25199189644219544
0.25199189644219544
0.25199189644219544
0.25199189644219544
0.25199189644219544
0.25199189644219544
0.24254316021636058
0.22810354575644354
0.22810354575644354
0.2238086439608722
0.2238086439608722
0.2238086439608722
0.2238086439608722
0.2238086439608722
0.2238086439608722
0.2238086439608722
0.21905272746523252
0.21905272746523252
0.1748374852648844
0.1748374852648844
0.1748374852648844
0.1748374852648844
0.1748374852648844
0.1748374852648844
0.1748374852648844
0.1748374852648844
0.16692174179297226
0.16692174179297226
0.16692174179297226
0.16380539262337734
0.16380539262337734
0.16380539262337734
0.16380539262337734
0.16380539262337734
0.16228281914325038
0.16228281914325038
0.13624866232561672
0.13624866232561672
0.13624866232561672
0.13624866232561672
0.13624866232561672
0.13624866232561672
0.13624866232561672
0.13624866232561672
0.13624866232561672
0.13624866232561672
0.13624866232561672
0.13624866232561672
0.13624866232561672
0.13624866232561672
0.13624866232561672
0.13229363435293706
0.13229363435293706
0.13229363435293706
0.0979489334040835
0.0979489334040835
0.0979489334040835
0.0979489334040835
0.0979489334040835
0.0979489334040835
0.0979489334040835
0.0979489334040835
0.0979489334040835
0.0979489334040835
0.0979489334040835
0.09665450400504838
0.09665450400504838
0.09665450400504838
0.09665450400504838
0.09665450400504838
0.09665450400504838
0.09316215612039969
0.09316215612039969
0.09316215612039969
0.09316215612039969
0.09316215612039969
0.09316215612039969
0.09316215612039969
0.09143708561298425
0.09132882035004641
0.08030184800234252
0.08030184800234252
0.08030184800234252
0.08030184800234252
0.08030184800234252
0.08030184800234252
0.08030184800234252
0.08030184800234252
0.08030184800234252
0.08030184800234252
0.08030184800234252
0.08030184800234252
0.08030184800234252
0.08030184800234252
0.08030184800234252
0.08030184800234252
0.08030184800234252
0.08030184800234252
0.08030184800234252
0.07961200403570601
0.07961200403570601
0.07321553139883008
0.07321553139883008
0.07321553139883008
0.07321553139883008
0.07284363530177274
0.06907210270509268
0.06907210270509268
0.06907210270509268
0.06390667110817105
0.06390667110817105
0.061361953370933975
0.061361953370933975
0.061361953370933975
0.061361953370933975
0.061361953370933975
0.061361953370933975
0.061361953370933975
0.061361953370933975
0.0586981213297193
0.05253959936099406
0.05055314475566419
0.045162098003348916
0.045162098003348916
0.044819857724050394
0.044819857724050394
0.044819857724050394
0.044819857724050394
0.04450583312005918
0.04450583312005918
0.04450583312005918
0.04321853841488732
0.04321853841488732
0.04321853841488732
0.04321853841488732
0.04097841506996147
0.04097841506996147
0.04097841506996147
0.04097841506996147
0.04097841506996147
0.04097841506996147
0.03979834089178169
0.03979834089178169
0.03979834089178169
0.03577483075732246
0.03577483075732246
0.03577483075732246
0.03577483075732246
0.03577483075732246
0.03216365636012597
0.03216365636012597
0.03216365636012597
0.03216365636012597
0.03216365636012597
0.03216365636012597
0.03216365636012597
0.03216365636012597
0.03216365636012597
0.03216365636012597
0.03216365636012597
0.03216365636012597
0.03216365636012597
0.03216365636012597
0.03216365636012597
0.03069673815952001
0.03069673815952001
0.03069673815952001
0.03069673815952001
0.028479173194977392
0.028479173194977392
0.028479173194977392
0.028479173194977392
0.02787882469262115
0.02787882469262115
0.02769613293896711
0.027252718999555725
0.027252718999555725
0.027252718999555725
0.027252718999555725
0.027252718999555725
0.025682359861448845
0.025682359861448845
0.025682359861448845
0.023376937316538005
0.023376937316538005
0.023376937316538005
0.023376937316538005
0.023376937316538005
0.023376937316538005
0.023376937316538005
0.023376937316538005
0.023376937316538005
0.023376937316538005
0.023376937316538005
0.023376937316538005
0.023376937316538005
0.023376937316538005
0.023376937316538005
0.023376937316538005
0.023376937316538005
0.023376937316538005
0.023376937316538005
0.0227920292360686
0.0227920292360686
0.0227920292360686
0.0227920292360686
0.0227920292360686
0.0223420899418727
0.022259176431401073
0.022259176431401073
0.022259176431401073
0.02193757812318964
0.020911733316172132
0.020911733316172132
0.01958235101525929
0.01958235101525929
0.01958235101525929
0.01958235101525929
0.019261307955101614
0.019261307955101614
0.01672093699387389
0.01672093699387389
0.01672093699387389
0.01672093699387389
0.01672093699387389
0.01672093699387389
0.01672093699387389
0.01672093699387389
0.01672093699387389
0.01672093699387389
0.01672093699387389
0.014175595737548008
0.014175595737548008
0.014175595737548008
0.014175595737548008
0.014175595737548008
0.014175595737548008
0.014175595737548008
0.014175595737548008
0.014175595737548008
0.014175595737548008
0.014175595737548008
0.014175595737548008
0.014175595737548008
0.014175595737548008
0.014175595737548008
0.014175595737548008
0.014175595737548008
0.014175595737548008
0.013504917729584065
0.01346306885152515
0.01260178751448393
0.01260178751448393
0.01260178751448393
0.011515407332467475
0.01039782098619213
0.009831075432352065
0.009831075432352065
0.009831075432352065
0.009831075432352065
0.009831075432352065
0.009564456288781997
0.00934451656564761
0.00934451656564761
0.00934451656564761
0.00934451656564761
0.00934451656564761
0.00934451656564761
0.008499706878076552
0.008499706878076552
0.008499706878076552
0.008499706878076552
0.008499706878076552
0.008499706878076552
0.008499706878076552
0.008499706878076552
0.008499706878076552
0.008499706878076552
0.008499706878076552
0.007606183115079546
0.007606183115079546
0.007606183115079546
0.007606183115079546
0.007606183115079546
0.007606183115079546
0.007606183115079546
0.007606183115079546
0.007606183115079546
0.007606183115079546
0.007606183115079546
0.007606183115079546
0.007606183115079546
0.007606183115079546
0.00746837700601688
0.00746837700601688
0.00746837700601688
0.00746837700601688
0.0074664818910257225
0.007117313028984995
0.00559484827151735
0.00559484827151735
0.00559484827151735
0.00559484827151735
0.00559484827151735
0.00559484827151735
0.00559484827151735
0.00559484827151735
0.00559484827151735
0.00559484827151735
0.005539049678510821
0.005539049678510821
0.005539049678510821
0.005539049678510821
0.005539049678510821
0.005539049678510821
0.005539049678510821
0.005539049678510821
0.005539049678510821
0.005346323302148903
0.005346323302148903
0.004508097829553748
0.004508097829553748
0.004508097829553748
0.004508097829553748
0.004508097829553748
0.004508097829553748
0.004508097829553748
0.004508097829553748
0.004508097829553748
0.004508097829553748
0.004508097829553748
0.004484929951594552
0.004338378504460394
0.004338378504460394
0.004338378504460394
0.004338378504460394
0.004338378504460394
0.004338378504460394
0.004338378504460394
0.004338378504460394
0.004338378504460394
0.004338378504460394
0.004098275208711755
0.004098275208711755
0.004010627911991804
0.004010627911991804
0.004010627911991804
0.004010627911991804
0.004010627911991804
0.004010627911991804
0.004010627911991804
0.004010627911991804
0.003677898599985241
0.003677898599985241
0.003677898599985241
0.003677898599985241
0.003677898599985241
0.003677898599985241
0.003677898599985241
0.0026505472491571425
0.0026505472491571425
0.0026505472491571425
0.0026505472491571425
0.0026505472491571425
0.0026505472491571425
0.0026505472491571425
0.0026505472491571425
0.0026505472491571425
0.0026505472491571425
0.0026505472491571425
0.0026505472491571425
0.002629866464623376
0.002615832761673431
0.0024762553066324244
0.0024762553066324244
0.0024762553066324244
0.0023658915024036276
0.002079072849575425
0.002079072849575425
0.002079072849575425
0.0016882769734571923
0.0016882769734571923
0.0016882769734571923
0.0016882769734571923
0.0016882769734571923
0.0016882769734571923
0.0016882769734571923
0.0016882769734571923
0.0016882769734571923
0.0016882769734571923
0.0016882769734571923
0.0016882769734571923
0.0016882769734571923
0.0016882769734571923
0.0016882769734571923
0.0016882769734571923
0.0016882769734571923
0.0016882769734571923
0.0016882769734571923
0.0016882769734571923
0.0016882769734571923
0.0016882769734571923
0.0016882769734571923
0.0016882769734571923
0.0016882769734571923
0.0016882769734571923
0.0016882769734571923
0.0016882769734571923
0.0016882769734571923
0.001661062769869659
0.001661062769869659
0.0016373220115575293
0.0016373220115575293
0.0016373220115575293
0.0016373220115575293
0.0016373220115575293
0.0016373220115575293
0.0016373220115575293
0.0016373220115575293
0.0016373220115575293
0.0016373220115575293
0.0016373220115575293
0.0016373220115575293
0.0015892309474843103
0.0015892309474843103
0.0015892309474843103
0.0015892309474843103
0.0015892309474843103
0.0015892309474843103
0.0015892309474843103
0.0015784378417933453
0.0014898862244194788
0.0014898862244194788
0.0012898203674254205
0.0012898203674254205
0.0012898203674254205
0.0012898203674254205
0.0012898203674254205
0.0012898203674254205
0.0012898203674254205
0.0012898203674254205
0.0012898203674254205
0.0012898203674254205
0.0012898203674254205
0.0012898203674254205
0.0012898203674254205
0.0012898203674254205
0.0012898203674254205
0.0012898203674254205
0.0012898203674254205
0.0012591852993679709
0.0012591852993679709
0.0012591852993679709
0.0011781751620212333
0.0011781751620212333
0.0011781751620212333
0.0011781751620212333
0.0011781751620212333
0.0011781751620212333
0.0011567456573366997
0.0011567456573366997
0.0010620364913016545
0.0010620364913016545
0.0010620364913016545
0.0010620364913016545
0.0010620364913016545
0.0010330120917494412
0.0010330120917494412
