16.8469116683399
16.8469116683399
16.8469116683399
16.8469116683399
16.8469116683399
16.8469116683399
16.844863974059077
16.844863974059077
16.844863974059077
16.844863974059077
16.844863974059077
16.844863974059077
16.844863974059077
16.842881661604093
16.842881661604093
16.842881661604093
16.841136872348862
16.83970196924982
16.83511001485372
16.83511001485372
16.81921790422855
16.81921790422855
16.81921790422855
16.81921790422855
16.81921790422855
16.815325168481223
16.800481601459683
16.792006313984796
16.788717908121434
16.788717908121434
16.788717908121434
16.778947518327143
16.778947518327143
16.778947518327143
16.77560132793581
16.77560132793581
16.408448583168504
16.408448583168504
16.396962143452132
16.163576118480805
16.163576118480805
16.16255562879533
16.159366078069144
16.159366078069144
16.138317186447768
16.137860193328528
16.137706426836623
16.137706426836623
16.131440804942407
16.131440804942407
16.131440804942407
16.126918050767255
16.126918050767255
15.795016524713901
15.795016524713901
15.698168982058426
15.333476312527146
14.924353792580835
14.519963894590559
14.519963894590559
14.519963894590559
14.508722432688291
14.508722432688291
14.508722432688291
14.484825861204914
14.483745492401866
14.483745492401866
14.483745492401866
14.483510926465033
14.292705006711472
14.063693166727996
14.063693166727996
14.060255537569514
14.060255537569514
13.920026120011437
13.325119501100293
13.325119501100293
13.325119501100293
13.325119501100293
13.325119501100293
13.186988061399052
13.113354829160503
13.11330067858011
12.994638508220328
12.994638508220328
12.926311149082752
12.926311149082752
12.738241611946894
12.72551525396287
12.72551525396287
12.72551525396287
12.72551525396287
12.723144236025226
12.720629570454188
12.71346167731782
12.71346167731782
12.557548533975949
12.552144043817313
12.552144043817313
12.545866120418571
12.545866120418571
12.254351429971967
12.234257483108841
12.227804644232013
12.166178666386656
11.983702529505152
11.983702529505152
11.974255612083383
11.86873284458608
11.49711528961855
11.49711528961855
11.185489840647026
11.154692828667358
11.149297436311452
11.149297436311452
10.77926574400272
10.730610655282552
10.730001750215829
10.730001750215829
10.72928255018774
10.72928255018774
10.72928255018774
10.72928255018774
10.728141038027093
10.670455351104057
10.637692942512732
10.634265392216735
10.629821385981097
10.613902245126173
10.613902245126173
10.613902245126173
10.613902245126173
10.342802182013553
10.322991879431529
10.322816037740346
10.322816037740346
10.322816037740346
10.318637975982188
10.318637975982188
10.308925622443027
10.300940324023122
10.29964030676317
10.246888104101005
10.025730621558889
10.02411919724005
10.02297221661482
10.01558744174586
10.01558744174586
10.01550145225435
10.01550145225435
10.01550145225435
10.009755344867417
10.009755344867417
9.972317586320932
9.967727882292959
9.847955650537138
9.842660237273034
9.842660237273034
9.841395074909379
9.841395074909379
9.61858043919492
9.617884282179897
9.614365535005058
9.61227693824366
9.35097624934696
9.35097624934696
9.35097624934696
9.35097624934696
9.350907781771896
8.492744766706165
8.492744766706165
8.492744766706165
8.492744766706165
8.492744766706165
8.4911795826231
8.4911795826231
8.48826956366347
8.48826956366347
8.48826956366347
8.485435421962825
8.252413538290886
8.252413538290886
8.250563002906322
8.249190620768655
7.861788245170322
7.861788245170322
7.8496328033125735
7.845580205018425
7.845580205018425
7.84000863652696
7.84000863652696
7.84000863652696
7.837368216408526
7.835274924341558
7.824767772680023
7.757627338395494
7.7013063766847445
7.585725310599585
7.584595396693675
7.584101218456192
7.584101218456192
7.584101218456192
7.201780129515274
7.060053881677826
7.060053881677826
7.060053881677826
7.060053881677826
7.060053881677826
7.031809475581504
7.026013602695755
7.025266301332664
7.006111638594827
7.006111638594827
6.9907258240219186
6.788358842054052
6.788358842054052
6.783053507689246
6.779846337431355
6.759801713437442
6.759801713437442
6.757177178182433
6.757177178182433
6.757177178182433
6.757177178182433
6.620856853254232
6.620856853254232
6.620856853254232
6.424286303304182
6.303415150975329
6.303415150975329
6.303415150975329
6.299300453623017
6.214672212950294
5.965670631178272
5.963516285743651
5.963516285743651
5.955337045553765
5.9532561753771525
5.950141643896043
5.936422611587647
5.936422611587647
5.9330503403450106
5.91062470561188
5.502003608919404
5.502003608919404
5.502003608919404
5.502003608919404
5.497706163259885
5.49518749741654
5.49409104154666
5.457470047547778
5.457470047547778
5.457470047547778
5.457426243761944
5.454671165257029
5.454671165257029
5.449488877295744
5.32578109008686
5.32578109008686
5.32578109008686
5.325735981364353
5.321274768551085
5.196098085548993
5.196098085548993
5.196098085548993
5.196098085548993
5.193822912160549
5.193822912160549
5.193822912160549
5.179760477255602
5.174818638706832
5.174818638706832
5.172563171786788
5.170334594372019
5.170334594372019
5.1686757776948795
5.10279332532313
5.10279332532313
5.102100993148383
5.007471540205433
5.005250424763684
4.994167072081751
4.994167072081751
4.963355280187244
4.961121499556992
4.8414888725959315
4.524666598548283
4.524666598548283
4.479972091044882
4.47843057768662
4.47843057768662
4.477578805743889
4.477093047225633
4.477093047225633
4.477093047225633
4.476384695051646
4.476384695051646
4.476384695051646
4.476384695051646
4.476384695051646
4.406688132438482
4.362727402070018
4.362727402070018
4.223067145924073
4.222997715278261
4.222997715278261
4.222997715278261
4.222997715278261
4.222997715278261
4.217002849765301
4.217002849765301
4.216643808156505
4.212892454098455
4.211260185715812
4.211260185715812
4.202177639991191
4.137438331712612
4.09643359819194
4.09643359819194
4.09643359819194
4.094429691021773
3.9810853350882134
3.9810853350882134
3.9749562875366493
3.93671746794373
3.936362493121777
3.936362493121777
3.9000353961234104
3.9000353961234104
3.9000353961234104
3.9000353961234104
3.9000353961234104
3.897150768608366
3.895112658485502
3.8925717316542148
3.8925717316542148
3.8681312926057423
3.848069922609028
3.806155038125638
3.799863879318984
3.799863879318984
3.799863879318984
3.799863879318984
3.799863879318984
3.799863879318984
3.799863879318984
3.799863879318984
3.799863879318984
3.7836269807765497
3.770951384939714
3.770951384939714
3.7651747512007354
3.726835281659959
3.718601367195429
3.718289434009325
3.7029509737759128
3.7029509737759128
3.7029509737759128
3.7012596187323332
3.6994416613981826
3.653053427718085
3.653053427718085
3.6379280682075077
3.6379280682075077
3.6304991937600093
3.6304991937600093
3.5977309852253363
3.5948800212226075
3.590676748726704
3.590676748726704
3.582316598880265
3.5650661331478304
3.546523545882952
3.543703299238665
3.538004438722936
3.538004438722936
3.5359400686435727
3.46435254669834
3.46435254669834
3.358469113161391
3.358469113161391
3.3186370719750613
3.3169164786211063
3.3002433429881926
3.2994979939853444
3.292929645676569
3.292929645676569
3.273894326396757
3.273894326396757
3.273894326396757
3.273894326396757
3.2737419640783507
3.2737419640783507
3.138702290040687
3.1330177186385946
3.1199874090559376
3.1199874090559376
3.118001784144756
3.1049889891653173
3.10198280540067
2.9877381324562506
2.9877381324562506
2.9830976856778726
2.978711846619106
2.978711846619106
2.978710360066188
2.9682693917322993
2.9682693917322993
2.9592958327213843
2.959252161011051
2.9562978375375337
2.9562864716838604
2.9562864716838604
2.9518923249458275
2.9518923249458275
2.950429314041518
2.950429314041518
2.949454090984009
2.949454090984009
2.9408476989062713
2.9408476989062713
2.9408476989062713
2.9408476989062713
2.9408476989062713
2.9371789148410876
2.9286832243875836
2.9286832243875836
2.904347716720995
2.904347716720995
2.903815591599969
2.8233061059193965
2.8233061059193965
2.8233061059193965
2.8092371907275755
2.8092155002645214
2.8092155002645214
2.8092155002645214
2.8088958532445396
2.8088958532445396
2.8088958532445396
2.7979279449044228
2.7979279449044228
2.79750775083345
2.795966230464721
2.787258651311692
2.784128698823533
2.783361431918653
2.7676291481194646
2.5071513435470365
2.5005760987418064
2.5005760987418064
2.5005760987418064
2.5005760987418064
2.471908960173071
2.471908960173071
2.4700219097577722
2.4700219097577722
2.469995810119414
2.469995810119414
2.469995810119414
2.4688013163286158
2.4688013163286158
2.4688013163286158
2.4688013163286158
2.46171986131856
2.461209919690809
2.461190258744196
2.4562957969387966
2.455361308673684
2.455361308673684
2.455361308673684
2.455361308673684
2.455361308673684
2.455361308673684
2.452244809724526
2.4441121375896167
2.4441121375896167
2.4441121375896167
2.4386268112910336
2.4386268112910336
2.435777090513483
2.435777090513483
2.435777090513483
2.4304781731977023
2.420235102250576
2.401938318123122
2.401938318123122
2.401938318123122
2.401938318123122
2.4001254253636404
2.4001254253636404
2.399153370180535
2.398589036937917
2.396851376537427
2.396851376537427
2.396564861982828
2.3862043374762045
2.3842437067772337
2.37977728131116
2.37977728131116
2.204494519254883
2.2043897271254984
2.2043897271254984
2.2043897271254984
2.2043897271254984
2.20308675518827
2.2024396775974715
2.1966777425422066
2.1966777425422066
2.1917633902753373
2.1917633902753373
2.1917633902753373
2.1917633902753373
2.1917633902753373
2.189396351051716
2.185443108222131
2.174819257486199
2.172875846788294
2.1097180180144868
2.1097180180144868
2.1097180180144868
2.1091153752845067
2.0952876677257315
2.095174138279223
2.0951687341078866
2.0947309095870565
2.0947309095870565
2.0937464745352585
2.087810189642717
2.0702847587494126
2.0697216995773786
2.0697216995773786
2.0696673481579744
2.0696673481579744
2.067236149423195
2.067236149423195
2.067236149423195
2.064243723787097
2.054013994205892
2.0227499997165523
2.0167215691442237
2.0138025483177344
2.006826283239942
2.006826283239942
1.9896801653601095
1.9893656488162534
1.9893656488162534
1.9863057387882215
1.9863057387882215
1.951569114616298
1.9511023911261418
1.9511023911261418
1.9408341786854777
1.9310675368345613
1.9310675368345613
1.9310675368345613
1.9310675368345613
1.9310675368345613
1.930758573321917
1.930758573321917
1.9159221251247054
1.9151512971582996
1.8898002815670019
1.8626895519465627
1.8626895519465627
1.8624524005078982
1.86221625078446
1.8521024220754505
1.8512366708110974
1.8510817179900165
1.836189690860241
1.8323921123442908
1.826682470987354
1.8259755162848244
1.8259755162848244
1.8259755162848244
1.8259755162848244
1.8259755162848244
1.7958378873127572
1.7958378873127572
1.7888008146558079
1.7884115676084456
1.7392371629757903
1.7000144035133573
1.6838596940676354
1.6280079416048068
1.6280079416048068
1.6280079416048068
1.6148041981807886
1.6148041981807886
1.6148041981807886
1.5986766587043952
1.5426688040393444
1.5396302026492137
1.5396302026492137
1.5391142403477787
1.5391142403477787
1.5380322704376859
1.5339953764947758
1.5339953764947758
1.5339953764947758
1.521964086262006
1.521964086262006
1.4245314491117433
1.4245314491117433
1.4245314491117433
1.4245314491117433
1.4245314491117433
1.4217084762073355
1.417715181468438
1.409719329525359
1.359088835048187
1.359088835048187
1.359088835048187
1.359088835048187
1.3421298485094617
1.3421298485094617
1.3181112635138703
1.3024230627483178
1.3024230627483178
1.3017306071898886
1.2837882385218364
1.2828721561452348
1.2828721561452348
1.282252161780388
1.282252161780388
1.282252161780388
1.282252161780388
1.259838700551569
1.2574322415021477
1.2574322415021477
1.2562195992671477
1.2562195992671477
1.2562195992671477
1.2560003273735667
1.2452070248935314
1.243608818325896
1.243608818325896
1.243608818325896
1.091797730574008
0.9224367753649325
0.9156367589896988
0.898611914013955
0.8975736653095545
0.8975736653095545
0.8925758493601137
0.8925758493601137
0.8910123765520765
0.8910123765520765
0.8910123765520765
0.8910123765520765
0.8910123765520765
0.863091522038463
0.8565366149104179
0.8565366149104179
0.8564816815100862
0.8136868371290475
0.8053775961221596
0.7034590598081465
0.7034590598081465
0.6991764636353217
0.6991764636353217
0.6941438647360982
0.6602364492675399
0.6602364492675399
0.6602364492675399
0.6476944802013662
0.6476944802013662
0.6476944802013662
0.5726930862024027
0.5537240576547013
0.5528831208044842
0.5254275780644022
0.5179180117872129
0.5179180117872129
0.5179180117872129
0.4690040646554685
0.4690040646554685
0.4680042724335891
0.4680042724335891
0.4634030576245962
0.46180854922556236
0.46180854922556236
0.4554420934340975
0.4542917779454534
0.4542917779454534
0.4408805471643831
0.4408805471643831
0.4408805471643831
0.40984842049024905
0.4097957213336336
0.4097957213336336
0.4043546180533717
0.3978403549675953
0.3961427688557535
0.37305807824598247
0.36653966817899075
0.36653966817899075
0.36653966817899075
0.36466646426677585
0.3594839305138997
0.35497083721408274
0.35497083721408274
0.35129899392579134
0.33730568486687673
0.33562749697071936
0.33562749697071936
0.3316179384979989
0.32703874469142846
0.3168393738143678
0.3168393738143678
0.3168393738143678
0.30924886997386025
0.2988126047300703
0.29814385094067575
0.2980168325959909
0.28569201576158676
0.2014824978082892
0.2014824978082892
0.2014824978082892
0.20117604250692978
0.20117604250692978
0.20117604250692978
0.20117604250692978
0.20117604250692978
0.20091400043462215
0.1962474452741425
0.1962474452741425
0.1962474452741425
0.18620649501152542
0.1857014218093802
0.1854834451529186
0.17255768180806896
0.15718888433488587
0.1505229865692499
0.1505229865692499
0.14990635197419167
0.14990635197419167
0.1431459089758036
0.14135407573112957
0.14135407573112957
0.1411751114062625
0.1404161228207137
0.1404161228207137
0.1404161228207137
0.1404161228207137
0.1404161228207137
0.1404161228207137
0.1404161228207137
0.13814510202168506
0.13168997427280615
0.13165999076613843
0.12783342756090477
0.12630270995540727
0.1232971057451131
0.1232971057451131
0.1232971057451131
0.1232971057451131
0.1232971057451131
0.11706584576923973
0.1169127751957042
0.11225876603702645
0.11225876603702645
0.11212414249293445
0.11212414249293445
0.11212414249293445
0.11212414249293445
0.10210471133224175
0.10210471133224175
0.10210471133224175
0.10115113590185487
0.10115113590185487
0.09159252829900666
0.09159252829900666
0.08699541206676287
0.08403419039239068
0.08403419039239068
0.08403419039239068
0.08403419039239068
0.08147687015419436
0.08147687015419436
0.07914105965521401
0.07914105965521401
0.07914105965521401
0.07914105965521401
0.07061354901558303
0.06860874510161707
0.06860874510161707
0.06860874510161707
0.06849831819101126
0.06511486519833198
0.06511486519833198
0.06395437012994165
0.06395437012994165
0.06395437012994165
0.06395437012994165
0.06395437012994165
0.06395437012994165
0.06395437012994165
0.06313687745767282
0.06045827298341777
0.06045827298341777
0.05956998569267569
0.05900563047562457
0.05680425076743845
0.056560828719888434
0.056560828719888434
0.05616965767864812
0.05304193454614037
0.05304193454614037
0.05291532267098731
0.05291532267098731
0.05284390840133213
0.05241658757602252
0.05241658757602252
0.05241658757602252
0.05241658757602252
0.05241658757602252
0.04921286866913377
0.04921286866913377
0.04921286866913377
0.04921286866913377
0.04921286866913377
0.04921286866913377
0.04921286866913377
0.047000755527442095
0.04451202916003183
0.03767928432463208
0.03767928432463208
0.03767928432463208
0.03767928432463208
0.03767928432463208
0.03767928432463208
0.03767928432463208
0.03767928432463208
0.03717082294519969
0.03635751812473487
0.03457993712385132
0.03446417733115581
0.03446417733115581
0.03446417733115581
0.03446417733115581
0.03381735733668023
0.03284372453792983
0.03284372453792983
0.03284372453792983
0.03284372453792983
0.03233009870648118
0.029261058346691016
0.029261058346691016
0.0273869005754257
0.02586683874744722
0.02586683874744722
0.02586683874744722
0.02586683874744722
0.02586683874744722
0.024402836040451348
0.0235051620194362
0.0235051620194362
0.0235051620194362
0.02347321527395252
0.02347321527395252
0.02347321527395252
0.02347321527395252
0.02347321527395252
0.02347321527395252
0.023219071439701366
0.023219071439701366
0.023219071439701366
0.023219071439701366
0.023219071439701366
0.023219071439701366
0.021405723872838678
0.021405723872838678
0.02052658318288536
0.02022863919115281
0.02022863919115281
0.02022863919115281
0.02017005929406679
0.019832080522238726
0.019465894761836466
0.018032535496953273
0.01727122269227266
0.01727122269227266
0.01727122269227266
0.01727122269227266
0.01727122269227266
0.01727122269227266
0.01727122269227266
0.01727122269227266
0.01727122269227266
0.01727122269227266
0.01723071111453578
0.01576677931477377
0.01563553985502608
0.015228378670972376
0.015228378670972376
0.014753220009499302
0.014345176256551184
0.013518488752719549
0.013445589147295323
0.013235563126297478
0.013235563126297478
0.013235563126297478
0.013212212940075574
0.01177544585870649
0.01177544585870649
0.01177544585870649
0.011600323562973358
0.011600323562973358
0.010820198416833904
0.010820198416833904
0.010380712755218013
0.010363866482435924
0.010363866482435924
0.010363866482435924
0.010012682813723472
0.010012682813723472
0.010012682813723472
0.010012682813723472
0.010012682813723472
0.010012682813723472
0.010012682813723472
0.010012682813723472
0.010012682813723472
0.010012682813723472
0.010012682813723472
0.010012682813723472
0.010012682813723472
0.010004019583199408
0.009181572024523632
0.009181572024523632
0.009181572024523632
0.009181572024523632
0.009181572024523632
0.009114415479185567
0.009099135665216807
0.009099135665216807
0.009052266353510419
0.008586473013998841
0.008586473013998841
0.008586473013998841
0.008586473013998841
0.008126677509572744
0.008126677509572744
0.008126677509572744
0.008126677509572744
0.007829378513353191
0.0074077142002231255
0.007291522876609946
0.0070950427465632515
0.0070950427465632515
0.0070950427465632515
0.0070950427465632515
0.0070950427465632515
0.0070950427465632515
0.0070950427465632515
0.0070950427465632515
0.00705766881758052
0.00705766881758052
0.00705766881758052
0.00705766881758052
0.006763824056395862
0.006763189594533259
0.006763189594533259
0.006763189594533259
0.006707186621436989
0.006707186621436989
0.006707186621436989
0.006677544319423134
0.006236359405935588
0.006236359405935588
0.006236359405935588
0.005807804518710213
0.005807804518710213
0.005807804518710213
0.005807804518710213
0.005807804518710213
0.005807804518710213
0.005807804518710213
0.005672667418576083
0.005672667418576083
0.005672667418576083
0.005504474533410075
0.005504474533410075
0.005504474533410075
0.0034772617402083483
0.003272042286962318
0.003272042286962318
0.003272042286962318
0.003272042286962318
0.003272042286962318
0.003272042286962318
0.003272042286962318
0.003272042286962318
0.003272042286962318
0.003272042286962318
0.003272042286962318
0.003272042286962318
0.003272042286962318
