18.016879286346484
18.016879286346484
18.016879286346484
18.016879286346484
18.016879286346484
18.016879286346484
18.016879286346484
16.12411783578763
14.72805301740835
14.72805301740835
14.72805301740835
14.72805301740835
14.72805301740835
14.72805301740835
14.72805301740835
14.72805301740835
14.72805301740835
14.72805301740835
14.72805301740835
14.72805301740835
14.72805301740835
14.72805301740835
14.72805301740835
14.72805301740835
14.72805301740835
14.72805301740835
14.72805301740835
14.72805301740835
14.72805301740835
14.72805301740835
14.72805301740835
14.72805301740835
14.72805301740835
14.72805301740835
14.72805301740835
14.72805301740835
14.72805301740835
14.72805301740835
14.72805301740835
14.72805301740835
14.72805301740835
14.72805301740835
14.72805301740835
14.72805301740835
14.72805301740835
14.72805301740835
14.72805301740835
14.72805301740835
14.72805301740835
14.72805301740835
14.72805301740835
14.72805301740835
14.72805301740835
14.72805301740835
14.72805301740835
13.939242815372564
13.939242815372564
13.939242815372564
13.939242815372564
13.939242815372564
13.939242815372564
13.939242815372564
13.939242815372564
13.939242815372564
13.939242815372564
13.939242815372564
13.939242815372564
13.939242815372564
13.939242815372564
13.939242815372564
13.939242815372564
13.939242815372564
13.939242815372564
13.939242815372564
13.939242815372564
13.939242815372564
13.939242815372564
13.939242815372564
13.939242815372564
13.939242815372564
13.939242815372564
13.939242815372564
13.939242815372564
13.939242815372564
13.939242815372564
13.939242815372564
13.939242815372564
13.939242815372564
13.939242815372564
13.902563213089566
13.902563213089566
13.902563213089566
13.902563213089566
13.902563213089566
13.902563213089566
13.902563213089566
13.902563213089566
13.902563213089566
13.902563213089566
13.902563213089566
13.902563213089566
13.902563213089566
13.902563213089566
13.902563213089566
13.902563213089566
13.902563213089566
13.902563213089566
13.902563213089566
13.902563213089566
13.902563213089566
13.902563213089566
13.902563213089566
13.902563213089566
13.902563213089566
13.902563213089566
13.902563213089566
13.902563213089566
13.852344956203343
13.852344956203343
13.852344956203343
13.852344956203343
13.852344956203343
13.852344956203343
13.852344956203343
13.852344956203343
13.852344956203343
13.852344956203343
13.852344956203343
13.852344956203343
13.852344956203343
13.852344956203343
13.852344956203343
13.852344956203343
13.852344956203343
13.852344956203343
13.852344956203343
13.852344956203343
13.852344956203343
13.852344956203343
13.01757270932176
13.01757270932176
13.01757270932176
13.01757270932176
13.01757270932176
13.01757270932176
13.01757270932176
13.01757270932176
13.01757270932176
13.01757270932176
13.01757270932176
13.01757270932176
13.01757270932176
13.01757270932176
13.01757270932176
13.01757270932176
13.01757270932176
13.01757270932176
13.01757270932176
13.01757270932176
13.01757270932176
13.01757270932176
13.01757270932176
13.01757270932176
13.01757270932176
13.01757270932176
13.01757270932176
12.778864629330037
12.778864629330037
10.838953333503438
10.838953333503438
10.838953333503438
10.838953333503438
10.838953333503438
10.838953333503438
10.838953333503438
10.838953333503438
10.838953333503438
10.838953333503438
10.838953333503438
10.838953333503438
10.838953333503438
10.838953333503438
10.838953333503438
10.838953333503438
10.838953333503438
10.838953333503438
10.838953333503438
10.838953333503438
10.705527310011238
10.705527310011238
10.705527310011238
10.705527310011238
10.705527310011238
10.705527310011238
10.705527310011238
10.705527310011238
10.705527310011238
10.705527310011238
10.705527310011238
10.705527310011238
10.705527310011238
10.705527310011238
10.705527310011238
10.705527310011238
10.705527310011238
10.705527310011238
10.705527310011238
10.705527310011238
10.705527310011238
10.705527310011238
10.705527310011238
10.705527310011238
8.759536217507815
8.759536217507815
8.759536217507815
8.759536217507815
8.759536217507815
8.759536217507815
8.759536217507815
8.759536217507815
8.759536217507815
8.759536217507815
8.759536217507815
8.759536217507815
8.759536217507815
8.759536217507815
8.759536217507815
8.759536217507815
8.759536217507815
8.759536217507815
8.759536217507815
8.759536217507815
8.759536217507815
8.759536217507815
8.759536217507815
8.759536217507815
8.759536217507815
8.759536217507815
8.759536217507815
8.759536217507815
8.759536217507815
8.759536217507815
8.759536217507815
8.759536217507815
8.759536217507815
8.759536217507815
8.759536217507815
8.759536217507815
8.759536217507815
8.759536217507815
8.759536217507815
8.759536217507815
8.759536217507815
8.759536217507815
8.759536217507815
8.590428819446217
8.590428819446217
8.590428819446217
8.590428819446217
8.590428819446217
8.590428819446217
8.590428819446217
8.590428819446217
8.590428819446217
8.590428819446217
8.590428819446217
8.590428819446217
8.590428819446217
8.590428819446217
8.590428819446217
7.064173424594827
7.064173424594827
7.064173424594827
7.064173424594827
7.064173424594827
7.064173424594827
7.064173424594827
7.064173424594827
7.064173424594827
7.064173424594827
7.064173424594827
7.064173424594827
7.064173424594827
7.064173424594827
7.064173424594827
7.064173424594827
7.064173424594827
7.064173424594827
7.064173424594827
7.064173424594827
7.064173424594827
7.064173424594827
7.064173424594827
7.064173424594827
7.064173424594827
7.064173424594827
7.064173424594827
7.064173424594827
7.064173424594827
7.064173424594827
7.064173424594827
7.064173424594827
7.064173424594827
7.064173424594827
7.064173424594827
7.064173424594827
7.064173424594827
7.064173424594827
7.064173424594827
7.064173424594827
7.064173424594827
7.064173424594827
7.064173424594827
7.064173424594827
7.064173424594827
7.064173424594827
7.064173424594827
7.064173424594827
7.064173424594827
7.064173424594827
7.064173424594827
7.064173424594827
7.064173424594827
7.064173424594827
7.064173424594827
7.064173424594827
7.064173424594827
7.064173424594827
7.064173424594827
7.064173424594827
7.064173424594827
7.064173424594827
7.064173424594827
7.064173424594827
7.064173424594827
7.064173424594827
7.064173424594827
6.538089871250255
6.538089871250255
6.538089871250255
6.538089871250255
6.538089871250255
6.538089871250255
6.538089871250255
6.538089871250255
6.538089871250255
6.538089871250255
6.538089871250255
6.538089871250255
5.2375298179768315
5.2375298179768315
5.2375298179768315
5.2375298179768315
5.2375298179768315
5.2375298179768315
5.2375298179768315
5.2375298179768315
5.2375298179768315
5.2375298179768315
5.2375298179768315
5.2375298179768315
5.2375298179768315
5.2375298179768315
5.2375298179768315
5.2375298179768315
5.2375298179768315
5.2375298179768315
5.2375298179768315
5.2375298179768315
5.2375298179768315
5.2375298179768315
5.2375298179768315
5.2375298179768315
5.2375298179768315
5.2375298179768315
5.2375298179768315
5.2375298179768315
5.2375298179768315
5.2375298179768315
5.2375298179768315
5.2375298179768315
5.2375298179768315
5.2375298179768315
5.2375298179768315
5.2375298179768315
5.2375298179768315
5.2375298179768315
5.2375298179768315
5.2375298179768315
5.2375298179768315
5.2375298179768315
5.2375298179768315
5.2375298179768315
5.2375298179768315
5.2375298179768315
5.2375298179768315
5.2375298179768315
5.2375298179768315
5.2375298179768315
5.2375298179768315
5.2375298179768315
4.780602331187534
4.780602331187534
4.780602331187534
4.780602331187534
4.780602331187534
4.780602331187534
4.780602331187534
4.780602331187534
4.780602331187534
4.780602331187534
4.780602331187534
4.780602331187534
4.780602331187534
4.780602331187534
4.780602331187534
4.780602331187534
4.780602331187534
4.780602331187534
4.780602331187534
4.780602331187534
4.780602331187534
4.780602331187534
4.780602331187534
4.780602331187534
4.780602331187534
4.780602331187534
4.780602331187534
4.780602331187534
4.780602331187534
4.780602331187534
4.780602331187534
4.780602331187534
4.780602331187534
4.780602331187534
4.780602331187534
4.780602331187534
4.780602331187534
4.780602331187534
4.780602331187534
4.780602331187534
4.780602331187534
4.780602331187534
4.780602331187534
4.780602331187534
4.780602331187534
4.780602331187534
4.780602331187534
4.780602331187534
4.780602331187534
4.780602331187534
4.780602331187534
4.780602331187534
4.780602331187534
4.780602331187534
4.780602331187534
4.780602331187534
4.780602331187534
4.780602331187534
4.780602331187534
4.780602331187534
4.780602331187534
4.780602331187534
4.780602331187534
4.780602331187534
4.780602331187534
4.780602331187534
4.780602331187534
4.780602331187534
4.780602331187534
4.780602331187534
4.780602331187534
4.780602331187534
4.780602331187534
4.780602331187534
4.780602331187534
4.780602331187534
4.780602331187534
4.780602331187534
4.780602331187534
4.780602331187534
4.780602331187534
4.780602331187534
4.780602331187534
4.780602331187534
4.390590228592888
4.390590228592888
4.390590228592888
4.390590228592888
4.390590228592888
4.390590228592888
4.390590228592888
4.390590228592888
4.390590228592888
4.321025484045375
4.321025484045375
4.321025484045375
4.321025484045375
4.321025484045375
4.321025484045375
4.321025484045375
4.321025484045375
4.321025484045375
4.321025484045375
4.321025484045375
4.232542724578305
4.232542724578305
4.232542724578305
4.232542724578305
4.232542724578305
4.232542724578305
4.232542724578305
4.232542724578305
4.232542724578305
4.232542724578305
4.232542724578305
4.232542724578305
4.232542724578305
4.232542724578305
4.232542724578305
4.232542724578305
4.138111451249667
4.138111451249667
4.138111451249667
4.138111451249667
4.138111451249667
4.138111451249667
4.138111451249667
4.138111451249667
4.138111451249667
4.138111451249667
4.138111451249667
4.138111451249667
4.138111451249667
4.138111451249667
4.138111451249667
4.138111451249667
4.138111451249667
4.138111451249667
4.138111451249667
4.138111451249667
4.138111451249667
4.138111451249667
4.138111451249667
4.138111451249667
4.138111451249667
4.138111451249667
4.138111451249667
4.138111451249667
4.138111451249667
4.138111451249667
4.138111451249667
4.138111451249667
4.138111451249667
4.138111451249667
4.138111451249667
4.138111451249667
4.138111451249667
3.870956521062304
3.870956521062304
3.870956521062304
3.4302869542930914
3.4302869542930914
3.4302869542930914
3.4302869542930914
3.4302869542930914
3.4302869542930914
3.4302869542930914
3.4302869542930914
3.4302869542930914
3.4302869542930914
3.4302869542930914
3.4302869542930914
3.4302869542930914
3.4302869542930914
3.4302869542930914
3.4302869542930914
3.4302869542930914
3.4302869542930914
3.4302869542930914
3.4302869542930914
3.4302869542930914
3.4302869542930914
3.4302869542930914
3.4302869542930914
3.4302869542930914
3.4302869542930914
3.4302869542930914
3.4302869542930914
3.4302869542930914
3.4302869542930914
3.4302869542930914
3.4302869542930914
3.4302869542930914
3.4302869542930914
3.4302869542930914
3.4302869542930914
3.4302869542930914
3.4302869542930914
3.4302869542930914
3.4302869542930914
3.4302869542930914
3.4302869542930914
3.4302869542930914
3.4302869542930914
3.4302869542930914
3.4302869542930914
3.4302869542930914
3.4302869542930914
3.4302869542930914
3.4302869542930914
3.4302869542930914
3.4302869542930914
3.4302869542930914
3.4302869542930914
3.4302869542930914
3.4302869542930914
3.4302869542930914
3.4302869542930914
3.4302869542930914
3.4302869542930914
3.4302869542930914
3.4302869542930914
3.4302869542930914
3.4302869542930914
3.4302869542930914
3.4302869542930914
3.4302869542930914
3.4302869542930914
3.4302869542930914
3.4302869542930914
3.4302869542930914
3.4302869542930914
3.4302869542930914
3.4302869542930914
3.4302869542930914
3.4302869542930914
3.4302869542930914
3.4302869542930914
3.4302869542930914
3.4302869542930914
3.4302869542930914
3.4302869542930914
3.4302869542930914
3.167018966430909
3.167018966430909
3.167018966430909
3.167018966430909
3.167018966430909
3.167018966430909
3.167018966430909
3.167018966430909
3.167018966430909
3.167018966430909
3.167018966430909
3.167018966430909
3.167018966430909
3.167018966430909
3.167018966430909
3.167018966430909
3.167018966430909
3.167018966430909
3.167018966430909
3.167018966430909
3.167018966430909
3.167018966430909
3.167018966430909
3.167018966430909
3.167018966430909
3.167018966430909
3.167018966430909
3.167018966430909
3.167018966430909
3.167018966430909
2.3035780146219693
2.3035780146219693
2.3035780146219693
2.3035780146219693
2.3035780146219693
2.3035780146219693
2.3035780146219693
2.3035780146219693
2.3035780146219693
2.3035780146219693
2.3035780146219693
2.3035780146219693
2.3035780146219693
2.3035780146219693
2.3035780146219693
2.3035780146219693
2.3035780146219693
2.3035780146219693
2.3035780146219693
2.3035780146219693
2.3035780146219693
2.3035780146219693
2.3035780146219693
2.3035780146219693
2.3035780146219693
2.3035780146219693
2.3035780146219693
2.3035780146219693
2.3035780146219693
2.3035780146219693
2.3035780146219693
2.3035780146219693
2.3035780146219693
2.3035780146219693
2.3035780146219693
2.3035780146219693
2.3035780146219693
2.3035780146219693
2.3035780146219693
2.3035780146219693
2.3035780146219693
2.3035780146219693
2.3035780146219693
2.3035780146219693
2.3035780146219693
2.3035780146219693
2.3035780146219693
2.3035780146219693
2.3035780146219693
2.3035780146219693
2.3035780146219693
2.3035780146219693
2.3035780146219693
2.3035780146219693
2.3035780146219693
2.3035780146219693
2.3035780146219693
2.3035780146219693
2.3035780146219693
2.3035780146219693
2.3035780146219693
2.3035780146219693
2.3035780146219693
2.3035780146219693
2.3035780146219693
2.3035780146219693
2.3035780146219693
2.3035780146219693
2.3035780146219693
2.3035780146219693
2.3035780146219693
2.3035780146219693
2.3035780146219693
2.3035780146219693
2.3035780146219693
2.3035780146219693
2.3035780146219693
2.3035780146219693
2.3035780146219693
2.3035780146219693
2.3035780146219693
2.3035780146219693
2.3035780146219693
2.3035780146219693
2.3035780146219693
2.3035780146219693
2.3035780146219693
2.3035780146219693
2.3035780146219693
2.3035780146219693
2.3035780146219693
2.3035780146219693
2.3035780146219693
2.1963812126508593
2.1963812126508593
2.1963812126508593
1.9063604588422685
1.9063604588422685
1.9063604588422685
1.9063604588422685
1.9063604588422685
1.9063604588422685
1.9063604588422685
1.9063604588422685
1.9063604588422685
1.9063604588422685
1.9063604588422685
1.9063604588422685
1.9063604588422685
1.9063604588422685
1.9063604588422685
1.9063604588422685
1.9063604588422685
1.232864600714155
1.232864600714155
1.232864600714155
1.232864600714155
1.232864600714155
1.232864600714155
1.232864600714155
1.232864600714155
1.232864600714155
1.232864600714155
1.232864600714155
1.232864600714155
1.232864600714155
1.232864600714155
1.232864600714155
1.232864600714155
1.232864600714155
1.232864600714155
1.232864600714155
1.232864600714155
1.232864600714155
1.232864600714155
1.232864600714155
1.232864600714155
1.232864600714155
1.232864600714155
1.232864600714155
1.232864600714155
1.232864600714155
1.232864600714155
1.232864600714155
1.232864600714155
1.232864600714155
1.232864600714155
1.232864600714155
1.232864600714155
1.232864600714155
1.232864600714155
1.232864600714155
1.232864600714155
1.232864600714155
1.232864600714155
1.232864600714155
1.232864600714155
1.232864600714155
1.232864600714155
1.232864600714155
1.232864600714155
1.232864600714155
1.232864600714155
1.232864600714155
1.232864600714155
1.232864600714155
1.232864600714155
1.232864600714155
1.232864600714155
1.232864600714155
1.232864600714155
1.232864600714155
1.232864600714155
1.232864600714155
1.232864600714155
1.232864600714155
1.232864600714155
1.232864600714155
1.232864600714155
1.232864600714155
1.232864600714155
1.232864600714155
1.232864600714155
1.232864600714155
1.232864600714155
1.232864600714155
1.232864600714155
1.232864600714155
1.232864600714155
1.232864600714155
1.232864600714155
1.232864600714155
1.232864600714155
1.232864600714155
1.232864600714155
1.232864600714155
1.232864600714155
1.232864600714155
1.232864600714155
1.232864600714155
1.232864600714155
1.232864600714155
1.232864600714155
1.232864600714155
1.232864600714155
1.232864600714155
1.232864600714155
1.232864600714155
1.232864600714155
1.232864600714155
1.232864600714155
1.232864600714155
1.232864600714155
1.232864600714155
1.232864600714155
1.232864600714155
1.232864600714155
1.232864600714155
1.232864600714155
1.232864600714155
1.232864600714155
1.232864600714155
1.232864600714155
1.232864600714155
1.232864600714155
1.232864600714155
1.232864600714155
1.232864600714155
1.232864600714155
1.232864600714155
1.232864600714155
1.232864600714155
1.232864600714155
1.232864600714155
1.232864600714155
1.232864600714155
1.232864600714155
1.232864600714155
1.232864600714155
1.232864600714155
1.232864600714155
1.232864600714155
1.232864600714155
1.232864600714155
1.232864600714155
1.232864600714155
1.232864600714155
1.232864600714155
1.232864600714155
1.232864600714155
1.232864600714155
1.232864600714155
1.232864600714155
1.232864600714155
1.232864600714155
1.232864600714155
1.232864600714155
1.232864600714155
1.232864600714155
1.232864600714155
1.232864600714155
1.232864600714155
1.232864600714155
1.232864600714155
1.232864600714155
1.232864600714155
1.232864600714155
1.232864600714155
1.232864600714155
1.232864600714155
1.232864600714155
1.232864600714155
1.232864600714155
1.232864600714155
1.232864600714155
1.232864600714155
1.232864600714155
1.232864600714155
1.232864600714155
1.232864600714155
1.232864600714155
1.232864600714155
1.232864600714155
1.232864600714155
1.232864600714155
1.232864600714155
1.232864600714155
1.232864600714155
1.232864600714155
1.232864600714155
1.232864600714155
1.232864600714155
1.232864600714155
1.232864600714155
1.232864600714155
1.232864600714155
1.232864600714155
1.232864600714155
1.232864600714155
1.232864600714155
1.232864600714155
1.232864600714155
1.232864600714155
1.232864600714155
1.232864600714155
1.232864600714155
1.232864600714155
1.232864600714155
1.232864600714155
1.232864600714155
1.232864600714155
1.232864600714155
1.232864600714155
1.232864600714155
1.232864600714155
1.232864600714155
1.232864600714155
1.232864600714155
1.232864600714155
1.232864600714155
1.232864600714155
1.232864600714155
1.232864600714155
1.232864600714155
1.232864600714155
1.232864600714155
