17.82260526900058
17.82260526900058
17.814093636620207
17.814093636620207
17.813141778230207
16.889036848820865
16.889036848820865
16.87561938085249
16.85467669383377
16.852441569600515
16.85122341861574
16.85093011440176
16.85093011440176
16.85093011440176
16.849412784222075
16.82484569784614
16.682873789216536
16.618012569102028
16.615839269252458
16.615839269252458
16.615594049922674
16.615594049922674
16.380598605711715
16.37260927968218
16.367560487475412
16.341704157195878
16.341011678467243
16.33740206860142
15.322216920948218
15.322216920948218
15.322216920948218
15.319217414421916
15.319217414421916
15.318461217161602
15.283919311915664
15.283919311915664
15.283919311915664
15.283919311915664
15.283919311915664
15.276931745050263
15.276282089708282
15.186875760468428
14.531426281422991
14.485783891928243
14.411169357075508
14.192953570498986
14.19069987906035
14.19069987906035
14.161294482622221
14.15658643723074
14.15658643723074
14.15658643723074
14.014851955412688
14.014851955412688
14.014851955412688
14.014851955412688
14.014166039290618
14.014166039290618
14.014166039290618
14.002691976012434
13.971320532784311
13.811506365371743
13.811506365371743
13.811506365371743
13.811506365371743
13.811506365371743
13.809256822056259
13.804155856221836
13.803090989647423
13.803090989647423
13.795784690669223
13.4553330089889
13.406984552463584
13.400455319433897
13.400455319433897
13.400455319433897
13.396078894837046
13.394675281239397
13.091435471072527
12.934111831991535
12.934111831991535
12.930237196225375
12.929978694228852
12.929240226278418
12.929240226278418
12.920687922249302
12.746849396007992
12.746849396007992
12.745239742344644
12.743892721086427
12.60339108676165
11.774042916844811
11.732774404304841
11.730390750212958
11.730390750212958
11.725679789104937
11.725679789104937
11.725679789104937
11.72486129409834
11.72486129409834
11.72486129409834
11.72486129409834
11.72486129409834
11.457367095281453
11.379844122613909
11.379123768369734
11.378440419710222
11.35023823111884
11.346025937442878
11.345137036613174
11.345137036613174
11.345137036613174
11.345137036613174
11.345137036613174
11.343058826460577
11.333962717810264
11.327099336029486
11.327099336029486
11.326854805004277
11.321511689735416
11.283015743809564
11.233967319226055
11.054229699631223
11.054229699631223
11.051683127295735
11.051374838566026
11.051374838566026
11.050309943887216
10.89615821588664
10.89615821588664
10.89615821588664
10.894753790195892
10.893753983842734
10.891388986519829
10.891224127836592
10.7406932397448
10.684877429838794
10.684157587659108
10.684157587659108
10.673173869643573
10.582984358045746
10.579963433689294
10.57304626426484
10.57304626426484
10.57304626426484
10.56209451099643
10.56209451099643
10.561961020030859
10.561961020030859
10.561961020030859
10.458051081137215
10.458051081137215
10.458051081137215
10.146877338888295
10.033095311192742
10.010140403950153
9.828788618466655
9.607083944441353
9.607083944441353
9.602818269840856
9.602603416730041
9.598337557112952
9.598337557112952
9.598337557112952
9.382232824941322
9.381893950020835
9.381893950020835
8.825503770074079
8.733316812774838
8.715790249935571
8.571426656640025
8.40949663455782
8.40949663455782
8.408018323690703
8.40421373626155
8.385938692630598
8.385938692630598
8.384716486447426
8.384169896228475
8.332130547775646
8.332130547775646
8.332130547775646
8.18348000118866
8.18348000118866
8.18289398113251
8.18272747849142
8.181060833359712
8.181060833359712
8.125039766205441
8.102286029713497
8.102286029713497
8.102152318439407
8.102152318439407
8.102152318439407
8.102152318439407
8.102152318439407
8.06279682651931
8.058891386230373
8.058891386230373
8.058891386230373
7.983479447485234
7.983479447485234
7.980560527611457
7.980560527611457
7.980560527611457
7.724665345584139
7.724665345584139
7.7186965738677
7.411012272126429
7.407595514942972
7.407595514942972
7.406648927053997
7.406197599157782
7.406197599157782
7.406197599157782
7.40486921702032
7.40486921702032
7.40486921702032
7.403186511696855
7.265005233726207
7.265005233726207
7.001821938946014
7.001821938946014
7.0007610525776
7.000058096457195
6.991381775384916
6.97834305118557
6.97834305118557
6.978337813007233
6.978337813007233
6.9781152607035395
6.953024722098851
6.748365619352477
6.536332618473349
6.536112850292209
6.53487258936882
6.534300305859846
6.534300305859846
6.532032888532562
6.524769453830997
6.524769453830997
6.500512055278511
6.496387747942563
6.48747336217909
6.309151275972919
6.083556296462181
6.083556296462181
6.083556296462181
6.083556296462181
6.070966892994505
6.070966892994505
6.070301641994163
6.070301641994163
6.066280699618915
6.066280699618915
6.054356665901025
6.054356665901025
6.054356665901025
6.025726423827706
6.01465087747844
6.003377963229877
5.970470341321796
5.913800904494902
5.91379252075664
5.91379252075664
5.666219761269016
5.664133888922393
5.664133888922393
5.662374114140393
5.661175678382641
5.661175678382641
5.661175678382641
5.661175678382641
5.661175678382641
5.661175678382641
5.655280996448504
5.655280996448504
5.655280996448504
5.655280996448504
5.608238519250548
5.589322435035957
5.579836232513436
5.579836232513436
5.573363090545817
5.572512878027581
5.5579171732320525
5.5579171732320525
5.473776909804759
5.47204089742468
5.466894310398008
5.466894310398008
5.466894310398008
5.449841365329551
5.449376306997657
5.449376306997657
5.449376306997657
5.449376306997657
5.324140855946929
5.324140855946929
5.324140855946929
5.29317543693605
5.118185384196291
5.118185384196291
5.118185384196291
5.118185384196291
5.1128230792196305
5.061734509380166
5.061240877297351
5.061240877297351
5.061240877297351
5.0421316785434875
5.042047378549228
5.042047378549228
5.040128689884678
5.03525899121415
5.028761759475511
5.028761759475511
5.0285237720542
5.0285237720542
4.872455471325939
4.744849170432008
4.744849170432008
4.297969561914602
4.266648989323983
4.2665060491148274
4.2665060491148274
4.215557643242594
4.214890960226054
4.214890960226054
4.213770821931288
4.213770821931288
4.2122255842796115
4.210169768922608
4.210169768922608
4.210169768922608
4.200469708088004
4.198783839790362
4.198783839790362
4.198747406047566
4.19866478074611
4.1980526265755564
4.197595521054769
4.190390844477598
4.168111289819727
4.168111289819727
4.1596252298740914
4.1596252298740914
4.149193642463196
4.149193642463196
4.149193642463196
4.14906260565191
4.14906260565191
4.14906260565191
4.1465948727864586
4.1465948727864586
4.146130409928723
4.146130409928723
4.146130409928723
4.1456045303571045
4.0764531129462895
4.075805082041896
4.023161555763092
4.014393732034804
4.014393732034804
4.00502908222316
4.00502908222316
4.00502908222316
4.004021914113537
4.003690237515226
3.881054684492753
3.881054684492753
3.7352938095116173
3.7352938095116173
3.7352255539728
3.7346705511011784
3.7346705511011784
3.729698205646823
3.7228016689407895
3.722235409483556
3.722235409483556
3.720070079458406
3.720070079458406
3.720025419969378
3.7134089771600998
3.6946058716546943
3.6929485806221187
3.69290505532987
3.691721406339262
3.691721406339262
3.6861634580641045
3.683902086659863
3.683902086659863
3.6833755194874627
3.6833755194874627
3.6771080673746326
3.621476611356311
3.585248739607863
3.4968313619745572
3.4968313619745572
3.4968313619745572
3.4968313619745572
3.4946753387285234
3.4946753387285234
3.4946753387285234
3.4933814487874173
3.3802904963159897
3.3743689613902745
3.361998929664079
3.361998929664079
3.3344015924594146
3.3344015924594146
3.3344015924594146
3.3337809057111905
3.3337809057111905
3.3336319222226827
3.3329289697605446
3.330853117028173
3.3258196729768166
3.32082309669185
3.32082309669185
3.32082309669185
3.32082309669185
3.3174311569709296
3.276642584173935
3.276642584173935
3.276642584173935
3.263837790893618
3.2584327489379064
3.2465835398071974
3.2425353371407333
3.241806345521553
3.241759885016748
3.23468503982917
3.232879737978827
3.198532006703804
3.198532006703804
3.1972316055806935
3.1972316055806935
3.1972316055806935
3.1972316055806935
3.1972316055806935
3.1924226020866833
3.1924226020866833
3.0750870411939246
3.0750464822698227
3.0750464822698227
3.0741847772900748
3.0741847772900748
3.0734389703036236
3.0734389703036236
3.0734389703036236
3.0681859507023965
3.0681859507023965
3.0633823762130774
3.062781403579411
3.062781403579411
3.043138996040625
3.0428386558305753
3.0428386558305753
3.0428386558305753
3.042602114061495
3.042602114061495
3.042602114061495
3.041934976138375
3.040800504085354
3.035737179720538
3.0347756946551847
3.008825275883048
3.008825275883048
3.0025412474711217
3.0025412474711217
3.000052198744271
3.000052198744271
3.000052198744271
3.000052198744271
3.000052198744271
2.9980900156097015
2.989582557369392
2.984549054121441
2.984549054121441
2.972787400077671
2.9657606775590786
2.9657606775590786
2.9639521053002085
2.932320926019898
2.932320926019898
2.932320926019898
2.932320926019898
2.932320926019898
2.932302249050963
2.932302249050963
2.929991911678073
2.928687402020177
2.926746485020068
2.9108981873362723
2.9078344521178145
2.9078344521178145
2.9078344521178145
2.9078344521178145
2.8990141333766637
2.8990141333766637
2.8990141333766637
2.8976873102825778
2.8885148385409174
2.8882734793060862
2.8882734793060862
2.8873509409624702
2.85818341040299
2.857959497871363
2.857959497871363
2.852222158036266
2.8006146238985927
2.8006146238985927
2.7979754026183485
2.7979754026183485
2.7979754026183485
2.7924241006293293
2.788831463489352
2.788831463489352
2.558955384570261
2.5546974382714396
2.5546974382714396
2.5520836511253293
2.5520836511253293
2.5517990029987594
2.5517990029987594
2.5517990029987594
2.5516547823212825
2.5516547823212825
2.5513685087171254
2.5513685087171254
2.5513685087171254
2.540125985680831
2.540125985680831
2.540125985680831
2.5354969065665784
2.5332142958542505
2.53022405780969
2.530006647942159
2.5206766966833705
2.5206766966833705
2.5170371423607065
2.5170371423607065
2.511326093190288
2.511326093190288
2.4631484703068587
2.4631484703068587
2.42420845369854
2.4239338663689445
2.423895345739485
2.423895345739485
2.423895345739485
2.423895345739485
2.4237364010640903
2.419393253283584
2.419393253283584
2.419393253283584
2.4143903095849346
2.4113225899485826
2.3824667295780557
2.3824667295780557
2.3824667295780557
2.3824667295780557
2.3780956535686393
2.3780956535686393
2.3771695639198036
2.3739825044019405
2.3670900465117057
2.3670900465117057
2.3669410354788774
2.3583892455583353
2.3583892455583353
2.357845450117633
2.357845450117633
2.3484996978920023
2.3484996978920023
2.3484996978920023
2.3475525408680618
2.3475525408680618
2.3453695042858094
2.3453695042858094
2.3453695042858094
2.3190244581761696
2.3190244581761696
2.3190244581761696
2.293101120958468
2.26596199096209
2.264296388511422
2.264296388511422
2.264296388511422
2.264296388511422
2.258543271685859
2.2300789837542077
2.2300789837542077
2.228921803229916
2.227382829238742
2.225948357765457
2.225948357765457
2.2223911503299973
2.2223911503299973
2.220487285678889
2.220487285678889
2.200838000792892
2.200838000792892
2.200838000792892
2.1848955649282296
2.1848955649282296
2.1848955649282296
2.184320095263576
2.183431468015879
2.183431468015879
2.183431468015879
2.1834267642887966
2.1834267642887966
2.1827790815097465
2.1801315464798527
2.173078653078239
2.164861538685635
2.162166408316047
2.161273120784479
2.1492980478720654
2.1293109110982584
2.1293109110982584
2.1293109110982584
2.1287685544353856
2.093429917908587
2.093429917908587
2.088857318473721
2.088615987905264
2.088615987905264
2.0821116601876497
2.0821116601876497
2.0821116601876497
2.0673967584049855
2.063249323503193
2.063249323503193
2.063249323503193
2.059710678008681
2.056957018046326
2.056957018046326
2.056957018046326
2.056957018046326
2.056957018046326
2.056957018046326
2.056957018046326
2.056957018046326
2.046298991915368
2.0450631899904614
2.0450631899904614
2.0450631899904614
2.0431460587519084
2.0410624150388834
2.0410624150388834
2.0410624150388834
2.025086069660727
2.021215922257994
2.009001048267514
2.009001048267514
1.998712062324092
1.998712062324092
1.998712062324092
1.998712062324092
1.998712062324092
1.998712062324092
1.998712062324092
1.998712062324092
1.998712062324092
1.998712062324092
1.9980911010319211
1.9953968916319447
1.9953968916319447
1.9953968916319447
1.9907778295869
1.9907778295869
1.9884083071743675
1.9884083071743675
1.9884083071743675
1.9881018567659297
1.9881018567659297
1.9877358461939778
1.97907469154012
1.9780359390194988
1.9780359390194988
1.9679600383615714
1.9666259232064505
1.9666259232064505
1.9666259232064505
1.9666259232064505
1.9666259232064505
1.9619832071459733
1.96025308937973
1.9581449409586966
1.9568997130364743
1.9536233485594288
1.9536233485594288
1.9536233485594288
1.9536233485594288
1.9470072398946243
1.9442732019219342
1.9442732019219342
1.9442732019219342
1.934600977452412
1.932339529943306
1.9318582115844727
1.9318582115844727
1.9316683025038799
1.9316683025038799
1.923811634129926
1.923811634129926
1.923811634129926
1.9190169308211118
1.9190169308211118
1.9189894276453288
1.9189894276453288
1.9184936289724064
1.9184936289724064
1.9172536726354572
1.9172536726354572
1.91614556759016
1.91614556759016
1.91614556759016
1.91614556759016
1.9150735515127337
1.9150735515127337
1.9150735515127337
1.9102292931333125
1.9088280447477466
1.9088280447477466
1.8786914047675616
1.8755485434093053
1.8755485434093053
1.8633794048430588
1.8633794048430588
1.8616349381276471
1.8616349381276471
1.8616349381276471
1.8616349381276471
1.8599725520133674
1.8599725520133674
1.8548522061739448
1.8548522061739448
1.8548522061739448
1.8548522061739448
1.8548522061739448
1.8494980031395976
1.8494980031395976
1.8494980031395976
1.8494980031395976
1.837313966954337
1.837313966954337
1.837313966954337
1.837313966954337
1.837313966954337
1.8355548105538873
1.8313563093246579
1.8313563093246579
1.8313563093246579
1.8313563093246579
1.821860496849908
1.8118509704830252
1.8118509704830252
1.8118509704830252
1.8118509704830252
1.8062561228393292
1.8050941548958406
1.8050941548958406
1.8050941548958406
1.8050941548958406
1.8035127194477667
1.8035127194477667
1.8035127194477667
1.8008722840308486
1.8008722840308486
1.8008722840308486
1.8008722840308486
1.8008722840308486
1.8008203447954791
1.8008203447954791
1.8008203447954791
1.8008203447954791
1.8007908319322006
1.8007908319322006
1.8007908319322006
1.8007908319322006
1.8003128169824336
1.8003128169824336
1.8003128169824336
1.7997258346589007
1.7964040353895285
1.7964040353895285
1.794703060522199
1.794665249379154
1.794665249379154
1.794665249379154
1.793882473168054
1.793882473168054
1.7929768065404872
1.7929768065404872
1.7929768065404872
1.7919703054575038
1.7917066248681088
1.7917066248681088
1.7876997770411833
1.7825683534971013
1.7797961280041221
1.7672336635377448
1.7672336635377448
1.7639333396572
1.7619344849203031
1.7614491248939075
1.75713817434643
1.75713817434643
1.7569408213638305
1.7545132458533175
1.7545132458533175
1.7446509382907323
1.7446509382907323
1.7401435938244596
1.7401435938244596
1.739084125429443
1.7386101532411722
1.7386101532411722
1.736343435794911
1.736343435794911
1.736343435794911
1.7248310594423018
1.7248310594423018
1.7248310594423018
1.720507294452183
1.720507294452183
1.7162051609064868
1.7117441903477904
1.7117441903477904
1.7117441903477904
1.7117416543905932
1.7117416543905932
1.7117416543905932
1.7117416543905932
1.7117416543905932
1.7117416543905932
1.7117416543905932
1.7117416543905932
1.710114417959776
1.710114417959776
1.710114417959776
1.710114417959776
1.7078631338581403
1.7078631338581403
1.7077126045208715
1.7077126045208715
1.7072742469344817
1.7072742469344817
1.7072742469344817
1.7072742469344817
1.7071048663048494
1.7071048663048494
1.7069840270906091
1.7069840270906091
1.706261457285354
1.706261457285354
1.7047731037719913
1.6977664467026123
1.6972150147562957
1.6972150147562957
1.6967997985751957
1.6967997985751957
1.6967997985751957
1.6963967064557863
1.6963967064557863
1.6963967064557863
1.6963967064557863
1.6960641630410471
1.6960641630410471
1.6960641630410471
1.6960641630410471
1.6960641630410471
1.6960641630410471
1.6960641630410471
1.6960641630410471
1.6960641630410471
1.6960641630410471
1.6955482435399993
1.6955482435399993
1.6946171985211862
1.6946171985211862
1.6946171985211862
1.6946171985211862
1.6918504465443682
1.6918504465443682
1.6918504465443682
1.691843017819103
1.691843017819103
1.6908326328338958
1.6908326328338958
1.6907551375295213
1.6907551375295213
1.6866474017757902
1.6846472384939304
1.6846472384939304
1.6846472384939304
1.6846472384939304
1.6827055308769303
1.6827055308769303
1.6827055308769303
1.6827055308769303
1.6827055308769303
1.6820355427445506
1.6818382222371007
1.6799223459988681
1.6799223459988681
1.6799223459988681
1.6757317927133748
1.6746601312175287
1.6746601312175287
1.673998102285772
1.673998102285772
1.673998102285772
1.6735153300768744
1.6735153300768744
1.6731465776559915
1.6731465776559915
1.6731465776559915
1.6731465776559915
1.6730745334686254
1.67274124638109
1.67274124638109
1.66937659054933
1.66937659054933
1.6610247577681
1.6597068885893194
1.6595634769842782
1.6595634769842782
1.6595634769842782
1.659492254237911
1.6591916648195557
1.6591916648195557
1.6591916648195557
1.6591916648195557
1.6576420495770137
1.657638004690309
1.657638004690309
1.657638004690309
1.657638004690309
1.657638004690309
1.657638004690309
1.6575746897544263
1.6575069098412847
1.6575069098412847
1.6575069098412847
1.6575069098412847
1.6575069098412847
1.6575069098412847
1.6575069098412847
1.6573688992261673
1.6572350350827527
1.6572350350827527
1.6571973439411032
1.6571973439411032
1.6571492042966014
1.65664043096384
1.65664043096384
1.65664043096384
1.6565067880985005
1.656416363126965
1.656416363126965
1.656416363126965
1.656416363126965
1.656416363126965
1.6563667795902823
1.6563503986365369
1.6562132694303955
1.6562132694303955
1.6561847898984503
1.6561847898984503
1.6555772495669423
1.655483269187382
1.655483269187382
1.655483269187382
1.6554173514490458
1.6551829884511022
1.6551829884511022
1.6551829884511022
1.6549452650077647
1.6549452650077647
1.6549452650077647
1.6549452650077647
1.6549452650077647
1.6546780571996322
1.6546745422240399
1.6520917630416996
1.6520917630416996
1.6520917630416996
1.6520917630416996
1.6520917630416996
1.6516402483075758
1.6516402483075758
1.6510871237379376
1.6510871237379376
1.6508814310211584
1.6508814310211584
