16.832671204725855
16.832671204725855
16.832671204725855
16.832671204725855
16.832671204725855
16.832671204725855
16.832671204725855
16.829005267431334
16.829005267431334
16.592282996941233
16.592282996941233
16.592282996941233
16.592282996941233
16.508780099748222
16.508780099748222
16.41209373975702
16.41209373975702
16.41209373975702
16.41209373975702
16.39434399322549
16.39434399322549
16.005219178292112
16.005219178292112
16.005219178292112
16.005219178292112
15.84020408842686
15.84020408842686
15.036799213295245
15.036799213295245
14.21075071710817
14.21075071710817
14.21075071710817
14.21075071710817
13.707875703098626
13.707875703098626
13.707875703098626
12.729771994301974
12.729771994301974
12.729771994301974
12.729771994301974
12.729771994301974
12.729771994301974
12.729771994301974
12.729771994301974
12.448199228271296
12.136256881631667
12.136256881631667
12.136256881631667
12.136256881631667
10.651463782618084
10.651463782618084
10.651463782618084
10.651463782618084
10.651463782618084
10.651463782618084
10.651463782618084
10.651463782618084
10.651463782618084
10.651463782618084
10.651463782618084
10.651463782618084
10.648459107512721
9.681326717260538
9.681326717260538
9.681326717260538
9.681326717260538
9.681326717260538
9.248293963187242
9.248293963187242
8.57001578928009
8.57001578928009
8.57001578928009
8.57001578928009
8.57001578928009
8.57001578928009
8.57001578928009
8.57001578928009
8.57001578928009
8.57001578928009
8.57001578928009
8.57001578928009
8.57001578928009
8.57001578928009
6.6060468750627415
6.6060468750627415
6.6060468750627415
6.6060468750627415
6.6060468750627415
6.6060468750627415
6.6060468750627415
6.6060468750627415
6.6060468750627415
6.6060468750627415
6.6060468750627415
6.6060468750627415
6.6060468750627415
6.6060468750627415
6.6060468750627415
6.6060468750627415
6.6060468750627415
6.6060468750627415
6.6060468750627415
6.6060468750627415
6.6060468750627415
6.6060468750627415
6.6060468750627415
6.6060468750627415
6.6060468750627415
6.6060468750627415
6.6060468750627415
6.6060468750627415
6.6060468750627415
6.6060468750627415
6.326995221792757
6.23966963359196
6.23966963359196
6.23966963359196
5.494108551079384
5.494108551079384
5.494108551079384
5.494108551079384
5.494108551079384
5.494108551079384
5.494108551079384
5.494108551079384
5.494108551079384
5.494108551079384
5.494108551079384
5.494108551079384
5.484437149878946
5.484437149878946
4.2010841788497295
4.2010841788497295
4.2010841788497295
4.2010841788497295
4.2010841788497295
4.2010841788497295
4.2010841788497295
4.2010841788497295
4.2010841788497295
4.2010841788497295
4.2010841788497295
4.2010841788497295
4.2010841788497295
4.2010841788497295
4.2010841788497295
4.177967941871927
4.177967941871927
4.177967941871927
4.177967941871927
4.177967941871927
4.177967941871927
4.136830498323565
4.136830498323565
4.136830498323565
4.042944164768674
4.042944164768674
4.042944164768674
4.042944164768674
3.7346200465798027
3.7346200465798027
3.6163761123721336
3.6163761123721336
3.6163761123721336
3.6163761123721336
3.6163761123721336
3.6163761123721336
3.6163761123721336
3.6163761123721336
3.304213894282473
3.304213894282473
3.304213894282473
3.304213894282473
3.304213894282473
3.304213894282473
3.304213894282473
3.304213894282473
3.304213894282473
3.304213894282473
3.304213894282473
3.294792545550962
3.2885148447176675
3.2535675869185177
3.2535675869185177
3.2244984969997574
3.2244984969997574
3.1158099018156804
3.1158099018156804
3.1158099018156804
3.1158099018156804
3.1158099018156804
3.1158099018156804
3.000656737094996
3.000656737094996
3.000656737094996
3.000656737094996
3.000656737094996
3.000656737094996
3.000656737094996
3.000656737094996
3.000656737094996
3.000656737094996
2.8956841720547537
2.482376577935714
2.482376577935714
2.482376577935714
2.482376577935714
2.482376577935714
2.482376577935714
2.482376577935714
2.482376577935714
2.482376577935714
2.482376577935714
2.482376577935714
2.482376577935714
2.482376577935714
2.482376577935714
2.482376577935714
2.447660322585609
2.3598412374657762
2.3598412374657762
2.2475193544777063
2.2475193544777063
2.149386969975083
2.149386969975083
2.149386969975083
2.149386969975083
2.149386969975083
2.149386969975083
2.149386969975083
2.149386969975083
2.149386969975083
2.0546376627793315
2.0546376627793315
2.0546376627793315
2.0546376627793315
1.9178947402828825
1.8558295703495773
1.7345140210481276
1.7345140210481276
1.7345140210481276
1.7345140210481276
1.7345140210481276
1.6421206670165667
1.6421206670165667
1.6421206670165667
1.6421206670165667
1.6421206670165667
1.6421206670165667
1.6421206670165667
1.4136538425349627
1.4136538425349627
1.4136538425349627
1.4136538425349627
1.4136538425349627
1.4136538425349627
1.4136538425349627
1.4136538425349627
1.4136538425349627
1.4136538425349627
1.4136538425349627
1.4136538425349627
1.4136538425349627
1.2218588005456574
1.2218588005456574
1.2218588005456574
1.2218588005456574
1.2218588005456574
1.2218588005456574
1.2218588005456574
1.2218588005456574
1.2218588005456574
1.174389581196472
1.174389581196472
1.174389581196472
1.174389581196472
0.9308688740900948
0.9308688740900948
0.9308688740900948
0.9308688740900948
0.9308688740900948
0.9308688740900948
0.9308688740900948
0.9308688740900948
0.9308688740900948
0.9308688740900948
0.9308688740900948
0.9308688740900948
0.9308688740900948
0.9308688740900948
0.8658638671022558
0.8658638671022558
0.77746537425665
0.77746537425665
0.77746537425665
0.7754826869441445
0.7693182879327338
0.7649250240285888
0.7649250240285888
0.75063686764247
0.75063686764247
0.75063686764247
0.75063686764247
0.75063686764247
0.716806206884371
0.716806206884371
0.716806206884371
0.716806206884371
0.716806206884371
0.716806206884371
0.7018070811436239
0.7018070811436239
0.7018070811436239
0.6575725209981407
0.6575725209981407
0.6573969164934361
0.6573969164934361
0.610533873567551
0.610533873567551
0.610533873567551
0.610533873567551
0.5956742029880573
0.5956742029880573
0.5956742029880573
0.5842311264518898
0.5568078934191654
0.5568078934191654
0.5451753622244695
0.5312992145140321
0.5312992145140321
0.5312992145140321
0.5312992145140321
0.5222368312822034
0.5189285049020746
0.5189285049020746
0.5189285049020746
0.5189285049020746
0.4519159935485071
0.4519159935485071
0.4519159935485071
0.4519159935485071
0.4519159935485071
0.4519159935485071
0.4519159935485071
0.4519159935485071
0.4519159935485071
0.4519159935485071
0.4519159935485071
0.4519159935485071
0.4519159935485071
0.4519159935485071
0.4519159935485071
0.4519159935485071
0.4519159935485071
0.44845197874683507
0.36285205758593264
0.36285205758593264
0.36285205758593264
0.36285205758593264
0.36285205758593264
0.36285205758593264
0.36285205758593264
0.36285205758593264
0.36285205758593264
0.36285205758593264
0.36285205758593264
0.36285205758593264
0.36285205758593264
0.35439196311935817
0.35439196311935817
0.3347685847381996
0.33217115668074015
0.28338665259898477
0.28338665259898477
0.28338665259898477
0.27467555021731727
0.27467555021731727
0.2736612540628691
0.2736612540628691
0.2736612540628691
0.2586258913340913
0.2586258913340913
0.2586258913340913
0.2586258913340913
0.2586258913340913
0.2586258913340913
0.2586258913340913
0.2002300043027212
0.2002300043027212
0.2002300043027212
0.2002300043027212
0.19895542084997686
0.1847893065456212
0.17813021485214264
0.1690451761550733
0.1690451761550733
0.1690451761550733
0.13215647909918715
0.13215647909918715
0.13215647909918715
0.13215647909918715
0.13215647909918715
0.13215647909918715
0.13215647909918715
0.13215647909918715
0.13215647909918715
0.13215647909918715
0.13215647909918715
0.12763954850783676
0.12763954850783676
0.12763954850783676
0.12763954850783676
0.12763954850783676
0.12763954850783676
0.12499083635810848
0.12499083635810848
0.12499083635810848
0.12499083635810848
0.12499083635810848
0.1244269265531095
0.1244269265531095
0.12423673458475548
0.10486309543265193
0.10486309543265193
0.10486309543265193
0.10486309543265193
0.10486309543265193
0.10486309543265193
0.10486309543265193
0.10486309543265193
0.10486309543265193
0.10486309543265193
0.09956398771456065
0.09956398771456065
0.09765878106549053
0.09667189413727684
0.09667189413727684
0.09667189413727684
0.09179259588355038
0.09179259588355038
0.09179259588355038
0.08881444330527799
0.08881444330527799
0.08881444330527799
0.07574276533880919
0.07365321675455405
0.07365321675455405
0.07365321675455405
0.06854552940832903
0.06854552940832903
0.0666255339638262
0.0666255339638262
0.0666255339638262
0.0666255339638262
0.0666255339638262
0.054311340920516926
0.054311340920516926
0.054311340920516926
0.054311340920516926
0.054311340920516926
0.054311340920516926
0.054311340920516926
0.05318709198658311
0.05318709198658311
0.05314212081870906
0.041983871563441966
0.041983871563441966
0.041983871563441966
0.041983871563441966
0.041983871563441966
0.041983871563441966
0.041983871563441966
0.041983871563441966
0.041385984019076005
0.041385984019076005
0.04043253933623703
0.04043253933623703
0.04043253933623703
0.04043253933623703
0.04043253933623703
0.04043253933623703
0.04043253933623703
0.040329451594960375
0.040329451594960375
0.040329451594960375
0.040329451594960375
0.03999930435059795
0.03999930435059795
0.03916385935055189
0.03916385935055189
0.038436601947189786
0.038436601947189786
0.038436601947189786
0.038436601947189786
0.038064415289213116
0.038064415289213116
0.038064415289213116
0.03729279238538297
0.03729279238538297
0.03729279238538297
0.03729279238538297
0.03565309909588521
0.03565309909588521
0.03527812690606069
0.034710584822835955
0.034710584822835955
0.03093003809263095
0.03093003809263095
0.03093003809263095
0.03093003809263095
0.03093003809263095
0.02880684479102058
0.02854963348039874
0.02854963348039874
0.02787551949570144
0.02787551949570144
0.025998021329133536
0.025998021329133536
0.02461822691563853
0.02461822691563853
0.02461822691563853
0.02461822691563853
0.02461822691563853
0.02461822691563853
0.02461822691563853
0.02461822691563853
0.02447637118266499
0.0241098984114565
0.0241098984114565
0.0241098984114565
0.0241098984114565
0.022976949087397003
0.022976949087397003
0.022143223316252403
0.022143223316252403
0.022143223316252403
0.022143223316252403
0.017715127956059007
0.017715127956059007
0.017715127956059007
0.017715127956059007
0.017715127956059007
0.017715127956059007
0.017715127956059007
0.017715127956059007
0.017715127956059007
0.017715127956059007
0.017715127956059007
0.017715127956059007
0.017715127956059007
0.017715127956059007
0.017715127956059007
0.017715127956059007
0.017324947960428716
0.016143795216546408
0.016143795216546408
0.014655417219881173
0.014655417219881173
0.014655417219881173
0.011923993216740314
0.011923993216740314
0.011923993216740314
0.01092418526687311
0.01092418526687311
0.01092418526687311
0.01092418526687311
0.01092418526687311
0.009084683720633535
0.009084683720633535
0.009084683720633535
0.009084683720633535
0.009084683720633535
0.009084683720633535
0.009084683720633535
0.009084683720633535
0.009084683720633535
0.009084683720633535
0.008291887546779009
0.008291887546779009
0.008291887546779009
0.008291887546779009
0.008291887546779009
0.008291887546779009
0.008291887546779009
0.008291887546779009
0.008291887546779009
0.008083339046244475
0.007334160253943622
0.007334160253943622
0.007334160253943622
0.007334160253943622
0.007334160253943622
0.007334160253943622
0.007334160253943622
0.007334160253943622
0.007334160253943622
0.007334160253943622
0.007334160253943622
0.007334160253943622
0.007334160253943622
0.007334160253943622
0.007334160253943622
0.007146423678108249
0.007146423678108249
0.007146423678108249
0.007085188391993569
0.006893797874507612
0.0068210451489072454
0.0068210451489072454
0.0068210451489072454
0.0068210451489072454
0.0068198398034375884
0.0068198398034375884
0.006731676822507637
0.006731676822507637
0.006585420939593689
0.006585420939593689
0.0064209762863853825
0.0064209762863853825
0.0064209762863853825
0.0064209762863853825
0.0064209762863853825
0.006330056492608094
0.006330056492608094
0.006330056492608094
0.006326049104714571
0.006326049104714571
0.006319332788606857
0.006319332788606857
0.005902418314942537
0.005902418314942537
0.005902418314942537
0.005902418314942537
0.005902418314942537
0.005855579533157851
0.005840458782575553
0.005526145509520575
0.005478121423330151
0.005468266896492935
0.005219658869140886
0.004154556916052599
0.004154556916052599
0.004154556916052599
0.004154556916052599
0.004154556916052599
0.004154556916052599
0.004154556916052599
0.004154556916052599
0.004154556916052599
0.003975218152024951
0.003975218152024951
0.003975218152024951
0.003975218152024951
0.003975218152024951
0.003975218152024951
0.003975218152024951
0.003975218152024951
0.003975218152024951
0.003975218152024951
0.003975218152024951
0.003870136193892648
0.003870136193892648
0.003611609778992886
0.003611609778992886
0.003556236581022887
0.003556236581022887
0.003506733515806104
0.0034087118119074944
0.003374285847232983
0.003347932624940597
0.003347932624940597
0.003347932624940597
0.0033288322015003757
0.0033288322015003757
0.0033288322015003757
0.0032933982279637064
0.0032638047840443107
0.003225439194316948
0.0027738273856101614
0.0027738273856101614
0.0027738273856101614
0.0027738273856101614
0.0027738273856101614
0.0027738273856101614
0.0027738273856101614
0.0027547862438765947
0.0027547862438765947
0.0026993046246310826
0.0026993046246310826
0.0025328565965345717
0.0025090606913273916
0.0024856258962735467
0.0024856258962735467
0.002365219647014527
0.002365219647014527
0.002365219647014527
0.002365219647014527
0.002365219647014527
0.002365219647014527
0.0022185127770093516
0.0019958013491532256
0.0019958013491532256
0.0019958013491532256
0.0019958013491532256
0.0019958013491532256
0.0019958013491532256
0.0019958013491532256
0.0019958013491532256
0.0019179289185373705
0.0019179289185373705
0.0019179289185373705
0.0019179289185373705
0.0019179289185373705
0.0019179289185373705
0.0019179289185373705
0.0017629140413149003
0.0017629140413149003
0.0017317304925867916
0.0016486813639140507
0.0016486813639140507
0.0015398173222962441
0.0015398173222962441
0.0015398173222962441
0.0015398173222962441
0.0015398173222962441
0.0015398173222962441
0.0015398173222962441
0.0015398173222962441
0.0015398173222962441
0.0015398173222962441
0.0014840293794584625
0.0014840293794584625
0.0014840293794584625
0.0014840293794584625
0.0014840293794584625
0.001479397039503283
0.001479397039503283
0.001422613030669595
0.001422613030669595
0.001422613030669595
0.001422613030669595
0.001422613030669595
0.0013346339938991036
0.0013346339938991036
0.0013346339938991036
0.0013346339938991036
0.001284186830915246
0.001284186830915246
0.001284186830915246
0.0012725185092428148
0.0012520212665165786
0.0012520212665165786
0.0012017567351350067
0.0012017567351350067
0.0010642746636477796
0.0010642746636477796
0.0010642746636477796
0.0010241232080154816
0.0010241232080154816
0.001017441523217144
0.001017441523217144
0.001017441523217144
0.001017441523217144
0.0007707611149108118
0.0007707611149108118
0.0007707611149108118
0.0007707611149108118
0.0007707611149108118
0.0007707611149108118
0.0007707611149108118
0.0007707611149108118
0.0007707611149108118
0.0007707611149108118
0.0007707611149108118
0.0007707611149108118
0.0007128747348410513
0.0007128747348410513
0.0007128747348410513
0.0007128747348410513
0.0007128747348410513
0.0006756597197252745
0.0006756597197252745
0.0006756597197252745
0.0006756597197252745
0.0006756597197252745
0.0006756597197252745
0.0006756597197252745
0.0006756597197252745
0.0006646804690895181
0.0006642550127615721
0.0006468497362632775
0.0006121450989411414
0.0006121450989411414
0.0006121450989411414
0.00043249256772526223
0.00043249256772526223
0.00043249256772526223
0.00043249256772526223
0.00043249256772526223
0.00043249256772526223
0.00043249256772526223
0.00042075770549487856
0.00042075770549487856
0.00042075770549487856
0.000408218682892425
0.000408218682892425
0.000408218682892425
0.000408218682892425
0.000408218682892425
0.00039970988244775185
0.00039970988244775185
0.00039970988244775185
0.00039970988244775185
0.00038842680134365537
0.00038842680134365537
0.00038842680134365537
0.00038488292965155324
0.00038488292965155324
0.00038488292965155324
0.0003742792780165871
0.0003742792780165871
0.0003742792780165871
0.00036269760187579436
0.0003594021447170803
0.00033733904823662897
0.00033733904823662897
0.00033733904823662897
0.00033733904823662897
0.0002770562988203551
0.0002770562988203551
0.0002770562988203551
0.0002770562988203551
0.0002770562988203551
0.0002770562988203551
0.0002770562988203551
0.0002770562988203551
0.0002770562988203551
0.0002770562988203551
0.0002770562988203551
0.0002740983906051042
0.0002740983906051042
0.00027370642500201825
0.00027370642500201825
0.00027370642500201825
0.00025775318087539745
0.00025775318087539745
0.00023274290340680182
0.00022277425512839955
0.00022277425512839955
0.00022277425512839955
0.00022277425512839955
0.00022277425512839955
0.00022277425512839955
0.00021571453511270988
0.00021571453511270988
0.00021571453511270988
0.00021571453511270988
0.00021571453511270988
0.00021201813908433564
0.00021201813908433564
0.00020525917812364014
0.00020167740926524402
0.00019577578801843742
0.00019577578801843742
0.00019577578801843742
0.00019577578801843742
0.00017534786103112765
0.00017534786103112765
0.00017534786103112765
0.00017534786103112765
0.00017534786103112765
0.00017534786103112765
0.00017534786103112765
0.00017534786103112765
0.00017534786103112765
0.00016434091306649634
0.00016434091306649634
0.00016434091306649634
0.00016434091306649634
0.00016434091306649634
0.00016434091306649634
0.00016276014294902552
0.00016276014294902552
0.00016276014294902552
0.00016276014294902552
0.00015470151313223823
0.00015470151313223823
0.00015470151313223823
0.00015470151313223823
0.00012519028484092587
0.00012519028484092587
0.00012519028484092587
0.00012519028484092587
0.00012519028484092587
0.00012519028484092587
0.00012519028484092587
0.00012519028484092587
0.00012519028484092587
0.00012519028484092587
0.00012519028484092587
0.00012519028484092587
0.00012519028484092587
0.00012519028484092587
0.00012519028484092587
0.00012519028484092587
0.00012519028484092587
0.00012519028484092587
0.00012519028484092587
0.00012519028484092587
0.00011527665628463524
0.00010784597660773443
0.00010784597660773443
0.00010784597660773443
0.00010784597660773443
0.00010205901495297098
0.00010046059964352594
9.045386894612761e-05
9.045386894612761e-05
9.045386894612761e-05
9.045386894612761e-05
9.045386894612761e-05
8.592117302796964e-05
8.589829328897736e-05
8.589829328897736e-05
8.584869531702566e-05
8.584869531702566e-05
8.143346202160728e-05
8.143346202160728e-05
8.143346202160728e-05
8.143346202160728e-05
8.143346202160728e-05
5.734525177203409e-05
5.734525177203409e-05
5.734525177203409e-05
5.734525177203409e-05
5.734525177203409e-05
5.734525177203409e-05
5.734525177203409e-05
5.734525177203409e-05
4.991111085672628e-05
4.991111085672628e-05
4.991111085672628e-05
4.991111085672628e-05
4.991111085672628e-05
4.991111085672628e-05
4.991111085672628e-05
4.671086572116678e-05
4.671086572116678e-05
4.671086572116678e-05
4.671086572116678e-05
4.671086572116678e-05
4.6335639900974e-05
4.431662499371214e-05
4.431662499371214e-05
4.431662499371214e-05
4.431662499371214e-05
4.1644786779926335e-05
4.1644786779926335e-05
4.1644786779926335e-05
4.1644786779926335e-05
4.1644786779926335e-05
4.126452893515875e-05
4.126452893515875e-05
4.126452893515875e-05
4.126452893515875e-05
3.7524506609543096e-05
3.7524506609543096e-05
3.7524506609543096e-05
3.674139550113864e-05
3.674139550113864e-05
3.59883060312427e-05
3.59883060312427e-05
3.59883060312427e-05
3.266140130975259e-05
3.266140130975259e-05
3.266140130975259e-05
2.9816244609293108e-05
2.9816244609293108e-05
2.9816244609293108e-05
2.9816244609293108e-05
2.9816244609293108e-05
2.9816244609293108e-05
2.9816244609293108e-05
2.956392459196877e-05
2.950328691042614e-05
2.904765765165962e-05
2.9018078777198753e-05
1.949101652343188e-05
1.949101652343188e-05
1.949101652343188e-05
1.949101652343188e-05
1.949101652343188e-05
1.949101652343188e-05
1.949101652343188e-05
1.949101652343188e-05
1.949101652343188e-05
1.949101652343188e-05
1.949101652343188e-05
1.949101652343188e-05
1.8493451541701234e-05
