0.0014805793762207031
0.0014421939849853516
0.0015056133270263672
0.0014221668243408203
0.0013890266418457031
0.0014910697937011719
0.0014312267303466797
0.0014646053314208984
0.0014414787292480469
0.0013797283172607422
0.0014448165893554688
0.0014052391052246094
0.0013689994812011719
0.0016069412231445312
0.001417398452758789
0.0014963150024414062
0.0014073848724365234
0.0014221668243408203
0.001497030258178711
0.0014379024505615234
0.00148773193359375
0.0014424324035644531
0.001377105712890625
0.0014653205871582031
0.0014042854309082031
0.0014193058013916016
0.0015883445739746094
0.0013737678527832031
0.0014722347259521484
0.0015633106231689453
0.0013852119445800781
0.0014529228210449219
0.0014045238494873047
0.0014603137969970703
0.001631021499633789
0.0014786720275878906
0.001482248306274414
0.001497507095336914
0.0014531612396240234
0.0016186237335205078
0.0016567707061767578
0.0015485286712646484
0.0015537738800048828
0.0015475749969482422
0.0016140937805175781
0.0014641284942626953
0.00156402587890625
0.0015964508056640625
0.001506805419921875
0.0016093254089355469
0.0014624595642089844
0.0014791488647460938
0.0014586448669433594
0.0016872882843017578
0.0022308826446533203
0.0017898082733154297
0.0017077922821044922
0.001821279525756836
0.00168609619140625
0.0017385482788085938
0.0016937255859375
0.001482248306274414
0.001634836196899414
0.0014879703521728516
0.0016219615936279297
0.0016279220581054688
0.0015940666198730469
0.0016465187072753906
0.0016047954559326172
0.0016274452209472656
0.0015833377838134766
0.0015726089477539062
0.0016384124755859375
0.0015196800231933594
0.0016837120056152344
0.0014660358428955078
0.0015146732330322266
0.0014896392822265625
0.0014684200286865234
0.0015895366668701172
0.0014116764068603516
0.0014739036560058594
0.0017635822296142578
0.0014767646789550781
0.0015249252319335938
0.0014543533325195312
0.0014307498931884766
0.001436471939086914
0.0014731884002685547
0.0014500617980957031
0.0014760494232177734
0.0014369487762451172
0.0014653205871582031
0.0014522075653076172
0.0015037059783935547
0.0015048980712890625
0.0013887882232666016
0.0014619827270507812
0.0014796257019042969
0.0014903545379638672
0.0014369487762451172
0.001461029052734375
0.0014922618865966797
0.0015194416046142578
0.001402139663696289
0.001483917236328125
0.0015056133270263672
0.0014889240264892578
0.0014340877532958984
0.0014488697052001953
0.0014672279357910156
0.0014657974243164062
0.0015478134155273438
0.0013990402221679688
0.001580953598022461
0.0014677047729492188
0.0014011859893798828
0.0014853477478027344
0.0014812946319580078
0.0013821125030517578
0.0014452934265136719
0.0014376640319824219
0.0014793872833251953
0.0014467239379882812
0.0013844966888427734
0.0015528202056884766
0.0014247894287109375
0.0014147758483886719
0.001474142074584961
0.001369476318359375
0.0014514923095703125
0.001497030258178711
0.0014567375183105469
0.0015883445739746094
0.001425027847290039
0.0014019012451171875
0.0015587806701660156
0.0013668537139892578
0.0014941692352294922
0.0014464855194091797
0.0014231204986572266
0.001554250717163086
0.00141143798828125
0.001455545425415039
0.0014483928680419922
0.0013744831085205078
0.0014824867248535156
0.0017242431640625
0.0014622211456298828
0.0014331340789794922
0.0014810562133789062
0.0014595985412597656
0.001529693603515625
0.0014619827270507812
0.0014579296112060547
0.0014636516571044922
0.001438140869140625
0.0015056133270263672
0.0014874935150146484
0.001603841781616211
0.0015065670013427734
0.001537322998046875
0.0015544891357421875
0.0014052391052246094
0.0015799999237060547
0.0014126300811767578
0.0013813972473144531
0.0015003681182861328
0.0013849735260009766
0.0014691352844238281
0.001554250717163086
0.0014162063598632812
0.0014624595642089844
0.0013957023620605469
0.0015397071838378906
0.001463174819946289
0.00152587890625
0.0014972686767578125
0.0016431808471679688
0.0015878677368164062
0.0015835762023925781
0.0015263557434082031
0.0015463829040527344
0.001425027847290039
0.0014870166778564453
0.0014846324920654297
0.0015511512756347656
0.001489400863647461
0.0014116764068603516
0.0015919208526611328
0.0014710426330566406
0.0014834403991699219
0.001394033432006836
0.001371145248413086
0.0015950202941894531
0.0015795230865478516
0.0014314651489257812
0.0014638900756835938
0.0015282630920410156
0.0015172958374023438
0.001377105712890625
0.001421213150024414
0.0014691352844238281
0.0015194416046142578
0.0014355182647705078
0.001470327377319336
0.0014586448669433594
0.0014908313751220703
0.0014164447784423828
0.001386404037475586
0.00167083740234375
0.0014879703521728516
0.0014882087707519531
0.0014994144439697266
0.0014920234680175781
0.0014615058898925781
0.001482248306274414
0.0014448165893554688
0.0014164447784423828
0.0015211105346679688
0.0015072822570800781
0.00146484375
0.001470327377319336
0.0015535354614257812
0.0015478134155273438
0.0016677379608154297
0.0015811920166015625
0.0015642642974853516
0.0014829635620117188
0.0014808177947998047
0.0016438961029052734
0.0015785694122314453
0.0016090869903564453
0.0014801025390625
0.001543283462524414
0.0015528202056884766
0.0014126300811767578
0.0016782283782958984
0.001416921615600586
0.0014452934265136719
0.0014891624450683594
0.0016543865203857422
0.002470731735229492
0.0016667842864990234
0.001695394515991211
0.001621246337890625
0.0016596317291259766
0.001653432846069336
0.0017168521881103516
0.0015521049499511719
0.0015239715576171875
0.001634359359741211
0.0014801025390625
0.001714468002319336
0.0014047622680664062
0.0015742778778076172
0.0015287399291992188
0.0014264583587646484
0.001650094985961914
0.001421213150024414
0.0014863014221191406
0.0015344619750976562
0.0013804435729980469
0.0016469955444335938
0.0014791488647460938
0.0015854835510253906
0.0015273094177246094
0.0014119148254394531
0.0016679763793945312
0.0013849735260009766
0.0014350414276123047
0.001741647720336914
0.0015096664428710938
0.0016629695892333984
0.0013811588287353516
0.0014998912811279297
0.001539468765258789
0.0014581680297851562
0.0016772747039794922
0.0013837814331054688
0.0015103816986083984
0.0015010833740234375
0.0014278888702392578
0.0014693737030029297
0.001455068588256836
0.001397848129272461
0.0015053749084472656
0.0014467239379882812
0.0014872550964355469
0.001397848129272461
0.001516580581665039
0.0014584064483642578
0.0013692378997802734
0.0013663768768310547
0.0014395713806152344
0.0013756752014160156
0.0014605522155761719
0.0014231204986572266
0.0013725757598876953
0.0014672279357910156
0.001455068588256836
0.0014278888702392578
0.0014584064483642578
0.001440286636352539
0.0014867782592773438
0.0014560222625732422
0.0013782978057861328
0.0013811588287353516
0.0014140605926513672
0.001455545425415039
0.0013985633850097656
0.0013680458068847656
0.0014226436614990234
0.0014605522155761719
0.0014159679412841797
0.0014805793762207031
0.001369476318359375
0.0015120506286621094
0.0014073848724365234
0.0014262199401855469
0.001445770263671875
0.0014483928680419922
0.0014142990112304688
0.0013761520385742188
0.0013735294342041016
0.0013937950134277344
0.0014233589172363281
0.0013849735260009766
0.001402139663696289
0.0014579296112060547
0.0015244483947753906
0.0014271736145019531
0.0013759136199951172
0.0013811588287353516
0.0014221668243408203
0.0013909339904785156
0.0014274120330810547
0.0015397071838378906
0.0014564990997314453
0.00142669677734375
0.0013768672943115234
0.001425027847290039
0.0014176368713378906
0.0014085769653320312
0.0014541149139404297
0.0013778209686279297
0.0013880729675292969
0.0014462471008300781
0.0013768672943115234
0.0013751983642578125
0.0013985633850097656
0.0013775825500488281
0.0013844966888427734
0.001461029052734375
0.0014104843139648438
0.0014832019805908203
0.0013630390167236328
0.0014290809631347656
0.0014088153839111328
0.0013756752014160156
0.0013875961303710938
0.0014536380767822266
0.0013833045959472656
0.0013697147369384766
0.0014715194702148438
0.0014843940734863281
0.001466512680053711
0.0014696121215820312
0.0013785362243652344
0.0013682842254638672
0.0015697479248046875
0.0014531612396240234
0.001390695571899414
0.001390695571899414
0.0013909339904785156
0.0013952255249023438
0.0015022754669189453
0.0014185905456542969
0.0014193058013916016
0.0014369487762451172
0.0014204978942871094
0.001567840576171875
0.0014035701751708984
0.0014269351959228516
0.00146484375
0.00139617919921875
0.0015769004821777344
0.0014405250549316406
0.0014598369598388672
0.0014705657958984375
0.001434326171875
0.0014796257019042969
0.0014536380767822266
0.00145721435546875
0.001486063003540039
0.0014879703521728516
0.0014348030090332031
0.0014421939849853516
0.0013585090637207031
0.001394033432006836
0.0014123916625976562
0.0014407634735107422
0.0014538764953613281
0.001512289047241211
0.0014429092407226562
0.001458883285522461
0.0014159679412841797
0.0013921260833740234
0.0013518333435058594
0.0013706684112548828
0.0014371871948242188
0.001402139663696289
0.001371622085571289
0.0016243457794189453
0.0014417171478271484
0.0014753341674804688
0.0014400482177734375
0.001361846923828125
0.0014760494232177734
0.0017547607421875
0.0024602413177490234
0.002153635025024414
0.002014636993408203
0.001970052719116211
0.002039670944213867
0.001622915267944336
0.0015842914581298828
0.0015909671783447266
0.0016429424285888672
0.0015101432800292969
0.0015017986297607422
0.001607656478881836
0.0015501976013183594
0.0015974044799804688
0.001428842544555664
0.0014448165893554688
0.0014605522155761719
0.0013992786407470703
0.0014350414276123047
0.0014564990997314453
0.0014677047729492188
0.0015189647674560547
0.0014491081237792969
0.0014829635620117188
0.0014989376068115234
0.0015320777893066406
0.0015740394592285156
0.0014700889587402344
0.0015590190887451172
0.0015604496002197266
0.0016293525695800781
0.0015399456024169922
0.0014214515686035156
0.00156402587890625
0.0013849735260009766
0.001447916030883789
0.001607656478881836
0.0014276504516601562
0.00151824951171875
0.0014758110046386719
0.0014591217041015625
0.0015494823455810547
0.0013697147369384766
0.0014190673828125
0.0016937255859375
0.0014905929565429688
0.0015861988067626953
0.0014462471008300781
0.001516580581665039
0.0015475749969482422
0.0014538764953613281
0.0015749931335449219
0.0014710426330566406
0.0015788078308105469
0.0015072822570800781
0.0014677047729492188
0.0015897750854492188
0.001497507095336914
0.0015881061553955078
0.0014407634735107422
0.0016412734985351562
0.0015587806701660156
0.0014529228210449219
0.0016131401062011719
0.0015282630920410156
0.0014922618865966797
0.0014522075653076172
0.0014681816101074219
0.0015377998352050781
0.001485586166381836
0.0014688968658447266
0.0016622543334960938
0.001489877700805664
0.0015759468078613281
0.001495361328125
0.0015022754669189453
0.00144195556640625
0.0014603137969970703
0.0014226436614990234
0.0015299320220947266
0.0014247894287109375
0.0014731884002685547
0.0014612674713134766
0.0015759468078613281
0.001409769058227539
0.001527547836303711
0.0015573501586914062
0.0015881061553955078
0.0016050338745117188
0.0014576911926269531
0.001451253890991211
0.0015285015106201172
0.0015988349914550781
0.0015358924865722656
0.0014796257019042969
0.0014503002166748047
0.0015094280242919922
0.0013632774353027344
0.001477956771850586
0.0014481544494628906
0.0014841556549072266
0.0014722347259521484
0.0013613700866699219
0.0014758110046386719
0.0015006065368652344
0.0014500617980957031
0.001432180404663086
0.0014090538024902344
0.0014109611511230469
0.0014760494232177734
0.0013670921325683594
0.001459360122680664
0.0014948844909667969
0.0014057159423828125
0.0014617443084716797
0.001394033432006836
0.0014109611511230469
0.001476287841796875
0.0014002323150634766
0.0014863014221191406
0.0015747547149658203
0.001447916030883789
0.0014629364013671875
0.0014503002166748047
0.0014464855194091797
0.0014829635620117188
0.0014417171478271484
0.0014929771423339844
0.0014920234680175781
0.001444101333618164
0.0014514923095703125
0.0013828277587890625
0.001466989517211914
0.0014052391052246094
0.0014536380767822266
0.0015616416931152344
0.0014717578887939453
0.0014972686767578125
0.0015101432800292969
0.0014004707336425781
0.00156402587890625
0.001468658447265625
0.0015964508056640625
0.0015707015991210938
0.0014476776123046875
0.0015316009521484375
0.0013575553894042969
0.001352548599243164
0.0015895366668701172
0.0014820098876953125
0.001569509506225586
0.0014581680297851562
0.0015249252319335938
0.0015707015991210938
0.0013532638549804688
0.0015037059783935547
0.0014662742614746094
0.0014438629150390625
0.001552581787109375
0.0014460086822509766
0.001531839370727539
0.0015239715576171875
0.0013968944549560547
0.0015647411346435547
0.0014493465423583984
0.0015156269073486328
0.0015385150909423828
0.001453399658203125
0.0015869140625
0.0014526844024658203
0.001524209976196289
0.0015406608581542969
0.0014586448669433594
0.001619100570678711
0.0014488697052001953
0.001523733139038086
0.001550436019897461
0.0014748573303222656
0.00150299072265625
0.0014731884002685547
0.0015244483947753906
0.0015239715576171875
0.001463174819946289
0.0016019344329833984
0.0014541149139404297
0.0015034675598144531
0.0015192031860351562
0.0015552043914794922
0.0015549659729003906
0.0014476776123046875
0.0016140937805175781
0.0015232563018798828
0.001485586166381836
0.0016164779663085938
0.0014739036560058594
0.0015096664428710938
0.0014743804931640625
0.001386880874633789
0.0015761852264404297
0.0013797283172607422
0.0015277862548828125
0.0014731884002685547
0.0014815330505371094
0.0015377998352050781
0.0015485286712646484
0.001547098159790039
0.0015807151794433594
0.0015916824340820312
0.0015833377838134766
0.0014793872833251953
0.0015401840209960938
0.0015616416931152344
0.0013682842254638672
0.0015799999237060547
0.0014338493347167969
0.0015811920166015625
0.0014872550964355469
0.0013582706451416016
0.0016200542449951172
0.0014333724975585938
0.0014917850494384766
0.001523733139038086
0.001415252685546875
0.0015540122985839844
0.001443624496459961
0.0014405250549316406
0.001512289047241211
0.0014781951904296875
0.0015671253204345703
0.001425027847290039
0.0014619827270507812
0.0015726089477539062
0.0014503002166748047
0.00150299072265625
0.0014750957489013672
0.0014882087707519531
0.0015931129455566406
0.0014557838439941406
0.0016322135925292969
0.0015115737915039062
0.0014390945434570312
0.0016028881072998047
0.0013890266418457031
0.0014810562133789062
0.0014519691467285156
0.0014042854309082031
0.0015795230865478516
0.0013918876647949219
0.001508474349975586
0.0014705657958984375
0.0014603137969970703
0.0015947818756103516
0.0014426708221435547
0.0014994144439697266
0.001556396484375
0.001428365707397461
0.0015790462493896484
0.0014612674713134766
0.0014760494232177734
0.001542806625366211
0.0014591217041015625
0.0015912055969238281
0.001415252685546875
0.0014560222625732422
0.0015497207641601562
0.0013968944549560547
0.0015954971313476562
0.0014805793762207031
0.0014815330505371094
0.0015819072723388672
0.0014815330505371094
0.001645803451538086
0.0015425682067871094
0.0016894340515136719
0.0015959739685058594
0.0016160011291503906
0.0016627311706542969
0.0014431476593017578
0.001580953598022461
0.0014827251434326172
0.0014412403106689453
0.0015804767608642578
0.0015845298767089844
0.0014827251434326172
0.0013952255249023438
0.0013358592987060547
0.0015747547149658203
0.0013964176177978516
0.00150299072265625
0.0014150142669677734
0.0015082359313964844
0.0015735626220703125
0.0013577938079833984
0.0013782978057861328
0.0014586448669433594
0.0013718605041503906
0.0015072822570800781
0.001413106918334961
0.0013852119445800781
0.0014674663543701172
0.0013992786407470703
0.0013706684112548828
0.0014617443084716797
0.0013852119445800781
0.0015058517456054688
0.0014498233795166016
0.0013511180877685547
0.0016124248504638672
0.001394510269165039
0.0014605522155761719
0.0015299320220947266
0.001367807388305664
0.001558542251586914
0.0014853477478027344
0.0014705657958984375
0.0015537738800048828
0.0013775825500488281
0.0014281272888183594
0.001416921615600586
0.001462697982788086
0.0015010833740234375
0.0014181137084960938
0.0014040470123291016
0.001451253890991211
0.0013918876647949219
0.0014505386352539062
0.001425027847290039
0.0013914108276367188
0.001390695571899414
0.001447916030883789
0.0014450550079345703
0.0013663768768310547
0.001371145248413086
0.0014598369598388672
0.0013883113861083984
0.0013659000396728516
0.001399993896484375
0.0014045238494873047
0.0014426708221435547
0.001394033432006836
0.0014622211456298828
0.0014920234680175781
0.0015130043029785156
0.0014662742614746094
0.00147247314453125
0.0014524459838867188
0.0014688968658447266
0.00147247314453125
0.0015153884887695312
0.0015521049499511719
0.0014095306396484375
0.0013928413391113281
0.0014128684997558594
0.0013988018035888672
0.0014519691467285156
0.0013701915740966797
0.0014159679412841797
0.001478433609008789
0.0013518333435058594
0.001344442367553711
0.0013833045959472656
0.0013318061828613281
0.0013575553894042969
0.0014846324920654297
0.001392364501953125
0.0013766288757324219
0.0013720989227294922
0.0013861656188964844
0.0014848709106445312
0.0013992786407470703
0.0014202594757080078
0.0014832019805908203
0.001474142074584961
0.0014488697052001953
0.001409292221069336
0.0014469623565673828
0.0014047622680664062
0.0013704299926757812
0.0014166831970214844
0.0014653205871582031
0.001531362533569336
0.0015861988067626953
0.0014460086822509766
0.0014553070068359375
0.0014865398406982422
0.0013709068298339844
0.0013785362243652344
0.0014052391052246094
0.0015480518341064453
0.001416921615600586
0.0013904571533203125
0.001468658447265625
0.0014083385467529297
0.001415252685546875
0.001432657241821289
0.0014190673828125
0.0014696121215820312
0.0013976097106933594
0.0013916492462158203
0.001402139663696289
0.0014543533325195312
0.0013871192932128906
0.0013692378997802734
0.001360177993774414
0.001462697982788086
0.0015954971313476562
0.001402139663696289
0.0013840198516845703
0.0014426708221435547
0.0014643669128417969
0.001432657241821289
0.001405954360961914
0.0014142990112304688
0.0014591217041015625
0.001383066177368164
0.0013823509216308594
0.0013837814331054688
0.0013773441314697266
0.0013780593872070312
0.0014057159423828125
0.001382589340209961
0.0014238357543945312
0.0014531612396240234
0.0014383792877197266
0.001459360122680664
0.0013620853424072266
0.0014531612396240234
0.0014035701751708984
0.001371622085571289
0.0013859272003173828
0.0014317035675048828
0.0014257431030273438
0.0014221668243408203
0.0013594627380371094
0.0014231204986572266
0.0014247894287109375
0.0014338493347167969
0.0014488697052001953
0.0013766288757324219
0.0014832019805908203
0.0014591217041015625
0.0014162063598632812
0.0013813972473144531
0.0013628005981445312
0.0013704299926757812
0.00145721435546875
0.001432657241821289
0.0015599727630615234
0.0013689994812011719
0.001453399658203125
0.0014538764953613281
0.001397848129272461
0.0013861656188964844
0.001363515853881836
0.00148773193359375
0.0014233589172363281
0.0014293193817138672
0.0013933181762695312
0.0014731884002685547
0.001466512680053711
0.0013823509216308594
0.0013651847839355469
0.0014646053314208984
0.001434326171875
0.0015189647674560547
0.0014796257019042969
0.0014853477478027344
0.0014202594757080078
0.0013976097106933594
0.0014500617980957031
0.0013747215270996094
0.0014424324035644531
0.0013892650604248047
0.001432180404663086
0.00153350830078125
0.0014913082122802734
0.0014390945434570312
0.0014188289642333984
0.0013554096221923828
0.0013692378997802734
0.0014681816101074219
0.0014657974243164062
0.001455068588256836
0.0014810562133789062
0.0013735294342041016
0.0014410018920898438
0.0014410018920898438
0.0013780593872070312
0.0015022754669189453
0.001537322998046875
0.0013692378997802734
0.0013623237609863281
0.0014328956604003906
0.0014455318450927734
0.0013737678527832031
0.001443624496459961
0.001476287841796875
0.001455068588256836
0.001435995101928711
0.0013649463653564453
0.0014231204986572266
0.0015132427215576172
0.0013828277587890625
0.0014641284942626953
0.00140380859375
0.0015175342559814453
0.001435995101928711
0.001432180404663086
0.0014302730560302734
0.0014667510986328125
0.0014483928680419922
0.0013856887817382812
0.0013682842254638672
0.00147247314453125
0.0014636516571044922
0.0014684200286865234
0.0014889240264892578
0.0014886856079101562
0.001481771469116211
0.0014543533325195312
0.0014498233795166016
0.0014886856079101562
0.0014719963073730469
0.001398324966430664
0.0014908313751220703
0.0014710426330566406
0.0014908313751220703
0.0013642311096191406
0.0014033317565917969
0.0014293193817138672
0.0014295578002929688
0.0014851093292236328
0.0014100074768066406
0.0014410018920898438
0.0014145374298095703
0.0013861656188964844
0.0013890266418457031
0.0014431476593017578
0.0013985633850097656
0.0014603137969970703
0.0013594627380371094
0.001443624496459961
0.0014879703521728516
0.0013556480407714844
0.001425027847290039
0.0014235973358154297
0.00141143798828125
0.0014438629150390625
0.0014023780822753906
0.001377105712890625
0.0013990402221679688
0.0014085769653320312
0.0013661384582519531
0.0014369487762451172
0.001398324966430664
0.0014543533325195312
0.001444101333618164
0.0013740062713623047
0.0013895034790039062
0.001409292221069336
0.0013692378997802734
0.0013897418975830078
0.0013704299926757812
0.0013735294342041016
0.0014481544494628906
0.00142669677734375
0.001398324966430664
0.0013763904571533203
0.0013976097106933594
0.0013861656188964844
0.001401662826538086
0.0013997554779052734
0.0013899803161621094
0.0014345645904541016
0.00138092041015625
0.0013835430145263672
0.0013682842254638672
0.0014302730560302734
0.001407623291015625
0.0014865398406982422
