0.018147945404052734
0.01845073699951172
0.018181800842285156
0.017752647399902344
0.0168459415435791
0.017099380493164062
0.01654982566833496
0.017852783203125
0.01810288429260254
0.017722129821777344
0.017066001892089844
0.017441987991333008
0.017252683639526367
0.01775979995727539
0.017251968383789062
0.017313003540039062
0.01723790168762207
0.01746964454650879
0.018027305603027344
0.018889665603637695
0.017696619033813477
0.017905712127685547
0.01846146583557129
0.01827383041381836
0.018018245697021484
0.017690181732177734
0.018040180206298828
0.017990589141845703
0.017712831497192383
0.01739358901977539
0.01811361312866211
0.017859220504760742
0.01727437973022461
0.017244338989257812
0.017517566680908203
0.0176236629486084
0.01833486557006836
0.01781749725341797
0.017400741577148438
0.01796579360961914
0.017811059951782227
0.01780390739440918
0.018456459045410156
0.0188143253326416
0.018774032592773438
0.01803445816040039
0.018093585968017578
0.01777505874633789
0.017988920211791992
0.018131494522094727
0.019566774368286133
0.020877838134765625
0.01898193359375
0.01818990707397461
0.018267393112182617
0.018430709838867188
0.01795816421508789
0.018704891204833984
0.019516468048095703
0.019563913345336914
0.01954793930053711
0.020251035690307617
0.01971435546875
0.019780874252319336
0.020053625106811523
0.020465612411499023
0.019825458526611328
0.020141124725341797
0.020389556884765625
0.01920461654663086
0.018653392791748047
0.018931865692138672
0.019299030303955078
0.0183258056640625
0.019097328186035156
0.01860809326171875
0.018592357635498047
0.01829075813293457
0.018730640411376953
0.017689943313598633
0.01988077163696289
0.019256114959716797
0.01877450942993164
0.01888275146484375
0.019548892974853516
0.020036935806274414
0.019949674606323242
0.018993616104125977
0.019233226776123047
0.019082069396972656
0.019087553024291992
0.019176006317138672
0.020085811614990234
0.02005457878112793
0.020326852798461914
0.020628690719604492
0.020987272262573242
0.019643545150756836
0.018292665481567383
0.017743587493896484
0.01802372932434082
0.017990827560424805
0.01777935028076172
0.017464399337768555
0.018669843673706055
0.018187761306762695
0.01816272735595703
0.0185086727142334
0.017763853073120117
0.017760753631591797
0.018036365509033203
0.017477989196777344
0.018050670623779297
0.017986059188842773
0.018789052963256836
0.01874566078186035
0.018227338790893555
0.018364429473876953
0.018425703048706055
0.017940521240234375
0.018256664276123047
0.018132448196411133
0.018320083618164062
0.01826333999633789
0.018556594848632812
0.018508195877075195
0.018155574798583984
0.01802659034729004
0.018225669860839844
0.018561124801635742
0.018764495849609375
0.019192934036254883
0.018830299377441406
0.018177509307861328
0.020058631896972656
0.018714427947998047
0.018851518630981445
0.017986774444580078
0.017499446868896484
0.01712203025817871
0.017334699630737305
0.01719951629638672
0.017586946487426758
0.01826930046081543
0.017301082611083984
0.017360448837280273
0.017148971557617188
0.017742156982421875
0.017623424530029297
0.01851963996887207
0.01938343048095703
0.018000364303588867
0.017566919326782227
0.017506122589111328
0.01761770248413086
0.017617464065551758
0.01768636703491211
0.019399404525756836
0.019857168197631836
0.018105268478393555
0.017427921295166016
0.01710820198059082
0.017116069793701172
0.017053604125976562
0.0172731876373291
0.016867399215698242
0.017045974731445312
0.01702427864074707
0.017097949981689453
0.01709723472595215
0.017497539520263672
0.017117023468017578
0.017071962356567383
0.01706242561340332
0.01784229278564453
0.017490625381469727
0.017191410064697266
0.017246484756469727
0.01712489128112793
0.017126798629760742
0.016939401626586914
0.017097949981689453
0.016835927963256836
0.016716480255126953
0.016735553741455078
0.016942262649536133
0.016941308975219727
0.017264604568481445
0.01765918731689453
0.018115520477294922
0.018216371536254883
0.01740241050720215
0.016819238662719727
0.01699233055114746
0.018077850341796875
0.018015623092651367
0.01824164390563965
0.01816582679748535
0.017513751983642578
0.017776012420654297
0.01755237579345703
0.01755833625793457
0.01833510398864746
0.01764535903930664
0.01806926727294922
0.01777815818786621
0.01719832420349121
0.0167539119720459
0.01868748664855957
0.018465280532836914
0.018350839614868164
0.01741790771484375
0.016745328903198242
0.017132997512817383
0.016878604888916016
0.017241954803466797
0.017796754837036133
0.017374038696289062
0.018001556396484375
0.017799854278564453
0.017438888549804688
0.017947673797607422
0.017511844635009766
0.017426252365112305
0.018694162368774414
0.01826333999633789
0.01785421371459961
0.01726388931274414
0.01688694953918457
0.017005443572998047
0.01716446876525879
0.01695704460144043
0.017014503479003906
0.017297744750976562
0.01700305938720703
0.017163753509521484
0.01720118522644043
0.016920804977416992
0.017296791076660156
0.017133235931396484
0.01733851432800293
0.01692056655883789
0.01846599578857422
0.017533302307128906
0.0169675350189209
0.0170135498046875
0.0167999267578125
0.01685476303100586
0.01649641990661621
0.016627788543701172
0.017169713973999023
0.016843080520629883
0.016779184341430664
0.01674175262451172
0.017056941986083984
0.01738452911376953
0.019025087356567383
0.01867961883544922
0.017447471618652344
0.017343759536743164
0.01699209213256836
0.018198490142822266
0.01826167106628418
0.018225669860839844
0.01804041862487793
0.017935991287231445
0.017484188079833984
0.017239809036254883
0.01710796356201172
0.01818108558654785
0.018990278244018555
0.01888298988342285
0.019245147705078125
0.01739811897277832
0.017232179641723633
0.017253875732421875
0.017551898956298828
0.017737865447998047
0.017606258392333984
0.017210960388183594
0.016963481903076172
0.016962766647338867
0.017320632934570312
0.018736600875854492
0.01865220069885254
0.018045663833618164
0.017385244369506836
0.017209291458129883
0.01708531379699707
0.01712322235107422
0.017428874969482422
0.018184423446655273
0.01852250099182129
0.017913103103637695
0.017059803009033203
0.016955852508544922
0.016315460205078125
0.016511917114257812
0.01671314239501953
0.01661205291748047
0.016181468963623047
0.016693592071533203
0.016445159912109375
0.016332149505615234
0.016684532165527344
0.01653766632080078
0.016338109970092773
0.016643285751342773
0.016511201858520508
0.016257047653198242
0.016650915145874023
0.01701831817626953
0.016772747039794922
0.01724100112915039
0.016766071319580078
0.01688694953918457
0.016945600509643555
0.017287492752075195
0.017256736755371094
0.01696157455444336
0.016895771026611328
0.0171966552734375
0.017017602920532227
0.01750802993774414
0.017731904983520508
0.017815589904785156
0.017738819122314453
0.01792764663696289
0.017893314361572266
0.018067598342895508
0.018181324005126953
0.018430233001708984
0.01885247230529785
0.019423961639404297
0.019070148468017578
0.018602371215820312
0.018447160720825195
0.018412351608276367
0.017703533172607422
0.017290115356445312
0.017699241638183594
0.01706671714782715
0.01720905303955078
0.017078876495361328
0.017287015914916992
0.017618179321289062
0.017476558685302734
0.017383575439453125
0.01698136329650879
0.016915321350097656
0.017684459686279297
0.017503023147583008
0.01800084114074707
0.01774001121520996
0.017291784286499023
0.017423152923583984
0.017575502395629883
0.017470836639404297
0.017815113067626953
0.017622947692871094
0.017404556274414062
0.016713619232177734
0.01690387725830078
0.017601966857910156
0.017342329025268555
0.017441272735595703
0.016991376876831055
0.016252517700195312
0.016880512237548828
0.01696300506591797
0.01786351203918457
0.01774454116821289
0.01789569854736328
0.017443418502807617
0.01752161979675293
0.017589569091796875
0.01741647720336914
0.01828145980834961
0.0173184871673584
0.018322229385375977
0.017682790756225586
0.018233537673950195
0.018642663955688477
0.018366098403930664
0.017745018005371094
0.017262935638427734
0.020085573196411133
0.018090248107910156
0.017409801483154297
0.016534090042114258
0.017777681350708008
0.017628192901611328
0.018231630325317383
0.0176088809967041
0.01726555824279785
0.01775813102722168
0.018386125564575195
0.01834702491760254
0.01908397674560547
0.018929243087768555
0.017911195755004883
0.018262863159179688
0.018060922622680664
0.018120765686035156
0.017717361450195312
0.017803192138671875
0.017389535903930664
0.017542600631713867
0.017180919647216797
0.017073392868041992
0.017165184020996094
0.016770124435424805
0.01763176918029785
0.018335819244384766
0.018254756927490234
0.017337322235107422
0.01691722869873047
0.017310619354248047
0.017582416534423828
0.017438650131225586
0.017609596252441406
0.01723766326904297
0.01709437370300293
0.017356395721435547
0.017403841018676758
0.017670869827270508
0.01822972297668457
0.017040252685546875
0.017227649688720703
0.017122507095336914
0.016782522201538086
0.01691579818725586
0.017047882080078125
0.017014503479003906
0.017000436782836914
0.017052650451660156
0.01655292510986328
0.016773223876953125
0.016503095626831055
0.016704320907592773
0.016774892807006836
0.017360925674438477
0.017046213150024414
0.0171964168548584
0.016988039016723633
0.016861915588378906
0.0170285701751709
0.017086267471313477
0.016965866088867188
0.017099618911743164
0.016437768936157227
0.016732454299926758
0.016883134841918945
0.016681432723999023
0.017199277877807617
0.01746845245361328
0.016697406768798828
0.01695728302001953
0.017520666122436523
0.01751542091369629
0.01772594451904297
0.017550230026245117
0.016801834106445312
0.01756763458251953
0.017653703689575195
0.017461538314819336
0.017589807510375977
0.017940282821655273
0.01746654510498047
0.017130374908447266
0.017385005950927734
0.017626285552978516
0.017635822296142578
0.01703023910522461
0.01701641082763672
0.017096519470214844
0.01699376106262207
0.01694488525390625
0.017189741134643555
0.01691269874572754
0.016846418380737305
0.016592979431152344
0.016239166259765625
0.01621246337890625
0.01781940460205078
0.018228530883789062
0.0181577205657959
0.01852107048034668
0.01761603355407715
0.017477750778198242
0.01731276512145996
0.01719808578491211
0.017583847045898438
0.018187761306762695
0.018104076385498047
0.01805901527404785
0.01744389533996582
0.017443180084228516
0.017046689987182617
0.016930818557739258
0.018194198608398438
0.019023656845092773
0.0182645320892334
0.0175783634185791
0.017215967178344727
0.016949892044067383
0.01734471321105957
0.01735997200012207
0.01709461212158203
0.017154932022094727
0.017374753952026367
0.01743340492248535
0.01753520965576172
0.01721811294555664
0.017136096954345703
0.017805814743041992
0.017403364181518555
0.01732349395751953
0.017281055450439453
0.01712179183959961
0.01728224754333496
0.017177820205688477
0.017322778701782227
0.017462968826293945
0.017071247100830078
0.017440080642700195
0.017639875411987305
0.017943859100341797
0.0181882381439209
0.017589807510375977
0.017759084701538086
0.01779627799987793
0.017715930938720703
0.017781496047973633
0.017683982849121094
0.017841339111328125
0.016702890396118164
0.017343521118164062
0.017229080200195312
0.017879247665405273
0.0178372859954834
0.017976760864257812
0.017270803451538086
0.017162561416625977
0.017392635345458984
0.01711297035217285
0.017241477966308594
0.01733255386352539
0.016942501068115234
0.017081022262573242
0.01672530174255371
0.01654219627380371
0.01734781265258789
0.017107486724853516
0.017472028732299805
0.018579959869384766
0.017882108688354492
0.01813650131225586
0.01769423484802246
0.017896413803100586
0.017897367477416992
0.018959522247314453
0.017873287200927734
0.017496585845947266
0.017552852630615234
0.01712822914123535
0.016765356063842773
0.017090320587158203
0.016946792602539062
0.016971826553344727
0.016968250274658203
0.016487836837768555
0.01704096794128418
0.01699352264404297
0.01706981658935547
0.01711130142211914
0.016489267349243164
0.016823530197143555
0.016505718231201172
0.016941308975219727
0.017016887664794922
0.017040729522705078
0.016730070114135742
0.01712322235107422
0.016791105270385742
0.01678633689880371
0.01693248748779297
0.0172579288482666
0.016709566116333008
0.016535520553588867
0.016804933547973633
0.016681194305419922
0.016855955123901367
0.017383813858032227
0.017236709594726562
0.017071962356567383
0.01719498634338379
0.017279386520385742
0.01771235466003418
0.01865363121032715
0.017914295196533203
0.018440961837768555
0.017921924591064453
0.01793694496154785
0.018015146255493164
0.017641544342041016
0.018348217010498047
0.018027305603027344
0.01797199249267578
0.017597198486328125
0.017299413681030273
0.01806497573852539
0.017856597900390625
0.017724275588989258
0.01687765121459961
0.018959999084472656
0.017287492752075195
0.017061710357666016
0.016710996627807617
0.016666173934936523
0.016951799392700195
0.017914533615112305
0.01758122444152832
0.017345190048217773
0.017516136169433594
0.01741647720336914
0.017682790756225586
0.01806330680847168
0.01783895492553711
0.018022775650024414
0.017541885375976562
0.017483949661254883
0.017325878143310547
0.01725006103515625
0.017208576202392578
0.017554044723510742
0.016995668411254883
0.017217397689819336
0.01703476905822754
0.01693868637084961
0.01698136329650879
0.01693582534790039
0.017245054244995117
0.01731419563293457
0.017228126525878906
0.017062902450561523
0.016750335693359375
0.017084360122680664
0.017170429229736328
0.017412900924682617
0.016882896423339844
0.016486644744873047
0.016945838928222656
0.017322778701782227
0.017782926559448242
0.017829179763793945
0.017498016357421875
0.017264604568481445
0.017107725143432617
0.017159700393676758
0.017164945602416992
0.018619060516357422
0.018253564834594727
0.018085718154907227
0.017791748046875
0.01711726188659668
0.017984867095947266
0.01866888999938965
0.018474817276000977
0.018532276153564453
0.01828765869140625
0.017688512802124023
0.017807722091674805
0.017862558364868164
0.018073320388793945
0.018083572387695312
0.017595291137695312
0.018014907836914062
0.017865657806396484
0.017401695251464844
0.01744365692138672
0.016899585723876953
0.01671886444091797
0.017034292221069336
0.017371416091918945
0.017227649688720703
0.017321109771728516
0.017387866973876953
0.01799321174621582
0.0179746150970459
0.017829418182373047
0.017749786376953125
0.017636775970458984
0.01756906509399414
0.017589092254638672
0.017550945281982422
0.017467498779296875
0.01801133155822754
0.01763606071472168
0.01728534698486328
0.017206192016601562
0.017132043838500977
0.016707420349121094
0.01737046241760254
0.01769542694091797
0.01795220375061035
0.017794132232666016
0.01743173599243164
0.017085790634155273
0.017004013061523438
0.017116785049438477
0.017769575119018555
0.0182497501373291
0.01747298240661621
0.017507553100585938
0.01808953285217285
0.017652034759521484
0.017735004425048828
0.017393112182617188
0.017446279525756836
0.017305612564086914
0.01759028434753418
0.017423629760742188
0.017409563064575195
0.017440319061279297
0.017523527145385742
0.01769423484802246
0.018413782119750977
0.019377708435058594
0.020517587661743164
0.018692731857299805
0.017848730087280273
0.018319129943847656
0.018492460250854492
0.01874995231628418
0.0180509090423584
0.01790785789489746
0.017726421356201172
0.017777681350708008
0.017839670181274414
0.01847219467163086
0.018593549728393555
0.01870131492614746
0.019861221313476562
0.01826953887939453
0.017633676528930664
0.017457962036132812
0.017505168914794922
0.017599105834960938
0.01791691780090332
0.017504215240478516
0.01761770248413086
0.017252683639526367
0.0203092098236084
0.020966768264770508
0.018763303756713867
0.018169641494750977
0.01740097999572754
0.017418861389160156
0.016779422760009766
0.01640033721923828
0.01677560806274414
0.017194271087646484
0.017272233963012695
0.017005443572998047
0.016965389251708984
0.016641855239868164
0.01704859733581543
0.016928434371948242
0.016721010208129883
0.016727447509765625
0.01681661605834961
0.01688241958618164
0.017487764358520508
0.01738119125366211
0.016678333282470703
0.01650381088256836
0.016919851303100586
0.016755104064941406
0.016669750213623047
0.016712665557861328
0.017035245895385742
0.01697850227355957
0.01672959327697754
0.016813993453979492
0.01700139045715332
0.01703953742980957
0.016970396041870117
0.016622543334960938
0.016791343688964844
0.016749143600463867
0.016759634017944336
0.017104387283325195
0.016965389251708984
0.01695990562438965
0.019498109817504883
0.018681049346923828
0.018388032913208008
0.017207860946655273
0.01708245277404785
0.01709127426147461
0.01810765266418457
0.018212556838989258
0.01834869384765625
0.017946720123291016
0.0178375244140625
0.01778411865234375
0.017841339111328125
0.017795801162719727
0.01784658432006836
0.017520666122436523
0.01761150360107422
0.01761031150817871
0.017131328582763672
0.01734137535095215
0.017067909240722656
0.016948699951171875
0.01691126823425293
0.016820669174194336
0.017236948013305664
0.016622304916381836
0.016163110733032227
0.016893863677978516
0.01771092414855957
0.01805734634399414
0.017889022827148438
0.017017364501953125
0.016901731491088867
0.0170290470123291
0.017110586166381836
0.01771068572998047
0.01803135871887207
0.016968250274658203
0.016923189163208008
0.017116785049438477
0.01701664924621582
0.016777753829956055
0.016808509826660156
0.017030715942382812
0.0170595645904541
0.01697254180908203
0.016820669174194336
0.016858339309692383
0.018038272857666016
0.017312288284301758
0.01692819595336914
0.016881465911865234
0.017406463623046875
0.017180204391479492
0.017228126525878906
0.017051219940185547
0.017228126525878906
0.01708221435546875
0.01699972152709961
0.01701974868774414
0.017008304595947266
0.016918659210205078
0.01716327667236328
0.017009496688842773
0.017159700393676758
0.017147064208984375
0.01707291603088379
0.016934871673583984
0.01730632781982422
0.01818537712097168
0.017652511596679688
0.017357826232910156
0.01700115203857422
0.017082929611206055
0.017970800399780273
0.01767897605895996
0.01786661148071289
0.017979145050048828
0.017467975616455078
0.01736903190612793
0.017524242401123047
0.01762676239013672
0.018080711364746094
0.01732945442199707
0.016628742218017578
0.01678752899169922
0.016974210739135742
0.017049312591552734
0.017629623413085938
0.01808023452758789
0.017981767654418945
0.01774883270263672
0.017622947692871094
0.017351150512695312
0.017395973205566406
0.018106460571289062
0.018259048461914062
0.01790928840637207
0.017528295516967773
0.017610549926757812
0.017654895782470703
0.017725229263305664
0.01787590980529785
0.017987489700317383
0.01851344108581543
0.0176546573638916
0.017696619033813477
0.017596721649169922
0.01743483543395996
0.017081499099731445
0.017309188842773438
0.01712775230407715
0.017049074172973633
0.016924619674682617
0.0167844295501709
0.01671743392944336
0.017322778701782227
0.017244577407836914
0.016948461532592773
0.017152786254882812
0.01729750633239746
0.017676830291748047
0.017216205596923828
0.017055749893188477
0.017078638076782227
0.01703500747680664
0.017128467559814453
0.017111539840698242
0.017284631729125977
0.01711440086364746
0.017151355743408203
0.01727581024169922
0.01695728302001953
0.017199993133544922
0.017226696014404297
0.01708245277404785
0.01712822914123535
0.017026185989379883
0.01726841926574707
0.017496824264526367
0.017247438430786133
0.017145872116088867
0.01705193519592285
0.017087459564208984
0.01788043975830078
0.01960468292236328
0.01798224449157715
0.018618345260620117
0.018818140029907227
0.019097089767456055
0.018619537353515625
0.017697572708129883
0.017627716064453125
0.016979694366455078
0.017087221145629883
0.017345666885375977
0.017339468002319336
0.017047643661499023
0.017006635665893555
0.016762495040893555
0.016853809356689453
0.017201662063598633
0.017253398895263672
0.017514944076538086
0.017995357513427734
0.01764678955078125
0.017821311950683594
0.017410993576049805
0.016966581344604492
0.016962289810180664
0.01693129539489746
0.01685786247253418
0.017623424530029297
0.017910242080688477
0.01712799072265625
0.017038822174072266
0.017226457595825195
0.016953706741333008
0.016760826110839844
0.016828536987304688
0.017000436782836914
0.01651477813720703
0.01682424545288086
0.01726245880126953
0.01659226417541504
0.01647162437438965
0.016701459884643555
0.016579627990722656
0.016762256622314453
0.01762866973876953
0.01736140251159668
0.017240285873413086
0.01688241958618164
0.016742944717407227
0.016698598861694336
0.016751527786254883
0.017046451568603516
0.016653776168823242
0.016183853149414062
0.015810489654541016
0.01614093780517578
0.016343355178833008
0.01643681526184082
0.016696929931640625
0.017059803009033203
