0.0015673637390136719
0.00140380859375
0.001390695571899414
0.0013713836669921875
0.0014982223510742188
0.0013911724090576172
0.0014348030090332031
0.0014386177062988281
0.0014309883117675781
0.0015437602996826172
0.001508474349975586
0.0014119148254394531
0.0014400482177734375
0.0014069080352783203
0.001415252685546875
0.0013742446899414062
0.0013997554779052734
0.0014710426330566406
0.0014445781707763672
0.0013892650604248047
0.001377105712890625
0.0014004707336425781
0.001409769058227539
0.0015485286712646484
0.0015480518341064453
0.0014483928680419922
0.001422882080078125
0.0013861656188964844
0.0014801025390625
0.001421213150024414
0.0014221668243408203
0.0013742446899414062
0.0013844966888427734
0.0014958381652832031
0.001458883285522461
0.0014615058898925781
0.0014567375183105469
0.0013916492462158203
0.0013966560363769531
0.0013725757598876953
0.0014765262603759766
0.0014998912811279297
0.0014464855194091797
0.0013794898986816406
0.0013682842254638672
0.0013751983642578125
0.0014407634735107422
0.0014164447784423828
0.0014281272888183594
0.0014874935150146484
0.0014493465423583984
0.0015327930450439453
0.001447916030883789
0.0014488697052001953
0.0014462471008300781
0.0014889240264892578
0.0014028549194335938
0.0014584064483642578
0.0014221668243408203
0.0014750957489013672
0.001430511474609375
0.0013740062713623047
0.0014195442199707031
0.001420736312866211
0.0015106201171875
0.0013797283172607422
0.0015099048614501953
0.001482248306274414
0.0014619827270507812
0.001394510269165039
0.0013954639434814453
0.0013816356658935547
0.0013785362243652344
0.0014309883117675781
0.0014204978942871094
0.001550436019897461
0.0015108585357666016
0.0014865398406982422
0.0014042854309082031
0.0013880729675292969
0.0014460086822509766
0.0014748573303222656
0.0014159679412841797
0.001390695571899414
0.0014979839324951172
0.0013720989227294922
0.0014352798461914062
0.001371145248413086
0.0014204978942871094
0.001444101333618164
0.0013773441314697266
0.0013883113861083984
0.001374959945678711
0.0015099048614501953
0.0013835430145263672
0.0013606548309326172
0.0013837814331054688
0.0014390945434570312
0.001373291015625
0.0014569759368896484
0.0014069080352783203
0.001491546630859375
0.0015249252319335938
0.0014319419860839844
0.0014088153839111328
0.001382589340209961
0.0013895034790039062
0.001386404037475586
0.001444101333618164
0.0014231204986572266
0.0014693737030029297
0.0013926029205322266
0.0014560222625732422
0.001405477523803711
0.0014004707336425781
0.0014023780822753906
0.0013916492462158203
0.001375436782836914
0.0014717578887939453
0.0013670921325683594
0.0014369487762451172
0.0014262199401855469
0.0013701915740966797
0.0014674663543701172
0.001378774642944336
0.0014040470123291016
0.0015330314636230469
0.0014269351959228516
0.0014116764068603516
0.0013844966888427734
0.0013594627380371094
0.0014843940734863281
0.0013642311096191406
0.0014269351959228516
0.0014727115631103516
0.0013699531555175781
0.0013992786407470703
0.0013895034790039062
0.001413106918334961
0.001432657241821289
0.0014111995697021484
0.0013709068298339844
0.0015211105346679688
0.0014519691467285156
0.0014166831970214844
0.0014050006866455078
0.0014264583587646484
0.0014493465423583984
0.0013992786407470703
0.0014843940734863281
0.0014414787292480469
0.0014255046844482422
0.0013842582702636719
0.0014688968658447266
0.0014612674713134766
0.0014238357543945312
0.0013794898986816406
0.0013892650604248047
0.0013806819915771484
0.0013935565948486328
0.0014111995697021484
0.0013952255249023438
0.0013892650604248047
0.0014464855194091797
0.0014336109161376953
0.0014586448669433594
0.0014548301696777344
0.0013926029205322266
0.0015835762023925781
0.0013995170593261719
0.001447439193725586
0.0014946460723876953
0.0014820098876953125
0.0014309883117675781
0.0014030933380126953
0.0013933181762695312
0.0014820098876953125
0.0015168190002441406
0.0014274120330810547
0.0014798641204833984
0.0013811588287353516
0.0014820098876953125
0.0014078617095947266
0.001413583755493164
0.001499176025390625
0.0014481544494628906
0.0014224052429199219
0.001428365707397461
0.0013964176177978516
0.0014615058898925781
0.0014655590057373047
0.0014846324920654297
0.0013797283172607422
0.0015342235565185547
0.0014355182647705078
0.001474142074584961
0.0013856887817382812
0.001539468765258789
0.0014057159423828125
0.0015010833740234375
0.0013980865478515625
0.001398324966430664
0.0014412403106689453
0.0014340877532958984
0.001495361328125
0.0015048980712890625
0.0013737678527832031
0.001453399658203125
0.0015058517456054688
0.0013990402221679688
0.0013892650604248047
0.001420736312866211
0.0014286041259765625
0.0014421939849853516
0.0014493465423583984
0.0014431476593017578
0.001369476318359375
0.0013954639434814453
0.001466989517211914
0.0013704299926757812
0.00142669677734375
0.0014078617095947266
0.0013997554779052734
0.0014150142669677734
0.001386404037475586
0.0013382434844970703
0.001401662826538086
0.0013968944549560547
0.0013451576232910156
0.0014045238494873047
0.0014078617095947266
0.00139617919921875
0.001377105712890625
0.0013966560363769531
0.0014901161193847656
0.0014495849609375
0.0013844966888427734
0.0014111995697021484
0.0013823509216308594
0.0014007091522216797
0.0014872550964355469
0.0014345645904541016
0.001474142074584961
0.0014204978942871094
0.0014500617980957031
0.0016243457794189453
0.0013813972473144531
0.0014452934265136719
0.0015287399291992188
0.0014071464538574219
0.0015535354614257812
0.0014917850494384766
0.0016193389892578125
0.0014510154724121094
0.0014758110046386719
0.0016255378723144531
0.001390218734741211
0.001453399658203125
0.0015981197357177734
0.0014176368713378906
0.0016131401062011719
0.0013821125030517578
0.0014777183532714844
0.0014531612396240234
0.0014507770538330078
0.001493215560913086
0.001383066177368164
0.0013990402221679688
0.0015499591827392578
0.001499176025390625
0.0014922618865966797
0.0014414787292480469
0.0013802051544189453
0.0015347003936767578
0.0014185905456542969
0.0014157295227050781
0.0014698505401611328
0.0014560222625732422
0.001491546630859375
0.0014519691467285156
0.0015239715576171875
0.001425027847290039
0.0013890266418457031
0.0014808177947998047
0.0014650821685791016
0.0014646053314208984
0.0014946460723876953
0.0014736652374267578
0.0015790462493896484
0.0014717578887939453
0.0014111995697021484
0.0014841556549072266
0.0014846324920654297
0.0016248226165771484
0.0014805793762207031
0.0015022754669189453
0.0014870166778564453
0.0014100074768066406
0.0016553401947021484
0.0014333724975585938
0.0014567375183105469
0.001588582992553711
0.0014543533325195312
0.0015017986297607422
0.0015058517456054688
0.0013852119445800781
0.0015933513641357422
0.001409292221069336
0.0014383792877197266
0.0015611648559570312
0.0013813972473144531
0.0015113353729248047
0.0014233589172363281
0.0013873577117919922
0.0016055107116699219
0.0013833045959472656
0.0015101432800292969
0.001497507095336914
0.0013804435729980469
0.0014863014221191406
0.0014429092407226562
0.0014357566833496094
0.0014684200286865234
0.0014193058013916016
0.0014500617980957031
0.0014579296112060547
0.0014095306396484375
0.0014636516571044922
0.001447439193725586
0.0014271736145019531
0.001421213150024414
0.0013890266418457031
0.0014955997467041016
0.0014660358428955078
0.0014646053314208984
0.001552581787109375
0.0014691352844238281
0.0014905929565429688
0.0015702247619628906
0.0014429092407226562
0.0014562606811523438
0.0013866424560546875
0.001445770263671875
0.0014619827270507812
0.0013785362243652344
0.0013937950134277344
0.0013942718505859375
0.0014262199401855469
0.0014660358428955078
0.0013668537139892578
0.0013930797576904297
0.0013697147369384766
0.0014188289642333984
0.001420736312866211
0.001407623291015625
0.0013799667358398438
0.0014002323150634766
0.0013713836669921875
0.0014159679412841797
0.0014791488647460938
0.0014374256134033203
0.0013697147369384766
0.0013806819915771484
0.0014235973358154297
0.0014560222625732422
0.0014586448669433594
0.0013811588287353516
0.0013723373413085938
0.0014128684997558594
0.001379251480102539
0.00142669677734375
0.001435995101928711
0.0013918876647949219
0.0013880729675292969
0.0014104843139648438
0.0014903545379638672
0.001422882080078125
0.0014190673828125
0.0013980865478515625
0.0013759136199951172
0.0014030933380126953
0.001374959945678711
0.0013952255249023438
0.0013933181762695312
0.0014140605926513672
0.0014293193817138672
0.0013687610626220703
0.001392364501953125
0.001383066177368164
0.0014154911041259766
0.0013899803161621094
0.0014004707336425781
0.0014300346374511719
0.0014634132385253906
0.0013988018035888672
0.0013914108276367188
0.0014879703521728516
0.0013813972473144531
0.0014102458953857422
0.001384735107421875
0.0013782978057861328
0.0014138221740722656
0.0014195442199707031
0.0014595985412597656
0.0015170574188232422
0.0014696121215820312
0.001401662826538086
0.0014345645904541016
0.001386880874633789
0.0013742446899414062
0.0013680458068847656
0.0014019012451171875
0.0015716552734375
0.0015003681182861328
0.0014739036560058594
0.0014717578887939453
0.0015060901641845703
0.0014879703521728516
0.0014557838439941406
0.0014643669128417969
0.0014667510986328125
0.0015366077423095703
0.0015783309936523438
0.0014064311981201172
0.001435995101928711
0.0014598369598388672
0.0014603137969970703
0.0014889240264892578
0.0014886856079101562
0.001428842544555664
0.001569986343383789
0.001377105712890625
0.001512765884399414
0.0015649795532226562
0.0015380382537841797
0.0014843940734863281
0.0014901161193847656
0.0014731884002685547
0.0014679431915283203
0.0014300346374511719
0.0015666484832763672
0.0014355182647705078
0.0015053749084472656
0.0014431476593017578
0.0013813972473144531
0.0014605522155761719
0.0014772415161132812
0.0014727115631103516
0.0014843940734863281
0.0014920234680175781
0.001522064208984375
0.0014836788177490234
0.0014214515686035156
0.0014951229095458984
0.0014681816101074219
0.001394510269165039
0.0014414787292480469
0.0014028549194335938
0.0014796257019042969
0.0014536380767822266
0.0013804435729980469
0.0014033317565917969
0.0014104843139648438
0.0013887882232666016
0.0013720989227294922
0.0013790130615234375
0.0014405250549316406
0.0014858245849609375
0.0013649463653564453
0.0015192031860351562
0.0015077590942382812
0.0014643669128417969
0.0014262199401855469
0.0015168190002441406
0.001476287841796875
0.0014634132385253906
0.001486063003540039
0.0014753341674804688
0.00146484375
0.0014591217041015625
0.0014500617980957031
0.0014224052429199219
0.0014674663543701172
0.0014684200286865234
0.0014777183532714844
0.00139617919921875
0.0013623237609863281
0.0014657974243164062
0.0013782978057861328
0.0013887882232666016
0.0014567375183105469
0.0013802051544189453
0.0014843940734863281
0.0014183521270751953
0.001415252685546875
0.0014996528625488281
0.0013852119445800781
0.0014829635620117188
0.0014052391052246094
0.001474142074584961
0.0014808177947998047
0.0013885498046875
0.001367807388305664
0.0013680458068847656
0.0013785362243652344
0.0013971328735351562
0.0014553070068359375
0.0014188289642333984
0.0013883113861083984
0.0014147758483886719
0.0013566017150878906
0.0013744831085205078
0.0014495849609375
0.0014061927795410156
0.001373291015625
0.0013885498046875
0.0013763904571533203
0.0014264583587646484
0.0014307498931884766
0.0013890266418457031
0.00142669677734375
0.0013799667358398438
0.001409292221069336
0.00141143798828125
0.0013988018035888672
0.0013957023620605469
0.001360177993774414
0.0014278888702392578
0.0013587474822998047
0.0013856887817382812
0.0013899803161621094
0.0013995170593261719
0.0014202594757080078
0.0014235973358154297
0.001402139663696289
0.001377105712890625
0.0014314651489257812
0.0014333724975585938
0.0014185905456542969
0.0013623237609863281
0.0014083385467529297
0.0013797283172607422
0.0013852119445800781
0.0014066696166992188
0.0013697147369384766
0.0013594627380371094
0.0014300346374511719
0.0013728141784667969
0.0013794898986816406
0.0014581680297851562
0.0014324188232421875
0.0014989376068115234
0.0014064311981201172
0.0013918876647949219
0.0013918876647949219
0.0013709068298339844
0.0013916492462158203
0.0013997554779052734
0.0013904571533203125
0.0014252662658691406
0.0014884471893310547
0.001535177230834961
0.0017323493957519531
0.0014824867248535156
0.0016775131225585938
0.0014879703521728516
0.001413583755493164
0.0014853477478027344
0.0014700889587402344
0.0014178752899169922
0.0014247894287109375
0.001390218734741211
0.0014467239379882812
0.0014030933380126953
0.0014085769653320312
0.0015175342559814453
0.0014638900756835938
0.0014767646789550781
0.0014178752899169922
0.001405954360961914
0.0014164447784423828
0.001440286636352539
0.0013878345489501953
0.0013790130615234375
0.0013778209686279297
0.0014901161193847656
0.0016210079193115234
0.001497030258178711
0.0015382766723632812
0.0014538764953613281
0.0015223026275634766
0.001504659652709961
0.001373291015625
0.0014727115631103516
0.0013725757598876953
0.0013849735260009766
0.0014395713806152344
0.0015234947204589844
0.0015697479248046875
0.0015058517456054688
0.0014548301696777344
0.0016760826110839844
0.0015866756439208984
0.0015707015991210938
0.0014529228210449219
0.0014853477478027344
0.0015463829040527344
0.0014529228210449219
0.0016164779663085938
0.0015845298767089844
0.0016274452209472656
0.0015752315521240234
0.0015263557434082031
0.0016236305236816406
0.0014541149139404297
0.0015797615051269531
0.0015969276428222656
0.0015282630920410156
0.0015535354614257812
0.0014755725860595703
0.0015954971313476562
0.001483917236328125
0.0014853477478027344
0.0014595985412597656
0.0015797615051269531
0.0016551017761230469
0.0014655590057373047
0.0014777183532714844
0.0015537738800048828
0.0015704631805419922
0.0015664100646972656
0.001447916030883789
0.0016009807586669922
0.0014998912811279297
0.001447439193725586
0.0014781951904296875
0.0014729499816894531
0.0014879703521728516
0.0015439987182617188
0.0013992786407470703
0.0014951229095458984
0.0014231204986572266
0.0013537406921386719
0.0016047954559326172
0.001468658447265625
0.0015745162963867188
0.001491546630859375
0.001443624496459961
0.0016050338745117188
0.001529693603515625
0.0015172958374023438
0.0013811588287353516
0.0014202594757080078
0.0015799999237060547
0.0014088153839111328
0.001425027847290039
0.0015115737915039062
0.0013616085052490234
0.001527547836303711
0.0014672279357910156
0.0013840198516845703
0.0015864372253417969
0.0014231204986572266
0.0015976428985595703
0.001500844955444336
0.0014910697937011719
0.0014624595642089844
0.0014278888702392578
0.001428842544555664
0.0013794898986816406
0.001447439193725586
0.0015058517456054688
0.0013613700866699219
0.0014104843139648438
0.001453399658203125
0.0013747215270996094
0.0014393329620361328
0.001476287841796875
0.0014586448669433594
0.0015022754669189453
0.0014758110046386719
0.0014903545379638672
0.0014536380767822266
0.0013675689697265625
0.001489877700805664
0.0013873577117919922
0.0013780593872070312
0.0014510154724121094
0.0013911724090576172
0.0015559196472167969
0.0015017986297607422
0.001432180404663086
0.0014984607696533203
0.0014111995697021484
0.001455545425415039
0.001424551010131836
0.001409769058227539
0.0014767646789550781
0.0014812946319580078
0.0014660358428955078
0.0014693737030029297
0.0014736652374267578
0.0014660358428955078
0.0014045238494873047
0.0013725757598876953
0.0014736652374267578
0.0014500617980957031
0.001424551010131836
0.0014476776123046875
0.0014777183532714844
0.0015218257904052734
0.0014467239379882812
0.0015575885772705078
0.0015957355499267578
0.0015571117401123047
0.0015048980712890625
0.001482248306274414
0.001394033432006836
0.001486063003540039
0.0014119148254394531
0.0014986991882324219
0.001409292221069336
0.0014102458953857422
0.0015196800231933594
0.0014827251434326172
0.001447916030883789
0.0014495849609375
0.001451253890991211
0.0015494823455810547
0.0014607906341552734
0.001539468765258789
0.0015292167663574219
0.0013883113861083984
0.0014774799346923828
0.0014998912811279297
0.0014734268188476562
0.0014994144439697266
0.0014672279357910156
0.00152587890625
0.0015773773193359375
0.0014698505401611328
0.001482248306274414
0.0015118122100830078
0.001474618911743164
0.001630544662475586
0.0015339851379394531
0.0016946792602539062
0.0014584064483642578
0.001626729965209961
0.0015594959259033203
0.0014946460723876953
0.0015521049499511719
0.001514434814453125
0.0015711784362792969
0.0014629364013671875
0.0015151500701904297
0.0015797615051269531
0.0016167163848876953
0.0016672611236572266
0.0014803409576416016
0.0015172958374023438
0.0015134811401367188
0.001535654067993164
0.0015718936920166016
0.0014882087707519531
0.0014750957489013672
0.0014700889587402344
0.0013840198516845703
0.0015838146209716797
0.0013818740844726562
0.0015218257904052734
0.0015251636505126953
0.0014061927795410156
0.0015742778778076172
0.0014071464538574219
0.0013883113861083984
0.0015716552734375
0.001478433609008789
0.0015869140625
0.0014584064483642578
0.0014300346374511719
0.001562356948852539
0.0013937950134277344
0.0016574859619140625
0.0015816688537597656
0.0015316009521484375
0.001706838607788086
0.0015101432800292969
0.0016553401947021484
0.0014448165893554688
0.0014421939849853516
0.001680135726928711
0.0014798641204833984
0.0015921592712402344
0.0014307498931884766
0.0014717578887939453
0.001493215560913086
0.0013964176177978516
0.001558065414428711
0.0014204978942871094
0.0014159679412841797
0.0015528202056884766
0.001401662826538086
0.0015521049499511719
0.0014312267303466797
0.0014448165893554688
0.001581430435180664
0.0014815330505371094
0.0014386177062988281
0.0014231204986572266
0.0014176368713378906
0.0014662742614746094
0.0014176368713378906
0.0014390945434570312
0.0014085769653320312
0.0014095306396484375
0.0015320777893066406
0.0013997554779052734
0.001371622085571289
0.0015413761138916016
0.0015287399291992188
0.0014491081237792969
0.0013849735260009766
0.001407623291015625
0.0014569759368896484
0.0013742446899414062
0.0014042854309082031
0.0013895034790039062
0.0013573169708251953
0.001405477523803711
0.0013873577117919922
0.0013878345489501953
0.0014204978942871094
0.001398324966430664
0.0013761520385742188
0.0013849735260009766
0.0013697147369384766
0.0013775825500488281
0.0014023780822753906
0.0013751983642578125
0.0013890266418457031
0.0013844966888427734
0.001463174819946289
0.0013971328735351562
0.0013570785522460938
0.0013873577117919922
0.0014655590057373047
0.0013647079467773438
0.0013885498046875
0.0013706684112548828
0.001363992691040039
0.001386404037475586
0.0013885498046875
0.0014050006866455078
0.0015027523040771484
0.0014214515686035156
0.0013782978057861328
0.0013816356658935547
0.0014789104461669922
0.0014553070068359375
0.0013909339904785156
0.0014078617095947266
0.0014388561248779297
0.0013742446899414062
0.001399993896484375
0.0013780593872070312
0.0013742446899414062
0.0014157295227050781
0.0013728141784667969
0.001413106918334961
0.0014760494232177734
0.0014026165008544922
0.0014405250549316406
0.0013995170593261719
0.001398324966430664
0.0013930797576904297
0.0013821125030517578
0.0013842582702636719
0.0014379024505615234
0.001436471939086914
0.0014140605926513672
0.0013725757598876953
0.0013740062713623047
0.0013835430145263672
0.001369476318359375
0.001386404037475586
0.001430511474609375
0.0015213489532470703
0.0014717578887939453
0.001481771469116211
0.00145721435546875
0.001432180404663086
0.001489400863647461
0.0014243125915527344
0.0014996528625488281
0.0015451908111572266
0.001445770263671875
0.0015652179718017578
0.0014543533325195312
0.0014872550964355469
0.0014629364013671875
0.0014584064483642578
0.0014688968658447266
0.0014584064483642578
0.001577615737915039
0.001451730728149414
0.0014739036560058594
0.0014014244079589844
0.0015606880187988281
0.0014946460723876953
0.001453399658203125
0.0015075206756591797
0.001495361328125
0.0014650821685791016
0.0014102458953857422
0.0014219284057617188
0.0013647079467773438
0.0014934539794921875
0.001445770263671875
0.0015647411346435547
0.0016968250274658203
0.0015366077423095703
0.0015246868133544922
0.0015532970428466797
0.0014536380767822266
0.0014758110046386719
0.001409769058227539
0.0014903545379638672
0.0015282630920410156
0.0015044212341308594
0.00154876708984375
0.0015535354614257812
0.0016231536865234375
0.0015749931335449219
0.0015773773193359375
0.0014922618865966797
0.0014796257019042969
0.0015892982482910156
0.0014777183532714844
0.0014791488647460938
0.0014910697937011719
0.0015172958374023438
0.0015606880187988281
0.0015721321105957031
0.0015175342559814453
0.0015382766723632812
0.0014536380767822266
0.001603841781616211
0.0014595985412597656
0.0015571117401123047
0.0015909671783447266
0.0016350746154785156
0.0015645027160644531
0.001497030258178711
0.0015921592712402344
0.001447916030883789
0.0014503002166748047
0.00147247314453125
0.0015783309936523438
0.0016298294067382812
0.0014505386352539062
0.0014743804931640625
0.001605987548828125
0.0014498233795166016
0.0014111995697021484
0.001413583755493164
0.0014526844024658203
0.0016055107116699219
0.0014791488647460938
0.0015864372253417969
0.0015206336975097656
0.0015788078308105469
0.0015904903411865234
0.001455545425415039
0.0015344619750976562
0.0015921592712402344
0.0014600753784179688
0.0015802383422851562
0.0013720989227294922
0.0015194416046142578
0.0015597343444824219
0.0015006065368652344
0.0016744136810302734
0.0015387535095214844
0.0015554428100585938
0.0015499591827392578
0.0015897750854492188
0.0015408992767333984
0.0014514923095703125
0.0015418529510498047
0.001501321792602539
0.0016028881072998047
0.0014972686767578125
0.0014772415161132812
0.0016410350799560547
0.0015358924865722656
0.0016024112701416016
0.0015249252319335938
0.0015511512756347656
0.0016362667083740234
