18.60660905465403
18.471123436171048
18.43783433589627
18.43783433589627
18.43783433589627
18.227453033530505
18.227453033530505
18.227453033530505
17.701839950935558
17.701839950935558
17.701839950935558
17.701839950935558
17.701839950935558
17.701839950935558
17.701839950935558
17.478641424696377
17.454561805065442
17.454561805065442
17.454561805065442
17.454561805065442
17.454561805065442
17.091917867346254
17.091917867346254
17.091917867346254
17.091917867346254
17.091917867346254
17.091917867346254
17.091917867346254
17.091917867346254
16.717642172576948
16.717642172576948
16.717642172576948
16.717642172576948
16.717642172576948
16.717642172576948
16.717642172576948
16.717642172576948
16.188263204616796
16.188263204616796
16.188263204616796
16.188263204616796
16.188263204616796
15.927891461653406
15.927891461653406
15.927891461653406
15.927891461653406
15.927891461653406
15.606176781531728
15.606176781531728
15.24335714779391
15.24335714779391
15.24335714779391
15.24335714779391
15.24335714779391
15.24335714779391
15.200054259043037
15.200054259043037
15.200054259043037
15.200054259043037
15.200054259043037
14.877169405165523
14.877169405165523
14.877169405165523
14.877169405165523
14.877169405165523
14.84205326006703
14.84205326006703
14.84205326006703
14.84205326006703
14.84205326006703
14.84205326006703
14.643831429489058
14.519722422630746
14.519722422630746
14.519722422630746
14.519722422630746
14.519722422630746
14.519722422630746
14.519722422630746
14.519722422630746
14.519722422630746
14.519722422630746
14.519722422630746
14.519722422630746
14.519722422630746
14.00265447622403
14.00265447622403
14.00265447622403
14.00265447622403
14.00265447622403
14.00265447622403
14.00265447622403
14.00265447622403
14.00265447622403
14.00265447622403
13.668633700245287
13.668633700245287
13.668633700245287
13.303391807064807
13.303391807064807
13.303391807064807
13.303391807064807
13.303391807064807
13.303391807064807
12.103552475604245
12.103552475604245
12.103552475604245
12.103552475604245
12.103552475604245
11.468012861086665
11.468012861086665
11.468012861086665
11.468012861086665
11.468012861086665
11.468012861086665
11.468012861086665
11.468012861086665
11.227104706160398
11.227104706160398
11.227104706160398
11.227104706160398
11.227104706160398
11.227104706160398
11.227104706160398
11.227104706160398
11.227104706160398
11.227104706160398
11.227104706160398
11.227104706160398
11.182790204380677
11.182790204380677
11.182790204380677
11.13330083901466
11.13330083901466
11.13330083901466
11.13330083901466
11.13330083901466
10.740669929225067
10.740669929225067
10.740669929225067
10.740669929225067
10.740669929225067
10.740669929225067
10.740669929225067
10.740669929225067
10.512773069439872
10.512773069439872
10.512773069439872
10.512773069439872
10.512773069439872
10.512773069439872
10.512773069439872
10.512773069439872
10.512773069439872
10.512773069439872
10.512773069439872
10.512773069439872
10.512773069439872
10.512773069439872
10.435137323108943
10.435137323108943
10.356161917698925
10.303481353147564
9.89053941489394
9.89053941489394
9.89053941489394
9.412052315868452
9.412052315868452
9.412052315868452
9.412052315868452
9.412052315868452
9.412052315868452
9.412052315868452
9.412052315868452
9.412052315868452
9.412052315868452
9.412052315868452
9.412052315868452
9.412052315868452
9.412052315868452
9.412052315868452
9.39321853025811
9.39321853025811
9.39321853025811
9.39321853025811
9.39321853025811
9.39321853025811
9.39321853025811
9.107685207991953
9.107685207991953
9.107685207991953
9.107685207991953
9.107685207991953
8.689296150889007
8.689296150889007
7.999958343260419
7.999958343260419
7.584546009194609
7.584546009194609
7.584546009194609
7.584546009194609
7.584546009194609
7.584546009194609
7.584546009194609
7.584546009194609
7.584546009194609
7.584546009194609
7.584546009194609
7.584546009194609
7.584546009194609
7.584546009194609
7.584546009194609
7.584546009194609
7.584546009194609
7.584546009194609
7.584546009194609
7.584546009194609
7.584546009194609
7.584546009194609
7.584546009194609
7.584546009194609
7.584546009194609
7.584546009194609
7.584546009194609
7.584546009194609
7.584546009194609
7.584546009194609
7.460787307426552
7.460787307426552
7.460787307426552
7.460787307426552
7.460787307426552
7.460787307426552
7.381402450250766
6.833538065841205
6.833538065841205
6.833538065841205
6.833538065841205
6.833538065841205
6.833538065841205
6.833538065841205
6.833538065841205
6.833538065841205
6.728147303833413
5.9265179602194
5.9265179602194
5.9265179602194
5.9265179602194
5.9265179602194
5.9265179602194
5.9265179602194
5.9265179602194
5.9265179602194
5.9265179602194
5.9265179602194
5.9265179602194
5.9265179602194
5.9265179602194
5.9265179602194
5.9265179602194
5.9265179602194
5.9265179602194
5.9265179602194
5.9265179602194
5.9265179602194
5.9265179602194
5.9265179602194
5.9265179602194
5.9265179602194
5.9265179602194
5.9265179602194
5.9265179602194
5.9265179602194
5.9265179602194
5.9265179602194
5.9265179602194
5.8425329867487115
5.8425329867487115
5.8425329867487115
5.8425329867487115
5.8425329867487115
5.8425329867487115
5.8425329867487115
5.8425329867487115
5.6541348547577535
5.6541348547577535
5.594613790995794
5.594613790995794
5.594613790995794
5.594613790995794
5.594613790995794
5.594613790995794
5.594613790995794
5.594613790995794
5.594613790995794
5.594613790995794
5.594613790995794
5.57337396083706
5.57337396083706
5.545286485516986
5.545286485516986
5.154083207963033
5.154083207963033
5.154083207963033
5.154083207963033
5.154083207963033
5.154083207963033
5.154083207963033
5.154083207963033
5.154083207963033
5.154083207963033
5.154083207963033
5.154083207963033
5.112883928472147
5.112883928472147
5.056416443778964
5.056416443778964
5.056416443778964
5.056416443778964
5.056416443778964
5.001523831269996
5.001523831269996
5.001523831269996
5.001523831269996
5.001523831269996
5.001523831269996
4.982360142797095
4.621296398362194
4.621296398362194
4.621296398362194
4.621296398362194
4.621296398362194
4.621296398362194
4.580861951112514
4.580861951112514
4.580861951112514
4.580861951112514
4.343011034113495
4.343011034113495
4.343011034113495
4.343011034113495
4.343011034113495
4.343011034113495
4.343011034113495
4.299605272682982
4.299605272682982
4.107688663709968
4.107688663709968
4.107688663709968
4.107688663709968
4.107688663709968
4.081572650061418
4.081572650061418
4.081572650061418
4.081572650061418
4.081572650061418
4.081572650061418
4.081572650061418
4.081572650061418
4.081572650061418
4.081572650061418
4.081572650061418
4.081572650061418
3.996176456617409
3.742676231355386
3.742676231355386
3.742676231355386
3.742676231355386
3.742676231355386
3.742676231355386
3.742676231355386
3.742676231355386
3.742676231355386
3.742676231355386
3.742676231355386
3.742676231355386
3.681154011795268
3.5042783137932005
3.4988220065712525
3.4988220065712525
3.4988220065712525
3.4988220065712525
3.284020156100862
3.284020156100862
3.284020156100862
3.284020156100862
3.284020156100862
3.284020156100862
3.284020156100862
3.284020156100862
3.284020156100862
3.1736703129348847
3.1736703129348847
3.100685599570525
3.100685599570525
3.100685599570525
3.100685599570525
3.100685599570525
3.100685599570525
3.100685599570525
3.100685599570525
3.100685599570525
3.100685599570525
3.100685599570525
3.100685599570525
3.100685599570525
3.100685599570525
3.100685599570525
3.100685599570525
3.100685599570525
3.100685599570525
3.100685599570525
3.100685599570525
3.100685599570525
3.100685599570525
3.100685599570525
3.100685599570525
3.100685599570525
3.100685599570525
3.100685599570525
3.100685599570525
3.100685599570525
3.100685599570525
3.100685599570525
3.096757090744365
3.096757090744365
3.096757090744365
3.096757090744365
3.096757090744365
3.096757090744365
3.096757090744365
3.096757090744365
3.096757090744365
3.0667813594188438
2.976229904340748
2.976229904340748
2.831511745441123
2.831511745441123
2.831511745441123
2.831511745441123
2.831511745441123
2.831511745441123
2.831511745441123
2.831511745441123
2.831511745441123
2.831511745441123
2.831511745441123
2.831511745441123
2.831511745441123
2.8275224918518127
2.8275224918518127
2.8275224918518127
2.8275224918518127
2.7521073110508816
2.7521073110508816
2.686321657022148
2.686321657022148
2.686321657022148
2.686321657022148
2.686321657022148
2.686321657022148
2.686321657022148
2.686321657022148
2.686321657022148
2.686321657022148
2.598423671850476
2.598423671850476
2.598423671850476
2.598423671850476
2.598423671850476
2.598423671850476
2.598423671850476
2.488760228322821
2.488760228322821
2.488760228322821
2.488760228322821
2.488760228322821
2.3240419116889406
2.3240419116889406
2.3240419116889406
2.3240419116889406
2.3240419116889406
2.3240419116889406
2.3240419116889406
2.3240419116889406
2.3240419116889406
2.3240419116889406
2.3240419116889406
2.3240419116889406
2.3240419116889406
2.2251815489046187
2.2066448611723786
2.200419292831878
2.200419292831878
2.1826091065195534
2.1826091065195534
2.1826091065195534
2.1826091065195534
2.1826091065195534
2.1826091065195534
2.1826091065195534
2.1826091065195534
2.1826091065195534
2.0217910098020546
2.0217910098020546
1.8567447426842953
1.8567447426842953
1.8567447426842953
1.8567447426842953
1.8567447426842953
1.7380875741666806
1.7380875741666806
1.7380875741666806
1.7380875741666806
1.7380875741666806
1.6870688457452268
1.6870688457452268
1.6870688457452268
1.6870688457452268
1.3562057228794302
1.3562057228794302
1.3562057228794302
1.3562057228794302
1.3562057228794302
1.3562057228794302
1.3562057228794302
1.3562057228794302
1.3562057228794302
1.3562057228794302
1.3562057228794302
1.3562057228794302
1.3562057228794302
1.3562057228794302
1.3562057228794302
1.3562057228794302
1.3562057228794302
1.3562057228794302
1.3562057228794302
1.3562057228794302
1.3562057228794302
1.3562057228794302
1.3562057228794302
1.3113041777620928
1.3113041777620928
1.3113041777620928
1.3113041777620928
1.3113041777620928
1.3113041777620928
1.3113041777620928
1.3113041777620928
1.3113041777620928
1.3113041777620928
1.3113041777620928
1.3113041777620928
1.3113041777620928
1.3087822892388061
1.3087822892388061
1.3087822892388061
1.3087822892388061
1.3087822892388061
1.196150734780975
1.196150734780975
1.196150734780975
1.196150734780975
1.196150734780975
1.196150734780975
1.196150734780975
1.196150734780975
1.196150734780975
0.9527645121729549
0.9527645121729549
0.9527645121729549
0.9527645121729549
0.9527645121729549
0.9527645121729549
0.9527645121729549
0.9527645121729549
0.9527645121729549
0.9527645121729549
0.9527645121729549
0.8051275773580322
0.8051275773580322
0.8051275773580322
0.8051275773580322
0.8051275773580322
0.8051275773580322
0.8051275773580322
0.8051275773580322
0.8051275773580322
0.8051275773580322
0.8051275773580322
0.8051275773580322
0.8051275773580322
0.8051275773580322
0.8051275773580322
0.8051275773580322
0.8051275773580322
0.8051275773580322
0.8051275773580322
0.6681596520235473
0.6681596520235473
0.6681596520235473
0.6681596520235473
0.6681596520235473
0.6681596520235473
0.6681596520235473
0.6681596520235473
0.6681596520235473
0.6681596520235473
0.6681596520235473
0.6681596520235473
0.6681596520235473
0.6681596520235473
0.6681596520235473
0.6573724356931336
0.6573724356931336
0.6573724356931336
0.6573724356931336
0.6573724356931336
0.6149479634690849
0.6149479634690849
0.6149479634690849
0.6149479634690849
0.6149479634690849
0.6149479634690849
0.6149479634690849
0.6149479634690849
0.6149479634690849
0.6149479634690849
0.6149479634690849
0.6149479634690849
0.5790847165086106
0.5790847165086106
0.5790847165086106
0.5790847165086106
0.5790847165086106
0.5436999539134355
0.5436999539134355
0.5006227696477374
0.5006227696477374
0.5006227696477374
0.5006227696477374
0.48877261207349676
0.48877261207349676
0.48877261207349676
0.48877261207349676
0.48877261207349676
0.48789881917412714
0.48789881917412714
0.4836647483096854
0.4791934398553188
0.4340907166903385
0.4340907166903385
0.4340907166903385
0.4340907166903385
0.4340907166903385
0.4340907166903385
0.4340907166903385
0.4340907166903385
0.4340907166903385
0.4340907166903385
0.4340907166903385
0.4340907166903385
0.4340907166903385
0.4069791505357614
0.4069791505357614
0.4069791505357614
0.4069791505357614
0.4069791505357614
0.4069791505357614
0.4069791505357614
0.4069791505357614
0.4069791505357614
0.4069791505357614
0.4069791505357614
0.4069791505357614
0.4068447978712477
0.3698936067543954
0.3698936067543954
0.3698936067543954
0.3698936067543954
0.3698936067543954
0.36588548807880983
0.36588548807880983
0.36588548807880983
0.36588548807880983
0.36588548807880983
0.36588548807880983
0.36588548807880983
0.36588548807880983
0.36588548807880983
0.36117271989910193
0.36117271989910193
0.36117271989910193
0.3494669168838591
0.34623795800250434
0.34623795800250434
0.34623795800250434
0.32431630640927267
0.32431630640927267
0.32431630640927267
0.32431630640927267
0.32431630640927267
0.32431630640927267
0.32431630640927267
0.3063192851631804
0.3063192851631804
0.3063192851631804
0.3063192851631804
0.3063192851631804
0.28260584929509136
0.28260584929509136
0.28260584929509136
0.28260584929509136
0.28260584929509136
0.28260584929509136
0.2683977050708215
0.2683977050708215
0.2683977050708215
0.23878704152192043
0.23878704152192043
0.23878704152192043
0.23878704152192043
0.23878704152192043
0.23878704152192043
0.23878704152192043
0.23878704152192043
0.23878704152192043
0.23878704152192043
0.23406269845694538
0.23406269845694538
0.23406269845694538
0.2054864589476999
0.2054864589476999
0.2054864589476999
0.2054864589476999
0.2054864589476999
0.2054864589476999
0.2054864589476999
0.2054864589476999
0.19114817648335958
0.19114817648335958
0.19114817648335958
0.19114817648335958
0.19114817648335958
0.19114817648335958
0.19114817648335958
0.19114817648335958
0.19114817648335958
0.19114817648335958
0.19114817648335958
0.19114817648335958
0.19114817648335958
0.19114817648335958
0.19114817648335958
0.19114817648335958
0.19114817648335958
0.19114817648335958
0.19114817648335958
0.19114817648335958
0.1440920338406606
0.1440920338406606
0.1440920338406606
0.1440920338406606
0.1440920338406606
0.1440920338406606
0.1440920338406606
0.1440920338406606
0.1440920338406606
0.1440920338406606
0.13926398082498892
0.13926398082498892
0.13926398082498892
0.13867957965274158
0.13867957965274158
0.13867957965274158
0.13867957965274158
0.13867957965274158
0.13867957965274158
0.1282129116730708
0.1282129116730708
0.1282129116730708
0.1282129116730708
0.1249681311206281
0.1249681311206281
0.1249681311206281
0.1249681311206281
0.1249681311206281
0.1249681311206281
0.12486249154418871
0.12486249154418871
0.12486249154418871
0.12486249154418871
0.12486249154418871
0.12486249154418871
0.12486249154418871
0.12486249154418871
0.12486249154418871
0.10105827559047498
0.10105827559047498
0.10105827559047498
0.10105827559047498
0.10105827559047498
0.09591771690265105
0.09591771690265105
0.09591771690265105
0.09591771690265105
0.09591771690265105
0.09591771690265105
0.09591771690265105
0.09591771690265105
0.09591771690265105
0.09591771690265105
0.09591771690265105
0.09591771690265105
0.08407978063508281
0.08407978063508281
0.08407978063508281
0.08407978063508281
0.08407978063508281
0.08407978063508281
0.08407978063508281
0.07529931592105044
0.07529931592105044
0.07529931592105044
0.07529931592105044
0.07529931592105044
0.07529931592105044
0.07529931592105044
0.07529931592105044
0.07529931592105044
0.07529931592105044
0.07529931592105044
0.07440027743759359
0.06636454114160983
0.06636454114160983
0.06636454114160983
0.06636454114160983
0.06636454114160983
0.06276065439326217
0.06276065439326217
0.06276065439326217
0.06276065439326217
0.06276065439326217
0.06276065439326217
0.06276065439326217
0.06276065439326217
0.06276065439326217
0.06276065439326217
0.06256075001008199
0.06256075001008199
0.06252799287834421
0.0606938669191841
0.05569438339168187
0.05569438339168187
0.05569438339168187
0.05569438339168187
0.05569438339168187
0.05535010655148298
0.05535010655148298
0.05535010655148298
0.05535010655148298
0.05535010655148298
0.054109657795528676
0.052020021882160705
0.052020021882160705
0.04861082139473538
0.04861082139473538
0.04861082139473538
0.04861082139473538
0.04861082139473538
0.04861082139473538
0.04861082139473538
0.04861082139473538
0.04861082139473538
0.04861082139473538
0.0449431202377113
0.0449431202377113
0.0449431202377113
0.0449431202377113
0.04209238331808862
0.04209238331808862
0.04209238331808862
0.04209238331808862
0.04209238331808862
0.04209238331808862
0.04209238331808862
0.04209238331808862
0.04209238331808862
0.04209238331808862
0.04209238331808862
0.04209238331808862
0.04209238331808862
0.04209238331808862
0.04209238331808862
0.04209238331808862
0.04209238331808862
0.03913828304608202
0.03913828304608202
0.03913828304608202
0.03913828304608202
0.03913828304608202
0.03913828304608202
0.03913828304608202
0.03878245235083355
0.03878245235083355
0.03878245235083355
0.03769421334894929
0.03769421334894929
0.03769421334894929
0.03769421334894929
0.03769421334894929
0.03769421334894929
0.03769421334894929
0.03724593041524216
0.033536011954097944
0.033536011954097944
0.033536011954097944
0.033536011954097944
0.021937361020157198
0.021937361020157198
0.021937361020157198
0.021937361020157198
0.021937361020157198
0.021937361020157198
0.021937361020157198
0.021937361020157198
0.021937361020157198
0.021937361020157198
0.021937361020157198
0.021937361020157198
0.021937361020157198
0.021937361020157198
0.021937361020157198
0.020242612118174463
0.020242612118174463
0.020242612118174463
0.020242612118174463
0.020242612118174463
0.020242612118174463
0.020242612118174463
0.020242612118174463
0.020242612118174463
0.020242612118174463
0.020242612118174463
0.020242612118174463
0.020242612118174463
0.020242612118174463
0.020242612118174463
0.020223146826950256
0.020223146826950256
0.020223146826950256
0.019533711588344715
0.019533711588344715
0.019533711588344715
0.019533711588344715
0.019533711588344715
0.019533711588344715
0.019533711588344715
0.019533711588344715
0.019362689444680115
0.019362689444680115
0.019228339808606165
0.019228339808606165
0.019228339808606165
0.019228339808606165
0.019228339808606165
0.019228339808606165
0.019228339808606165
0.019228339808606165
0.019228339808606165
0.016817821458356974
0.016817821458356974
0.016817821458356974
0.016817821458356974
0.016817821458356974
0.016817821458356974
0.016817821458356974
0.016817821458356974
0.016817821458356974
0.016817821458356974
0.016817821458356974
0.016817821458356974
0.016817821458356974
0.014777033526939931
0.014777033526939931
0.014777033526939931
0.014777033526939931
0.014777033526939931
0.014777033526939931
0.014777033526939931
0.014777033526939931
0.013459218472949175
0.013459218472949175
0.013459218472949175
0.013459218472949175
0.013459218472949175
0.013459218472949175
0.013459218472949175
0.013459218472949175
