17.332627428701716
17.332627428701716
17.01088713774394
17.01088713774394
16.77051650023123
16.77051650023123
16.77051650023123
16.77051650023123
16.256227010976108
14.457023437416186
14.457023437416186
14.457023437416186
14.457023437416186
14.457023437416186
14.457023437416186
14.457023437416186
14.457023437416186
14.457023437416186
14.342101764252423
14.009623371012673
14.009623371012673
14.009623371012673
13.477149975721703
13.477149975721703
13.477149975721703
13.145601616338102
13.145601616338102
13.141466763046251
12.853281099347777
12.648840348451282
11.380660013364558
11.380660013364558
11.380660013364558
11.380660013364558
11.380660013364558
11.380660013364558
11.309179380304853
11.309179380304853
11.309179380304853
11.139227225212817
11.099028851775449
10.924224916327189
10.299654359614259
10.299654359614259
10.299654359614259
10.299654359614259
10.299654359614259
10.299654359614259
10.299654359614259
10.299654359614259
10.209999860642572
10.090314508136103
9.50144771836728
9.50144771836728
8.947451043201665
8.947451043201665
8.947451043201665
8.947451043201665
8.947451043201665
8.947451043201665
8.947451043201665
7.805035042407468
7.805035042407468
7.805035042407468
7.805035042407468
7.646225781547319
7.646225781547319
7.646225781547319
7.646225781547319
7.646225781547319
7.646225781547319
7.264012017514858
7.264012017514858
7.070712985450159
7.070712985450159
7.070712985450159
7.070712985450159
5.407797271988393
5.407797271988393
5.407797271988393
5.407797271988393
5.407797271988393
5.407797271988393
5.407797271988393
5.407797271988393
5.407797271988393
4.762640313921768
4.762640313921768
4.762640313921768
4.762640313921768
4.762640313921768
4.762640313921768
4.762640313921768
4.762640313921768
4.608963076488248
4.608963076488248
4.608963076488248
4.608963076488248
4.608963076488248
4.608963076488248
4.608963076488248
4.608963076488248
4.608963076488248
4.608963076488248
4.493064951212158
4.493064951212158
4.493064951212158
4.3715774515747405
4.3715774515747405
4.3715774515747405
4.258419824821335
4.1294621377635
3.6988895434967617
3.2091850881163246
3.2091850881163246
3.2091850881163246
3.2091850881163246
3.2091850881163246
3.2091850881163246
3.2091850881163246
3.2091850881163246
3.2091850881163246
3.2091850881163246
3.2091850881163246
2.9531595869193374
2.9531595869193374
2.9531595869193374
2.9531595869193374
2.9531595869193374
2.9531595869193374
2.9531595869193374
2.9531595869193374
2.9531595869193374
2.9531595869193374
2.9531595869193374
2.9531595869193374
2.9531595869193374
2.9531595869193374
2.9531595869193374
2.9531595869193374
2.9531595869193374
2.9531595869193374
2.9531595869193374
2.93872247695678
2.93872247695678
2.907851529946072
2.907851529946072
2.907851529946072
2.907851529946072
2.907851529946072
2.907851529946072
2.4524754017022588
2.4524754017022588
2.4524754017022588
2.4524754017022588
2.4524754017022588
2.4524754017022588
2.4524754017022588
2.4524754017022588
2.4524754017022588
2.4524754017022588
2.4283751493528953
2.4283751493528953
2.4283751493528953
2.4283751493528953
2.4283751493528953
2.3408309693766824
2.3251510019259563
2.3251510019259563
2.3251510019259563
2.0858452709907738
2.0858452709907738
1.8117268761887857
1.8117268761887857
1.8117268761887857
1.8117268761887857
1.8117268761887857
1.6808878605011728
1.6808878605011728
1.6808878605011728
1.6808878605011728
1.6808878605011728
1.6808878605011728
1.6808878605011728
1.6808878605011728
1.6634211162422687
1.6634211162422687
1.270199475614323
1.270199475614323
1.270199475614323
1.270199475614323
1.0016930654646465
1.0016930654646465
1.0016930654646465
1.0016930654646465
1.0016930654646465
1.0016930654646465
0.963819609036495
0.963819609036495
0.963819609036495
0.8298220940265288
0.8298220940265288
0.8298220940265288
0.8298220940265288
0.8298220940265288
0.8298220940265288
0.8298220940265288
0.8298220940265288
0.753619085592728
0.749607206617668
0.749607206617668
0.6799599504505629
0.6799599504505629
0.6799599504505629
0.4829421957007618
0.4829421957007618
0.4829421957007618
0.4829421957007618
0.4829421957007618
0.4829421957007618
0.4432645430126989
0.3985818574680806
0.3985818574680806
0.3985818574680806
0.3985818574680806
0.31561256694626394
0.31561256694626394
0.31561256694626394
0.31561256694626394
0.31561256694626394
0.31561256694626394
0.31561256694626394
0.2933247380874242
0.2933247380874242
0.2933247380874242
0.2933247380874242
0.2933247380874242
0.2933247380874242
0.2933247380874242
0.2933247380874242
0.2933247380874242
0.28909798500811945
0.28909798500811945
0.28909798500811945
0.28909798500811945
0.275250386297305
0.26061369089633857
0.26061369089633857
0.26061369089633857
0.26061369089633857
0.2435486122820052
0.2435486122820052
0.2435486122820052
0.2435486122820052
0.2435486122820052
0.2435486122820052
0.2316742005173964
0.2316742005173964
0.2316742005173964
0.2316742005173964
0.2316742005173964
0.2316742005173964
0.2316742005173964
0.22657636478975363
0.17159223706609694
0.17159223706609694
0.17159223706609694
0.17159223706609694
0.17159223706609694
0.17159223706609694
0.17159223706609694
0.17159223706609694
0.17159223706609694
0.17159223706609694
0.17159223706609694
0.17159223706609694
0.17159223706609694
0.14740781553075877
0.14740781553075877
0.14740781553075877
0.14740781553075877
0.14740781553075877
0.14740781553075877
0.14740781553075877
0.14740781553075877
0.14740781553075877
0.14740781553075877
0.14108116265356685
0.14108116265356685
0.14108116265356685
0.14108116265356685
0.14108116265356685
0.14108116265356685
0.14108116265356685
0.13785764027993963
0.13785764027993963
0.12758747740619114
0.12758747740619114
0.1252811990952658
0.1252811990952658
0.1252811990952658
0.1196168992435922
0.11103286249479538
0.11103286249479538
0.11103286249479538
0.11103286249479538
0.10900686347726563
0.10038955867122468
0.10038955867122468
0.09857045933510022
0.09857045933510022
0.0938110121203799
0.0757787573132056
0.0757787573132056
0.0757787573132056
0.0757787573132056
0.07449760625809887
0.07449760625809887
0.07385642346558541
0.07385642346558541
0.07385642346558541
0.07385642346558541
0.07385642346558541
0.07385642346558541
0.061234673289607855
0.061234673289607855
0.0478221012262523
0.0478221012262523
0.0478221012262523
0.03986124590707618
0.03986124590707618
0.03986124590707618
0.03986124590707618
0.03986124590707618
0.03986124590707618
0.03986124590707618
0.03986124590707618
0.03986124590707618
0.03986124590707618
0.03986124590707618
0.03986124590707618
0.03986124590707618
0.03631972008883366
0.03631972008883366
0.03631972008883366
0.03631972008883366
0.03631972008883366
0.03631972008883366
0.03631972008883366
0.03631972008883366
0.03631972008883366
0.03545664342187038
0.03545664342187038
0.026897839249276245
0.026897839249276245
0.026897839249276245
0.026897839249276245
0.026897839249276245
0.026897839249276245
0.026897839249276245
0.026897839249276245
0.026897839249276245
0.02190387575182484
0.02190387575182484
0.02190387575182484
0.02190387575182484
0.02190387575182484
0.02190387575182484
0.02190387575182484
0.02190387575182484
0.02190387575182484
0.02190387575182484
0.02190387575182484
0.02190387575182484
0.02190387575182484
0.02190387575182484
0.02190387575182484
0.020761083953473758
0.020761083953473758
0.020761083953473758
0.020761083953473758
0.019106263339235596
0.012301511275101262
0.012301511275101262
0.012301511275101262
0.012301511275101262
0.012301511275101262
0.012301511275101262
0.012301511275101262
0.012301511275101262
0.012301511275101262
0.012301511275101262
0.012301511275101262
0.012301511275101262
0.012301511275101262
0.012301511275101262
0.012301511275101262
0.012301511275101262
0.01111435028468577
0.01111435028468577
0.01111435028468577
0.01111435028468577
0.01111435028468577
0.009143061570018318
0.009143061570018318
0.009143061570018318
0.009143061570018318
0.009143061570018318
0.009143061570018318
0.009143061570018318
0.009143061570018318
0.009143061570018318
0.009143061570018318
0.009143061570018318
0.009143061570018318
0.009143061570018318
0.009143061570018318
0.008901257415427466
0.008901257415427466
0.007489221167137572
0.007489221167137572
0.006445832914256044
0.006445832914256044
0.006445832914256044
0.006445832914256044
0.006445832914256044
0.006445832914256044
0.006320824941127512
0.006320824941127512
0.006320824941127512
0.006320824941127512
0.006320824941127512
0.0059320838536827125
0.0059320838536827125
0.0059320838536827125
0.0059320838536827125
0.0059320838536827125
0.004599149927969393
0.004599149927969393
0.004599149927969393
0.004599149927969393
0.004599149927969393
0.004599149927969393
0.004599149927969393
0.004599149927969393
0.004599149927969393
0.004599149927969393
0.004599149927969393
0.004599149927969393
0.004599149927969393
0.004599149927969393
0.004599149927969393
0.004416463851736552
0.004416463851736552
0.004416463851736552
0.004416463851736552
0.004416463851736552
0.0036863333289645084
0.0036863333289645084
0.0036863333289645084
0.0036863333289645084
0.0036863333289645084
0.003521841469876108
0.0029606151448042795
0.0029606151448042795
0.0029606151448042795
0.0029606151448042795
0.0029606151448042795
0.0029606151448042795
0.0029606151448042795
0.0029606151448042795
0.0029606151448042795
0.0029606151448042795
0.0029606151448042795
0.0029606151448042795
0.0029606151448042795
0.0029606151448042795
0.0029606151448042795
0.0021928815046372563
0.0021928815046372563
0.0021928815046372563
0.0021928815046372563
0.0021928815046372563
0.0021928815046372563
0.0021928815046372563
0.0021753944210871623
0.0021753944210871623
0.0021753944210871623
0.0021753944210871623
0.0021753944210871623
0.00211789637860349
0.00211789637860349
0.00211789637860349
0.0019680811769191564
0.0018864807201808276
0.0018864807201808276
0.0018800121084723287
0.0018323745079023013
0.0018323745079023013
0.0017555644026145956
0.0013968911860793298
0.0013968911860793298
0.0013968911860793298
0.0013221137872712063
0.0013221137872712063
0.0013221137872712063
0.0013221137872712063
0.0013221137872712063
0.0012917989908309835
0.0010864458354973294
0.0010864458354973294
0.0010864458354973294
0.0010864458354973294
0.001053540724594626
0.0010293949626856147
0.0010293949626856147
0.0010050375342487428
0.0010050375342487428
0.0009887266196599853
0.0009887266196599853
0.0009695088119414663
0.0009695088119414663
0.0009573024985627399
0.0009573024985627399
0.0009573024985627399
0.0009573024985627399
0.0008179255867304391
0.0008179255867304391
0.0008179255867304391
0.0008179255867304391
0.0008179255867304391
0.0008179255867304391
0.0008179255867304391
0.000718345731694825
0.000718345731694825
0.000718345731694825
0.0006738258449985324
0.0006738258449985324
0.0006738258449985324
0.0006694124899162546
0.0006694124899162546
0.0006694124899162546
0.0006694124899162546
0.0006694124899162546
0.0006694124899162546
0.0006694124899162546
0.0006694124899162546
0.0006565134724105803
0.0006565134724105803
0.0006324618625406231
0.0006324618625406231
0.0006324618625406231
0.0005528557193237305
0.000537471145360513
0.000537471145360513
0.000537471145360513
0.000537471145360513
0.000537471145360513
0.000537471145360513
0.0004930363904414037
0.0004930363904414037
0.0004930363904414037
0.0004930363904414037
0.0004930363904414037
0.00041490607536331936
0.00041490607536331936
0.00041490607536331936
0.00041490607536331936
0.00041490607536331936
0.00041490607536331936
0.00041490607536331936
0.00041490607536331936
0.00033494693597546643
0.00033494693597546643
0.0002896641363712149
0.0002896641363712149
0.0002896641363712149
0.0002896641363712149
0.0002896641363712149
0.0002896641363712149
0.0002896641363712149
0.0002896641363712149
0.0002896641363712149
0.00021498596399283088
0.00021498596399283088
0.00021498596399283088
0.00021498596399283088
0.00021498596399283088
0.00021498596399283088
0.00021498596399283088
0.00021213609554848745
0.00021213609554848745
0.00021213609554848745
0.00021213609554848745
0.00021213609554848745
0.00019933728768251058
0.00019933728768251058
0.00019933728768251058
0.00019933728768251058
0.00019933728768251058
0.00019933728768251058
0.00019933728768251058
0.00017456569245410947
0.00017456569245410947
0.00017456569245410947
0.00017456569245410947
0.00017456569245410947
0.00017456569245410947
0.00017456569245410947
0.00017456569245410947
0.00017456569245410947
0.0001715037292768784
0.0001715037292768784
0.0001715037292768784
0.0001715037292768784
0.0001715037292768784
0.0001638898602429606
0.0001638898602429606
0.0001638898602429606
0.0001638898602429606
0.0001638898602429606
0.0001638898602429606
0.0001638898602429606
0.00015768110719349693
0.0001477921891250844
0.0001477921891250844
0.0001477921891250844
0.0001477921891250844
0.0001334969548167919
0.0001334969548167919
0.0001258669762123077
9.99190560229124e-05
9.99190560229124e-05
9.99190560229124e-05
9.99190560229124e-05
9.99190560229124e-05
9.99190560229124e-05
9.99190560229124e-05
9.99190560229124e-05
9.99190560229124e-05
9.99190560229124e-05
9.99190560229124e-05
9.99190560229124e-05
9.99190560229124e-05
9.834974924416429e-05
9.360504530064873e-05
9.360504530064873e-05
9.275926245777555e-05
9.275926245777555e-05
9.275926245777555e-05
8.576543266514136e-05
8.576543266514136e-05
8.078848927794979e-05
8.078848927794979e-05
8.078848927794979e-05
7.355119425156431e-05
6.089641183137928e-05
6.089641183137928e-05
6.089641183137928e-05
6.089641183137928e-05
6.089641183137928e-05
6.089641183137928e-05
6.089641183137928e-05
6.089641183137928e-05
6.089641183137928e-05
6.089641183137928e-05
6.058010084331045e-05
6.058010084331045e-05
5.293589533295062e-05
5.293589533295062e-05
5.293589533295062e-05
4.768051141823548e-05
4.768051141823548e-05
4.768051141823548e-05
4.768051141823548e-05
4.768051141823548e-05
4.2975264516798006e-05
4.2975264516798006e-05
4.2975264516798006e-05
4.2975264516798006e-05
4.2975264516798006e-05
4.2975264516798006e-05
4.2975264516798006e-05
4.2975264516798006e-05
4.2975264516798006e-05
4.2975264516798006e-05
4.2975264516798006e-05
4.2975264516798006e-05
4.2610535675891015e-05
4.232780498725219e-05
4.232780498725219e-05
4.232780498725219e-05
4.139970858929587e-05
4.139970858929587e-05
4.139970858929587e-05
3.9266153301298345e-05
3.9266153301298345e-05
3.9266153301298345e-05
3.9266153301298345e-05
3.9266153301298345e-05
3.9266153301298345e-05
3.9266153301298345e-05
3.523845414576954e-05
2.4590675078428603e-05
2.4590675078428603e-05
2.4590675078428603e-05
2.4590675078428603e-05
2.4590675078428603e-05
2.4590675078428603e-05
2.4590675078428603e-05
2.4590675078428603e-05
2.4590675078428603e-05
2.4590675078428603e-05
2.4590675078428603e-05
2.403817043372669e-05
2.368089684523511e-05
2.368089684523511e-05
2.3329768705337983e-05
2.1980685357192442e-05
2.1980685357192442e-05
2.1980685357192442e-05
2.1980685357192442e-05
2.1980685357192442e-05
2.1980685357192442e-05
1.9400649197365283e-05
1.9400649197365283e-05
1.9400649197365283e-05
1.9400649197365283e-05
1.9400649197365283e-05
1.9400649197365283e-05
1.9400649197365283e-05
1.9400649197365283e-05
1.6865727523907026e-05
1.6865727523907026e-05
1.6865727523907026e-05
1.6865727523907026e-05
1.6865727523907026e-05
1.6865727523907026e-05
1.6865727523907026e-05
1.6865727523907026e-05
1.6865727523907026e-05
1.3060732037217804e-05
1.3060732037217804e-05
1.3060732037217804e-05
1.3060732037217804e-05
1.3060732037217804e-05
1.3060732037217804e-05
1.3060732037217804e-05
1.3060732037217804e-05
1.3060732037217804e-05
1.3060732037217804e-05
1.0830878775180963e-05
1.0830878775180963e-05
1.0830878775180963e-05
1.0830878775180963e-05
1.0830878775180963e-05
1.0830878775180963e-05
1.0830878775180963e-05
1.0830878775180963e-05
1.0830878775180963e-05
1.0830878775180963e-05
1.0830878775180963e-05
1.0830878775180963e-05
1.0415578937994496e-05
1.0415578937994496e-05
1.0415578937994496e-05
9.916830762790596e-06
9.52539214438275e-06
9.377771057472728e-06
7.905972676525153e-06
7.905972676525153e-06
7.905972676525153e-06
7.905972676525153e-06
7.341733510912718e-06
7.341733510912718e-06
4.225365373144996e-06
4.225365373144996e-06
4.225365373144996e-06
4.225365373144996e-06
4.225365373144996e-06
4.225365373144996e-06
4.225365373144996e-06
4.225365373144996e-06
4.225365373144996e-06
4.225365373144996e-06
4.225365373144996e-06
4.225365373144996e-06
4.225365373144996e-06
4.225365373144996e-06
4.225365373144996e-06
4.225365373144996e-06
4.225365373144996e-06
4.225365373144996e-06
4.225365373144996e-06
4.225365373144996e-06
4.225365373144996e-06
4.225365373144996e-06
4.225365373144996e-06
4.225365373144996e-06
4.225365373144996e-06
4.225365373144996e-06
4.225365373144996e-06
4.225365373144996e-06
4.225365373144996e-06
4.225365373144996e-06
4.225365373144996e-06
4.225365373144996e-06
4.225365373144996e-06
4.190262067993444e-06
4.190262067993444e-06
4.190262067993444e-06
3.4325316136119e-06
3.4325316136119e-06
3.4325316136119e-06
3.2033561758737505e-06
3.1453749151921784e-06
3.1453749151921784e-06
2.7835615767912714e-06
2.7835615767912714e-06
2.7835615767912714e-06
2.7835615767912714e-06
2.7835615767912714e-06
2.7835615767912714e-06
2.7835615767912714e-06
2.7835615767912714e-06
2.7835615767912714e-06
2.7835615767912714e-06
2.7835615767912714e-06
2.7835615767912714e-06
2.7835615767912714e-06
2.674013085623983e-06
2.674013085623983e-06
2.504814723636173e-06
2.504814723636173e-06
2.504814723636173e-06
2.504814723636173e-06
2.504814723636173e-06
2.4418785500301965e-06
2.4418785500301965e-06
2.4362473034500454e-06
2.3525667600665656e-06
9.88517498967667e-07
9.88517498967667e-07
9.88517498967667e-07
9.88517498967667e-07
9.88517498967667e-07
9.88517498967667e-07
9.88517498967667e-07
9.88517498967667e-07
9.88517498967667e-07
9.88517498967667e-07
9.88517498967667e-07
9.88517498967667e-07
9.88517498967667e-07
9.88517498967667e-07
9.88517498967667e-07
9.88517498967667e-07
9.88517498967667e-07
9.88517498967667e-07
9.88517498967667e-07
9.88517498967667e-07
9.88517498967667e-07
9.88517498967667e-07
9.88517498967667e-07
9.88517498967667e-07
9.88517498967667e-07
9.879720224148514e-07
9.879720224148514e-07
9.879720224148514e-07
9.879720224148514e-07
9.665969393779505e-07
9.665969393779505e-07
8.575037817593056e-07
8.575037817593056e-07
8.575037817593056e-07
7.820975156391796e-07
7.820975156391796e-07
7.820975156391796e-07
7.820975156391796e-07
6.717759752916663e-07
6.717759752916663e-07
6.717759752916663e-07
6.717759752916663e-07
6.717759752916663e-07
6.717759752916663e-07
6.717759752916663e-07
6.717759752916663e-07
6.717759752916663e-07
6.624493771312245e-07
6.624493771312245e-07
6.624493771312245e-07
6.624493771312245e-07
6.624493771312245e-07
6.624493771312245e-07
6.624493771312245e-07
6.624493771312245e-07
6.211491587748696e-07
5.681146255653857e-07
5.681146255653857e-07
5.364505462068792e-07
5.364505462068792e-07
5.026693798981796e-07
5.026693798981796e-07
5.026693798981796e-07
5.026693798981796e-07
5.026693798981796e-07
5.026693798981796e-07
4.768479620054222e-07
4.768479620054222e-07
4.551997356827542e-07
4.551997356827542e-07
4.551997356827542e-07
4.551997356827542e-07
4.551997356827542e-07
4.551997356827542e-07
4.551997356827542e-07
4.201034542461457e-07
4.201034542461457e-07
4.201034542461457e-07
4.011706167261764e-07
3.4574444995882914e-07
3.4574444995882914e-07
3.4574444995882914e-07
3.4574444995882914e-07
3.4574444995882914e-07
3.4574444995882914e-07
3.4574444995882914e-07
3.4574444995882914e-07
3.4574444995882914e-07
3.4574444995882914e-07
3.4574444995882914e-07
3.1191711968858726e-07
3.1191711968858726e-07
3.1191711968858726e-07
3.1191711968858726e-07
2.9542756863065733e-07
2.9542756863065733e-07
2.752590937404875e-07
2.5023363647846963e-07
2.5023363647846963e-07
2.4431395218016405e-07
2.400745522379566e-07
2.400745522379566e-07
2.0492612762268436e-07
2.0492612762268436e-07
2.0492612762268436e-07
2.0492612762268436e-07
2.0492612762268436e-07
2.0492612762268436e-07
1.8503385135204553e-07
1.8503385135204553e-07
1.6852166950798164e-07
1.6852166950798164e-07
1.6606376718186766e-07
1.6606376718186766e-07
1.4732911068904286e-07
1.4732911068904286e-07
1.4732911068904286e-07
1.4732911068904286e-07
1.4732911068904286e-07
1.4732911068904286e-07
1.4732911068904286e-07
1.4732911068904286e-07
1.4732911068904286e-07
1.4732911068904286e-07
1.4732911068904286e-07
1.4732911068904286e-07
1.4732911068904286e-07
1.360993486798634e-07
1.360993486798634e-07
1.360993486798634e-07
1.1857455817221307e-07
1.1857455817221307e-07
1.0980744136190879e-07
1.0980744136190879e-07
8.084702329824722e-08
8.084702329824722e-08
8.084702329824722e-08
8.084702329824722e-08
8.084702329824722e-08
8.084702329824722e-08
8.084702329824722e-08
8.034128740064261e-08
8.034128740064261e-08
8.034128740064261e-08
8.034128740064261e-08
7.115054856399183e-08
7.115054856399183e-08
7.115054856399183e-08
7.115054856399183e-08
7.115054856399183e-08
7.115054856399183e-08
7.115054856399183e-08
7.115054856399183e-08
7.115054856399183e-08
7.115054856399183e-08
7.115054856399183e-08
7.115054856399183e-08
7.115054856399183e-08
7.115054856399183e-08
