0.004606485366821289
0.004634857177734375
0.017848730087280273
0.00431513786315918
0.016524314880371094
0.012469291687011719
0.004553079605102539
0.004537820816040039
0.0044269561767578125
0.012633323669433594
0.004549264907836914
0.004405021667480469
0.004417896270751953
0.01376032829284668
0.019633054733276367
0.004680633544921875
0.005052089691162109
0.01783132553100586
0.004363298416137695
0.008928537368774414
0.0043430328369140625
0.01744675636291504
0.004560947418212891
0.004423379898071289
0.00438380241394043
0.004777669906616211
0.0045893192291259766
0.004889488220214844
0.004289388656616211
0.004292011260986328
0.0043697357177734375
0.004308938980102539
0.004331350326538086
0.004296302795410156
0.00433802604675293
0.0044972896575927734
0.004746437072753906
0.004306316375732422
0.004336833953857422
0.004337310791015625
0.004333019256591797
0.004599809646606445
0.00444340705871582
0.004423618316650391
0.0043642520904541016
0.004342555999755859
0.0043489933013916016
0.00462651252746582
0.004452943801879883
0.004301309585571289
0.0042765140533447266
0.004319190979003906
0.004276275634765625
0.004293203353881836
0.004288673400878906
0.0042877197265625
0.004299640655517578
0.004338979721069336
0.004317760467529297
0.004314422607421875
0.0043430328369140625
0.0043184757232666016
0.0043413639068603516
0.004303932189941406
0.0043201446533203125
0.004302263259887695
0.004355430603027344
0.004311084747314453
0.004301548004150391
0.00429844856262207
0.004369258880615234
0.0044095516204833984
0.004557371139526367
0.004312753677368164
0.004305601119995117
0.004275083541870117
0.004311323165893555
0.004339694976806641
0.0043430328369140625
0.004366636276245117
0.0043332576751708984
0.004319667816162109
0.004300832748413086
0.004308938980102539
0.004348278045654297
0.004314422607421875
0.0042951107025146484
0.0043070316314697266
0.00431370735168457
0.0043256282806396484
0.004411458969116211
0.004365682601928711
0.00444483757019043
0.004420042037963867
0.004348039627075195
0.004426002502441406
0.0043222904205322266
0.00437617301940918
0.004559040069580078
0.004342555999755859
0.004375934600830078
0.004354715347290039
0.004351139068603516
0.004323244094848633
0.004329681396484375
0.004348278045654297
0.0043179988861083984
0.004288673400878906
0.0043027400970458984
0.004285097122192383
0.004340410232543945
0.004294633865356445
0.004354000091552734
0.004277944564819336
0.0042798519134521484
0.0042917728424072266
0.0043108463287353516
0.004292726516723633
0.004286527633666992
0.0042705535888671875
0.004262685775756836
0.004263877868652344
0.004314422607421875
0.004266977310180664
0.004307985305786133
0.004376411437988281
0.004298686981201172
0.004275083541870117
0.0042874813079833984
0.004304647445678711
0.004299640655517578
0.004292726516723633
0.004319667816162109
0.004281520843505859
0.004280805587768555
0.004288434982299805
0.004297733306884766
0.0043027400970458984
0.004293680191040039
0.0042989253997802734
0.004361391067504883
0.004315853118896484
0.004306793212890625
0.004305362701416016
0.004305601119995117
0.00429224967956543
0.004270792007446289
0.004305362701416016
0.004326581954956055
0.004312276840209961
0.0043070316314697266
0.004278898239135742
0.004316568374633789
0.0043146610260009766
0.004328012466430664
0.004303693771362305
0.004335641860961914
0.0042912960052490234
0.004300594329833984
0.0044345855712890625
0.005158662796020508
0.00475311279296875
0.004719734191894531
0.004690647125244141
0.005076169967651367
0.004656314849853516
0.005078315734863281
0.004673957824707031
0.0046803951263427734
0.004669189453125
0.0051157474517822266
0.005321502685546875
0.0050122737884521484
0.004639863967895508
0.004638671875
0.0046482086181640625
0.00521540641784668
0.004666566848754883
0.005009174346923828
0.0047185420989990234
0.004686117172241211
0.0046901702880859375
0.005033016204833984
0.004689931869506836
0.005357503890991211
0.004714250564575195
0.0047190189361572266
0.005069732666015625
0.004840850830078125
0.004477262496948242
0.004845142364501953
0.004390239715576172
0.004375457763671875
0.005393266677856445
0.004778861999511719
0.004738330841064453
0.0045566558837890625
0.004282712936401367
0.004305839538574219
0.004294872283935547
0.004297494888305664
0.00426793098449707
0.004304409027099609
0.004838705062866211
0.00446009635925293
0.004937887191772461
0.004303693771362305
0.004288196563720703
0.004294872283935547
0.0051462650299072266
0.004694938659667969
0.005080223083496094
0.004662752151489258
0.004296302795410156
0.0042896270751953125
0.007807493209838867
0.005252361297607422
0.0047969818115234375
0.0048711299896240234
0.004380941390991211
0.004360198974609375
0.004369974136352539
0.00428009033203125
0.004280805587768555
0.004279136657714844
0.004389047622680664
0.004267215728759766
0.0044820308685302734
0.00439000129699707
0.004315853118896484
0.004385471343994141
0.004298686981201172
0.004268169403076172
0.004290580749511719
0.0042724609375
0.004316568374633789
0.004292964935302734
0.004296302795410156
0.004290103912353516
0.0043032169342041016
0.004268169403076172
0.004294633865356445
0.004297018051147461
0.004309654235839844
0.0043163299560546875
0.004317522048950195
0.004330873489379883
0.004303455352783203
0.004299640655517578
0.004300117492675781
0.00434112548828125
0.004332542419433594
0.004343509674072266
0.004324197769165039
0.004275321960449219
0.004300355911254883
0.004259586334228516
0.004266023635864258
0.00428462028503418
0.004293918609619141
0.00427556037902832
0.00431060791015625
0.004292488098144531
0.004291534423828125
0.004270076751708984
0.004281044006347656
0.004262685775756836
0.004439830780029297
0.004547834396362305
0.004328727722167969
0.004316568374633789
0.004318714141845703
0.004333972930908203
0.004385232925415039
0.004682302474975586
0.004335165023803711
0.004346132278442383
0.00431370735168457
0.00432276725769043
0.0044248104095458984
0.004481792449951172
0.0043332576751708984
0.0043392181396484375
0.004385709762573242
0.004338741302490234
0.004332780838012695
0.004563331604003906
0.004271745681762695
0.004269123077392578
0.004428863525390625
0.004312276840209961
0.0042667388916015625
0.004449367523193359
0.004494190216064453
0.004320859909057617
0.004291534423828125
0.004363059997558594
0.004313230514526367
0.004311800003051758
0.0046079158782958984
0.004373788833618164
0.004306316375732422
0.00447392463684082
0.004315376281738281
0.00430750846862793
0.004502058029174805
0.0043795108795166016
0.004294633865356445
0.004410266876220703
0.004303693771362305
0.00432896614074707
0.004581928253173828
0.004362344741821289
0.0043370723724365234
0.00431370735168457
0.0043833255767822266
0.004320621490478516
0.004731655120849609
0.004448652267456055
0.004361391067504883
0.00435328483581543
0.00434565544128418
0.0043637752532958984
0.0043447017669677734
0.004302501678466797
0.004317045211791992
0.004268646240234375
0.0043392181396484375
0.004309415817260742
0.004275083541870117
0.004272937774658203
0.004286527633666992
0.004263401031494141
0.004302978515625
0.004313468933105469
0.004343986511230469
0.004395961761474609
0.004273414611816406
0.004296541213989258
0.004271984100341797
0.004293203353881836
0.004283428192138672
0.004282951354980469
0.0042591094970703125
0.0042934417724609375
0.004271030426025391
0.0042896270751953125
0.004363059997558594
0.004339456558227539
0.005124330520629883
0.005092144012451172
0.0046803951263427734
0.0046689510345458984
0.004670619964599609
0.004701137542724609
0.0050618648529052734
0.005080699920654297
0.004669904708862305
0.004693508148193359
0.004679203033447266
0.0046482086181640625
0.005022287368774414
0.005307197570800781
0.004682779312133789
0.00470280647277832
0.0046617984771728516
0.004693031311035156
0.005545377731323242
0.004950761795043945
0.004610538482666016
0.0045969486236572266
0.0046234130859375
0.005189657211303711
0.00462794303894043
0.004946231842041016
0.004706859588623047
0.004728555679321289
0.004717588424682617
0.004605770111083984
0.004265546798706055
0.004776954650878906
0.004425048828125
0.004326581954956055
0.004359722137451172
0.004784822463989258
0.004380226135253906
0.004960536956787109
0.0046634674072265625
0.004642486572265625
0.004674196243286133
0.005040168762207031
0.004645347595214844
0.0042684078216552734
0.00426173210144043
0.0043714046478271484
0.004639148712158203
0.005126953125
0.0046765804290771484
0.005049705505371094
0.0047571659088134766
0.004656791687011719
0.0051021575927734375
0.004694461822509766
0.004665851593017578
0.005019187927246094
0.0046579837799072266
0.004675865173339844
0.005114316940307617
0.004684925079345703
0.004687309265136719
0.006632089614868164
0.004709959030151367
0.004678487777709961
0.0050771236419677734
0.004683017730712891
0.0049555301666259766
0.004298210144042969
0.004300355911254883
0.004284858703613281
0.00426030158996582
0.0042667388916015625
0.004248380661010742
0.004250764846801758
0.0042154788970947266
0.004334926605224609
0.0043256282806396484
0.004341602325439453
0.004694223403930664
0.005045175552368164
0.004679441452026367
0.00465846061706543
0.004552602767944336
0.00463557243347168
0.005305767059326172
0.004716634750366211
0.0043888092041015625
0.004345417022705078
0.00484156608581543
0.004539966583251953
0.0043773651123046875
0.004354715347290039
0.004412412643432617
0.004378557205200195
0.004351139068603516
0.004527091979980469
0.004533290863037109
0.00455784797668457
0.004607200622558594
0.004614114761352539
0.0045702457427978516
0.004589080810546875
0.0044443607330322266
0.004442930221557617
0.004414796829223633
0.004420042037963867
0.0042765140533447266
0.004282951354980469
0.004258632659912109
0.0042498111724853516
0.004298686981201172
0.004866600036621094
0.004656076431274414
0.004462242126464844
0.004902839660644531
0.004387855529785156
0.004335880279541016
0.004789829254150391
0.004409313201904297
0.004343271255493164
0.0051271915435791016
0.004694223403930664
0.00469970703125
0.0050542354583740234
0.0046923160552978516
0.004744052886962891
0.00504755973815918
0.004658937454223633
0.0046541690826416016
0.0050220489501953125
0.00471043586730957
0.004673480987548828
0.005082845687866211
0.0046880245208740234
0.0046656131744384766
0.0053081512451171875
0.004663944244384766
0.004514932632446289
0.004347562789916992
0.00432276725769043
0.004278659820556641
0.004483222961425781
0.004438161849975586
0.00430607795715332
0.0046079158782958984
0.00440526008605957
0.004336118698120117
0.004419803619384766
0.004380464553833008
0.004467964172363281
0.00432276725769043
0.00439453125
0.004319429397583008
0.004293680191040039
0.004532814025878906
0.004405021667480469
0.004328012466430664
0.00479435920715332
0.004748821258544922
0.004745006561279297
0.005315065383911133
0.004734516143798828
0.004734516143798828
0.005141496658325195
0.004749774932861328
0.0047266483306884766
0.0042934417724609375
0.004262685775756836
0.004256725311279297
0.00426030158996582
0.004294633865356445
0.004285335540771484
0.0042874813079833984
0.004255056381225586
0.004277706146240234
0.004310131072998047
0.004496097564697266
0.0043718814849853516
0.004343271255493164
0.004392147064208984
0.004325151443481445
0.0043163299560546875
0.004312992095947266
0.004408359527587891
0.004296779632568359
0.0042951107025146484
0.004499912261962891
0.0044214725494384766
0.0043451786041259766
0.0045773983001708984
0.004358530044555664
0.004289865493774414
0.004305124282836914
0.004251003265380859
0.004271745681762695
0.004344940185546875
0.004251003265380859
0.004309415817260742
0.004280567169189453
0.004245758056640625
0.004286766052246094
0.004254817962646484
0.00428318977355957
0.004273891448974609
0.00428462028503418
0.00429987907409668
0.004295825958251953
0.004294633865356445
0.004293203353881836
0.004279136657714844
0.004448890686035156
0.0045697689056396484
0.004355192184448242
0.004319906234741211
0.004299640655517578
0.0049190521240234375
0.004537820816040039
0.004261493682861328
0.004266262054443359
0.0042552947998046875
0.004273414611816406
0.00428318977355957
0.004327535629272461
0.004293203353881836
0.004324913024902344
0.004298686981201172
0.004342079162597656
0.004296541213989258
0.004336118698120117
0.0043048858642578125
0.0043582916259765625
0.004302501678466797
0.004279613494873047
0.004235982894897461
0.004305362701416016
0.004296064376831055
0.0043256282806396484
0.004311084747314453
0.0042803287506103516
0.004283428192138672
0.0043184757232666016
0.004306316375732422
0.0042629241943359375
0.004288196563720703
0.004289865493774414
0.00426936149597168
0.0043756961822509766
0.0040950775146484375
0.0036771297454833984
0.0043087005615234375
0.0043697357177734375
0.0043010711669921875
0.004311323165893555
0.004292964935302734
0.004301786422729492
0.00426936149597168
0.004273653030395508
0.004283428192138672
0.004288673400878906
0.004263162612915039
0.004289150238037109
0.0042917728424072266
0.004292011260986328
0.004259824752807617
0.004273891448974609
0.0042760372161865234
0.004277467727661133
0.004292488098144531
0.004376649856567383
0.00438237190246582
0.004318952560424805
0.004311800003051758
0.004285097122192383
0.004290103912353516
0.004289388656616211
0.004282951354980469
0.004294633865356445
0.004316806793212891
0.004292964935302734
0.004301548004150391
0.004296779632568359
0.004291534423828125
0.004325389862060547
0.004312276840209961
0.004308938980102539
0.004357576370239258
0.004317522048950195
0.00446772575378418
0.004533052444458008
0.0043566226959228516
0.004366636276245117
0.004389286041259766
0.004342079162597656
0.004656553268432617
0.004429817199707031
0.004366159439086914
0.004392147064208984
0.0043487548828125
0.004388570785522461
0.0052602291107177734
0.0044097900390625
0.004408121109008789
0.0043871402740478516
0.004405975341796875
0.004542350769042969
0.004256486892700195
0.004244089126586914
0.004267454147338867
0.004263639450073242
0.00429844856262207
0.004328250885009766
0.0046274662017822266
0.005007028579711914
0.004645347595214844
0.004384040832519531
0.004297018051147461
0.0042955875396728516
0.004273891448974609
0.004262685775756836
0.004271507263183594
0.004269599914550781
0.0042572021484375
0.0042722225189208984
0.004267215728759766
0.0042874813079833984
0.004267215728759766
0.004240751266479492
0.0042726993560791016
0.004304647445678711
0.004292964935302734
0.004290103912353516
0.004281759262084961
0.00428009033203125
0.00426936149597168
0.004265785217285156
0.0043065547943115234
0.004313230514526367
0.004320383071899414
0.004283428192138672
0.0042629241943359375
0.0042760372161865234
0.0042705535888671875
0.004265546798706055
0.0042955875396728516
0.004290580749511719
0.004267215728759766
0.004272937774658203
0.004252195358276367
0.0042994022369384766
0.004347085952758789
0.004332542419433594
0.004328489303588867
0.004273414611816406
0.004306793212890625
0.0042934417724609375
0.004331111907958984
0.004375934600830078
0.00443577766418457
0.00433659553527832
0.004441261291503906
0.004320621490478516
0.004295825958251953
0.004284381866455078
0.004311323165893555
0.004248857498168945
0.004267692565917969
0.0042591094970703125
0.004235744476318359
0.004236936569213867
0.004309654235839844
0.004433631896972656
0.004323720932006836
0.004325389862060547
0.0042455196380615234
0.004256486892700195
0.004266262054443359
0.004375457763671875
0.004271984100341797
0.004266977310180664
0.004515886306762695
0.004370927810668945
0.004336833953857422
0.004649162292480469
0.004330635070800781
0.0043222904205322266
0.00433039665222168
0.004274606704711914
0.004301786422729492
0.00426173210144043
0.0043239593505859375
0.004293203353881836
0.004272937774658203
0.004280567169189453
0.0042798519134521484
0.004319667816162109
0.004312038421630859
0.0044612884521484375
0.004407644271850586
0.004292964935302734
0.004394054412841797
0.004396915435791016
0.004311800003051758
0.004537105560302734
0.0042955875396728516
0.004315376281738281
0.004319429397583008
0.004306793212890625
0.0043299198150634766
0.004354953765869141
0.004292726516723633
0.004273176193237305
0.004500627517700195
0.004418611526489258
0.004388332366943359
0.004321575164794922
0.004475593566894531
0.004335165023803711
0.004293203353881836
0.004275321960449219
0.0043370723724365234
0.004291057586669922
0.004346132278442383
0.0042994022369384766
0.004293918609619141
0.004282474517822266
0.004899740219116211
0.004431247711181641
0.005380153656005859
0.0047206878662109375
0.005215167999267578
0.004897594451904297
0.004713535308837891
0.0046956539154052734
0.005057811737060547
0.004651784896850586
0.004663228988647461
0.005054473876953125
0.004660606384277344
0.004678010940551758
0.0050351619720458984
0.0046689510345458984
0.004690408706665039
0.0050449371337890625
0.0046536922454833984
0.004671573638916016
0.00504302978515625
0.004654884338378906
0.004567861557006836
0.004847526550292969
0.004557609558105469
0.004498004913330078
0.005151510238647461
0.004470109939575195
0.0045397281646728516
0.005040884017944336
0.004566192626953125
0.0044896602630615234
0.004622220993041992
0.0043888092041015625
0.004361391067504883
0.004354715347290039
0.004492282867431641
0.004372119903564453
0.0044307708740234375
0.0043947696685791016
0.004294872283935547
0.004302501678466797
0.004812717437744141
0.0045206546783447266
0.004321575164794922
0.004524707794189453
0.004452228546142578
0.004386425018310547
0.0044596195220947266
0.004375457763671875
0.004393100738525391
0.00462794303894043
0.004364967346191406
0.004303932189941406
0.004292011260986328
0.004308462142944336
0.0042722225189208984
0.0047986507415771484
0.0043752193450927734
0.0044591426849365234
0.0043239593505859375
0.004723310470581055
0.0044019222259521484
0.00503993034362793
0.0046558380126953125
0.004663944244384766
0.004669189453125
0.005025625228881836
0.004657745361328125
0.005038738250732422
0.0044956207275390625
0.0043184757232666016
0.004338264465332031
0.004347324371337891
0.0043697357177734375
0.004333019256591797
0.0046503543853759766
0.004611968994140625
0.0046482086181640625
0.004317045211791992
0.004369020462036133
0.0043370723724365234
0.004318952560424805
0.004357099533081055
0.004791736602783203
0.004385948181152344
0.004821062088012695
0.004373073577880859
0.004457712173461914
0.004317522048950195
0.004835844039916992
0.0044116973876953125
0.004780769348144531
0.005110025405883789
0.005110979080200195
0.0052721500396728516
0.0044248104095458984
0.004573822021484375
0.004505634307861328
0.0053403377532958984
0.005389690399169922
0.00532078742980957
0.004458427429199219
0.0048902034759521484
0.004370450973510742
0.00506591796875
0.005192279815673828
0.005255937576293945
0.004703521728515625
0.004456043243408203
0.00439000129699707
0.0048542022705078125
0.004984140396118164
0.00544428825378418
0.004607677459716797
0.0044476985931396484
0.00440216064453125
0.004940032958984375
0.004560232162475586
0.004367828369140625
0.00482940673828125
0.004785060882568359
0.004380226135253906
0.004484891891479492
0.004732847213745117
0.005482196807861328
0.005391359329223633
0.005189657211303711
0.004421710968017578
0.004841327667236328
0.012889623641967773
0.004284858703613281
0.004292726516723633
0.004311084747314453
0.004261016845703125
0.004271507263183594
0.021833181381225586
0.004270792007446289
0.004280805587768555
0.02038884162902832
0.004422664642333984
0.0042955875396728516
0.004417896270751953
0.004361391067504883
0.004423379898071289
0.004294157028198242
0.0043904781341552734
0.004354000091552734
0.004327297210693359
0.004343271255493164
0.0050678253173828125
0.0047113895416259766
0.004679203033447266
0.004652500152587891
0.004669189453125
0.0046541690826416016
0.0051229000091552734
0.004543304443359375
0.004618167877197266
0.004565000534057617
0.004642486572265625
0.004541635513305664
0.0044362545013427734
0.0035867691040039062
0.004270792007446289
0.004251241683959961
0.00426030158996582
0.0044782161712646484
0.004300355911254883
0.004292011260986328
0.0042912960052490234
0.004306316375732422
0.004309654235839844
0.004347324371337891
0.004363059997558594
0.00434112548828125
0.004321575164794922
0.004319190979003906
0.004357337951660156
0.004327058792114258
0.004369258880615234
0.00462031364440918
0.004273653030395508
0.004301309585571289
0.004277467727661133
0.004300117492675781
0.004302501678466797
0.004402637481689453
0.004309654235839844
0.004271745681762695
0.0042688846588134766
0.004278421401977539
0.004238605499267578
0.00428462028503418
0.0042667388916015625
0.00427699089050293
0.004282951354980469
0.004345893859863281
0.004293680191040039
0.004324197769165039
0.004404544830322266
0.004500865936279297
0.0044248104095458984
0.004273653030395508
0.004248619079589844
0.004266977310180664
0.00432133674621582
0.004511356353759766
0.004298210144042969
0.004290580749511719
0.004399776458740234
0.00434565544128418
0.0043048858642578125
0.004463911056518555
0.0044901371002197266
0.004354000091552734
0.004297018051147461
0.004324436187744141
0.004365682601928711
0.00435948371887207
0.004468441009521484
0.004437923431396484
0.004317522048950195
0.004346132278442383
0.004336118698120117
0.004397153854370117
