0.004434108734130859
0.0043218135833740234
0.0043182373046875
0.004312038421630859
0.0043027400970458984
0.004279375076293945
0.004416704177856445
0.004342079162597656
0.0043833255767822266
0.004304170608520508
0.004315614700317383
0.0043146610260009766
0.00432276725769043
0.004311800003051758
0.004312992095947266
0.0044879913330078125
0.004457712173461914
0.004504203796386719
0.017420291900634766
0.004305601119995117
0.004275321960449219
0.020293474197387695
0.004306316375732422
0.004302263259887695
0.004307985305786133
0.004287242889404297
0.004317045211791992
0.004287242889404297
0.004279375076293945
0.0042955875396728516
0.004419565200805664
0.004467010498046875
0.004411935806274414
0.004455089569091797
0.004611492156982422
0.004821300506591797
0.004727602005004883
0.004702091217041016
0.004754304885864258
0.004490375518798828
0.004767656326293945
0.0045087337493896484
0.004523754119873047
0.004458189010620117
0.004454135894775391
0.0044329166412353516
0.004312992095947266
0.004288911819458008
0.004291057586669922
0.004276752471923828
0.0045773983001708984
0.004285335540771484
0.004317045211791992
0.004286050796508789
0.004288911819458008
0.004279613494873047
0.0042841434478759766
0.004396915435791016
0.0042836666107177734
0.0042781829833984375
0.0045049190521240234
0.004315376281738281
0.004286050796508789
0.004288434982299805
0.004292726516723633
0.004462242126464844
0.004312276840209961
0.004307270050048828
0.004311561584472656
0.0042955875396728516
0.004394054412841797
0.004315614700317383
0.004307270050048828
0.0042951107025146484
0.004319429397583008
0.004296779632568359
0.004303693771362305
0.004316091537475586
0.0043065547943115234
0.004299163818359375
0.0043163299560546875
0.0043146610260009766
0.0042798519134521484
0.004380464553833008
0.004310131072998047
0.004304409027099609
0.004273414611816406
0.00429534912109375
0.004290580749511719
0.004324913024902344
0.004296541213989258
0.00431513786315918
0.00456547737121582
0.004300355911254883
0.004302501678466797
0.004282236099243164
0.0043027400970458984
0.004288434982299805
0.004290103912353516
0.004302501678466797
0.004737377166748047
0.0043087005615234375
0.004292964935302734
0.004288196563720703
0.004320621490478516
0.004337787628173828
0.00432133674621582
0.0043032169342041016
0.004273414611816406
0.004308462142944336
0.004284381866455078
0.0042879581451416016
0.004286050796508789
0.004288673400878906
0.0042841434478759766
0.004391908645629883
0.004273414611816406
0.004281282424926758
0.004289865493774414
0.004288196563720703
0.004294633865356445
0.004290580749511719
0.004273414611816406
0.004305839538574219
0.0042858123779296875
0.004300594329833984
0.004288434982299805
0.0042684078216552734
0.004296541213989258
0.00432586669921875
0.004324436187744141
0.00434112548828125
0.004313945770263672
0.004306316375732422
0.004297971725463867
0.004300117492675781
0.004304170608520508
0.004384040832519531
0.004286050796508789
0.004320383071899414
0.004528999328613281
0.004485130310058594
0.004377841949462891
0.004378795623779297
0.0043179988861083984
0.004523515701293945
0.004424095153808594
0.004396677017211914
0.004349708557128906
0.004371166229248047
0.0043222904205322266
0.004360675811767578
0.004490375518798828
0.0043926239013671875
0.004338502883911133
0.004450321197509766
0.004310131072998047
0.004321098327636719
0.004497528076171875
0.004491567611694336
0.004346370697021484
0.004305601119995117
0.004334926605224609
0.00439000129699707
0.004338264465332031
0.0045490264892578125
0.004424333572387695
0.004369020462036133
0.00440216064453125
0.004398822784423828
0.004338979721069336
0.0044403076171875
0.00440669059753418
0.004349470138549805
0.0042726993560791016
0.004308223724365234
0.004290103912353516
0.004346609115600586
0.00433039665222168
0.004302978515625
0.004328250885009766
0.00441431999206543
0.004312753677368164
0.004310131072998047
0.004307746887207031
0.0043087005615234375
0.004311323165893555
0.0042989253997802734
0.004291057586669922
0.0042896270751953125
0.0042989253997802734
0.0043332576751708984
0.004292488098144531
0.004309892654418945
0.0043392181396484375
0.0043070316314697266
0.004345893859863281
0.004341840744018555
0.004270792007446289
0.004250049591064453
0.004268169403076172
0.0043718814849853516
0.004355192184448242
0.004426717758178711
0.004367351531982422
0.004353523254394531
0.004380941390991211
0.0044078826904296875
0.004342794418334961
0.004391670227050781
0.004464864730834961
0.004390239715576172
0.004492998123168945
0.00433349609375
0.004331111907958984
0.004319667816162109
0.004533052444458008
0.004408597946166992
0.004374265670776367
0.0043718814849853516
0.004324197769165039
0.0043468475341796875
0.004449367523193359
0.004393577575683594
0.004415035247802734
0.004369974136352539
0.004404306411743164
0.0043370723724365234
0.0043392181396484375
0.0044977664947509766
0.004388570785522461
0.0043430328369140625
0.004328250885009766
0.004339694976806641
0.004332542419433594
0.004448890686035156
0.00440526008605957
0.004423379898071289
0.004365444183349609
0.004384517669677734
0.004347324371337891
0.0044879913330078125
0.0044727325439453125
0.004335880279541016
0.004354715347290039
0.004359245300292969
0.004359006881713867
0.0042858123779296875
0.004424333572387695
0.004287242889404297
0.0042705535888671875
0.004305839538574219
0.004304409027099609
0.004373788833618164
0.004335880279541016
0.0042858123779296875
0.004271984100341797
0.004318714141845703
0.004302501678466797
0.004281044006347656
0.00430750846862793
0.004282474517822266
0.0043184757232666016
0.00435185432434082
0.004331350326538086
0.004335165023803711
0.004357576370239258
0.004492998123168945
0.0045130252838134766
0.004347324371337891
0.00431060791015625
0.004315376281738281
0.004306793212890625
0.004514932632446289
0.004388570785522461
0.004389762878417969
0.0050983428955078125
0.004366636276245117
0.004343748092651367
0.004815340042114258
0.0043871402740478516
0.004496574401855469
0.0043485164642333984
0.004354238510131836
0.004513978958129883
0.006556034088134766
0.004618167877197266
0.006701946258544922
0.028946399688720703
0.0043714046478271484
0.004367828369140625
0.004948139190673828
0.00660395622253418
0.006535530090332031
0.004400730133056641
0.0043125152587890625
0.004347085952758789
0.005631446838378906
0.0065042972564697266
0.014068365097045898
0.006627321243286133
0.006459236145019531
0.022365093231201172
0.00647425651550293
0.02520751953125
0.004340410232543945
0.004395246505737305
0.004326581954956055
0.018198728561401367
0.004434108734130859
0.004352092742919922
0.004395246505737305
0.004370212554931641
0.005941867828369141
0.004339456558227539
0.004303932189941406
0.004287004470825195
0.006548404693603516
0.006543159484863281
0.004782676696777344
0.0044863224029541016
0.00433349609375
0.005834817886352539
0.0066165924072265625
0.006568193435668945
0.004387617111206055
0.004305839538574219
0.00430750846862793
0.004298210144042969
0.004282236099243164
0.004282236099243164
0.004253864288330078
0.004277467727661133
0.004290580749511719
0.004269599914550781
0.004288196563720703
0.0037636756896972656
0.0043201446533203125
0.004412174224853516
0.004318714141845703
0.004304409027099609
0.004252433776855469
0.006141185760498047
0.0037512779235839844
0.004405975341796875
0.0044803619384765625
0.0044612884521484375
0.004601240158081055
0.004855632781982422
0.004412412643432617
0.004400491714477539
0.00427556037902832
0.004280567169189453
0.004347801208496094
0.004335165023803711
0.0043599605560302734
0.003849029541015625
0.005939960479736328
0.0050067901611328125
0.004375934600830078
0.004343986511230469
0.004350423812866211
0.004388332366943359
0.004375457763671875
0.004281282424926758
0.004292011260986328
0.004279136657714844
0.0042951107025146484
0.004283428192138672
0.004481077194213867
0.004332304000854492
0.004311561584472656
0.004298210144042969
0.004341602325439453
0.00428462028503418
0.0043141841888427734
0.0044634342193603516
0.004424571990966797
0.004317283630371094
0.00429987907409668
0.004287242889404297
0.004291534423828125
0.004361391067504883
0.004313230514526367
0.004369974136352539
0.004320383071899414
0.004421234130859375
0.004354238510131836
0.004300594329833984
0.004299640655517578
0.004294395446777344
0.0042874813079833984
0.004291057586669922
0.00432586669921875
0.004300355911254883
0.004320859909057617
0.004303693771362305
0.004285097122192383
0.004322528839111328
0.0043065547943115234
0.004343509674072266
0.0042722225189208984
0.004290103912353516
0.004288911819458008
0.004257917404174805
0.004244565963745117
0.004366636276245117
0.004449367523193359
0.004342794418334961
0.004294872283935547
0.00429844856262207
0.004302501678466797
0.004354715347290039
0.004305362701416016
0.004339933395385742
0.004433393478393555
0.004365205764770508
0.004319667816162109
0.004360675811767578
0.004395008087158203
0.004348278045654297
0.004842281341552734
0.0044672489166259766
0.0044977664947509766
0.0042836666107177734
0.0042591094970703125
0.00426483154296875
0.0042726993560791016
0.004279613494873047
0.004242897033691406
0.004392862319946289
0.0044214725494384766
0.004346132278442383
0.004338502883911133
0.0047550201416015625
0.0043675899505615234
0.00437164306640625
0.004332542419433594
0.004333019256591797
0.004351615905761719
0.004734516143798828
0.004325151443481445
0.004340648651123047
0.0043103694915771484
0.004355192184448242
0.004331111907958984
0.004349231719970703
0.004660129547119141
0.004674196243286133
0.004282712936401367
0.0042514801025390625
0.0044231414794921875
0.004811763763427734
0.0044019222259521484
0.0043833255767822266
0.004370927810668945
0.004407167434692383
0.004305124282836914
0.0044558048248291016
0.004327297210693359
0.00461578369140625
0.0044231414794921875
0.004477024078369141
0.0047190189361572266
0.004403352737426758
0.0044116973876953125
0.004511594772338867
0.0044193267822265625
0.0043468475341796875
0.005000591278076172
0.004334449768066406
0.004405021667480469
0.004408836364746094
0.005017757415771484
0.004323244094848633
0.004899740219116211
0.004632711410522461
0.004636526107788086
0.004584312438964844
0.0045397281646728516
0.00458073616027832
0.004769802093505859
0.004673957824707031
0.0046520233154296875
0.004643678665161133
0.004628658294677734
0.0046460628509521484
0.005002021789550781
0.0046575069427490234
0.0046346187591552734
0.004487514495849609
0.004456758499145508
0.004475831985473633
0.004500627517700195
0.004666328430175781
0.0044002532958984375
0.004316806793212891
0.004328727722167969
0.004475831985473633
0.004317283630371094
0.004308462142944336
0.004285335540771484
0.004297733306884766
0.004300355911254883
0.0043239593505859375
0.004318714141845703
0.004308938980102539
0.00458073616027832
0.00466465950012207
0.004593849182128906
0.004471302032470703
0.004588127136230469
0.0047152042388916016
0.004671335220336914
0.004776477813720703
0.0045588016510009766
0.00449371337890625
0.004494905471801758
0.004521369934082031
0.004477500915527344
0.004670143127441406
0.0049555301666259766
0.004584074020385742
0.004546165466308594
0.004545927047729492
0.004581928253173828
0.0046346187591552734
0.005265474319458008
0.004670858383178711
0.004507780075073242
0.004485607147216797
0.004568815231323242
0.004634857177734375
0.004597187042236328
0.0047664642333984375
0.004561424255371094
0.004587650299072266
0.0044896602630615234
0.004689693450927734
0.004491090774536133
0.004628181457519531
0.00504612922668457
0.004717826843261719
0.0046160221099853516
0.004460334777832031
0.004353761672973633
0.004301548004150391
0.004315376281738281
0.004271984100341797
0.004289865493774414
0.0042858123779296875
0.004305601119995117
0.004288673400878906
0.004370212554931641
0.0043125152587890625
0.0042934417724609375
0.004286050796508789
0.004274606704711914
0.0045130252838134766
0.004679441452026367
0.004701852798461914
0.005036830902099609
0.004624843597412109
0.0046520233154296875
0.004662036895751953
0.004647016525268555
0.004638195037841797
0.005001544952392578
0.004647493362426758
0.00464177131652832
0.004640340805053711
0.004654645919799805
0.004621982574462891
0.004641532897949219
0.005005359649658203
0.004659891128540039
0.00446629524230957
0.004258632659912109
0.004244327545166016
0.00432276725769043
0.0044689178466796875
0.004353761672973633
0.0043528079986572266
0.004423856735229492
0.004491329193115234
0.0043485164642333984
0.0043659210205078125
0.004381656646728516
0.004360675811767578
0.004363059997558594
0.0043010711669921875
0.004366874694824219
0.004294872283935547
0.004421710968017578
0.004332780838012695
0.004273176193237305
0.004401683807373047
0.004424333572387695
0.0044019222259521484
0.004279375076293945
0.004302024841308594
0.0043146610260009766
0.004304409027099609
0.0043182373046875
0.004451751708984375
0.004328012466430664
0.004485607147216797
0.00427556037902832
0.004288196563720703
0.004255771636962891
0.004281282424926758
0.004282236099243164
0.004266023635864258
0.004271745681762695
0.0042607784271240234
0.004267215728759766
0.004279613494873047
0.0043604373931884766
0.004292011260986328
0.004286050796508789
0.004270315170288086
0.004271030426025391
0.004330158233642578
0.004319667816162109
0.004340171813964844
0.0043277740478515625
0.004382133483886719
0.004393815994262695
0.004312753677368164
0.004263162612915039
0.004268169403076172
0.004537105560302734
0.0043523311614990234
0.004506111145019531
0.004394054412841797
0.004357337951660156
0.004325151443481445
0.004308223724365234
0.004312992095947266
0.004409074783325195
0.004302024841308594
0.0043070316314697266
0.004379749298095703
0.004389286041259766
0.004320859909057617
0.0043201446533203125
0.004395008087158203
0.004435062408447266
0.004435062408447266
0.004298686981201172
0.004278659820556641
0.0042951107025146484
0.0044209957122802734
0.0045092105865478516
0.004350185394287109
0.0043125152587890625
0.0043222904205322266
0.004326581954956055
0.004365444183349609
0.004324197769165039
0.004276752471923828
0.004319906234741211
0.004335641860961914
0.004299163818359375
0.004387378692626953
0.004388570785522461
0.004473209381103516
0.004349470138549805
0.004305839538574219
0.0042934417724609375
0.004281044006347656
0.004300594329833984
0.004304170608520508
0.004278659820556641
0.0042798519134521484
0.00431060791015625
0.004294395446777344
0.004305601119995117
0.004292964935302734
0.004301309585571289
0.004454612731933594
0.00441431999206543
0.004318714141845703
0.004340648651123047
0.0045413970947265625
0.00540614128112793
0.00443267822265625
0.004377603530883789
0.00433039665222168
0.004327535629272461
0.005225658416748047
0.004708051681518555
0.00470423698425293
0.004288911819458008
0.004266500473022461
0.004287242889404297
0.004270076751708984
0.004340648651123047
0.004496574401855469
0.004286289215087891
0.00439143180847168
0.004322052001953125
0.004915952682495117
0.0052874088287353516
0.004626274108886719
0.004634857177734375
0.004629373550415039
0.0046770572662353516
0.004622936248779297
0.005825042724609375
0.004590272903442383
0.004530906677246094
0.0045850276947021484
0.004385948181152344
0.004365205764770508
0.004475116729736328
0.004482746124267578
0.0043413639068603516
0.004441976547241211
0.004400730133056641
0.004406452178955078
0.004460334777832031
0.00428318977355957
0.0042934417724609375
0.004283428192138672
0.0044329166412353516
0.0043201446533203125
0.004291057586669922
0.004251956939697266
0.004251718521118164
0.004408121109008789
0.004315853118896484
0.004335880279541016
0.004351139068603516
0.0050640106201171875
0.004721641540527344
0.004587888717651367
0.004412174224853516
0.004416942596435547
0.004490852355957031
0.004765033721923828
0.004488706588745117
0.004500389099121094
0.004481792449951172
0.004492282867431641
0.004563570022583008
0.004515886306762695
0.0047512054443359375
0.004457235336303711
0.004392862319946289
0.00447535514831543
0.004895448684692383
0.0045812129974365234
0.004518747329711914
0.004752397537231445
0.004627227783203125
0.004509925842285156
0.0045816898345947266
0.0048007965087890625
0.004477739334106445
0.005039215087890625
0.00448155403137207
0.00457763671875
0.004568815231323242
0.004828929901123047
0.004592180252075195
0.00442194938659668
0.0047037601470947266
0.004492998123168945
0.004497051239013672
0.004898548126220703
0.00455474853515625
0.004449605941772461
0.0048635005950927734
0.004536151885986328
0.004610538482666016
0.0048978328704833984
0.004450559616088867
0.004400014877319336
0.004462718963623047
0.004584312438964844
0.004469633102416992
0.004476308822631836
0.004569530487060547
0.004435062408447266
0.0045430660247802734
0.0047283172607421875
0.004428386688232422
0.003960609436035156
0.00427556037902832
0.004286527633666992
0.0043103694915771484
0.004281044006347656
0.0043032169342041016
0.004303932189941406
0.004349946975708008
0.00432133674621582
0.004275798797607422
0.004273891448974609
0.004315614700317383
0.0043718814849853516
0.004503488540649414
0.004305124282836914
0.004270792007446289
0.016305923461914062
0.0042781829833984375
0.0042760372161865234
0.004248857498168945
0.01715850830078125
0.004288673400878906
0.004284381866455078
0.020299196243286133
0.0042724609375
0.004273891448974609
0.0042688846588134766
0.020274877548217773
0.004258155822753906
0.004265546798706055
0.00424957275390625
0.005091190338134766
0.004296064376831055
0.004286050796508789
0.004277706146240234
0.004256010055541992
0.02026820182800293
0.004230022430419922
0.004261016845703125
0.004267692565917969
0.004290342330932617
0.00426483154296875
0.00425267219543457
0.004256248474121094
0.0042591094970703125
0.004285573959350586
0.00428462028503418
0.004273891448974609
0.004288673400878906
0.004267215728759766
0.004263401031494141
0.004284858703613281
0.00426173210144043
0.004272937774658203
0.004437923431396484
0.00473785400390625
0.004330635070800781
0.004330158233642578
0.004366636276245117
0.0043659210205078125
0.00458836555480957
0.004381656646728516
0.0043125152587890625
0.004533052444458008
0.004606008529663086
0.004400014877319336
0.004378795623779297
0.004845142364501953
0.004425764083862305
0.004340410232543945
0.004331350326538086
0.004308938980102539
0.0046274662017822266
0.004971027374267578
0.004919767379760742
0.004692554473876953
0.004652976989746094
0.00521087646484375
0.0051059722900390625
0.005133628845214844
0.004643440246582031
0.004625082015991211
0.00461888313293457
0.004580020904541016
0.004587888717651367
0.005370378494262695
0.00458526611328125
0.0045926570892333984
0.0046312808990478516
0.004624605178833008
0.004629373550415039
0.005222797393798828
0.004628181457519531
0.004614114761352539
0.004636526107788086
0.004396915435791016
0.004366874694824219
0.004355669021606445
0.004262685775756836
0.004286289215087891
0.004260063171386719
0.004259824752807617
0.0042569637298583984
0.004303455352783203
0.004372596740722656
0.004328012466430664
0.004274129867553711
0.00426793098449707
0.0042803287506103516
0.004285573959350586
0.004277944564819336
0.004287004470825195
0.004296302795410156
0.004245281219482422
0.004257917404174805
0.004256725311279297
0.0042345523834228516
0.004234790802001953
0.004245281219482422
0.004250526428222656
0.0042569637298583984
0.004259347915649414
0.004280567169189453
0.004259586334228516
0.004269838333129883
0.0042705535888671875
0.00426483154296875
0.004302978515625
0.004249095916748047
0.0042858123779296875
0.004264354705810547
0.004256010055541992
0.0042498111724853516
0.004256248474121094
0.004260540008544922
0.004278421401977539
0.004441022872924805
0.004474163055419922
0.004317522048950195
0.004296541213989258
0.00429987907409668
0.004288434982299805
0.0044553279876708984
0.0046384334564208984
0.004302978515625
0.00426793098449707
0.004258394241333008
0.004281282424926758
0.0042569637298583984
0.004280567169189453
0.004236936569213867
0.004271268844604492
0.00426793098449707
0.004259586334228516
0.004272937774658203
0.0042724609375
0.004264116287231445
0.0042724609375
0.004303693771362305
0.004290103912353516
0.00428462028503418
0.004269599914550781
0.0042951107025146484
0.004279375076293945
0.0042877197265625
0.004292011260986328
0.004285573959350586
0.004305839538574219
0.0042724609375
0.004279375076293945
0.0043032169342041016
0.004758119583129883
0.004308938980102539
0.004277706146240234
0.0043485164642333984
0.004294633865356445
0.0042688846588134766
0.004391670227050781
0.004271984100341797
0.0043087005615234375
0.0042724609375
0.004267215728759766
0.004256725311279297
0.004262447357177734
0.0042819976806640625
0.004270076751708984
0.0042459964752197266
0.00429081916809082
0.0042591094970703125
0.004289150238037109
0.0043108463287353516
0.0042836666107177734
0.0042877197265625
0.004282474517822266
0.004294395446777344
0.004307270050048828
0.0043032169342041016
0.004276752471923828
0.004328489303588867
0.004286289215087891
0.004297018051147461
0.004288673400878906
0.0042951107025146484
0.00438690185546875
0.004266500473022461
0.004289388656616211
0.004301786422729492
0.0042955875396728516
0.004306316375732422
0.0046460628509521484
0.004254817962646484
0.004271268844604492
