0.016475915908813477
0.016626358032226562
0.016896486282348633
0.016855955123901367
0.016201496124267578
0.015720129013061523
0.01573944091796875
0.015827655792236328
0.016701698303222656
0.016386032104492188
0.016481637954711914
0.017032861709594727
0.016864299774169922
0.016478776931762695
0.01648426055908203
0.016389846801757812
0.016590118408203125
0.016282081604003906
0.016274452209472656
0.016483306884765625
0.016600608825683594
0.017558574676513672
0.024851322174072266
0.024335622787475586
0.020250797271728516
0.01626729965209961
0.01670980453491211
0.016431331634521484
0.016151905059814453
0.01593804359436035
0.017140865325927734
0.017131567001342773
0.016789674758911133
0.015918731689453125
0.015825271606445312
0.01590251922607422
0.01605224609375
0.016385316848754883
0.01620173454284668
0.016405105590820312
0.016424894332885742
0.01599860191345215
0.01599740982055664
0.016045570373535156
0.015991687774658203
0.016254186630249023
0.015556812286376953
0.015717267990112305
0.015902996063232422
0.016306161880493164
0.01577472686767578
0.01596665382385254
0.015883207321166992
0.016077756881713867
0.01619696617126465
0.016064167022705078
0.016300201416015625
0.016449689865112305
0.01635289192199707
0.01635599136352539
0.015796899795532227
0.016420841217041016
0.016121864318847656
0.016646862030029297
0.01854228973388672
0.016063928604125977
0.01601409912109375
0.01631927490234375
0.016258955001831055
0.016000747680664062
0.015804767608642578
0.016944408416748047
0.017340660095214844
0.016839981079101562
0.0164029598236084
0.01640009880065918
0.016597270965576172
0.016181468963623047
0.01656341552734375
0.016952991485595703
0.01686549186706543
0.017348289489746094
0.017487525939941406
0.017325401306152344
0.01713395118713379
0.01748180389404297
0.016713619232177734
0.01678466796875
0.01720285415649414
0.01734328269958496
0.016628742218017578
0.017220497131347656
0.016733884811401367
0.016262292861938477
0.016141653060913086
0.01614975929260254
0.0164947509765625
0.016661405563354492
0.016368865966796875
0.01570892333984375
0.015607118606567383
0.01549983024597168
0.015211820602416992
0.01493382453918457
0.014929533004760742
0.015084028244018555
0.015360116958618164
0.015311002731323242
0.015221595764160156
0.015152454376220703
0.015019655227661133
0.015007972717285156
0.015455961227416992
0.015218973159790039
0.01493525505065918
0.015014886856079102
0.014946460723876953
0.01562952995300293
0.01548147201538086
0.015504121780395508
0.015531778335571289
0.015403032302856445
0.01529073715209961
0.015645265579223633
0.015549421310424805
0.015574455261230469
0.015064477920532227
0.01503896713256836
0.015146255493164062
0.015255451202392578
0.015160322189331055
0.015364646911621094
0.015477657318115234
0.015122175216674805
0.01600050926208496
0.015434026718139648
0.015233755111694336
0.01529073715209961
0.015705108642578125
0.015406131744384766
0.0152587890625
0.015466928482055664
0.015506744384765625
0.01545858383178711
0.015778303146362305
0.01595759391784668
0.016302108764648438
0.016301870346069336
0.01572108268737793
0.015707969665527344
0.01566791534423828
0.0158236026763916
0.01578521728515625
0.01578521728515625
0.015904903411865234
0.01662158966064453
0.016603708267211914
0.01702570915222168
0.016712665557861328
0.01614069938659668
0.016228914260864258
0.016201257705688477
0.01615166664123535
0.0166168212890625
0.016497135162353516
0.016930103302001953
0.016287565231323242
0.01574254035949707
0.01582479476928711
0.01616668701171875
0.016054153442382812
0.016955852508544922
0.01656198501586914
0.01598954200744629
0.01547861099243164
0.015505313873291016
0.015522480010986328
0.015170097351074219
0.015080928802490234
0.015097856521606445
0.015200614929199219
0.015112161636352539
0.015280008316040039
0.015164613723754883
0.015385627746582031
0.015465497970581055
0.01527261734008789
0.015184879302978516
0.015480756759643555
0.01517629623413086
0.015000104904174805
0.015610694885253906
0.01574540138244629
0.01576375961303711
0.015668392181396484
0.015344858169555664
0.015263080596923828
0.015857696533203125
0.015821456909179688
0.015799283981323242
0.01599717140197754
0.025809288024902344
0.020161867141723633
0.01598381996154785
0.01631760597229004
0.016550779342651367
0.016793489456176758
0.015976905822753906
0.015835285186767578
0.015855789184570312
0.015758991241455078
0.015475034713745117
0.015587329864501953
0.0154266357421875
0.015511035919189453
0.015377283096313477
0.015029668807983398
0.015662431716918945
0.01696324348449707
0.017913818359375
0.017453908920288086
0.0165407657623291
0.016066789627075195
0.016267061233520508
0.015844106674194336
0.016310691833496094
0.01625204086303711
0.016579151153564453
0.01646256446838379
0.016682863235473633
0.01678299903869629
0.016887426376342773
0.01661229133605957
0.016289472579956055
0.015448808670043945
0.01586151123046875
0.01602792739868164
0.01642155647277832
0.016597747802734375
0.01604747772216797
0.015422582626342773
0.015470743179321289
0.01564168930053711
0.015659093856811523
0.016054153442382812
0.0164797306060791
0.01610732078552246
0.01554560661315918
0.01553487777709961
0.015985488891601562
0.015168190002441406
0.014870882034301758
0.015264749526977539
0.014930009841918945
0.015529155731201172
0.015568256378173828
0.015582799911499023
0.015781402587890625
0.015745162963867188
0.015103578567504883
0.015020608901977539
0.014967203140258789
0.015053272247314453
0.015508651733398438
0.01543879508972168
0.015562772750854492
0.015475749969482422
0.01571202278137207
0.01588153839111328
0.01580071449279785
0.015633583068847656
0.015305280685424805
0.014943122863769531
0.015096187591552734
0.015182018280029297
0.015557289123535156
0.015573740005493164
0.015479564666748047
0.015144824981689453
0.01514291763305664
0.015010595321655273
0.015498161315917969
0.016043901443481445
0.016070127487182617
0.01604318618774414
0.016232013702392578
0.01576709747314453
0.015615224838256836
0.01540064811706543
0.015454292297363281
0.01566004753112793
0.015168190002441406
0.014935016632080078
0.015296220779418945
0.015924930572509766
0.01595330238342285
0.016257047653198242
0.016050338745117188
0.015811920166015625
0.01584935188293457
0.01587843894958496
0.01594829559326172
0.016285419464111328
0.01676464080810547
0.01701521873474121
0.016584157943725586
0.01603078842163086
0.01608133316040039
0.015799999237060547
0.015987873077392578
0.016350984573364258
0.016505956649780273
0.01699972152709961
0.016892671585083008
0.016220569610595703
0.015878915786743164
0.01606917381286621
0.016432762145996094
0.016227006912231445
0.01650238037109375
0.01689624786376953
0.016252517700195312
0.015539407730102539
0.015644550323486328
0.015258312225341797
0.015222311019897461
0.015583992004394531
0.015553951263427734
0.015609979629516602
0.01543879508972168
0.015231132507324219
0.015863656997680664
0.01595616340637207
0.015740633010864258
0.015796422958374023
0.015510082244873047
0.015518665313720703
0.015485525131225586
0.015398263931274414
0.015430212020874023
0.015773296356201172
0.015635251998901367
0.015607118606567383
0.015438318252563477
0.015659093856811523
0.015649080276489258
0.01579427719116211
0.015660762786865234
0.015735387802124023
0.01578044891357422
0.01566600799560547
0.015778541564941406
0.015540122985839844
0.01591777801513672
0.015220403671264648
0.015286922454833984
0.015175580978393555
0.015609264373779297
0.015770912170410156
0.01546335220336914
0.01547694206237793
0.015341997146606445
0.01528620719909668
0.01510477066040039
0.014763116836547852
0.01470804214477539
0.015505075454711914
0.01539468765258789
0.01616644859313965
0.01597905158996582
0.0160520076751709
0.01600360870361328
0.015833616256713867
0.0157012939453125
0.0157015323638916
0.01576685905456543
0.015912532806396484
0.016016244888305664
0.01689767837524414
0.016804933547973633
0.01649928092956543
0.0163116455078125
0.016222476959228516
0.016295194625854492
0.016171693801879883
0.016618728637695312
0.01649188995361328
0.016673564910888672
0.016124725341796875
0.015943288803100586
0.015559911727905273
0.015597820281982422
0.01567840576171875
0.015935897827148438
0.016916751861572266
0.01692366600036621
0.016097307205200195
0.01556396484375
0.015450477600097656
0.015396595001220703
0.015032529830932617
0.015123367309570312
0.015398263931274414
0.015303850173950195
0.015041589736938477
0.015131473541259766
0.015094518661499023
0.015276432037353516
0.015245914459228516
0.015721559524536133
0.01647186279296875
0.016632556915283203
0.015980243682861328
0.015635251998901367
0.015610456466674805
0.015560388565063477
0.01554560661315918
0.014880657196044922
0.014867544174194336
0.014839887619018555
0.01502084732055664
0.015347719192504883
0.015047550201416016
0.015311241149902344
0.01520848274230957
0.015158414840698242
0.014992237091064453
0.015103578567504883
0.015451431274414062
0.015504598617553711
0.015350341796875
0.015483856201171875
0.015220165252685547
0.014739751815795898
0.015159368515014648
0.01552438735961914
0.015378713607788086
0.015024423599243164
0.01526021957397461
0.01541447639465332
0.015379905700683594
0.015330314636230469
0.01520228385925293
0.015576601028442383
0.01559305191040039
0.015498638153076172
0.015418767929077148
0.015080451965332031
0.015580177307128906
0.015618324279785156
0.015089035034179688
0.015253305435180664
0.015522956848144531
0.016137123107910156
0.016524314880371094
0.016507863998413086
0.01575756072998047
0.015532732009887695
0.01579451560974121
0.015926599502563477
0.016244888305664062
0.016585350036621094
0.01629018783569336
0.016774892807006836
0.01621723175048828
0.015401363372802734
0.01536703109741211
0.015712499618530273
0.01575446128845215
0.016095876693725586
0.017339706420898438
0.021182775497436523
0.02619624137878418
0.02140021324157715
0.016661405563354492
0.01725316047668457
0.022392988204956055
0.028926849365234375
0.023215055465698242
0.016894102096557617
0.015296697616577148
0.014956951141357422
0.014966011047363281
0.01551961898803711
0.015577554702758789
0.01538705825805664
0.015069246292114258
0.015463829040527344
0.015569210052490234
0.01514744758605957
0.01472616195678711
0.014817953109741211
0.01491999626159668
0.014766454696655273
0.014907598495483398
0.015146493911743164
0.015369176864624023
0.014935493469238281
0.015563249588012695
0.015973567962646484
0.01544332504272461
0.015192031860351562
0.015431880950927734
0.015530586242675781
0.01570272445678711
0.015272378921508789
0.014958381652832031
0.015355348587036133
0.015224218368530273
0.015648603439331055
0.014931201934814453
0.014817476272583008
0.014780044555664062
0.01511693000793457
0.015515804290771484
0.01615118980407715
0.01596808433532715
0.015991687774658203
0.016085386276245117
0.0158538818359375
0.01650834083557129
0.015893936157226562
0.015954017639160156
0.01598191261291504
0.016494274139404297
0.016403913497924805
0.0172116756439209
0.017081022262573242
0.016234397888183594
0.015495061874389648
0.01563549041748047
0.015269756317138672
0.01581287384033203
0.016176223754882812
0.016518592834472656
0.01653265953063965
0.0163421630859375
0.015784502029418945
0.016246795654296875
0.01626729965209961
0.016402482986450195
0.016262531280517578
0.016474246978759766
0.016099929809570312
0.016104936599731445
0.015806198120117188
0.0157623291015625
0.015607118606567383
0.015713930130004883
0.01580190658569336
0.015662670135498047
0.015679359436035156
0.015509605407714844
0.015641450881958008
0.015461444854736328
0.01570415496826172
0.015609264373779297
0.015845537185668945
0.015612602233886719
0.015956878662109375
0.015594005584716797
0.015582561492919922
0.01576542854309082
0.01568293571472168
0.01550745964050293
0.015544414520263672
0.01549983024597168
0.01559758186340332
0.015627145767211914
0.01569199562072754
0.015494823455810547
0.015488624572753906
0.015512466430664062
0.014989852905273438
0.014997720718383789
0.014890193939208984
0.016301631927490234
0.016437530517578125
0.01651930809020996
0.016232728958129883
0.016277551651000977
0.015965938568115234
0.015761375427246094
0.01582789421081543
0.01604437828063965
0.01578211784362793
0.015662193298339844
0.01554250717163086
0.01556396484375
0.01560211181640625
0.01698756217956543
0.01691913604736328
0.016418933868408203
0.016223907470703125
0.015885114669799805
0.016268014907836914
0.016582965850830078
0.016659259796142578
0.017578125
0.018440961837768555
0.018349409103393555
0.017888784408569336
0.017223119735717773
0.016130447387695312
0.015855789184570312
0.0158383846282959
0.01662731170654297
0.016728639602661133
0.016675949096679688
0.0165860652923584
0.016512393951416016
0.01590728759765625
0.01604628562927246
0.015928268432617188
0.01660299301147461
0.01686859130859375
0.016266822814941406
0.016087055206298828
0.015266180038452148
0.015572786331176758
0.016587018966674805
0.015908241271972656
0.015685081481933594
0.016637802124023438
0.016635656356811523
0.016170501708984375
0.01657414436340332
0.016068220138549805
0.01607227325439453
0.015867233276367188
0.015505313873291016
0.015488386154174805
0.01580047607421875
0.015813112258911133
0.015620946884155273
0.01564931869506836
0.015216350555419922
0.015290260314941406
0.015570640563964844
0.0162503719329834
0.01573801040649414
0.015664339065551758
0.015457391738891602
0.015627145767211914
0.016363143920898438
0.016129493713378906
0.01584482192993164
0.01610422134399414
0.016141414642333984
0.015875577926635742
0.015970468521118164
0.01591348648071289
0.0157778263092041
0.015687227249145508
0.015703439712524414
0.01564955711364746
0.015328168869018555
0.015193462371826172
0.015799522399902344
0.015830516815185547
0.01586318016052246
0.015637874603271484
0.01585674285888672
0.017132282257080078
0.017548561096191406
0.016646862030029297
0.016399383544921875
0.017382383346557617
0.01638007164001465
0.015533924102783203
0.016138315200805664
0.016280412673950195
0.01705002784729004
0.01713871955871582
0.01732635498046875
0.01626873016357422
0.015969276428222656
0.015752315521240234
0.01590108871459961
0.016841888427734375
0.01670694351196289
0.01647639274597168
0.016674518585205078
0.0163266658782959
0.0161287784576416
0.016530513763427734
0.01625990867614746
0.0164492130279541
0.016503334045410156
0.0162503719329834
0.015668392181396484
0.015448808670043945
0.015270233154296875
0.015315532684326172
0.015341997146606445
0.015315532684326172
0.015000343322753906
0.015187978744506836
0.014672279357910156
0.014829874038696289
0.014873027801513672
0.015261411666870117
0.015140295028686523
0.015029430389404297
0.01497507095336914
0.014809846878051758
0.014848947525024414
0.015098810195922852
0.015856504440307617
0.01572251319885254
0.015473127365112305
0.015464067459106445
0.015469074249267578
0.015631437301635742
0.0157625675201416
0.015540361404418945
0.015187501907348633
0.015421628952026367
0.01543736457824707
0.015432119369506836
0.015558242797851562
0.015638351440429688
0.015532970428466797
0.015500307083129883
0.01553797721862793
0.015740633010864258
0.015893936157226562
0.01546478271484375
0.014710187911987305
0.01491689682006836
0.015518426895141602
0.015536308288574219
0.015690326690673828
0.015692472457885742
0.01558375358581543
0.015201330184936523
0.015036582946777344
0.015423059463500977
0.01622152328491211
0.016437768936157227
0.016681671142578125
0.016478300094604492
0.015974760055541992
0.015406131744384766
0.018027067184448242
0.02580738067626953
0.020475387573242188
0.018738746643066406
0.017903804779052734
0.016920089721679688
0.016050338745117188
0.015604257583618164
0.01604461669921875
0.01658916473388672
0.016661405563354492
0.01701641082763672
0.01716136932373047
0.01650404930114746
0.01606917381286621
0.016217947006225586
0.016176223754882812
0.016734600067138672
0.017133474349975586
0.016168832778930664
0.0158536434173584
0.01648855209350586
0.015411376953125
0.015503406524658203
0.01617288589477539
0.01627492904663086
0.01600933074951172
0.015751361846923828
0.015422821044921875
0.015112876892089844
0.0152435302734375
0.01557612419128418
0.01566600799560547
0.015308141708374023
0.01558232307434082
0.0158536434173584
0.015848636627197266
0.015974998474121094
0.015735387802124023
0.015917301177978516
0.0158236026763916
0.015758275985717773
0.015837907791137695
0.01726078987121582
0.017621755599975586
0.016499996185302734
0.015956878662109375
0.015616655349731445
0.015730619430541992
0.015502691268920898
0.01563858985900879
0.01580357551574707
0.015334129333496094
0.015437126159667969
0.015398979187011719
0.015776872634887695
0.015239953994750977
0.015547513961791992
0.015340089797973633
0.015475273132324219
0.01536250114440918
0.015526533126831055
0.015470027923583984
0.015726804733276367
0.01570606231689453
0.015659809112548828
0.015775203704833984
0.01572895050048828
0.015857458114624023
0.01589822769165039
0.01610732078552246
0.015854358673095703
0.015759944915771484
0.015711545944213867
0.015873432159423828
0.016147851943969727
0.01609945297241211
0.016291141510009766
0.016758203506469727
0.015996932983398438
0.015839099884033203
0.016117334365844727
0.0162808895111084
0.01620340347290039
0.016284704208374023
0.016372203826904297
0.01648402214050293
0.01637887954711914
0.01567363739013672
0.015665531158447266
0.015623331069946289
0.015811443328857422
0.01585865020751953
0.016231060028076172
0.01593947410583496
0.01536250114440918
0.015240192413330078
0.015604734420776367
0.015142440795898438
0.015524864196777344
0.015388965606689453
0.015505552291870117
0.015623331069946289
0.015527725219726562
0.015384197235107422
0.015750885009765625
0.01586747169494629
0.015668153762817383
0.015156745910644531
0.01508951187133789
0.015109777450561523
0.015573978424072266
0.015738487243652344
0.01601409912109375
0.015740156173706055
0.015560150146484375
0.015687942504882812
0.015469074249267578
0.015287637710571289
0.01542806625366211
0.015094280242919922
0.014929056167602539
0.015212774276733398
0.014892816543579102
0.015041589736938477
0.015094518661499023
0.015476703643798828
0.015426397323608398
0.01577138900756836
0.01586294174194336
0.015616416931152344
0.015578269958496094
0.015639305114746094
0.015886306762695312
0.015603780746459961
0.015435218811035156
0.015365362167358398
0.015429973602294922
0.01566457748413086
0.01575016975402832
0.014916419982910156
0.014924764633178711
0.015902996063232422
0.015544414520263672
0.015935897827148438
0.01600360870361328
0.015909910202026367
0.01576519012451172
0.015895843505859375
0.015921831130981445
0.016494274139404297
0.0164639949798584
0.016556739807128906
0.016685962677001953
0.016152381896972656
0.015346765518188477
0.015741825103759766
0.015778064727783203
0.016153812408447266
0.016139507293701172
0.016440868377685547
0.016514301300048828
0.016614198684692383
0.016497373580932617
0.016370773315429688
0.017292022705078125
0.016823291778564453
0.016779661178588867
0.017041444778442383
0.016419410705566406
0.015946626663208008
0.015592575073242188
0.01581287384033203
0.015508651733398438
0.015483379364013672
0.015110969543457031
0.015410661697387695
0.014951229095458984
0.015047311782836914
0.014995336532592773
0.014722108840942383
0.014865398406982422
0.015040397644042969
0.015056133270263672
0.015197515487670898
0.01531362533569336
0.015258312225341797
0.015288591384887695
0.015375614166259766
0.015096187591552734
0.015560388565063477
0.01539301872253418
0.015607118606567383
0.015434026718139648
0.015615463256835938
0.015460729598999023
0.01546621322631836
0.015326499938964844
0.015375614166259766
0.015484094619750977
0.015350580215454102
0.015390396118164062
0.01576542854309082
0.015409469604492188
0.014982938766479492
0.014908075332641602
0.01496124267578125
0.015311717987060547
0.01547384262084961
0.015458345413208008
0.015415668487548828
0.01552438735961914
0.015283346176147461
0.015499114990234375
0.015174150466918945
0.015299797058105469
0.015035867691040039
0.015595436096191406
0.015131711959838867
0.01520991325378418
0.015624284744262695
0.01595306396484375
0.01567387580871582
0.015393495559692383
0.015352010726928711
0.015628576278686523
0.015378475189208984
0.015962600708007812
0.016509294509887695
0.016504526138305664
0.01601696014404297
0.0157015323638916
0.015651702880859375
0.01573920249938965
0.016768693923950195
0.01673436164855957
0.01733255386352539
0.01706409454345703
0.01665353775024414
0.016441822052001953
0.0165252685546875
0.01640486717224121
0.0166018009185791
0.01630878448486328
0.016465425491333008
0.01582050323486328
0.015565156936645508
0.015306234359741211
0.014670610427856445
0.015009164810180664
0.014957427978515625
0.015081405639648438
0.015303611755371094
0.01548910140991211
0.015470027923583984
0.01685333251953125
