4.930001244619895
4.294163658174334
4.294163658174334
4.294163658174334
4.294163658174334
4.294163658174334
4.294163658174334
4.294163658174334
4.294163658174334
4.294163658174334
4.2734487999377055
4.2734487999377055
4.2734487999377055
4.2734487999377055
4.2734487999377055
4.125557075635905
4.125557075635905
4.125557075635905
4.074208428714305
3.9612421717526978
3.9612421717526978
3.9612421717526978
3.9612421717526978
3.7376921906119556
3.7376921906119556
3.7376921906119556
3.7376921906119556
3.7376921906119556
3.7376921906119556
3.7376921906119556
3.7376921906119556
2.9862603885779286
2.9862603885779286
2.9862603885779286
2.9862603885779286
2.9862603885779286
2.9862603885779286
2.9862603885779286
2.9862603885779286
2.9862603885779286
2.9862603885779286
2.9862603885779286
2.9862603885779286
2.9862603885779286
2.9862603885779286
2.9862603885779286
2.9862603885779286
2.9862603885779286
2.9862603885779286
2.9862603885779286
2.9862603885779286
2.9862603885779286
2.9862603885779286
2.9862603885779286
2.9420083441047
2.9420083441047
2.9420083441047
2.9420083441047
2.9420083441047
2.9420083441047
2.9420083441047
2.4038577709719284
2.4038577709719284
2.4038577709719284
2.4038577709719284
2.4038577709719284
2.4038577709719284
2.4038577709719284
2.4038577709719284
2.4038577709719284
2.4038577709719284
2.4038577709719284
2.0687952578389535
2.05915386505297
1.8619797384696
1.8619797384696
1.8619797384696
1.8619797384696
1.8619797384696
1.8619797384696
1.8619797384696
1.8619797384696
1.8619797384696
1.8619797384696
1.8619797384696
1.8619797384696
1.8619797384696
1.8619797384696
1.8619797384696
1.8619797384696
1.8619797384696
1.8619797384696
1.7478906414477038
1.7478906414477038
1.7478906414477038
1.7478906414477038
1.7478906414477038
1.7478906414477038
1.6864875085835358
1.6864875085835358
1.6864875085835358
1.6864875085835358
1.6864875085835358
1.6864875085835358
1.6864875085835358
1.6864875085835358
1.6690879831756895
1.6690879831756895
1.6690879831756895
1.6690879831756895
1.6690879831756895
1.6690879831756895
1.6690879831756895
1.6690879831756895
1.6690879831756895
1.6690879831756895
1.598426519783878
1.598426519783878
1.598426519783878
1.598426519783878
1.4715643849484472
1.4715643849484472
1.4715643849484472
1.4715643849484472
1.4715643849484472
1.4715643849484472
1.4530410834777712
1.4530410834777712
1.4530410834777712
1.4530410834777712
1.4530410834777712
1.4530410834777712
1.4530410834777712
1.3857606701120915
1.3857606701120915
1.3857606701120915
1.3857606701120915
1.3857606701120915
1.3852398984864607
1.3852398984864607
1.2307745816633933
1.2307745816633933
1.1729020205349308
1.1339158522664938
1.1339158522664938
1.1339158522664938
1.1339158522664938
1.1339158522664938
1.1339158522664938
1.1339158522664938
1.1339158522664938
1.1339158522664938
1.1339158522664938
1.1339158522664938
1.1339158522664938
1.1339158522664938
1.1339158522664938
1.1339158522664938
1.1339158522664938
1.1339158522664938
1.1339158522664938
1.1339158522664938
1.1339158522664938
1.1339158522664938
1.1339158522664938
1.1339158522664938
1.1339158522664938
1.1339158522664938
1.1339158522664938
1.1339158522664938
1.113298927657354
1.1046553663986067
1.1046553663986067
1.0658861961824009
1.0553076988856098
1.0553076988856098
1.0216333523961865
1.0216333523961865
1.0216333523961865
1.0216333523961865
1.0216333523961865
1.0216333523961865
1.0216333523961865
1.0216333523961865
1.0216333523961865
1.0199546519508296
1.0199546519508296
1.0199546519508296
1.0199546519508296
1.0199546519508296
1.0158561510288493
1.012504344747704
1.012504344747704
0.9680438326887568
0.9680438326887568
0.9502938219044452
0.9502938219044452
0.9502938219044452
0.9502938219044452
0.9502938219044452
0.9502938219044452
0.9502938219044452
0.9502938219044452
0.9502938219044452
0.9502938219044452
0.9502938219044452
0.9502938219044452
0.9502938219044452
0.9502938219044452
0.9502938219044452
0.8937656802523648
0.888962716602979
0.8674716598236749
0.8674716598236749
0.8141803417128948
0.8141803417128948
0.8141803417128948
0.8141803417128948
0.8141803417128948
0.8141803417128948
0.8141803417128948
0.7901803811950998
0.7901803811950998
0.7901803811950998
0.7901803811950998
0.7901803811950998
0.7588941719165199
0.7588941719165199
0.7588941719165199
0.7528696728475381
0.7528696728475381
0.7528696728475381
0.6785775116474078
0.6785775116474078
0.6785775116474078
0.6785775116474078
0.6785775116474078
0.6785775116474078
0.6785775116474078
0.6785775116474078
0.6396638240529846
0.6396638240529846
0.6396638240529846
0.6396638240529846
0.6396638240529846
0.6396638240529846
0.6396638240529846
0.6396638240529846
0.6396638240529846
0.639227967091383
0.639227967091383
0.5655572186465072
0.5655572186465072
0.5655572186465072
0.4989387128615945
0.4989387128615945
0.4989387128615945
0.4989387128615945
0.4989387128615945
0.4989387128615945
0.47508106752200874
0.47508106752200874
0.47508106752200874
0.47508106752200874
0.47508106752200874
0.47508106752200874
0.47508106752200874
0.47508106752200874
0.47320643381382155
0.4635414393239863
0.4605388949027862
0.4605388949027862
0.4303708081850708
0.4303708081850708
0.4303708081850708
0.42258996782033265
0.42258996782033265
0.42258996782033265
0.42258996782033265
0.42258996782033265
0.40085844738380416
0.40085844738380416
0.40085844738380416
0.40085844738380416
0.4006950013878736
0.4006950013878736
0.39866863144535714
0.39866863144535714
0.39866863144535714
0.39866863144535714
0.39866863144535714
0.39866863144535714
0.39866863144535714
0.39866863144535714
0.3808882778331686
0.3808882778331686
0.3808882778331686
0.3808882778331686
0.3808882778331686
0.3808882778331686
0.3808882778331686
0.3808882778331686
0.3808882778331686
0.3808882778331686
0.3808882778331686
0.3808882778331686
0.3808882778331686
0.3808882778331686
0.3808882778331686
0.3808882778331686
0.3808882778331686
0.3808882778331686
0.3808882778331686
0.3808882778331686
0.3808882778331686
0.3808882778331686
0.3808882778331686
0.35052464769273683
0.35052464769273683
0.35052464769273683
0.35052464769273683
0.35052464769273683
0.35052464769273683
0.35052464769273683
0.2860544281756461
0.2860544281756461
0.2860544281756461
0.2860544281756461
0.2860544281756461
0.2860544281756461
0.2860544281756461
0.2860544281756461
0.2860544281756461
0.2860544281756461
0.2860544281756461
0.2860544281756461
0.2860544281756461
0.2860544281756461
0.2860544281756461
0.2846428873752451
0.27862289862976297
0.27862289862976297
0.27862289862976297
0.27862289862976297
0.27862289862976297
0.27862289862976297
0.27862289862976297
0.2743422654999854
0.2721186799756623
0.2721186799756623
0.2721186799756623
0.25724373353133245
0.25724373353133245
0.25724373353133245
0.25724373353133245
0.25724373353133245
0.25724373353133245
0.25724373353133245
0.25724373353133245
0.25724373353133245
0.22452190056375798
0.22452190056375798
0.22452190056375798
0.22452190056375798
0.22452190056375798
0.22452190056375798
0.22452190056375798
0.22452190056375798
0.22452190056375798
0.22452190056375798
0.22452190056375798
0.22452190056375798
0.22452190056375798
0.22452190056375798
0.22452190056375798
0.22452190056375798
0.22452190056375798
0.20615077614816713
0.20615077614816713
0.20615077614816713
0.20615077614816713
0.20615077614816713
0.20615077614816713
0.20615077614816713
0.20615077614816713
0.20615077614816713
0.20615077614816713
0.20615077614816713
0.20615077614816713
0.20615077614816713
0.20615077614816713
0.20615077614816713
0.20615077614816713
0.20615077614816713
0.1933133657601509
0.1811702599809557
0.1811702599809557
0.1811702599809557
0.1811702599809557
0.1811702599809557
0.1811702599809557
0.1811702599809557
0.1811702599809557
0.17720290377018344
0.17720290377018344
0.17720290377018344
0.1650680537103817
0.1650680537103817
0.1650680537103817
0.1650680537103817
0.1650680537103817
0.1650680537103817
0.1650680537103817
0.15948085849975513
0.15948085849975513
0.15948085849975513
0.15948085849975513
0.15948085849975513
0.15948085849975513
0.15948085849975513
0.15948085849975513
0.15948085849975513
0.152009324676591
0.152009324676591
0.152009324676591
0.152009324676591
0.152009324676591
0.152009324676591
0.152009324676591
0.152009324676591
0.152009324676591
0.152009324676591
0.152009324676591
0.152009324676591
0.152009324676591
0.152009324676591
0.152009324676591
0.15033982587881667
0.15033982587881667
0.15033982587881667
0.15020857429022882
0.15020857429022882
0.15020857429022882
0.15020857429022882
0.15020857429022882
0.15020857429022882
0.15020857429022882
0.15020857429022882
0.15020857429022882
0.15020857429022882
0.15020857429022882
0.13165424702186357
0.13165424702186357
0.13165424702186357
0.13165424702186357
0.13165424702186357
0.13165424702186357
0.13165424702186357
0.13165424702186357
0.13165424702186357
0.13165424702186357
0.13165424702186357
0.13165424702186357
0.13158561755867382
0.13158561755867382
0.13158561755867382
0.13158561755867382
0.12238438524601136
0.12238438524601136
0.11862080315746582
0.11422320875869119
0.11422320875869119
0.11422320875869119
0.11422320875869119
0.11422320875869119
0.11387666059652801
0.11387666059652801
0.1014243298439439
0.1014243298439439
0.1014243298439439
0.1014243298439439
0.08331905919305882
0.08331905919305882
0.08331905919305882
0.08331905919305882
0.08331905919305882
0.08331905919305882
0.08331905919305882
0.08331905919305882
0.08331905919305882
0.08331905919305882
0.08331905919305882
0.08331905919305882
0.08331905919305882
0.08331905919305882
0.08331905919305882
0.08331905919305882
0.08331905919305882
0.08331905919305882
0.08331905919305882
0.08331905919305882
0.08331905919305882
0.08331905919305882
0.08331905919305882
0.08331905919305882
0.08331905919305882
0.08331905919305882
0.08331905919305882
0.08331905919305882
0.08331905919305882
0.08331905919305882
0.08331905919305882
0.08331905919305882
0.08311480762598222
0.08311480762598222
0.08311480762598222
0.08311480762598222
0.08311480762598222
0.08311480762598222
0.08311480762598222
0.08311480762598222
0.08311480762598222
0.08116292775834566
0.07584111557416762
0.07579362750892926
0.07579362750892926
0.07482547431560604
0.07482547431560604
0.07482547431560604
0.06902635086106201
0.06902635086106201
0.06902635086106201
0.06902635086106201
0.06902635086106201
0.06902635086106201
0.06902635086106201
0.06902635086106201
0.06902635086106201
0.0680424681067393
0.0680424681067393
0.06402893596188974
0.06402893596188974
0.06402893596188974
0.06402893596188974
0.06402893596188974
0.06402893596188974
0.06402893596188974
0.06402893596188974
0.06402893596188974
0.06402893596188974
0.06402893596188974
0.06402893596188974
0.06402893596188974
0.06402893596188974
0.06402893596188974
0.06331455826801502
0.06331455826801502
0.06331455826801502
0.06331455826801502
0.06273921312239139
0.06273921312239139
0.05970306398162606
0.05970306398162606
0.05970306398162606
0.05970306398162606
0.05825835737770291
0.05825835737770291
0.05825835737770291
0.05825835737770291
0.05825835737770291
0.05825835737770291
0.05825835737770291
0.05825835737770291
0.05825835737770291
0.05825835737770291
0.05825835737770291
0.05725788171633539
0.05725788171633539
0.05725788171633539
0.05725788171633539
0.05725788171633539
0.057052355897244666
0.05627928225555223
0.05627928225555223
0.05627928225555223
0.051192815703565486
0.051192815703565486
0.051192815703565486
0.051192815703565486
0.051192815703565486
0.051192815703565486
0.051192815703565486
0.051192815703565486
0.051192815703565486
0.051192815703565486
0.051192815703565486
0.050318475159958354
0.050318475159958354
0.04617936384256893
0.04617936384256893
0.04617936384256893
0.04617936384256893
0.04617936384256893
0.04617936384256893
0.04617936384256893
0.04617936384256893
0.04617936384256893
0.04617936384256893
0.04617936384256893
0.04617936384256893
0.04617936384256893
0.04617936384256893
0.04617936384256893
0.04617936384256893
0.04617936384256893
0.04617936384256893
0.04617936384256893
0.04617936384256893
0.04617936384256893
0.04617936384256893
0.04617936384256893
0.04362008403357365
0.04362008403357365
0.04362008403357365
0.04362008403357365
0.04362008403357365
0.04362008403357365
0.04362008403357365
0.042230332757359434
0.042230332757359434
0.04113264436374564
0.04113264436374564
0.04113264436374564
0.04113264436374564
0.04113264436374564
0.04113264436374564
0.04113264436374564
0.04113264436374564
0.04113264436374564
0.04113264436374564
0.04113264436374564
0.04113264436374564
0.04113264436374564
0.04113264436374564
0.04113264436374564
0.04079288073594611
0.04079288073594611
0.03992199561587739
0.03992199561587739
0.03992199561587739
0.03992199561587739
0.03992199561587739
0.03992199561587739
0.03992199561587739
0.03992199561587739
0.0398005689991443
0.03951209174138981
0.03951209174138981
0.03951209174138981
0.03877823444079809
0.03877823444079809
0.03877823444079809
0.03877823444079809
0.03728551705912864
0.03728551705912864
0.03728551705912864
0.03728551705912864
0.03728551705912864
0.03728551705912864
0.03728551705912864
0.03728551705912864
0.03564630442483363
0.03564630442483363
0.03564630442483363
0.03564630442483363
0.03564630442483363
0.03564630442483363
0.03564630442483363
0.03564630442483363
0.03564630442483363
0.03564630442483363
0.035222859162523434
0.035222859162523434
0.035222859162523434
0.035222859162523434
0.035222859162523434
0.035222859162523434
0.035222859162523434
0.032389447102026736
0.032389447102026736
0.032389447102026736
0.032389447102026736
0.032389447102026736
0.032389447102026736
0.032134044619620994
0.03131404730145704
0.03131404730145704
0.030691490335716054
0.029825431298405647
0.029825431298405647
0.029825431298405647
0.029825431298405647
0.029825431298405647
0.029825431298405647
0.029097488393684756
0.029097488393684756
0.029097488393684756
0.02880177806582651
0.02880177806582651
0.02880177806582651
0.02880177806582651
0.02880177806582651
0.02880177806582651
0.02880177806582651
0.02880177806582651
0.02880177806582651
0.024556831489849884
0.024556831489849884
0.024556831489849884
0.024556831489849884
0.024556831489849884
0.024556831489849884
0.024556831489849884
0.024556831489849884
0.024556831489849884
0.024556831489849884
0.024556831489849884
0.024556831489849884
0.024556831489849884
0.024556831489849884
0.024556831489849884
0.024556831489849884
0.024556831489849884
0.024556831489849884
0.023943949039100687
0.023943949039100687
0.023943949039100687
0.023943949039100687
0.023943949039100687
0.02280497230787404
0.02280497230787404
0.02280497230787404
0.02280497230787404
0.02280497230787404
0.02280497230787404
0.02280497230787404
0.02280497230787404
0.02280497230787404
0.02280497230787404
0.02280497230787404
0.02280497230787404
0.02280497230787404
0.02280497230787404
0.02280497230787404
0.02280497230787404
0.021006485582702794
0.021006485582702794
0.021006485582702794
0.021006485582702794
0.021006485582702794
0.021006485582702794
0.021006485582702794
0.021006485582702794
0.021006485582702794
0.021006485582702794
0.021006485582702794
0.021006485582702794
0.021006485582702794
0.021006485582702794
0.02089409518896801
0.018695292007141262
0.018695292007141262
0.018555117092518003
0.01703894932111183
0.01703894932111183
0.01703894932111183
0.01703894932111183
0.01703894932111183
0.015630276719253544
0.014676561530954757
0.014676561530954757
0.014676561530954757
0.014676561530954757
0.014676561530954757
0.01453298775938805
0.01453298775938805
0.014077965876058585
0.01335334256810583
0.01335334256810583
0.01335334256810583
0.01335334256810583
0.01335334256810583
0.01335334256810583
0.01335334256810583
0.01335334256810583
0.01335334256810583
0.01335334256810583
0.01335334256810583
0.01335334256810583
0.01335334256810583
0.01335334256810583
0.01335334256810583
0.01328261008762155
0.012858452207126447
0.012858452207126447
0.012858452207126447
0.012858452207126447
0.012858452207126447
0.012858452207126447
0.012858452207126447
0.012858452207126447
0.012858452207126447
0.012858452207126447
0.012858452207126447
0.012858452207126447
0.012858452207126447
0.009943203106647758
0.009943203106647758
0.009943203106647758
0.009943203106647758
0.009943203106647758
0.009943203106647758
0.009943203106647758
0.00991411607176218
0.00991411607176218
0.009850197654959203
0.009850197654959203
0.009850197654959203
0.009850197654959203
0.009850197654959203
0.009850197654959203
0.009850197654959203
0.009704518435142973
0.009704518435142973
0.009704518435142973
0.009704518435142973
0.009704518435142973
0.009358046251097818
0.009358046251097818
0.009358046251097818
0.009358046251097818
0.009358046251097818
0.009358046251097818
0.009157788085083496
0.009157788085083496
0.009157788085083496
0.008827545079427068
0.008827545079427068
0.008729800190941717
0.008729800190941717
0.008729800190941717
0.008729800190941717
0.008729800190941717
0.008729800190941717
0.00866741049145503
0.00866741049145503
0.00866741049145503
0.008666571575144388
0.008666571575144388
0.00861358804443313
0.00861358804443313
0.00861358804443313
0.00861358804443313
0.00861358804443313
0.00861358804443313
0.00861358804443313
0.008047639248744076
0.008047639248744076
0.008047639248744076
0.008047639248744076
0.008047639248744076
0.008047639248744076
0.008047639248744076
0.008047639248744076
0.008047639248744076
0.008047639248744076
0.008047639248744076
0.008047639248744076
0.006057640046979174
0.006057640046979174
0.006057640046979174
0.006057640046979174
0.006057640046979174
0.006057640046979174
0.006057640046979174
0.006057640046979174
0.006057640046979174
0.006057640046979174
0.006057640046979174
0.006057640046979174
0.006057640046979174
0.006057640046979174
0.00550274039220966
0.00550274039220966
0.00550274039220966
0.00550274039220966
0.00550274039220966
0.005025534743371196
0.005025534743371196
0.005025534743371196
0.005025534743371196
0.005025534743371196
0.005025534743371196
0.005025534743371196
0.005025534743371196
0.005025534743371196
0.005025534743371196
0.005025534743371196
0.005025534743371196
0.005025534743371196
0.005025534743371196
0.005025534743371196
0.005025534743371196
0.005025534743371196
0.005025534743371196
0.005025534743371196
0.005025534743371196
0.005025534743371196
0.005025534743371196
0.005025534743371196
0.005025534743371196
0.005025534743371196
0.005025534743371196
0.005025534743371196
0.0049890674128718615
0.0046554305125603435
0.0046554305125603435
0.0046554305125603435
0.0046554305125603435
0.0046554305125603435
0.0046554305125603435
0.0046554305125603435
0.0046554305125603435
0.0046554305125603435
0.0046554305125603435
0.0046554305125603435
0.0046554305125603435
0.0046554305125603435
0.0046554305125603435
0.0046554305125603435
0.0046554305125603435
0.004609371025246389
0.004609371025246389
0.0040535199192852645
0.0040535199192852645
0.0040535199192852645
0.0040535199192852645
0.0040535199192852645
0.0040535199192852645
0.0040535199192852645
0.0040535199192852645
0.0040535199192852645
0.0040535199192852645
0.0040535199192852645
0.0040535199192852645
0.0040535199192852645
0.0040535199192852645
0.0040535199192852645
0.0040535199192852645
0.0040535199192852645
0.0040535199192852645
0.0040535199192852645
0.0040535199192852645
0.0040535199192852645
0.0040535199192852645
0.0040535199192852645
0.003904564075920547
0.003904564075920547
0.003842852836569932
0.003842852836569932
0.003842852836569932
0.003842852836569932
0.0037530539255250517
0.0034468695254581405
0.0034468695254581405
0.0034468695254581405
0.0034468695254581405
0.0034468695254581405
0.0034468695254581405
0.0034468695254581405
0.0034468695254581405
0.0034468695254581405
0.0034468695254581405
0.003410386026878598
0.003410386026878598
0.003410386026878598
0.003410386026878598
0.003293324944507958
0.002706396948330081
0.002706396948330081
0.002706396948330081
0.002706396948330081
0.002706396948330081
0.002706396948330081
0.0024453996579758552
0.0024453996579758552
0.0024453996579758552
0.0024453996579758552
0.0024453996579758552
0.0024453996579758552
