16.29767619150672
16.29767619150672
16.29767619150672
16.29767619150672
15.982323305981174
15.982323305981174
15.953786670619978
14.923771381723938
14.923771381723938
14.923771381723938
14.923771381723938
14.923771381723938
14.923771381723938
13.990865245552135
13.214805119985535
13.117806470332116
13.117806470332116
12.638819258176722
12.638819258176722
12.638819258176722
12.194028259224485
12.194028259224485
12.01224872483885
12.01224872483885
12.01224872483885
12.01224872483885
12.01224872483885
11.817663305489196
11.817663305489196
9.986393485362722
9.986393485362722
9.986393485362722
9.986393485362722
9.986393485362722
9.986393485362722
9.986393485362722
9.986393485362722
9.986393485362722
9.986393485362722
9.986393485362722
9.986393485362722
9.986393485362722
9.986393485362722
9.263018488797233
9.263018488797233
9.263018488797233
9.263018488797233
9.263018488797233
9.263018488797233
9.263018488797233
9.263018488797233
9.263018488797233
9.263018488797233
9.263018488797233
9.263018488797233
9.263018488797233
9.263018488797233
9.183856091982705
9.183856091982705
9.183856091982705
9.183856091982705
9.183856091982705
9.103110529418387
9.103110529418387
8.828941807833688
8.828941807833688
8.828941807833688
8.828941807833688
8.67534824937985
8.67534824937985
8.67534824937985
8.67534824937985
8.67534824937985
8.416332111032908
7.061094639429772
7.061094639429772
5.327126056989165
5.327126056989165
5.327126056989165
5.327126056989165
5.327126056989165
5.327126056989165
5.327126056989165
5.327126056989165
5.327126056989165
4.2603959490228505
4.2603959490228505
4.2603959490228505
4.2603959490228505
4.2603959490228505
4.2603959490228505
4.2603959490228505
4.2603959490228505
4.2603959490228505
4.2603959490228505
4.2603959490228505
4.2603959490228505
4.2603959490228505
4.2603959490228505
4.2603959490228505
4.2603959490228505
4.2603959490228505
4.2603959490228505
4.2603959490228505
4.115861190076849
3.36798849197541
3.36798849197541
3.36798849197541
3.36798849197541
3.36798849197541
3.36798849197541
3.36798849197541
3.36798849197541
3.36798849197541
3.36798849197541
3.36798849197541
3.36798849197541
3.36798849197541
3.36798849197541
3.36798849197541
3.36798849197541
3.36798849197541
3.36798849197541
3.36798849197541
3.36798849197541
3.36798849197541
3.0505538764653863
3.0505538764653863
3.0505538764653863
3.0505538764653863
3.0505538764653863
3.0505538764653863
3.0505538764653863
3.0505538764653863
3.0505538764653863
2.826702358098487
2.826702358098487
2.826702358098487
2.826702358098487
2.826702358098487
2.826702358098487
2.826702358098487
2.826702358098487
2.826702358098487
2.826702358098487
2.826702358098487
2.826702358098487
2.826702358098487
2.826702358098487
2.6207749873995603
2.6207749873995603
2.5088667195513104
2.5088667195513104
2.5088667195513104
2.5088667195513104
2.5088667195513104
2.256093783509545
2.256093783509545
2.256093783509545
2.256093783509545
2.256093783509545
2.256093783509545
2.256093783509545
2.256093783509545
2.256093783509545
2.241708747412215
2.241708747412215
2.241708747412215
2.2338604794923143
2.2338604794923143
2.112230403012486
2.112230403012486
2.112230403012486
2.112230403012486
2.112230403012486
2.098240296180876
1.9955011289934816
1.6940463099253336
1.5928210990563336
1.5928210990563336
1.5928210990563336
1.5928210990563336
1.5928210990563336
1.5928210990563336
1.5928210990563336
1.247294314385723
1.247294314385723
1.247294314385723
1.247294314385723
1.247294314385723
1.247294314385723
1.247294314385723
1.247294314385723
1.247294314385723
1.2080332567906673
1.1365396527036502
1.040114654168768
0.9472322137662488
0.9472322137662488
0.9472322137662488
0.9472322137662488
0.9472322137662488
0.9472322137662488
0.9472322137662488
0.9472322137662488
0.9472322137662488
0.9472322137662488
0.9472322137662488
0.9472322137662488
0.9472322137662488
0.9472322137662488
0.9472322137662488
0.9472322137662488
0.787680590382994
0.787680590382994
0.787680590382994
0.787680590382994
0.787680590382994
0.787680590382994
0.787680590382994
0.787680590382994
0.7385431725917826
0.7385431725917826
0.7385431725917826
0.7356515977807305
0.682392637722895
0.682392637722895
0.682392637722895
0.682392637722895
0.6412638191781426
0.6412638191781426
0.6412638191781426
0.6412638191781426
0.6412638191781426
0.6412638191781426
0.6056801886839587
0.6056801886839587
0.6056801886839587
0.6056801886839587
0.5931005312640707
0.5931005312640707
0.5931005312640707
0.5074651047654974
0.5074651047654974
0.5074651047654974
0.5074651047654974
0.407808727551604
0.407808727551604
0.407808727551604
0.407808727551604
0.407808727551604
0.407808727551604
0.37099384404288216
0.37099384404288216
0.37099384404288216
0.37099384404288216
0.37099384404288216
0.37099384404288216
0.36420475460332824
0.3355146818273731
0.3355146818273731
0.3355146818273731
0.3355146818273731
0.3355146818273731
0.3355146818273731
0.3355146818273731
0.3355146818273731
0.30960348739206367
0.30960348739206367
0.30960348739206367
0.30960348739206367
0.25048614954052795
0.25048614954052795
0.236291915050451
0.236291915050451
0.236291915050451
0.236291915050451
0.236291915050451
0.236291915050451
0.2153627976861543
0.2153627976861543
0.2153627976861543
0.2153627976861543
0.2011653289388633
0.1860992768068499
0.1860992768068499
0.1860992768068499
0.1860992768068499
0.1710421957835564
0.1710421957835564
0.1710421957835564
0.1710421957835564
0.1710421957835564
0.1710421957835564
0.16180710981337043
0.16180710981337043
0.16180710981337043
0.1502889971745347
0.1502889971745347
0.1502889971745347
0.13208856896995158
0.13208856896995158
0.13208856896995158
0.13208856896995158
0.13208856896995158
0.13208856896995158
0.13208856896995158
0.13208856896995158
0.13208856896995158
0.13208856896995158
0.13208856896995158
0.1311583488482988
0.11977666489266525
0.11771320109620476
0.11771320109620476
0.11771320109620476
0.11771320109620476
0.09769515272022744
0.09769515272022744
0.09769515272022744
0.09769515272022744
0.09769515272022744
0.09769515272022744
0.09769515272022744
0.09769515272022744
0.09769515272022744
0.09769515272022744
0.09769515272022744
0.09414585279537846
0.09305011905573224
0.09212622787580571
0.08899988145234516
0.08899988145234516
0.07303229049389515
0.07303229049389515
0.07303229049389515
0.07303229049389515
0.07303229049389515
0.07303229049389515
0.07303229049389515
0.07303229049389515
0.07303229049389515
0.07303229049389515
0.07303229049389515
0.07303229049389515
0.06402902259947396
0.06402902259947396
0.06402902259947396
0.06382037645706262
0.051676914694823495
0.051676914694823495
0.051676914694823495
0.051676914694823495
0.051676914694823495
0.051676914694823495
0.05063772858760984
0.05063772858760984
0.046661032381919654
0.046661032381919654
0.046661032381919654
0.046661032381919654
0.046661032381919654
0.046661032381919654
0.046661032381919654
0.0461341582742989
0.045136151695192694
0.045136151695192694
0.037892717732546544
0.033602785366753096
0.033602785366753096
0.033602785366753096
0.033602785366753096
0.033602785366753096
0.033602785366753096
0.033602785366753096
0.033602785366753096
0.033602785366753096
0.033602785366753096
0.033602785366753096
0.033602785366753096
0.033602785366753096
0.033602785366753096
0.03123070526318017
0.03123070526318017
0.03123070526318017
0.030648114931498327
0.026491443226049682
0.026491443226049682
0.026491443226049682
0.026491443226049682
0.02261719390764938
0.02261719390764938
0.02261719390764938
0.02261719390764938
0.02261719390764938
0.02261719390764938
0.02261719390764938
0.02261719390764938
0.02261719390764938
0.019883109528109344
0.019883109528109344
0.019883109528109344
0.019883109528109344
0.019883109528109344
0.018514138243165945
0.018514138243165945
0.018058359372261634
0.018058359372261634
0.018058359372261634
0.017364937511988643
0.015672221894750038
0.015672221894750038
0.015672221894750038
0.015672221894750038
0.015672221894750038
0.015672221894750038
0.015672221894750038
0.015672221894750038
0.012632078277626135
0.012632078277626135
0.012632078277626135
0.012457617264519882
0.012084721252858088
0.012084721252858088
0.012084721252858088
0.012084721252858088
0.012084721252858088
0.012084721252858088
0.012084721252858088
0.012084721252858088
0.011445106178936015
0.011445106178936015
0.011445106178936015
0.011186842781906847
0.011186842781906847
0.010318210451909948
0.00757682582399255
0.00757682582399255
0.006081231866271963
0.006081231866271963
0.006081231866271963
0.006081231866271963
0.006081231866271963
0.006081231866271963
0.006081231866271963
0.006081231866271963
0.006081231866271963
0.006081231866271963
0.006081231866271963
0.006081231866271963
0.006081231866271963
0.006081231866271963
0.005916915177788695
0.005916915177788695
0.005916915177788695
0.005727455956890282
0.005727455956890282
0.005727455956890282
0.005727455956890282
0.005727455956890282
0.0042907911064204995
0.0042907911064204995
0.0042907911064204995
0.0042907911064204995
0.0042907911064204995
0.0042907911064204995
0.0042907911064204995
0.0042907911064204995
0.0042907911064204995
0.004185065469894056
0.004185065469894056
0.004185065469894056
0.004185065469894056
0.004185065469894056
0.0024354778918862507
0.0024354778918862507
0.0024354778918862507
0.0024354778918862507
0.0024354778918862507
0.0024354778918862507
0.0024354778918862507
0.0024354778918862507
0.0024354778918862507
0.0024354778918862507
0.0024354778918862507
0.0024354778918862507
0.0024354778918862507
0.0021700907561346128
0.0021700907561346128
0.0021700907561346128
0.0021700907561346128
0.0021700907561346128
0.0021700907561346128
0.0021700907561346128
0.0021700907561346128
0.0021700907561346128
0.0021700907561346128
0.0021700907561346128
0.0021700907561346128
0.0021700907561346128
0.0021341502547223
0.0021341502547223
0.0021341502547223
0.0021341502547223
0.0021341502547223
0.0021341502547223
0.0017080438705363576
0.0017080438705363576
0.0017080438705363576
0.0017080438705363576
0.0017080438705363576
0.0017080438705363576
0.0014942185825752574
0.0014942185825752574
0.0014942185825752574
0.0014942185825752574
0.0014942185825752574
0.0014942185825752574
0.0014942185825752574
0.0014942185825752574
0.0014942185825752574
0.0014942185825752574
0.0014119610950515948
0.0014119610950515948
0.0014119610950515948
0.0014119610950515948
0.0014119610950515948
0.0014119610950515948
0.001408681347427887
0.001408681347427887
0.0013196621683349008
0.0013196621683349008
0.0013196621683349008
0.0013196621683349008
0.0012221264532001896
0.0012221264532001896
0.0011181994952593755
0.0010305467500479892
0.0010305467500479892
0.0010043009546407689
0.0010043009546407689
0.0010043009546407689
0.0010043009546407689
0.0010043009546407689
0.0009697842156199954
0.0009697842156199954
0.0009697842156199954
0.0009471575203541249
0.0009471575203541249
0.0009471575203541249
0.0009471575203541249
0.0009471575203541249
0.0008803760554840778
0.0008327714600113723
0.0007455330589962728
0.0007455330589962728
0.0007455330589962728
0.0007455330589962728
0.0007455330589962728
0.0007455330589962728
0.0007455330589962728
0.0007455330589962728
0.0006468401175538929
0.0006468401175538929
0.0006281508365795219
0.0006281508365795219
0.0006281508365795219
0.0005351166512852501
0.0005351166512852501
0.0005351166512852501
0.0005351166512852501
0.0005351166512852501
0.0005351166512852501
0.0005351166512852501
0.0005351166512852501
0.0005351166512852501
0.0005351166512852501
0.0005351166512852501
0.0005351166512852501
0.0005351166512852501
0.0005351166512852501
0.00039882844751204516
0.00039882844751204516
0.00039882844751204516
0.00039882844751204516
0.00039882844751204516
0.00039882844751204516
0.00039882844751204516
0.00039882844751204516
0.00038040964353314166
0.00038040964353314166
0.00038040964353314166
0.00038040964353314166
0.00038040964353314166
0.0003595867685532994
0.00026900802797769074
0.00026900802797769074
0.00026900802797769074
0.00026900802797769074
0.00026900802797769074
0.00026900802797769074
0.00026900802797769074
0.00026900802797769074
0.00026900802797769074
0.00026900802797769074
0.00026900802797769074
0.00026900802797769074
0.00026900802797769074
0.0002080214159114746
0.0002080214159114746
0.0002080214159114746
0.0002080214159114746
0.0002080214159114746
0.0002080214159114746
0.0002080214159114746
0.00020463105665768921
0.00020463105665768921
0.00020463105665768921
0.00020463105665768921
0.00019553554721696287
0.00019158439601341115
0.00019158439601341115
0.00018503883736187277
0.00018503883736187277
0.00018503883736187277
0.00018503883736187277
0.00018503883736187277
0.00018503883736187277
0.00018503883736187277
0.00014998681691480442
0.00014998681691480442
0.00014998681691480442
0.00014998681691480442
0.00014998681691480442
0.00014998681691480442
0.0001300573090965429
0.0001300573090965429
0.0001300573090965429
0.0001300573090965429
0.00012865120671179398
0.00012865120671179398
0.00012865120671179398
0.00012865120671179398
0.00012865120671179398
0.00012865120671179398
0.00012865120671179398
0.00012865120671179398
0.00012865120671179398
0.00012865120671179398
0.0001262459563484697
0.0001262459563484697
7.79741754577401e-05
7.79741754577401e-05
7.79741754577401e-05
7.79741754577401e-05
7.79741754577401e-05
7.79741754577401e-05
7.79741754577401e-05
7.79741754577401e-05
7.79741754577401e-05
7.79741754577401e-05
7.79741754577401e-05
7.79741754577401e-05
7.019914239947411e-05
6.808983550854464e-05
6.63471890653966e-05
6.63471890653966e-05
6.63471890653966e-05
6.63471890653966e-05
6.63471890653966e-05
4.9438011579638896e-05
4.9438011579638896e-05
4.9438011579638896e-05
4.9438011579638896e-05
4.9438011579638896e-05
4.8960143658405286e-05
4.8960143658405286e-05
4.8337613520743616e-05
4.832408328780957e-05
4.832408328780957e-05
4.624642276951363e-05
4.624642276951363e-05
4.624642276951363e-05
3.948166558487287e-05
3.948166558487287e-05
3.948166558487287e-05
3.948166558487287e-05
3.948166558487287e-05
3.8443136695320845e-05
3.8443136695320845e-05
3.555492666862392e-05
3.555492666862392e-05
3.3291779029553936e-05
3.3291779029553936e-05
3.3291779029553936e-05
3.3291779029553936e-05
3.3291779029553936e-05
3.3291779029553936e-05
3.3291779029553936e-05
3.3291779029553936e-05
3.192079801195291e-05
2.9087840555774847e-05
2.7654052697556608e-05
2.7654052697556608e-05
2.7654052697556608e-05
2.7654052697556608e-05
2.7654052697556608e-05
2.7654052697556608e-05
2.7654052697556608e-05
2.7654052697556608e-05
2.513978294160779e-05
2.513978294160779e-05
2.513978294160779e-05
2.513978294160779e-05
2.513978294160779e-05
2.513978294160779e-05
1.673224977238874e-05
1.673224977238874e-05
1.673224977238874e-05
1.673224977238874e-05
1.673224977238874e-05
1.4244604678026462e-05
1.1277795326947171e-05
1.1277795326947171e-05
1.1277795326947171e-05
1.1277795326947171e-05
1.1277795326947171e-05
1.1277795326947171e-05
1.1277795326947171e-05
1.1277795326947171e-05
1.1277795326947171e-05
1.1161495198308558e-05
1.1161495198308558e-05
1.1161495198308558e-05
1.1161495198308558e-05
1.1161495198308558e-05
1.0275496297396103e-05
1.0275496297396103e-05
1.0275496297396103e-05
1.0275496297396103e-05
1.0275496297396103e-05
1.0275496297396103e-05
1.0275496297396103e-05
1.0275496297396103e-05
1.0275496297396103e-05
1.0275496297396103e-05
1.0275496297396103e-05
1.0275496297396103e-05
1.024735655263953e-05
1.024735655263953e-05
7.867845408071616e-06
7.867845408071616e-06
7.867845408071616e-06
7.867845408071616e-06
7.867845408071616e-06
7.867845408071616e-06
7.867845408071616e-06
7.867845408071616e-06
7.867845408071616e-06
7.867845408071616e-06
7.867845408071616e-06
7.867845408071616e-06
7.867845408071616e-06
7.867845408071616e-06
7.42845109158452e-06
6.483260801104507e-06
6.483260801104507e-06
6.014546105603813e-06
6.014546105603813e-06
6.014546105603813e-06
6.014546105603813e-06
6.014546105603813e-06
6.014546105603813e-06
6.014546105603813e-06
6.014546105603813e-06
6.014546105603813e-06
6.014546105603813e-06
6.014546105603813e-06
5.9511626027131115e-06
5.9511626027131115e-06
5.9511626027131115e-06
5.9511626027131115e-06
5.9511626027131115e-06
5.178105233483166e-06
5.178105233483166e-06
5.178105233483166e-06
5.178105233483166e-06
5.178105233483166e-06
4.68752133997441e-06
4.68752133997441e-06
4.68752133997441e-06
4.68752133997441e-06
4.68752133997441e-06
4.042130374415365e-06
4.042130374415365e-06
4.042130374415365e-06
3.895812746179672e-06
3.895812746179672e-06
3.895812746179672e-06
3.895812746179672e-06
3.895812746179672e-06
3.895812746179672e-06
3.895812746179672e-06
3.895812746179672e-06
3.2742856710399337e-06
3.2742856710399337e-06
3.2742856710399337e-06
3.035373563164967e-06
3.035373563164967e-06
3.035373563164967e-06
3.035373563164967e-06
2.8942139103094178e-06
2.8942139103094178e-06
2.8942139103094178e-06
2.8942139103094178e-06
2.8942139103094178e-06
2.8718095741453453e-06
2.8718095741453453e-06
2.3984346348981944e-06
1.3468471919964031e-06
1.3468471919964031e-06
1.3468471919964031e-06
1.3468471919964031e-06
1.3468471919964031e-06
1.3468471919964031e-06
1.3468471919964031e-06
1.3468471919964031e-06
1.3468471919964031e-06
1.3468471919964031e-06
1.3468471919964031e-06
1.3468471919964031e-06
1.3468471919964031e-06
1.3468471919964031e-06
1.310443778379522e-06
1.310443778379522e-06
1.310443778379522e-06
1.310443778379522e-06
1.310443778379522e-06
1.310443778379522e-06
1.310443778379522e-06
1.310443778379522e-06
1.310443778379522e-06
1.310443778379522e-06
1.310443778379522e-06
1.310443778379522e-06
1.310443778379522e-06
1.1428084718545506e-06
1.1428084718545506e-06
1.1428084718545506e-06
1.1428084718545506e-06
1.1428084718545506e-06
1.1428084718545506e-06
1.1428084718545506e-06
1.1428084718545506e-06
1.041323837824848e-06
1.041323837824848e-06
1.041323837824848e-06
1.041323837824848e-06
1.041323837824848e-06
9.232398774372541e-07
9.232398774372541e-07
9.232398774372541e-07
6.630157578513263e-07
6.630157578513263e-07
6.630157578513263e-07
6.630157578513263e-07
6.630157578513263e-07
6.630157578513263e-07
6.630157578513263e-07
6.630157578513263e-07
6.630157578513263e-07
6.355138815195005e-07
6.355138815195005e-07
6.355138815195005e-07
6.355138815195005e-07
6.355138815195005e-07
6.355138815195005e-07
6.355138815195005e-07
6.355138815195005e-07
6.355138815195005e-07
6.035665549575242e-07
6.035665549575242e-07
5.799287201568859e-07
5.465000398885422e-07
4.521303829108092e-07
4.521303829108092e-07
4.521303829108092e-07
4.521303829108092e-07
4.521303829108092e-07
4.521303829108092e-07
4.521303829108092e-07
4.521303829108092e-07
4.417740271378534e-07
4.417740271378534e-07
4.417740271378534e-07
4.417740271378534e-07
4.417740271378534e-07
3.9157533393563426e-07
3.9157533393563426e-07
3.9157533393563426e-07
3.9157533393563426e-07
3.9157533393563426e-07
3.817777525227939e-07
3.817777525227939e-07
3.817777525227939e-07
3.817777525227939e-07
3.817777525227939e-07
3.184476931039626e-07
3.184476931039626e-07
3.184476931039626e-07
3.184476931039626e-07
3.184476931039626e-07
3.184476931039626e-07
3.184476931039626e-07
3.0752367052855334e-07
3.061768794054842e-07
3.061768794054842e-07
3.061768794054842e-07
2.929093483317047e-07
2.929093483317047e-07
2.4738472603758055e-07
2.4738472603758055e-07
2.4738472603758055e-07
2.4738472603758055e-07
2.4738472603758055e-07
2.3267465820708821e-07
2.3267465820708821e-07
2.3267465820708821e-07
2.3267465820708821e-07
2.3267465820708821e-07
2.3267465820708821e-07
2.3267465820708821e-07
2.0709120462925057e-07
2.0709120462925057e-07
2.0709120462925057e-07
2.0709120462925057e-07
1.9885741409098046e-07
1.9885741409098046e-07
1.9885741409098046e-07
1.9885741409098046e-07
1.6187335916129086e-07
1.6187335916129086e-07
1.6187335916129086e-07
1.6187335916129086e-07
1.6187335916129086e-07
1.6187335916129086e-07
1.4305660300806267e-07
1.1844350922274316e-07
1.1844350922274316e-07
1.1844350922274316e-07
1.1844350922274316e-07
1.1108544484272898e-07
1.1108544484272898e-07
1.1108544484272898e-07
1.1108544484272898e-07
1.1108544484272898e-07
1.1108544484272898e-07
9.614152318704328e-08
9.614152318704328e-08
9.614152318704328e-08
9.614152318704328e-08
9.614152318704328e-08
9.614152318704328e-08
9.614152318704328e-08
9.614152318704328e-08
9.614152318704328e-08
9.614152318704328e-08
9.614152318704328e-08
9.614152318704328e-08
9.614152318704328e-08
9.614152318704328e-08
9.614152318704328e-08
9.614152318704328e-08
9.614152318704328e-08
9.614152318704328e-08
9.614152318704328e-08
7.634091758745853e-08
7.634091758745853e-08
6.893564474808045e-08
6.893564474808045e-08
6.444042099928993e-08
6.444042099928993e-08
6.444042099928993e-08
6.444042099928993e-08
5.714187167882301e-08
5.714187167882301e-08
5.206303654858857e-08
5.206303654858857e-08
5.206303654858857e-08
5.206303654858857e-08
5.206303654858857e-08
5.206303654858857e-08
5.206303654858857e-08
5.206303654858857e-08
5.206303654858857e-08
5.206303654858857e-08
4.7722487295231986e-08
4.7722487295231986e-08
4.7722487295231986e-08
4.7722487295231986e-08
