0.003022909164428711
0.0029478073120117188
0.0030329227447509766
0.0029032230377197266
0.0029158592224121094
0.0028536319732666016
0.0029916763305664062
0.0029022693634033203
0.002936124801635742
0.002918243408203125
0.00289154052734375
0.003027677536010742
0.002897500991821289
0.002959012985229492
0.0028154850006103516
0.002939939498901367
0.0031311511993408203
0.002934694290161133
0.0029778480529785156
0.002913236618041992
0.0028543472290039062
0.0028057098388671875
0.0027778148651123047
0.002924680709838867
0.002864837646484375
0.0028600692749023438
0.0028040409088134766
0.0027947425842285156
0.003002166748046875
0.0028035640716552734
0.0028448104858398438
0.0028243064880371094
0.0028841495513916016
0.0028557777404785156
0.0028502941131591797
0.0029268264770507812
0.00281524658203125
0.0028629302978515625
0.002888202667236328
0.0028526782989501953
0.0030019283294677734
0.002978086471557617
0.0027968883514404297
0.0028450489044189453
0.0028839111328125
0.0028367042541503906
0.0028100013732910156
0.002898693084716797
0.0029447078704833984
0.0030603408813476562
0.0030879974365234375
0.002948284149169922
0.003004789352416992
0.0030858516693115234
0.0030493736267089844
0.0030546188354492188
0.002976655960083008
0.0030701160430908203
0.0029075145721435547
0.0029375553131103516
0.002955913543701172
0.002908945083618164
0.0029718875885009766
0.002947092056274414
0.002948760986328125
0.002869129180908203
0.0028209686279296875
0.002892017364501953
0.0030455589294433594
0.0029129981994628906
0.0029380321502685547
0.002935171127319336
0.0028421878814697266
0.002924203872680664
0.002861499786376953
0.002980470657348633
0.002918243408203125
0.002828836441040039
0.0029828548431396484
0.0029523372650146484
0.0029404163360595703
0.002833843231201172
0.0029668807983398438
0.0030167102813720703
0.0028226375579833984
0.0029146671295166016
0.002813100814819336
0.0028731822967529297
0.0029249191284179688
0.002853870391845703
0.002969026565551758
0.002830982208251953
0.002959728240966797
0.0028998851776123047
0.002942323684692383
0.002900838851928711
0.0029633045196533203
0.002994060516357422
0.002938508987426758
0.0029647350311279297
0.0029664039611816406
0.0029592514038085938
0.0029582977294921875
0.003014087677001953
0.0029904842376708984
0.0029609203338623047
0.003048419952392578
0.0029735565185546875
0.0030279159545898438
0.003058195114135742
0.0029795169830322266
0.002972126007080078
0.0030100345611572266
0.0028831958770751953
0.0029098987579345703
0.003151416778564453
0.002884387969970703
0.002851724624633789
0.002944469451904297
0.0028429031372070312
0.0028820037841796875
0.0029397010803222656
0.0028455257415771484
0.0028972625732421875
0.002945423126220703
0.0029366016387939453
0.00293731689453125
0.002856016159057617
0.002918243408203125
0.002976655960083008
0.003021240234375
0.002989053726196289
0.002928018569946289
0.002964019775390625
0.0028417110443115234
0.002985715866088867
0.002911090850830078
0.0029456615447998047
0.0029306411743164062
0.0031652450561523438
0.0030748844146728516
0.0030646324157714844
0.0029435157775878906
0.002878904342651367
0.002980470657348633
0.00292205810546875
0.0030477046966552734
0.0029354095458984375
0.002925872802734375
0.002979278564453125
0.0029718875885009766
0.0029075145721435547
0.002861499786376953
0.0029196739196777344
0.002952098846435547
0.002894878387451172
0.0028791427612304688
0.0028967857360839844
0.0029625892639160156
0.002843618392944336
0.002969503402709961
0.0030069351196289062
0.002931833267211914
0.0029296875
0.002900362014770508
0.002931833267211914
0.002904176712036133
0.003161907196044922
0.002965688705444336
0.0029714107513427734
0.0030601024627685547
0.0029659271240234375
0.0030541419982910156
0.003101825714111328
0.0029664039611816406
0.002959728240966797
0.0029413700103759766
0.0029573440551757812
0.0029129981994628906
0.003032207489013672
0.002927064895629883
0.003290891647338867
0.003014802932739258
0.0032820701599121094
0.0030045509338378906
0.002965211868286133
0.0029265880584716797
0.0030443668365478516
0.0029573440551757812
0.0029404163360595703
0.002877473831176758
0.002943277359008789
0.002826213836669922
0.002877950668334961
0.0029463768005371094
0.002859830856323242
0.002940654754638672
0.002897977828979492
0.0028667449951171875
0.002821207046508789
0.003063201904296875
0.0029532909393310547
0.0029456615447998047
0.0028450489044189453
0.0029296875
0.002840757369995117
0.0029571056365966797
0.002799510955810547
0.0028769969940185547
0.002859830856323242
0.0028073787689208984
0.0027735233306884766
0.0028533935546875
0.002811908721923828
0.0028340816497802734
0.0028481483459472656
0.002835988998413086
0.0029582977294921875
0.002858877182006836
0.0028083324432373047
0.002824068069458008
0.0030083656311035156
0.002897024154663086
0.0028944015502929688
0.002878427505493164
0.002849578857421875
0.0028035640716552734
0.002896547317504883
0.0027971267700195312
0.0029153823852539062
0.0029268264770507812
0.002839326858520508
0.002843618392944336
0.0029370784759521484
0.0030422210693359375
0.002948760986328125
0.002870321273803711
0.0029184818267822266
0.0029692649841308594
0.0029730796813964844
0.0029985904693603516
0.0030105113983154297
0.002852201461791992
0.0029442310333251953
0.002785205841064453
0.003006458282470703
0.002856731414794922
0.003113985061645508
0.002996206283569336
0.003028392791748047
0.002889394760131836
0.0028345584869384766
0.002881765365600586
0.0029151439666748047
0.002902984619140625
0.002886056900024414
0.0033898353576660156
0.002946615219116211
0.0030901432037353516
0.0029785633087158203
0.003071308135986328
0.002978086471557617
0.003027677536010742
0.002946615219116211
0.0028982162475585938
0.0030002593994140625
0.003058195114135742
0.0031054019927978516
0.0029535293579101562
0.0030770301818847656
0.0029592514038085938
0.003118753433227539
0.0029840469360351562
0.002997875213623047
0.003017425537109375
0.0030498504638671875
0.002928495407104492
0.002946615219116211
0.002946615219116211
0.0029861927032470703
0.003020048141479492
0.0029349327087402344
0.0030117034912109375
0.0028917789459228516
0.002991199493408203
0.0028367042541503906
0.002888917922973633
0.0029387474060058594
0.0030698776245117188
0.0030236244201660156
0.0029449462890625
0.002903461456298828
0.0030012130737304688
0.0029294490814208984
0.0028600692749023438
0.0029175281524658203
0.002893686294555664
0.0029442310333251953
0.002797365188598633
0.0029256343841552734
0.0030100345611572266
0.003161907196044922
0.002979755401611328
0.003045320510864258
0.0031502246856689453
0.0032286643981933594
0.0029752254486083984
0.003047466278076172
0.0030498504638671875
0.0030395984649658203
0.0029511451721191406
0.0030660629272460938
0.003065347671508789
0.0031385421752929688
0.0030164718627929688
0.003161907196044922
0.002896547317504883
0.003017425537109375
0.002939462661743164
0.003017902374267578
0.0030450820922851562
0.0030221939086914062
0.002887248992919922
0.0028870105743408203
0.002821683883666992
0.002921581268310547
0.0029077529907226562
0.002866983413696289
0.0028510093688964844
0.0029370784759521484
0.0028841495513916016
0.002928018569946289
0.0034198760986328125
0.003619670867919922
0.0033159255981445312
0.0031774044036865234
0.0033638477325439453
0.0033037662506103516
0.0031554698944091797
0.0030896663665771484
0.0031282901763916016
0.0032546520233154297
0.0030739307403564453
0.0030241012573242188
0.0031654834747314453
0.003134012222290039
0.003251791000366211
0.0031464099884033203
0.003317594528198242
0.003042459487915039
0.002909421920776367
0.0029642581939697266
0.003181934356689453
0.0029985904693603516
0.0029430389404296875
0.002894878387451172
0.0030286312103271484
0.0030317306518554688
0.0029549598693847656
0.0029397010803222656
0.0030210018157958984
0.003115415573120117
0.003126382827758789
0.002973794937133789
0.0029447078704833984
0.003068208694458008
0.0032806396484375
0.0031058788299560547
0.003107309341430664
0.0030257701873779297
0.002947092056274414
0.0029485225677490234
0.0028312206268310547
0.0029153823852539062
0.003049612045288086
0.0031380653381347656
0.003316164016723633
0.0031757354736328125
0.0032758712768554688
0.003278970718383789
0.003203153610229492
0.0032186508178710938
0.0031409263610839844
0.0029828548431396484
0.0029745101928710938
0.0029630661010742188
0.0028617382049560547
0.0027971267700195312
0.002965211868286133
0.002909421920776367
0.002928495407104492
0.002839326858520508
0.002915620803833008
0.0031003952026367188
0.0030629634857177734
0.0028994083404541016
0.0029909610748291016
0.0029234886169433594
0.0029671192169189453
0.002896547317504883
0.0029218196868896484
0.0030755996704101562
0.003107786178588867
0.002900838851928711
0.00290679931640625
0.003057718276977539
0.0030510425567626953
0.002897500991821289
0.002967357635498047
0.0029244422912597656
0.0030541419982910156
0.0029282569885253906
0.0028700828552246094
0.002893686294555664
0.0029845237731933594
0.0029599666595458984
0.0029916763305664062
0.0028748512268066406
0.0029497146606445312
0.002997159957885742
0.0028629302978515625
0.0028738975524902344
0.0029938220977783203
0.0029850006103515625
0.0028591156005859375
0.0028171539306640625
0.002953052520751953
0.002989530563354492
0.002882242202758789
0.0029621124267578125
0.0028731822967529297
0.0028905868530273438
0.0028715133666992188
0.002844572067260742
0.002905607223510742
0.0029802322387695312
0.002933502197265625
0.002916097640991211
0.002821207046508789
0.0029044151306152344
0.002966165542602539
0.002833843231201172
0.0029113292694091797
0.002860546112060547
0.0029163360595703125
0.002821207046508789
0.0028786659240722656
0.002960205078125
0.0029239654541015625
0.002802133560180664
0.0028533935546875
0.0028252601623535156
0.0030434131622314453
0.002826690673828125
0.0028629302978515625
0.0028455257415771484
0.002869129180908203
0.002819538116455078
0.0029723644256591797
0.0028085708618164062
0.0028395652770996094
0.0028810501098632812
0.0028984546661376953
0.0028238296508789062
0.0028378963470458984
0.0028960704803466797
0.0029358863830566406
0.0028083324432373047
0.00302886962890625
0.0028963088989257812
0.00283050537109375
0.002918720245361328
0.0029489994049072266
0.003077983856201172
0.0029969215393066406
0.0030171871185302734
0.0028984546661376953
0.0029556751251220703
0.0029039382934570312
0.0028963088989257812
0.0029010772705078125
0.0029342174530029297
0.003025054931640625
0.0029888153076171875
0.0029587745666503906
0.0029706954956054688
0.002923727035522461
0.002990245819091797
0.0028519630432128906
0.0028526782989501953
0.0030248165130615234
0.0029299259185791016
0.002943754196166992
0.0029456615447998047
0.0030417442321777344
0.002872467041015625
0.002917051315307617
0.002941608428955078
0.0028772354125976562
0.0029463768005371094
0.0029730796813964844
0.0029234886169433594
0.002928495407104492
0.002943754196166992
0.0029451847076416016
0.002848386764526367
0.0029370784759521484
0.0029404163360595703
0.0030477046966552734
0.0028657913208007812
0.0029129981994628906
0.0029964447021484375
0.0028328895568847656
0.0030739307403564453
0.002969980239868164
0.0030341148376464844
0.002844572067260742
0.002900838851928711
0.002812623977661133
0.0028734207153320312
0.0029222965240478516
0.0028548240661621094
0.002826213836669922
0.0028595924377441406
0.0029449462890625
0.0028383731842041016
0.0029218196868896484
0.003020763397216797
0.0030431747436523438
0.0029554367065429688
0.002846956253051758
0.002928018569946289
0.003025531768798828
0.0028502941131591797
0.002864360809326172
0.0028693675994873047
0.00293731689453125
0.002888202667236328
0.0028314590454101562
0.0028390884399414062
0.0028548240661621094
0.002959012985229492
0.0028951168060302734
0.002985715866088867
0.002797842025756836
0.002932310104370117
0.0029196739196777344
0.002956867218017578
0.0029370784759521484
0.0028667449951171875
0.002869844436645508
0.002836465835571289
0.0028858184814453125
0.002806425094604492
0.0028977394104003906
0.002791166305541992
0.002837657928466797
0.0028231143951416016
0.0029027462005615234
0.0028297901153564453
0.0028324127197265625
0.0030460357666015625
0.003029346466064453
0.0028290748596191406
0.002905607223510742
0.0027952194213867188
0.003027200698852539
0.002988576889038086
0.0029480457305908203
0.0028133392333984375
0.0029621124267578125
0.0029137134552001953
0.0029435157775878906
0.002890348434448242
0.0028083324432373047
0.003234386444091797
0.002824544906616211
0.002904176712036133
0.002830982208251953
0.003009796142578125
0.0028314590454101562
0.0029425621032714844
0.0028426647186279297
0.003032207489013672
0.002947092056274414
0.002897500991821289
0.002944469451904297
0.002855062484741211
0.003019094467163086
0.002838611602783203
0.0030007362365722656
0.0028884410858154297
0.0029740333557128906
0.002913951873779297
0.0030205249786376953
0.0030341148376464844
0.002927541732788086
0.002902507781982422
0.0028924942016601562
0.002944469451904297
0.0029370784759521484
0.003048419952392578
0.0029544830322265625
0.004157304763793945
0.0031480789184570312
0.003127574920654297
0.002946138381958008
0.003004312515258789
0.0031104087829589844
0.002972841262817383
0.0030455589294433594
0.0029108524322509766
0.002869129180908203
0.002879619598388672
0.002972841262817383
0.0028455257415771484
0.003009796142578125
0.0029113292694091797
0.002974271774291992
0.0028257369995117188
0.003008604049682617
0.002944469451904297
0.0029790401458740234
0.0029430389404296875
0.0030455589294433594
0.0029442310333251953
0.003093719482421875
0.003109455108642578
0.003048419952392578
0.0030188560485839844
0.0029685497283935547
0.0029473304748535156
0.002852201461791992
0.003032207489013672
0.002866506576538086
0.002802133560180664
0.0029218196868896484
0.0028650760650634766
0.0028879642486572266
0.002810239791870117
0.0029201507568359375
0.002930164337158203
0.0028562545776367188
0.0029065608978271484
0.0029251575469970703
0.0029625892639160156
0.0028765201568603516
0.0029702186584472656
0.002904176712036133
0.0030641555786132812
0.0029451847076416016
0.0029685497283935547
0.0028476715087890625
0.002877473831176758
0.0029778480529785156
0.002828836441040039
0.0028274059295654297
0.0029473304748535156
0.0029420852661132812
0.0028977394104003906
0.002858877182006836
0.0029113292694091797
0.0030977725982666016
0.002935171127319336
0.0028786659240722656
0.0028917789459228516
0.002936124801635742
0.002969980239868164
0.002816915512084961
0.0028502941131591797
0.002991914749145508
0.0030372142791748047
0.0028231143951416016
0.0028934478759765625
0.0029735565185546875
0.0030183792114257812
0.003046274185180664
0.0028519630432128906
0.002855062484741211
0.0029754638671875
0.0028314590454101562
0.0029315948486328125
0.0028772354125976562
0.0028734207153320312
0.002876758575439453
0.002814054489135742
0.002829313278198242
0.0028269290924072266
0.0029230117797851562
0.0028285980224609375
0.0028793811798095703
0.002835512161254883
0.002973794937133789
0.0028946399688720703
0.002833843231201172
0.0028357505798339844
0.0028908252716064453
0.0029075145721435547
0.0029532909393310547
0.0028383731842041016
0.0029299259185791016
0.0029120445251464844
0.002931356430053711
0.0028171539306640625
0.002816438674926758
0.0029115676879882812
0.002844095230102539
0.0029189586639404297
0.0029859542846679688
0.0030372142791748047
0.003002166748046875
0.0028896331787109375
0.002971649169921875
0.0029354095458984375
0.0030791759490966797
0.0029036998748779297
0.0029609203338623047
0.0033397674560546875
0.002956867218017578
0.0029561519622802734
0.002960205078125
0.002953052520751953
0.003038644790649414
0.003017902374267578
0.0029952526092529297
0.0031011104583740234
0.0029611587524414062
0.0030486583709716797
0.0030100345611572266
0.0030341148376464844
0.0029578208923339844
0.0030808448791503906
0.00312042236328125
0.0031175613403320312
0.0030488967895507812
0.0029571056365966797
0.002916097640991211
0.003011941909790039
0.0029859542846679688
0.003154277801513672
0.0030329227447509766
0.002995014190673828
0.0031251907348632812
0.0029578208923339844
0.002913236618041992
0.0029189586639404297
0.003164529800415039
0.003194570541381836
0.0030765533447265625
0.003047943115234375
0.003164052963256836
0.003040790557861328
0.003008604049682617
0.0030553340911865234
0.003149747848510742
0.0029151439666748047
0.0029671192169189453
0.003014087677001953
0.003051280975341797
0.0031282901763916016
0.002945423126220703
0.002962350845336914
0.00299072265625
0.002909421920776367
0.002811908721923828
0.002975940704345703
0.003021240234375
0.002953767776489258
0.0028917789459228516
0.0028150081634521484
0.002988576889038086
0.0029191970825195312
0.0031280517578125
0.002831697463989258
0.0029392242431640625
0.002892732620239258
0.0028433799743652344
0.0029151439666748047
0.002825021743774414
0.002913951873779297
0.003017425537109375
0.002937793731689453
0.0029294490814208984
0.0028798580169677734
0.002833127975463867
0.0028388500213623047
0.0028226375579833984
0.002836465835571289
0.002865314483642578
0.0028717517852783203
0.002842426300048828
0.0028188228607177734
0.0030307769775390625
0.0028409957885742188
0.0028905868530273438
0.0029201507568359375
0.0030171871185302734
0.0029196739196777344
0.0030601024627685547
0.002878427505493164
0.0029730796813964844
0.002934694290161133
0.0028510093688964844
0.0029549598693847656
0.0028591156005859375
0.0028884410858154297
0.002842426300048828
0.0029006004333496094
0.002845287322998047
0.0028519630432128906
0.0029358863830566406
0.002811431884765625
0.002841949462890625
0.0029754638671875
0.0029611587524414062
0.0028388500213623047
0.0028281211853027344
0.002893686294555664
0.0027985572814941406
0.002814769744873047
0.0028076171875
0.002965211868286133
0.002903461456298828
0.0028400421142578125
0.0029070377349853516
0.002863168716430664
0.002933979034423828
0.002871990203857422
0.002876758575439453
0.002859354019165039
0.003084897994995117
0.0029146671295166016
0.0029249191284179688
0.0027997493743896484
0.0028946399688720703
0.0028133392333984375
0.0028793811798095703
0.002779245376586914
0.002853870391845703
0.003074169158935547
0.0028753280639648438
0.002893209457397461
0.0028154850006103516
0.0029129981994628906
0.002796173095703125
0.0028679370880126953
0.002794027328491211
0.002938508987426758
0.002882242202758789
0.002797842025756836
0.0028197765350341797
0.0028357505798339844
0.0029218196868896484
0.0028564929962158203
0.002894878387451172
0.0028412342071533203
0.0028901100158691406
0.002810955047607422
0.0028765201568603516
0.002825021743774414
0.002893209457397461
0.0027794837951660156
0.002878904342651367
0.002794027328491211
0.002912282943725586
0.002953767776489258
0.002895832061767578
0.0029075145721435547
0.0028111934661865234
0.00292205810546875
0.0028138160705566406
0.0028162002563476562
0.0028803348541259766
0.003046751022338867
0.002854585647583008
0.0029227733612060547
0.002919435501098633
0.0029730796813964844
0.0029211044311523438
0.0028536319732666016
0.0028276443481445312
0.0029153823852539062
0.002953767776489258
0.0030035972595214844
0.0028944015502929688
0.003050088882446289
0.002984285354614258
0.0030901432037353516
0.002955913543701172
0.0029442310333251953
0.0030355453491210938
0.003038167953491211
0.0029778480529785156
0.002988100051879883
0.003091573715209961
0.0029821395874023438
0.0030641555786132812
0.002994060516357422
0.0030355453491210938
0.0029723644256591797
0.00301361083984375
0.002982616424560547
0.0029921531677246094
0.0029535293579101562
0.002843141555786133
0.0030701160430908203
0.0030717849731445312
0.0030298233032226562
0.002833127975463867
0.0029609203338623047
0.0032172203063964844
0.0029566287994384766
0.002878427505493164
0.003011465072631836
0.0031859874725341797
0.00302886962890625
0.002942323684692383
0.0028345584869384766
0.0030167102813720703
0.0029211044311523438
0.0029256343841552734
0.0028235912322998047
0.0028374195098876953
0.0029439926147460938
0.0029554367065429688
0.002944469451904297
0.002853870391845703
0.0029573440551757812
0.0028076171875
0.002995729446411133
0.002859354019165039
0.0029859542846679688
0.002856731414794922
0.0028433799743652344
0.0028333663940429688
0.0029172897338867188
0.0028672218322753906
0.0028510093688964844
0.0029060840606689453
0.0029249191284179688
0.002973318099975586
0.0028867721557617188
0.0028429031372070312
0.0028285980224609375
0.0029387474060058594
0.002930164337158203
0.002801656723022461
0.0029363632202148438
0.0030579566955566406
0.0029146671295166016
0.0028433799743652344
0.00289154052734375
0.0029528141021728516
0.0029549598693847656
0.002808809280395508
0.0028607845306396484
0.0028181076049804688
0.003011941909790039
0.00292205810546875
0.002905130386352539
0.0028083324432373047
0.0029654502868652344
0.0029726028442382812
0.002966165542602539
0.002923727035522461
0.0030670166015625
0.002821683883666992
0.0028090476989746094
0.0028090476989746094
0.002952098846435547
0.002826213836669922
0.0027947425842285156
0.0028693675994873047
0.002875089645385742
0.0030410289764404297
0.002809286117553711
0.002833127975463867
0.002841472625732422
0.002953052520751953
0.0027780532836914062
0.0028362274169921875
0.002888917922973633
0.00299072265625
0.0027675628662109375
0.0028269290924072266
0.0028085708618164062
0.002853870391845703
0.0028090476989746094
0.0027730464935302734
0.0028192996978759766
0.002787351608276367
0.0029582977294921875
0.0028231143951416016
0.0028412342071533203
0.0030243396759033203
0.003576040267944336
0.004182577133178711
0.003232717514038086
0.003161907196044922
0.0032727718353271484
