18.379021796250104
18.379021796250104
18.379021796250104
18.379021796250104
18.37747831373782
17.30120441333217
17.30120441333217
17.30120441333217
17.30120441333217
16.62421739609379
16.33426552234563
16.33426552234563
16.33426552234563
16.33426552234563
16.33426552234563
16.33426552234563
16.33426552234563
16.33426552234563
16.33426552234563
16.33426552234563
16.33426552234563
16.33426552234563
16.321115243479515
16.321115243479515
16.321115243479515
16.321115243479515
16.24562536161644
15.984203952127597
15.984203952127597
15.938136295922583
15.306018905542977
15.306018905542977
15.306018905542977
15.306018905542977
15.306018905542977
14.978138779101181
14.978138779101181
14.978138779101181
14.930595350865445
14.930595350865445
14.64643493689865
14.302120981564293
14.302120981564293
14.302120981564293
14.124313171012297
14.124313171012297
14.124313171012297
14.124313171012297
14.124313171012297
14.124313171012297
13.718876751775959
13.718876751775959
13.644355378623933
13.552429892663408
13.552429892663408
13.552429892663408
13.552429892663408
13.369302736731623
13.369302736731623
13.369302736731623
13.369302736731623
13.369302736731623
13.205015589219554
13.205015589219554
13.022135096859381
13.022135096859381
12.554701333240622
12.554701333240622
12.277028459125063
12.277028459125063
12.277028459125063
12.277028459125063
12.277028459125063
12.277028459125063
12.277028459125063
12.267267584438894
11.930122243672882
11.930122243672882
11.930122243672882
11.930122243672882
11.930122243672882
10.610731827372543
10.610731827372543
10.610731827372543
10.610731827372543
10.577782664176114
10.433017890480969
10.433017890480969
10.433017890480969
10.433017890480969
10.433017890480969
10.433017890480969
10.433017890480969
10.433017890480969
10.433017890480969
10.433017890480969
10.228465990654247
10.228465990654247
10.228465990654247
10.228465990654247
10.228465990654247
10.228465990654247
10.127716876764921
10.127716876764921
10.127716876764921
9.258368140478598
9.258368140478598
9.258368140478598
9.258368140478598
9.258368140478598
9.258368140478598
9.258368140478598
9.178632212193971
9.178632212193971
9.178632212193971
9.178632212193971
9.178632212193971
9.178632212193971
9.178632212193971
9.178632212193971
9.121298242663789
8.981073701817449
6.758241530639303
6.758241530639303
6.758241530639303
6.758241530639303
6.758241530639303
6.758241530639303
6.758241530639303
6.758241530639303
6.758241530639303
6.758241530639303
6.758241530639303
6.758241530639303
6.758241530639303
6.758241530639303
6.758241530639303
6.758241530639303
6.758241530639303
6.758241530639303
6.758241530639303
6.758241530639303
6.758241530639303
6.758241530639303
6.758241530639303
6.758241530639303
6.758241530639303
6.758241530639303
6.758241530639303
6.758241530639303
6.758241530639303
6.758241530639303
6.758241530639303
6.758241530639303
6.758241530639303
6.758241530639303
6.758241530639303
6.758241530639303
6.758241530639303
6.758241530639303
6.758241530639303
6.758241530639303
6.758241530639303
6.758241530639303
6.758241530639303
6.758241530639303
6.758241530639303
6.758241530639303
6.758241530639303
6.758241530639303
6.670250330163068
6.517023996798205
6.517023996798205
6.517023996798205
6.517023996798205
6.517023996798205
6.517023996798205
6.517023996798205
6.319292259960326
6.319292259960326
6.1531627405814415
6.1531627405814415
6.1531627405814415
6.1531627405814415
6.1531627405814415
6.1531627405814415
6.1531627405814415
6.1531627405814415
6.1531627405814415
6.023016377063701
6.023016377063701
5.717909139341174
5.717909139341174
5.410477957135765
5.410477957135765
5.410477957135765
5.410477957135765
5.410477957135765
5.410477957135765
5.278213736090095
5.278213736090095
5.25046992965548
5.25046992965548
5.25046992965548
5.046540603374837
5.046540603374837
5.046540603374837
5.046540603374837
5.046540603374837
5.012422749474933
5.012422749474933
4.761000690792418
4.761000690792418
4.761000690792418
4.761000690792418
4.761000690792418
4.761000690792418
4.761000690792418
4.761000690792418
4.653136119995768
4.653136119995768
4.236795514332517
4.236795514332517
4.236795514332517
4.236795514332517
4.236795514332517
4.196520659586753
4.196520659586753
4.196520659586753
4.196520659586753
4.066455688009341
4.066455688009341
4.066455688009341
4.066455688009341
4.005358690786899
4.005358690786899
4.005358690786899
4.005358690786899
4.005358690786899
4.005358690786899
3.945731440737447
3.5428684991594253
3.5428684991594253
3.5428684991594253
3.5428684991594253
3.5428684991594253
3.5428684991594253
3.5428684991594253
3.5428684991594253
3.5428684991594253
3.5428684991594253
3.5428684991594253
3.5428684991594253
3.5428684991594253
3.5428684991594253
3.5428684991594253
3.5428684991594253
3.5428684991594253
3.5428684991594253
3.5428684991594253
3.5428684991594253
3.5428684991594253
3.5428684991594253
3.5428684991594253
3.5428684991594253
3.5428684991594253
3.5428684991594253
3.5428684991594253
3.5428684991594253
3.5428684991594253
3.5428684991594253
3.5428684991594253
3.5428684991594253
3.5428684991594253
3.5428684991594253
3.431978051931395
3.431978051931395
3.431978051931395
3.431978051931395
3.431978051931395
3.431978051931395
3.3172626138620984
3.3172626138620984
3.3172626138620984
3.3172626138620984
3.3172626138620984
3.3172626138620984
3.3172626138620984
3.3172626138620984
3.3172626138620984
3.3172626138620984
3.3172626138620984
3.3172626138620984
3.3172626138620984
3.3172626138620984
3.2248746334104723
3.2248746334104723
3.204844261250468
3.204844261250468
3.204844261250468
3.204844261250468
3.1686846284365373
3.1686846284365373
3.1050187940101175
3.1050187940101175
3.1050187940101175
3.1050187940101175
3.1050187940101175
3.069732825553995
3.069732825553995
3.069732825553995
3.046384386250466
3.046384386250466
3.046384386250466
3.046384386250466
3.0191876408972043
3.0191876408972043
2.8902032227485925
2.8902032227485925
2.8796118545915306
2.7734446157586703
2.7734446157586703
2.7734446157586703
2.7734446157586703
2.7734446157586703
2.7456651414456026
2.7456651414456026
2.7456651414456026
2.680420319330299
2.680420319330299
2.680420319330299
2.680420319330299
2.680420319330299
2.680420319330299
2.54137258403156
2.54137258403156
2.54137258403156
2.54137258403156
2.54137258403156
2.54137258403156
2.54137258403156
2.54137258403156
2.54137258403156
2.54137258403156
2.5274748668391034
2.5274748668391034
2.5274748668391034
2.5274748668391034
2.5274748668391034
2.5223402347369053
2.509469630322478
2.509469630322478
2.507370209651885
2.494504542032761
2.494504542032761
2.494504542032761
2.494504542032761
2.494504542032761
2.4944805575045415
2.466086916634403
2.466086916634403
2.466086916634403
2.466086916634403
2.4242135563246983
2.4242135563246983
2.4242135563246983
2.3783790864042906
2.3783790864042906
2.3783790864042906
2.3783790864042906
2.3783790864042906
2.3783790864042906
2.358161510854604
2.358161510854604
2.358161510854604
2.358161510854604
2.358161510854604
2.3440431781819235
2.302525836947268
2.2886896059234267
2.2886896059234267
2.2886896059234267
2.1724704434398703
2.016983005406285
2.016983005406285
2.016983005406285
2.016983005406285
2.016983005406285
2.016983005406285
2.016983005406285
2.0156399765547057
2.0156399765547057
2.014488838401263
1.926042697533294
1.926042697533294
1.926042697533294
1.926042697533294
1.926042697533294
1.7989829892415266
1.7989829892415266
1.7989829892415266
1.7989829892415266
1.7989829892415266
1.7649440300987216
1.7649440300987216
1.7649440300987216
1.7649440300987216
1.7649440300987216
1.7649440300987216
1.7649440300987216
1.753130670621804
1.727922935834389
1.727922935834389
1.7201603891689423
1.7201603891689423
1.6951493458495577
1.6951493458495577
1.5531030506728207
1.534539283566989
1.4999602932460725
1.4999602932460725
1.4999602932460725
1.4999602932460725
1.4999602932460725
1.3557188351431257
1.3557188351431257
1.3557188351431257
1.1630390249325124
1.1630390249325124
1.1630390249325124
1.1630390249325124
1.1630390249325124
1.1630390249325124
1.1630390249325124
1.1630390249325124
1.1630390249325124
1.1630390249325124
1.1630390249325124
1.0494507407453106
1.0494507407453106
1.0494507407453106
1.0494507407453106
1.0494507407453106
1.0494507407453106
1.0494507407453106
1.0123106374317032
1.0123106374317032
0.8898911889712231
0.8898911889712231
0.868966417103902
0.868966417103902
0.7870322224440613
0.7870322224440613
0.7870322224440613
0.7870322224440613
0.7870322224440613
0.7445867158813719
0.7445867158813719
0.590012242167262
0.590012242167262
0.590012242167262
0.590012242167262
0.590012242167262
0.590012242167262
0.590012242167262
0.590012242167262
0.590012242167262
0.590012242167262
0.590012242167262
0.590012242167262
0.590012242167262
0.590012242167262
0.590012242167262
0.590012242167262
0.5712065656795282
0.5685194869123649
0.5155513185108127
0.5155513185108127
0.5155513185108127
0.5155513185108127
0.5155513185108127
0.5155513185108127
0.5155513185108127
0.5155513185108127
0.5155513185108127
0.5155513185108127
0.5155513185108127
0.5135458916453217
0.5135458916453217
0.512026415681504
0.512026415681504
0.512026415681504
0.491827196202717
0.491827196202717
0.491827196202717
0.4231343820469817
0.4231343820469817
0.4231343820469817
0.4231343820469817
0.3973149187424454
0.3973149187424454
0.3973149187424454
0.3973149187424454
0.3973149187424454
0.3973149187424454
0.3973149187424454
0.3592525973705456
0.3592525973705456
0.3592525973705456
0.3592525973705456
0.3592525973705456
0.3486000976569734
0.3486000976569734
0.3486000976569734
0.3343127457159092
0.3343127457159092
0.3267377020861417
0.3267377020861417
0.3267377020861417
0.3189526002990277
0.3189526002990277
0.3083052782600646
0.3083052782600646
0.2902980256652725
0.2902980256652725
0.2902980256652725
0.2902980256652725
0.2898410442909807
0.27976857004465927
0.27976857004465927
0.27976857004465927
0.27976857004465927
0.2736832245982477
0.2686640801387803
0.2686640801387803
0.26854099772262074
0.2546226007296504
0.2546226007296504
0.2546226007296504
0.24098531625176278
0.24098531625176278
0.24098531625176278
0.24098531625176278
0.24098531625176278
0.24098531625176278
0.24098531625176278
0.2289635261446641
0.2289635261446641
0.2035826777368186
0.19024501797834859
0.19024501797834859
0.16976870252536358
0.16976870252536358
0.16976870252536358
0.16338667621347724
0.1605602729418827
0.15084930829156562
0.15084930829156562
0.15084930829156562
0.15084930829156562
0.1462995385930128
0.1462995385930128
0.13731543620411557
0.13731543620411557
0.13731543620411557
0.13731543620411557
0.13731543620411557
0.13731543620411557
0.13731543620411557
0.13657136041393514
0.13657136041393514
0.13657136041393514
0.12866566358740528
0.12866566358740528
0.1265030458933296
0.1265030458933296
0.1265030458933296
0.1265030458933296
0.1265030458933296
0.1265030458933296
0.11079684689929437
0.11079684689929437
0.11079684689929437
0.11079684689929437
0.11079684689929437
0.11079684689929437
0.11079684689929437
0.11079684689929437
0.11079684689929437
0.11079684689929437
0.11079684689929437
0.11079684689929437
0.11079684689929437
0.11079684689929437
0.11079684689929437
0.11079684689929437
0.11079684689929437
0.11079684689929437
0.102540073647166
0.102540073647166
0.102540073647166
0.102540073647166
0.102540073647166
0.102540073647166
0.09940216063258944
0.09746053273024557
0.09746053273024557
0.09746053273024557
0.09746053273024557
0.09318073915050462
0.09318073915050462
0.09195792355304278
0.09195792355304278
0.09195792355304278
0.09195792355304278
0.09156461357018486
0.08103816639320982
0.08103816639320982
0.08103816639320982
0.08103816639320982
0.08103816639320982
0.08103816639320982
0.08103816639320982
0.08103816639320982
0.08103816639320982
0.08103816639320982
0.08103816639320982
0.07660017397749996
0.07492559291785739
0.07028124110725287
0.07028124110725287
0.07028124110725287
0.07028124110725287
0.07028124110725287
0.06850499687463696
0.06850499687463696
0.06850499687463696
0.06850499687463696
0.06522772001693866
0.06522772001693866
0.06522772001693866
0.06522772001693866
0.06399783075552179
0.06399783075552179
0.06363908161501897
0.06339734460413382
0.06333233783330172
0.0629739656057815
0.060246321927781565
0.0592498701968438
0.0592498701968438
0.05745032066237954
0.05745032066237954
0.05745032066237954
0.05745032066237954
0.057304627685685006
0.05419661393225539
0.05419661393225539
0.05419661393225539
0.05177454750094057
0.05177454750094057
0.05177454750094057
0.046435777864719086
0.046435777864719086
0.046435777864719086
0.046435777864719086
0.046435777864719086
0.046435777864719086
0.04387994135911555
0.04387994135911555
0.04387994135911555
0.04387994135911555
0.04387994135911555
0.04387994135911555
0.03784273033902963
0.03784273033902963
0.03784273033902963
0.03784273033902963
0.03784273033902963
0.03784273033902963
0.03784273033902963
0.03784273033902963
0.03784273033902963
0.03784273033902963
0.03784273033902963
0.03784273033902963
0.03760033844209332
0.0372921877858019
0.0372921877858019
0.0372921877858019
0.03669566285396897
0.03669566285396897
0.035712313884971536
0.035712313884971536
0.035712313884971536
0.035712313884971536
0.035712313884971536
0.03265564588119574
0.03265564588119574
0.03265564588119574
0.03265564588119574
0.03265564588119574
0.030652446672583267
0.029751081814243463
0.029751081814243463
0.029751081814243463
0.02673653014629096
0.02673653014629096
0.02673653014629096
0.02673653014629096
0.02673653014629096
0.02673653014629096
0.02673653014629096
0.02673653014629096
0.025808593896915255
0.025808593896915255
0.025808593896915255
0.025808593896915255
0.024861334937753554
0.024861334937753554
0.024861334937753554
0.024861334937753554
0.024861334937753554
0.024861334937753554
0.024861334937753554
0.024148335295770096
0.024148335295770096
0.02375857946674742
0.02375857946674742
0.021101517109080703
0.021101517109080703
0.021101517109080703
0.021101517109080703
0.021101517109080703
0.021101517109080703
0.021101517109080703
0.021101517109080703
0.021101517109080703
0.021101517109080703
0.021101517109080703
0.02100684389085572
0.020409461267384188
0.020409461267384188
0.020409461267384188
0.020409461267384188
0.020409461267384188
0.020409461267384188
0.019718544052114595
0.019718544052114595
0.018281767052659603
0.018281767052659603
0.01797784597779284
0.01797784597779284
0.017840530232355434
0.017554659451185728
0.017554659451185728
0.0156604656129673
0.0156604656129673
0.0156604656129673
0.0156604656129673
0.01563709501938959
0.013690602272763641
0.013690602272763641
0.013690602272763641
0.013690602272763641
0.013690602272763641
0.013690602272763641
0.013690602272763641
0.013690602272763641
0.013690602272763641
0.013690602272763641
0.013689903974356099
0.013689903974356099
0.013626553063669888
0.013626553063669888
0.013626553063669888
0.013626553063669888
0.013470805814961295
0.013470805814961295
0.013470805814961295
0.012754566514704635
0.012024556860446012
0.012024556860446012
0.012024556860446012
0.012024556860446012
0.011964359366398725
0.011964359366398725
0.011964359366398725
0.010850191958766686
0.010850191958766686
0.010850191958766686
0.010693463606195053
0.010693463606195053
0.010693463606195053
0.010135977103555405
0.010135977103555405
0.010135977103555405
0.010135977103555405
0.009963892367860439
0.009707540864283715
0.009436207105288474
0.009199657368483827
0.009199657368483827
0.00887510449839013
0.00887510449839013
0.00887510449839013
0.008553636163984635
0.008553636163984635
0.008109611776564662
0.007827133428577326
0.007827133428577326
0.007827133428577326
0.007827133428577326
0.007827133428577326
0.007827133428577326
0.007827133428577326
0.007827133428577326
0.007827133428577326
0.006488508837243501
0.006488508837243501
0.006488508837243501
0.006488508837243501
0.006488508837243501
0.006488508837243501
0.006488508837243501
0.006488508837243501
0.006488508837243501
0.006488508837243501
0.006488508837243501
0.006488508837243501
0.006488508837243501
0.006488508837243501
0.0063214426028324056
0.0063214426028324056
0.0063214426028324056
0.0063214426028324056
0.0063214426028324056
0.005809367792210196
0.005809367792210196
0.005809367792210196
0.005683492424733316
0.005683492424733316
0.005628458506578227
0.005497509892332886
0.005497509892332886
0.005497509892332886
0.004973269642803757
0.004973269642803757
0.004973269642803757
0.004973269642803757
0.004973269642803757
0.004973269642803757
0.004893284421260802
0.004893284421260802
0.004893284421260802
0.004893284421260802
0.004893284421260802
0.004893284421260802
0.004791931104218605
0.004791931104218605
0.004791931104218605
0.004791931104218605
0.004736148641878657
0.0045223974034698244
0.0045223974034698244
0.004327938142328236
0.004327686301493827
0.004327686301493827
0.004247950811162582
0.004247950811162582
0.0039381265974540725
0.0038880288523515105
0.0038880288523515105
0.003599095936170471
0.003599095936170471
0.003599095936170471
0.003599095936170471
0.003599095936170471
0.003599095936170471
0.003599095936170471
0.003599095936170471
0.003599095936170471
0.003599095936170471
0.003599095936170471
0.003599095936170471
0.003599095936170471
0.0034072490299585922
0.0034072490299585922
0.0031802301008809764
0.0031802301008809764
0.003111446416394159
0.003070425470514948
0.0030504148905983186
0.0030504148905983186
0.0030320609380183328
0.0030128086191432146
0.0030128086191432146
0.0030128086191432146
0.0030128086191432146
0.0030128086191432146
0.0030056333881773867
0.0030056333881773867
0.0029658707656281535
0.0029658707656281535
0.0029658707656281535
0.0029050749798180675
0.0028678234377075285
0.0028678234377075285
0.0026491429629267316
0.0026491429629267316
0.0026491429629267316
0.0026491429629267316
0.0026491429629267316
0.0026491429629267316
0.0026491429629267316
0.0026293579419949253
0.002544061409313514
0.002544061409313514
0.0023772226960048215
0.0023583169499943324
0.0023583169499943324
0.0023583169499943324
0.0023583169499943324
0.002165104677391838
0.002165104677391838
0.002165104677391838
0.0021587733252346197
0.0021587733252346197
0.0020636261877022832
0.0019940872205417293
0.0019940872205417293
0.0019940872205417293
0.0019940872205417293
0.0019940872205417293
0.0019940872205417293
0.001803929375679303
0.001803929375679303
0.001803929375679303
0.001599792471278505
0.001599792471278505
0.001599792471278505
0.001599792471278505
0.001599792471278505
0.001599792471278505
0.001599792471278505
0.001599792471278505
0.0015903049576131423
0.0015903049576131423
0.0014492101365952692
0.0014492101365952692
0.0014492101365952692
0.0014492101365952692
0.0014492101365952692
0.0014492101365952692
0.0014492101365952692
0.0014492101365952692
0.0014363219711803765
0.0014363219711803765
0.0014363219711803765
0.0014351717676781561
0.0014264506594550141
0.0014040469976883685
0.0014000606801793936
0.0014000606801793936
0.0013998555869179086
0.0013998555869179086
0.0012303055273825692
0.0012303055273825692
0.0012303055273825692
0.0012303055273825692
0.0012303055273825692
0.0010754520191156303
0.0010754520191156303
0.0010754520191156303
0.0010754520191156303
0.001070512119582645
0.0009472755073218764
0.0009472755073218764
0.0009472755073218764
0.0009472755073218764
0.0009472755073218764
0.0009240332208797497
0.0009224459689427533
0.0009224459689427533
0.000814951942725628
0.000814951942725628
0.000814951942725628
0.000814951942725628
0.000814951942725628
0.000814951942725628
0.000814951942725628
0.000814951942725628
0.000814951942725628
0.000814951942725628
0.000814951942725628
0.000814951942725628
0.000814951942725628
0.000814951942725628
0.0007937389381282856
0.0007937389381282856
