12.443279169839723
12.443279169839723
12.428495043466373
12.428495043466373
12.428495043466373
12.428495043466373
12.428495043466373
12.388821888787596
12.173461710376383
12.173461710376383
12.173461710376383
12.173461710376383
12.173461710376383
12.153798011155416
12.153798011155416
12.140801104082552
12.1404343518705
12.1404343518705
11.471952213304121
11.471952213304121
11.471952213304121
11.40962387089694
11.40962387089694
10.964863467280932
10.959525475168768
10.317502852001091
10.315376628941983
10.315376628941983
10.315376628941983
9.821027003624668
9.821027003624668
9.794985754646646
9.785062784272704
9.785062784272704
9.78360517379625
9.78360517379625
9.78360517379625
9.782113937171392
9.237101186379025
9.237101186379025
9.237101186379025
9.23633477309965
9.228382408386999
9.228382408386999
9.17179180285289
9.164847025581391
9.164847025581391
9.164847025581391
9.13946221173045
9.13946221173045
9.13946221173045
9.13946221173045
9.13697800088078
9.122618531025957
9.122618531025957
9.122618531025957
9.1022160550413
9.088726159789896
9.088726159789896
9.088726159789896
9.088726159789896
9.088726159789896
9.087090439852119
9.087090439852119
9.087090439852119
9.087090439852119
9.087090439852119
9.085209161794655
9.085209161794655
9.085209161794655
9.082741318947402
8.98376684707938
8.96226491690782
8.96226491690782
8.948067963851194
8.948067963851194
8.558994450623441
8.557344940640228
8.557344940640228
8.548200799756039
8.544463727373184
8.544463727373184
8.544463727373184
8.540814356839565
8.540236710151472
8.540236710151472
8.540236710151472
8.540236710151472
8.540236710151472
8.368891868916524
8.368891868916524
8.368891868916524
8.368891868916524
8.308972246733067
8.308972246733067
8.307719904734299
8.306964713859749
8.305429743127291
8.25460575316746
8.125444009509344
8.125444009509344
7.822739883102393
7.822739883102393
7.822739883102393
7.822739883102393
7.822739883102393
7.822739883102393
7.819569333554469
7.819569333554469
7.819569333554469
7.569535282421825
7.569535282421825
7.567050253703165
7.567050253703165
7.567050253703165
7.567050253703165
7.530396112386498
7.508070667618632
7.482186657494935
7.482186657494935
7.482186657494935
7.473787694312627
7.414753220745652
7.414753220745652
7.40901776367437
7.403112210687034
7.403112210687034
7.3953744407342725
7.394545895876661
7.394545895876661
7.0503872434545585
7.00696364993523
6.914436300051591
6.914436300051591
6.914393440076083
6.914393440076083
6.914393440076083
6.914393440076083
6.914393440076083
6.91071684025632
6.91071684025632
6.910616192469398
6.910616192469398
6.910616192469398
6.910616192469398
6.910616192469398
6.910616192469398
6.9080109755654675
6.9080109755654675
6.888649482517543
6.887104738909926
6.887104738909926
6.879476513138208
6.879476513138208
6.879476513138208
6.5581145206070275
6.557109360336305
6.557109360336305
6.557109360336305
6.503053969504506
6.503053969504506
6.503053969504506
6.503053969504506
6.491682701733389
6.3920838330768035
6.387273980665668
5.534646078433283
5.480157781231647
5.480157781231647
5.480157781231647
5.476562286050459
5.476369730251818
5.4692601479851035
5.4692601479851035
5.4692601479851035
5.4692601479851035
5.4692601479851035
5.46787319079327
5.46787319079327
5.46787319079327
5.46787319079327
5.46787319079327
5.46787319079327
5.46787319079327
5.463281788262158
5.463281788262158
5.463281788262158
5.463281788262158
5.463281788262158
5.4480088159616855
5.4480088159616855
5.4457818360518
5.4457818360518
5.4457818360518
5.4457818360518
5.443850638478523
5.443850638478523
5.433887368927728
5.425813140412465
5.425813140412465
5.425813140412465
5.425813140412465
5.425813140412465
5.425813140412465
5.425813140412465
5.425813140412465
5.425813140412465
5.425813140412465
5.425813140412465
5.425813140412465
5.425813140412465
5.425813140412465
5.425813140412465
5.425813140412465
5.425813140412465
5.425813140412465
5.425813140412465
5.425813140412465
5.425813140412465
5.425813140412465
5.418318570145331
5.418318570145331
5.418030528957907
5.413153734464544
5.413153734464544
5.413153734464544
5.409379271949291
5.409379271949291
5.3976558145586395
5.3976558145586395
5.3976558145586395
5.393512488723864
5.393512488723864
5.2735392751837935
5.2438849526964475
5.2438849526964475
5.2438849526964475
5.2438849526964475
5.2438849526964475
5.2438849526964475
5.2438849526964475
5.2438849526964475
5.2438849526964475
5.2438849526964475
5.2438849526964475
5.216477037640651
5.195799684550252
5.050886141126689
4.889607100448572
4.889607100448572
4.889607100448572
4.889607100448572
4.889607100448572
4.889607100448572
4.889607100448572
4.889607100448572
4.889607100448572
4.888707686558618
4.884263471202637
4.870157630662419
4.868998168538553
4.868998168538553
4.868998168538553
4.729671220804001
4.721585660023379
4.721585660023379
4.718617034608727
4.718617034608727
4.718617034608727
4.718617034608727
4.718617034608727
4.718617034608727
4.718617034608727
4.712136926559545
4.482872970973105
4.456598226723145
4.456598226723145
4.453832053487858
4.453832053487858
4.452905063238006
4.452905063238006
4.4419933874018795
4.4419933874018795
4.4308932181571095
4.397654664027591
4.397654664027591
4.393521948373547
4.367230936587681
4.324379701585137
4.317863948473246
4.317486810236062
4.297354861940498
4.296719490031236
4.296719490031236
4.293543157408237
4.293543157408237
4.281006463652723
4.280805976651308
4.276898549318361
4.062166049591134
4.062166049591134
4.062052031990639
4.055385793155821
4.055385793155821
4.055385793155821
4.055385793155821
4.055385793155821
4.055385793155821
4.055385793155821
4.055385793155821
4.055385793155821
4.055385793155821
4.055385793155821
4.055385793155821
4.055385793155821
4.053801013909236
4.053801013909236
4.035068628814095
4.035068628814095
4.034500177116435
4.034500177116435
4.034500177116435
4.034500177116435
4.034500177116435
4.0238546756885825
4.0238546756885825
4.0238546756885825
4.0238546756885825
4.002072713124704
3.9945146070932864
3.9945146070932864
3.656778662014034
3.656778662014034
3.656778662014034
3.656778662014034
3.656778662014034
3.656778662014034
3.656778662014034
3.656778662014034
3.656778662014034
3.656778662014034
3.656778662014034
3.6544064221369794
3.5834550640885467
3.366539782340219
3.366539782340219
3.362784232590137
3.3618985605818352
3.306014612078336
3.305180448588956
3.305180448588956
3.305173613468014
3.305173613468014
3.305173613468014
3.303620397434095
3.287272478567033
3.287272478567033
3.287272478567033
3.287272478567033
3.287272478567033
3.287272478567033
3.050192525219245
3.04683271883993
3.044039056819358
3.040206194278092
3.040206194278092
3.020638053095503
2.976755257305932
2.976755257305932
2.9639066572044257
2.9639066572044257
2.9639066572044257
2.9639066572044257
2.9639066572044257
2.9639066572044257
2.9639066572044257
2.9639066572044257
2.9639066572044257
2.9638807895625803
2.9424564869288687
2.9389953493078522
2.9389953493078522
2.9389953493078522
2.9389953493078522
2.9389953493078522
2.9389953493078522
2.9380573362941362
2.9380573362941362
2.9380573362941362
2.9380573362941362
2.9380573362941362
2.9380573362941362
2.9380573362941362
2.9380573362941362
2.9276759028053974
2.9276759028053974
2.9276759028053974
2.9276759028053974
2.9276759028053974
2.9276759028053974
2.8789275378325385
2.8541386177312162
2.8524448209933126
2.8386148548754164
2.7912339356763667
2.767409713063664
2.767409713063664
2.767409713063664
2.710390177733373
2.708494592483852
2.6696058301700347
2.6662147628999904
2.6662147628999904
2.596564518892855
2.594782515536302
2.589016057870353
2.589016057870353
2.589016057870353
2.589016057870353
2.589016057870353
2.589016057870353
2.5595861845099535
2.5595861845099535
2.5595861845099535
2.5595861845099535
2.5595861845099535
2.5595861845099535
2.545342918635221
2.545342918635221
2.4865213385039553
2.4865213385039553
2.4865213385039553
2.484476886431054
2.484476886431054
2.484476886431054
2.484476886431054
2.484476886431054
2.4789162667746254
2.4789162667746254
2.4789162667746254
2.4789162667746254
2.4789162667746254
2.4789162667746254
2.4789162667746254
2.4729995263966202
2.4729995263966202
2.4729995263966202
2.4729995263966202
2.4729995263966202
2.470475626591046
2.470475626591046
2.470475626591046
2.470475626591046
2.470475626591046
2.470475626591046
2.422423831028304
2.422423831028304
2.422423831028304
2.422423831028304
2.417285452782373
2.417285452782373
2.417285452782373
2.417285452782373
2.417285452782373
2.417285452782373
2.417285452782373
2.417285452782373
2.417285452782373
2.417285452782373
2.417285452782373
2.417285452782373
2.414284919880444
2.414284919880444
2.414284919880444
2.414284919880444
2.4088568712220706
2.4088568712220706
2.3896121732507964
2.263239154067051
2.263239154067051
2.263239154067051
2.257506644637708
2.257506644637708
2.257506644637708
2.245240032494891
2.245240032494891
2.245240032494891
2.245240032494891
2.245240032494891
2.2403388664524684
2.2403388664524684
2.2403388664524684
2.2403388664524684
2.2403388664524684
2.2403388664524684
2.2403388664524684
2.2403388664524684
2.2403388664524684
2.2403388664524684
2.240077436584187
2.237937730496178
2.237937730496178
2.237937730496178
2.237937730496178
2.2357008286381728
2.2357008286381728
2.2344960194644727
2.2344960194644727
2.2344960194644727
2.092183534717016
2.084042365325537
2.084042365325537
2.084042365325537
2.084042365325537
2.0691574219932036
2.0691574219932036
2.0688907001172723
2.0688907001172723
2.0688907001172723
2.0679662154133425
2.0679662154133425
2.0679662154133425
2.0679662154133425
2.0679662154133425
2.0679662154133425
2.0664086106902815
2.0664086106902815
2.0664086106902815
2.0664086106902815
2.0580552650514363
2.057496038016673
2.0571786957060993
2.0571786957060993
2.0571786957060993
2.0513452930595903
2.0513452930595903
2.0513452930595903
2.0513452930595903
2.0480182174150343
2.0480182174150343
2.0480182174150343
2.0480182174150343
2.039302124541379
2.039302124541379
2.018433444845499
2.018433444845499
2.0143953912012833
2.0143953912012833
2.0143953912012833
1.9909869175732808
1.9909869175732808
1.9909869175732808
1.9909869175732808
1.9713734472493059
1.9713734472493059
1.9657240270814782
1.9657240270814782
1.9657240270814782
1.9657240270814782
1.9426162449319406
1.9345523633834745
1.9345523633834745
1.9345523633834745
1.9311253981935081
1.9311253981935081
1.9311253981935081
1.914331460428464
1.8784281130849436
1.745476125955392
1.745476125955392
1.745476125955392
1.745476125955392
1.745476125955392
1.7337004910665499
1.7337004910665499
1.7337004910665499
1.7337004910665499
1.7337004910665499
1.7337004910665499
1.7337004910665499
1.7337004910665499
1.7337004910665499
1.7337004910665499
1.7337004910665499
1.7337004910665499
1.7337004910665499
1.7337004910665499
1.7175318483338842
1.6991757312002207
1.6991757312002207
1.6938285274760858
1.6938285274760858
1.6938285274760858
1.6938285274760858
1.6900444780078274
1.6900444780078274
1.6900444780078274
1.6558958649478654
1.6558958649478654
1.6558958649478654
1.6524015210252756
1.648083243550694
1.648083243550694
1.625320753255707
1.625320753255707
1.5980414500342164
1.5866137969728271
1.5866137969728271
1.5638079772394988
1.5638079772394988
1.5638079772394988
1.5638079772394988
1.5638079772394988
1.5638079772394988
1.5638079772394988
1.5634929680963907
1.5634929680963907
1.5634929680963907
1.5634929680963907
1.5634929680963907
1.5634929680963907
1.558314235767071
1.465005502437613
1.3233204601331252
1.3137652631423506
1.3137652631423506
1.3137652631423506
1.3137652631423506
1.3136997306807459
1.3136997306807459
1.3136997306807459
1.3136997306807459
1.3136997306807459
1.308485321442049
1.308485321442049
1.308485321442049
1.308485321442049
1.308485321442049
1.308485321442049
1.308485321442049
1.308485321442049
1.2586298783670813
1.2508124485122423
1.2491527774942384
1.246992953512823
1.2412361043025442
1.2412361043025442
1.2412361043025442
1.2412361043025442
1.2411838845123313
1.2411838845123313
1.2411838845123313
1.2411838845123313
1.2411838845123313
1.2370479932848042
1.1936434753423057
1.0028983489533942
1.0028983489533942
1.0028983489533942
1.0028983489533942
1.0028983489533942
1.0028983489533942
0.9997852366296769
0.9997852366296769
0.9997852366296769
0.9997852366296769
0.9975996216892042
0.9975996216892042
0.9975996216892042
0.9773698799530521
0.9773698799530521
0.9773698799530521
0.9773698799530521
0.9773698799530521
0.9773698799530521
0.9773698799530521
0.9773698799530521
0.9684015527800014
0.9684015527800014
0.953787534929603
0.953787534929603
0.9523781146234569
0.9523781146234569
0.9523781146234569
0.9523781146234569
0.9523781146234569
0.9523781146234569
0.9523781146234569
0.9523781146234569
0.9495630848306646
0.9462283681713544
0.9427052713135993
0.9397267975977925
0.931544124642862
0.931544124642862
0.931544124642862
0.9298136428398891
0.9298136428398891
0.9298136428398891
0.9298136428398891
0.9298136428398891
0.9298136428398891
0.9298136428398891
0.9237992657393477
0.9237992657393477
0.9237992657393477
0.9208283534937962
0.9208283534937962
0.9204732247247946
0.911081113222906
0.911081113222906
0.911081113222906
0.911081113222906
0.911081113222906
0.911081113222906
0.911081113222906
0.911081113222906
0.911081113222906
0.886424686351198
0.886424686351198
0.886424686351198
0.8797797980240176
0.8797797980240176
0.8797797980240176
0.8797797980240176
0.8768842376058998
0.8768842376058998
0.8707299365021299
0.8707299365021299
0.8707299365021299
0.86647542440015
0.8661556070037406
0.8661556070037406
0.8576373910490531
0.8576373910490531
0.854186409265175
0.8451648604714137
0.8451648604714137
0.8451648604714137
0.8451648604714137
0.8451648604714137
0.8407585397080481
0.8407585397080481
0.8407585397080481
0.8407585397080481
0.8407585397080481
0.8407585397080481
0.830526673888798
0.830526673888798
0.8252838757744385
0.8158313683686913
0.8158313683686913
0.8158313683686913
0.8158313683686913
0.8158313683686913
0.8158313683686913
0.8158313683686913
0.812878470301932
0.812878470301932
0.8030295811979471
0.8030295811979471
0.8030295811979471
0.8030295811979471
0.8030295811979471
0.8030295811979471
0.8030295811979471
0.7794308143455737
0.7794308143455737
0.7794308143455737
0.7765557747071483
0.7765557747071483
0.7707449201831693
0.7519757920336474
0.7395446914858823
0.7395446914858823
0.7366777932048194
0.7366777932048194
0.7366777932048194
0.7366777932048194
0.7366777932048194
0.7366777932048194
0.726566174486436
0.726566174486436
0.726566174486436
0.726566174486436
0.726566174486436
0.726566174486436
0.726566174486436
0.726566174486436
0.726566174486436
0.7251079678983174
0.7251079678983174
0.7251079678983174
0.7251079678983174
0.7251079678983174
0.7204768093721441
0.7145731363632919
0.7145731363632919
0.7145731363632919
0.7145731363632919
0.7145731363632919
0.7145731363632919
0.7145731363632919
0.7145731363632919
0.7145731363632919
0.6812511657163682
0.6791738927371966
0.6791738927371966
0.6791738927371966
0.6791738927371966
0.6786619751302752
0.6786619751302752
0.6786619751302752
0.6783187787977596
0.6766009585809769
0.6762982445098089
0.6307199273249893
0.6307199273249893
0.6307199273249893
0.6242778680883845
0.6242778680883845
0.6242778680883845
0.6238825066595339
0.6198024602857188
0.6198024602857188
0.6041489370660145
0.6041489370660145
0.6009775651858575
0.6009775651858575
0.6009775651858575
0.5988456278969849
0.5659098742102913
0.5659098742102913
0.5659098742102913
0.5659098742102913
0.5659098742102913
0.5659098742102913
0.5659098742102913
0.5659098742102913
0.5659098742102913
0.5659098742102913
0.5659098742102913
0.5659098742102913
0.5604685406835088
0.5604685406835088
0.5604685406835088
0.560198385668329
0.5505426994962548
0.5505426994962548
0.5505426994962548
0.532733184211466
0.532733184211466
0.532733184211466
0.532733184211466
0.5274277100292508
0.5030248285920749
0.49875681235494085
0.49875681235494085
0.49875681235494085
0.49782282010478696
0.49782282010478696
0.49782282010478696
0.49782282010478696
0.49782282010478696
0.49782282010478696
0.49782282010478696
0.49782282010478696
0.49782282010478696
0.49782282010478696
0.49782282010478696
0.49782282010478696
0.49782282010478696
0.49782282010478696
0.49782282010478696
0.49782282010478696
0.49782282010478696
0.49782282010478696
0.49782282010478696
0.49657146509669303
0.49657146509669303
0.49657146509669303
0.49657146509669303
0.49547481846295227
0.49547481846295227
0.49547481846295227
0.4736813657211485
0.4736813657211485
0.4649681438496174
0.4649681438496174
0.4649681438496174
0.4649681438496174
0.4649681438496174
0.4639133962640898
0.4639133962640898
0.4639133962640898
0.4639133962640898
0.4639133962640898
0.4639133962640898
0.4639133962640898
0.4639133962640898
0.4638408709364583
0.4638408709364583
0.4638408709364583
0.427805964786522
0.427805964786522
0.411469538713078
0.411469538713078
0.411469538713078
0.411469538713078
0.411469538713078
0.411469538713078
0.411469538713078
0.411469538713078
0.411469538713078
0.411469538713078
0.411469538713078
0.4100796579102308
0.4100796579102308
0.407311313748572
0.4065425752936491
0.4065425752936491
0.40518871705941706
0.40518871705941706
0.40518871705941706
0.40518871705941706
0.40518871705941706
0.3971962998376597
0.3971962998376597
0.32305531713085145
0.32305531713085145
0.31672000854205606
0.31222292217721304
0.31222292217721304
0.31222292217721304
0.31222292217721304
0.31222292217721304
0.31222292217721304
0.31222292217721304
0.31222292217721304
0.31222292217721304
0.31222292217721304
0.31222292217721304
0.30597116856193907
0.30597116856193907
0.30597116856193907
0.30597116856193907
0.30597116856193907
0.30597116856193907
0.30597116856193907
0.30597116856193907
0.3034786763146684
0.3034786763146684
0.30089654455714054
0.30089654455714054
0.30089654455714054
0.30063847953626066
0.28606273960323136
0.2802588453029742
0.2802588453029742
0.2802588453029742
0.2802588453029742
0.2776670375185972
0.2776670375185972
0.2776670375185972
0.2776670375185972
0.2776670375185972
0.2776670375185972
0.2776670375185972
0.2776670375185972
0.2776670375185972
0.2776670375185972
0.2776670375185972
0.2776670375185972
0.2776670375185972
0.2776670375185972
0.2776670375185972
0.2776670375185972
0.2776670375185972
0.2776670375185972
0.2776670375185972
0.2776670375185972
0.2776670375185972
0.2776670375185972
0.2776670375185972
0.2776670375185972
0.2776670375185972
0.2776670375185972
0.27590574157424896
0.27590574157424896
0.27590574157424896
0.27590574157424896
0.27590574157424896
0.27590574157424896
0.27590574157424896
0.27590574157424896
0.27590574157424896
0.27590574157424896
0.27590574157424896
0.27590574157424896
0.27590574157424896
