18.629507587908936
18.204616362473075
18.204616362473075
17.81169960161969
17.81169960161969
17.81169960161969
17.81169960161969
17.811694122470918
17.81134558104439
17.808290693043897
17.808290693043897
17.69113020125044
17.69113020125044
17.279433367101955
17.279433367101955
17.273947467237775
17.269726198666884
17.26950017085275
17.214795545067737
17.214795545067737
17.21419524020607
17.21419524020607
17.21222002864822
17.21222002864822
17.21222002864822
17.21121388977174
17.20287570475587
17.20287570475587
17.20287570475587
17.20287570475587
17.20287570475587
17.197829442518838
17.197829442518838
17.197829442518838
17.142450546413478
16.81387372866866
16.81387372866866
16.81387372866866
16.79557283636902
16.766986932650926
16.766986932650926
16.747815629265574
16.71469873514075
16.71469873514075
16.714613008759883
16.644592998629452
16.642121337077707
16.31021346550976
15.552041900295961
15.543666411946223
15.541943734717162
15.541943734717162
15.537957636783716
15.537957636783716
15.537957636783716
15.537957636783716
15.49216252277202
15.465224129420164
15.46345309082885
15.39047943548153
15.39047943548153
15.39047943548153
15.362679801904992
15.297092659541995
14.771785211037711
14.771576084915761
14.769860564003258
14.769860564003258
14.753087637918767
14.752220586063022
14.752220586063022
14.569263808885042
13.718152870266337
13.718152870266337
13.718152870266337
13.717345112634796
13.717345112634796
13.717345112634796
13.717127612859645
13.717127612859645
13.717127612859645
13.648502313209283
13.648502313209283
13.601465323291619
12.930869703183678
12.930010863898538
12.922632834799169
12.922632834799169
12.922363259893562
12.922363259893562
12.921328390983797
12.921328390983797
12.921198495481171
12.918909486101409
12.915125783842598
12.903163404744058
11.969359050855365
11.907545061293174
11.829700911032253
11.828460824279338
11.828460824279338
11.828424392268108
11.82557628157763
11.824309618319592
11.824309618319592
11.824309618319592
11.824309618319592
11.824309618319592
11.823734695072538
11.823521645658776
11.823521645658776
11.823521645658776
11.820622815005931
11.818497711222497
11.815584086424838
11.815584086424838
11.815584086424838
11.815393633818681
11.81066624017408
11.630516203270949
11.618320434628217
11.617799926235298
11.456054227047845
10.979985200185707
10.979985200185707
10.979985200185707
10.979985200185707
10.97565022891133
10.97324924980472
10.97324924980472
10.97324924980472
10.92577822315397
10.808580483023892
10.80275868443448
10.801367561654377
10.668992428564282
10.663053757760196
10.661675955240646
10.612767704620122
10.155127314173813
9.045539572379074
9.045539572379074
9.043639662319011
9.043639662319011
9.043619137900196
8.995593931679164
8.763359105505373
8.761970548453924
8.761970548453924
8.76031167314498
8.760226494675306
8.755461401988732
8.667852167358287
8.623484474255534
8.15521049467193
8.15482195125924
8.150652587547928
8.150652587547928
8.150652587547928
8.141242709092015
7.50172031270502
7.459470743911124
7.455227226203252
7.455227226203252
7.455227226203252
7.453725500496837
7.453725500496837
7.453725500496837
7.453725500496837
7.453725500496837
7.451401266087874
7.451401266087874
7.451401266087874
7.451401266087874
7.451401266087874
7.449865277230206
7.449865277230206
7.448545411017749
7.448334427847907
7.448334427847907
7.447275226320201
7.447275226320201
7.351458115174326
7.351458115174326
7.348820237952827
7.348809369809638
7.303865239309269
7.2864034297823945
7.160581039254012
7.1452592780999
7.136005235811149
7.134109728977812
6.823248642474185
6.810200600540222
6.810200600540222
6.80754703544633
6.805967870707217
6.697723277858401
6.697723277858401
6.695969072704052
6.6946021247681955
6.6946021247681955
6.66969069217237
6.66969069217237
6.539435973902229
6.536192264236385
6.226420036896322
6.225545704001211
6.2223760672660955
6.220742729937861
6.220742729937861
6.202339446752518
6.202339446752518
6.10513765167719
6.10513765167719
6.10513765167719
6.1049536742921084
6.1049536742921084
5.851815192115673
5.851815192115673
5.8515607437493475
5.846815529621868
5.846651869069987
5.786027576879835
5.786027576879835
5.786027576879835
5.701017467300495
5.601913060061632
5.590062143195501
5.581034448592749
5.142617001294592
5.142165367245745
5.142165367245745
5.140635871470149
5.126658005502833
5.126658005502833
5.126658005502833
5.107852782722087
5.10695467976414
5.088961221561348
5.086865417366976
5.086865417366976
5.085577042531927
5.0812139199297235
5.080504006598513
4.956801817649737
4.956801817649737
4.956801817649737
4.956801817649737
4.9567741861364
4.952705691152708
4.951235307264209
4.948601408333079
4.948601408333079
4.942676753578073
4.9372353761436365
4.886942809951115
4.805572107260787
4.805572107260787
4.8049776334775345
4.804232840740561
4.793720320333826
4.7252608322833645
4.7252608322833645
4.704170964190229
4.631530682609672
4.629182174914785
4.62890685558359
4.6106731458924735
4.472313450506949
4.338947049467858
4.338161203090841
4.338161203090841
4.335686554769541
4.335686554769541
4.335686554769541
4.335686554769541
4.318626464634441
4.314200640661909
4.314200640661909
4.293940715761629
4.293940715761629
4.293940715761629
4.293940715761629
4.293940715761629
4.293940715761629
4.293621442873594
4.293621442873594
4.293621442873594
4.290430927738463
4.290430927738463
4.290430927738463
4.290430927738463
4.290430927738463
4.070442051281084
4.070442051281084
4.068599158735161
4.067945474208084
4.067766020878139
4.067766020878139
4.0673041450801755
4.0673041450801755
4.0673041450801755
4.066527763719929
4.0131805528500735
4.0131805528500735
4.008732144457028
4.0057465738955
4.0057465738955
4.0057465738955
4.005195807214697
4.005195807214697
4.005195807214697
4.005195807214697
3.9913828446186663
3.954589763994303
3.9542459818979445
3.9542459818979445
3.949501972447262
3.949501972447262
3.949501972447262
3.944895711610638
3.9254880606881954
3.9254880606881954
3.922802215315734
3.858699098960958
3.8168325389952926
3.5736877062574592
3.4225592994778324
3.4206299512146963
3.4206299512146963
3.4206299512146963
3.4206299512146963
3.4191555635729287
3.4162032229615136
3.416168412921639
3.4148259596614743
3.4148259596614743
3.4148259596614743
3.4148259596614743
3.412007200279188
3.4087791647700456
3.403757985436414
3.403757985436414
3.3920818418073786
3.3920818418073786
3.3909952704054582
3.320617057000149
3.320617057000149
3.3135101704923606
3.312802702360983
3.312802702360983
3.3099127345793065
3.3099127345793065
3.308328345258129
3.308328345258129
3.308328345258129
3.3004059749612544
3.2995615416823014
3.2995615416823014
3.299551643529256
3.299551643529256
3.299551643529256
3.293064483098572
3.293064483098572
3.293064483098572
3.293064483098572
3.2675804250150087
3.2675804250150087
3.2675804250150087
3.2660303402713637
3.2086583523941776
3.186596953217073
3.186596953217073
3.1621282606962
3.1621282606962
3.1618178609316665
3.1618178609316665
3.1485061787448174
3.1485061787448174
3.1413850733297224
3.1413850733297224
3.14030191813389
3.14030191813389
3.130799558074589
3.130799558074589
3.130799558074589
3.129334607056741
3.1280224347831727
3.126019536088183
3.1239974396282904
3.1192947420682025
3.1152265211388332
3.1127060467687357
3.110397241047181
3.1102886470939275
3.1102886470939275
3.1102886470939275
3.1102886470939275
3.1102886470939275
3.104957120528276
3.1005047874989202
3.0987853016539084
3.0981815228965246
3.0975718240973116
3.0827886177524064
3.0817464977063374
3.0817464977063374
3.07766342823178
3.07766342823178
3.053689934098852
3.053689934098852
3.053689934098852
3.053689934098852
3.0499887296474313
3.043403674814517
3.0358223387880905
2.9620687017285867
2.9620687017285867
2.9117897614440693
2.9117897614440693
2.9117897614440693
2.910280284738434
2.874004060726186
2.868278293483222
2.868278293483222
2.868278293483222
2.856936990622998
2.84279747321235
2.8271184943237557
2.801569857843667
2.801569857843667
2.801569857843667
2.7992315348571672
2.7831690056903824
2.747717791395903
2.747717791395903
2.747340023700062
2.747340023700062
2.7393468755545562
2.7338866553612817
2.7125785428282114
2.7125785428282114
2.7125785428282114
2.7068937741417294
2.7068937741417294
2.7062419235027946
2.7062419235027946
2.7062419235027946
2.7062419235027946
2.5125440491621944
2.5125440491621944
2.5068397869557373
2.5058137327096013
2.5005409155501006
2.5005409155501006
2.5005409155501006
2.4906136675201473
2.4906136675201473
2.4906136675201473
2.4906136675201473
2.4626411915168163
2.4626411915168163
2.462253392467378
2.4602241775020737
2.4598900320138952
2.4598900320138952
2.4598900320138952
2.4598900320138952
2.4598900320138952
2.4524732632310204
2.4524732632310204
2.4524732632310204
2.4524732632310204
2.376814169425849
2.3746581690564774
2.3746581690564774
2.371334703522475
2.3710031011564396
2.3519398261629583
2.3519398261629583
2.3519398261629583
2.3519398261629583
2.3519398261629583
2.3519398261629583
2.3516863839044575
2.3380293781262367
2.3380293781262367
2.3076754117918945
2.302733698073066
2.297245932224275
2.297245932224275
2.297245932224275
2.2897531554211135
2.2897531554211135
2.285171256137641
2.285171256137641
2.285171256137641
2.285171256137641
2.284207033246556
2.2812951194724818
2.2812951194724818
2.2812951194724818
2.2812951194724818
2.2812951194724818
2.2787694420550118
2.272887305066753
2.2727715734506546
2.2727450421307545
2.2727450421307545
2.2727450421307545
2.272646795232717
2.272472672090874
2.2701507118383333
2.2701507118383333
2.2694176061834987
2.2694176061834987
2.2694176061834987
2.2644664688338665
2.262913173335889
2.25874782893359
2.25874782893359
2.252161464451401
2.252161464451401
2.2177165710970534
2.2177165710970534
2.2177165710970534
2.2071682252627802
2.2071682252627802
2.2071682252627802
2.2071682252627802
2.1794026485320934
2.1793182948748715
2.1793182948748715
2.1785804128177055
2.1785804128177055
2.1785804128177055
2.173044545829896
2.173044545829896
2.165268303166293
2.165268303166293
2.1643328267939204
2.1639829644700015
2.154911348436663
2.154697891892752
2.1540423617475177
2.1156114530867782
2.1156114530867782
2.1156114530867782
2.1155462521768307
2.1155462521768307
2.1155462521768307
2.115356613142165
2.1063789538929285
2.1063789538929285
2.0957879510610056
2.0957879510610056
2.093757354307453
2.0834425872072906
2.0834425872072906
2.0834425872072906
2.0834425872072906
2.083364950349438
2.0184352620772543
2.0184352620772543
2.0184352620772543
2.016579184213356
2.0158865237362846
2.0158865237362846
2.0158865237362846
2.0158865237362846
2.0158865237362846
2.0158865237362846
2.0158865237362846
2.0158865237362846
2.0066754734815326
2.0030474562551746
2.0030474562551746
2.000250439257769
2.000250439257769
2.000250439257769
1.997689769929167
1.9940035258607338
1.9046999632022512
1.901915917620915
1.901915917620915
1.8669844624784773
1.8669844624784773
1.8600216497003714
1.8600216497003714
1.8600216497003714
1.855210344178289
1.8426940485387036
1.8426940485387036
1.79858022616677
1.7705509451304415
1.7597136166051364
1.7597136166051364
1.7597136166051364
1.7597136166051364
1.7597136166051364
1.7597136166051364
1.7597136166051364
1.7330205420519
1.716280448552265
1.716280448552265
1.716280448552265
1.6778200238650562
1.6211954222187757
1.621135427062299
1.621135427062299
1.621135427062299
1.619732923981335
1.612480434368436
1.612480434368436
1.5956394396008768
1.5956394396008768
1.5952961186943355
1.5952961186943355
1.5952961186943355
1.5952961186943355
1.5927755944429514
1.5911939742051189
1.5911939742051189
1.5853964718802516
1.5853113400468573
1.5853113400468573
1.5853113400468573
1.5838221713436127
1.5829519647919454
1.5829519647919454
1.5809175024517366
1.5809175024517366
1.5809175024517366
1.5809175024517366
1.5328259596538523
1.5328259596538523
1.5328259596538523
1.5328259596538523
1.5328259596538523
1.5328259596538523
1.5325527842435172
1.5325527842435172
1.528486707419308
1.528486707419308
1.5187538436478754
1.5187538436478754
1.5187538436478754
1.506594473969752
1.4774132805209312
1.476843073420266
1.4694860945539574
1.4665043683615622
1.4665043683615622
1.4638830806669283
1.463817566629384
1.4385945041106858
1.4385945041106858
1.4385945041106858
1.4385945041106858
1.4385945041106858
1.4385945041106858
1.4197258293223136
1.4197258293223136
1.4197258293223136
1.4151857615379875
1.4141262854270629
1.4141262854270629
1.4141262854270629
1.4141262854270629
1.4141262854270629
1.370837075266003
1.370837075266003
1.3668373450432263
1.336792485222393
1.336792485222393
1.336792485222393
1.3326868534996592
1.3191378356592232
1.3161137489872488
1.3136216521704682
1.300233992858029
1.2917240485482786
1.272513899470848
1.272513899470848
1.267736152401202
1.2497401288751036
1.2274899734515508
1.2274899734515508
1.2070250025014673
1.2070250025014673
1.2042741635900391
1.2042741635900391
1.2042741635900391
1.2042741635900391
1.13135508592379
1.1109400172325934
0.8378137658463629
0.7574661889528755
0.7574661889528755
0.7544185683274165
0.7544185683274165
0.7543049878248205
0.7537209869648436
0.7501414977426464
0.7115635715379227
0.7115635715379227
0.7115635715379227
0.7115635715379227
0.7115635715379227
0.7115635715379227
0.7115635715379227
0.6589512097946475
0.6589512097946475
0.6564995225233048
0.6557230025144847
0.6557230025144847
0.6511915062980052
0.6470231596780316
0.6470231596780316
0.6470231596780316
0.6470231596780316
0.6453206063265782
0.6453206063265782
0.6453206063265782
0.6453206063265782
0.6439723770259214
0.6439723770259214
0.6439723770259214
0.6439723770259214
0.6435816041856555
0.6321180599691623
0.6021194067340474
0.6021194067340474
0.6021194067340474
0.6021194067340474
0.6021194067340474
0.5932305497207224
0.5932305497207224
0.5895082547519337
0.5858759723213183
0.4857385498008746
0.4857385498008746
0.47263514325972267
0.47263514325972267
0.472520353578453
0.472520353578453
0.47215929647801147
0.47215929647801147
0.46802558040962694
0.4678279795647029
0.4678279795647029
0.4678279795647029
0.41350818250664645
0.4128008511695569
0.4128008511695569
0.3902212047920308
0.38874639359054797
0.38874639359054797
0.38874639359054797
0.3875747995226817
0.3751938456982593
0.35767812309884306
0.35767812309884306
0.35767812309884306
0.3508791758720946
0.3508791758720946
0.35063645170912494
0.35048396952615946
0.3493242917537458
0.3493242917537458
0.33730874305651426
0.309309486749374
0.309309486749374
0.309309486749374
0.309309486749374
0.309309486749374
0.309309486749374
0.309309486749374
0.301142533563322
0.301142533563322
0.301142533563322
0.3010027988563344
0.2996854310664183
0.2741617217690937
0.2741617217690937
0.2741617217690937
0.27057135403201116
0.23213419946818448
0.23213419946818448
0.23213419946818448
0.23213419946818448
0.2313481419733847
0.2313481419733847
0.23008196646181744
0.22922503706829644
0.22642670578245472
0.22642670578245472
0.21622001475034835
0.2135731979863209
0.2019602382542267
0.1992564283815561
0.1992564283815561
0.1992564283815561
0.1992564283815561
0.1978964236135603
0.1869228447151947
0.1798319802846926
0.16759744612704708
0.1656175388952974
0.16106322100199932
0.15752512852898448
0.14881431250663724
0.14519129251725715
0.14519129251725715
0.14519129251725715
0.13900061015310428
0.13900061015310428
0.13900061015310428
0.13900061015310428
0.13900061015310428
0.13900061015310428
0.13900061015310428
0.13900061015310428
0.13890459726869153
0.13680396431700714
0.13680396431700714
0.13680396431700714
0.13648228572152377
0.1287377605274358
0.12191749258388995
0.12191749258388995
0.12191749258388995
0.11525559343828462
0.11525559343828462
0.1101349772528124
0.1101349772528124
0.10940434875966432
0.10940434875966432
0.10940434875966432
0.10570414485185253
0.09912800473428618
0.09745678631023225
0.09745678631023225
0.09745678631023225
0.09561656060328616
0.08716504650353585
0.08712892421570473
0.08712892421570473
0.08583056406316913
0.08353036538775882
0.08239019711697892
0.08239019711697892
0.08171720640607916
0.08124238709546816
0.08124238709546816
0.07689422769943022
0.0762882964600351
0.07057269629442331
0.07057269629442331
0.07057269629442331
0.06931184470744967
0.06931184470744967
0.06931184470744967
0.06931184470744967
0.06931184470744967
0.06931184470744967
0.06444651748251928
0.06419700397144368
0.06419700397144368
0.06419700397144368
0.06419700397144368
0.06419700397144368
0.06419700397144368
0.06419700397144368
0.06419700397144368
0.05626648597677786
0.05626648597677786
0.05626648597677786
0.045730423963842526
0.045730423963842526
0.041007025388942964
0.0401881466899674
0.0401881466899674
0.0401881466899674
0.0401881466899674
0.0401881466899674
0.0401881466899674
0.0401881466899674
0.0401881466899674
0.03945859970679777
0.038249832675848694
0.03758449735597935
0.03758449735597935
0.03758449735597935
0.03592472343949993
0.03592472343949993
0.03578712594078581
0.03578712594078581
0.03578712594078581
0.03361474077025761
0.03251662000024069
0.028145102011713163
0.02803390378606707
0.02803390378606707
0.02803390378606707
0.02803390378606707
0.02803390378606707
0.02803390378606707
0.02803390378606707
0.02803390378606707
0.02803390378606707
0.027899590034596855
0.027899590034596855
0.026883938744013847
0.026427905826651
0.026427905826651
0.026427905826651
0.024549606622674247
0.023811324504229958
0.023811324504229958
0.023811324504229958
0.022808984588607473
0.022471672989485825
0.021947924954012876
0.021947924954012876
0.021947924954012876
0.021947924954012876
0.021947924954012876
0.019777793490430184
0.019777793490430184
0.019777793490430184
0.019777793490430184
0.019777793490430184
0.019777793490430184
0.019653976030998166
0.019653976030998166
0.019653976030998166
0.019653976030998166
0.019612729002695062
0.0193910383459297
0.0192235784559891
0.0192235784559891
0.017603695376259054
0.017603695376259054
0.01717872976577084
0.01717872976577084
0.01717872976577084
0.01717872976577084
0.01594313042941664
0.014469937163344326
0.0141425796749175
0.013775372594562185
0.013775372594562185
0.013775372594562185
0.013775372594562185
0.013775372594562185
0.013775372594562185
0.013775372594562185
0.013775372594562185
0.013775372594562185
0.013775372594562185
0.01321580259903854
0.013210826544113985
0.013210826544113985
0.013210826544113985
0.01268687069339336
0.01243971985143233
0.012390183874721572
0.012390183874721572
0.012390183874721572
0.012218809832411637
0.011571917213377247
0.011571917213377247
0.011571917213377247
0.011571917213377247
0.011571917213377247
0.010962361782194563
0.010962361782194563
0.010962361782194563
0.008629823418676352
0.008629823418676352
0.008629823418676352
0.008629823418676352
0.008629823418676352
0.008629823418676352
0.008629823418676352
0.008629823418676352
0.0082182202165626
0.008043710627095635
0.008043710627095635
0.008043710627095635
0.008043710627095635
0.008043710627095635
0.008043710627095635
0.008043710627095635
0.008043710627095635
0.008043710627095635
0.007827779965772663
0.007827779965772663
