0.0030214786529541016
0.0029976367950439453
0.002981424331665039
0.0029265880584716797
0.0029854774475097656
0.0029401779174804688
0.002889394760131836
0.0028984546661376953
0.0029120445251464844
0.0028302669525146484
0.002886056900024414
0.002901792526245117
0.0028891563415527344
0.002937793731689453
0.002810239791870117
0.0028357505798339844
0.0028426647186279297
0.0028951168060302734
0.0028531551361083984
0.002809762954711914
0.0029234886169433594
0.0028200149536132812
0.0028324127197265625
0.0028235912322998047
0.0028154850006103516
0.002847433090209961
0.0028867721557617188
0.002838611602783203
0.002813100814819336
0.0028388500213623047
0.0028290748596191406
0.0028269290924072266
0.002862691879272461
0.0028481483459472656
0.0028514862060546875
0.0028333663940429688
0.0028302669525146484
0.0028426647186279297
0.0028924942016601562
0.0028641223907470703
0.0028154850006103516
0.0029413700103759766
0.002908945083618164
0.0029594898223876953
0.0029659271240234375
0.00296783447265625
0.0029811859130859375
0.0030651092529296875
0.0029859542846679688
0.0029625892639160156
0.0029549598693847656
0.0029778480529785156
0.0029485225677490234
0.00299835205078125
0.0029458999633789062
0.002987384796142578
0.0029811859130859375
0.0028781890869140625
0.002905130386352539
0.002946615219116211
0.002928018569946289
0.002941608428955078
0.0029497146606445312
0.0029997825622558594
0.0030443668365478516
0.003069639205932617
0.0029213428497314453
0.0029261112213134766
0.0029506683349609375
0.00296783447265625
0.003000020980834961
0.002932310104370117
0.0029075145721435547
0.0029909610748291016
0.0029871463775634766
0.002941608428955078
0.0029058456420898438
0.002864360809326172
0.0029807090759277344
0.0029337406158447266
0.002900362014770508
0.0028448104858398438
0.002906322479248047
0.002926349639892578
0.0028946399688720703
0.0028734207153320312
0.003049135208129883
0.002974987030029297
0.0030858516693115234
0.003001689910888672
0.003023862838745117
0.0031523704528808594
0.003119945526123047
0.0030488967895507812
0.002988100051879883
0.0030031204223632812
0.003083467483520508
0.003102540969848633
0.0031821727752685547
0.0030388832092285156
0.0029561519622802734
0.0030477046966552734
0.0031888484954833984
0.003083467483520508
0.0029408931732177734
0.0029752254486083984
0.0031342506408691406
0.0030183792114257812
0.0029599666595458984
0.002832174301147461
0.0030176639556884766
0.0030913352966308594
0.0029332637786865234
0.0028336048126220703
0.002920389175415039
0.0028848648071289062
0.0029113292694091797
0.0028791427612304688
0.003033876419067383
0.0030388832092285156
0.0031349658966064453
0.0031058788299560547
0.0030922889709472656
0.0031707286834716797
0.003147125244140625
0.0030770301818847656
0.003017425537109375
0.003017425537109375
0.0030868053436279297
0.0030815601348876953
0.0030241012573242188
0.002962350845336914
0.0030918121337890625
0.003073453903198242
0.003273487091064453
0.003031492233276367
0.002971172332763672
0.0029158592224121094
0.003123760223388672
0.0030171871185302734
0.002950429916381836
0.003021717071533203
0.003064393997192383
0.003143310546875
0.003023862838745117
0.0029456615447998047
0.0029909610748291016
0.0030431747436523438
0.0032052993774414062
0.002981901168823242
0.0028944015502929688
0.00305938720703125
0.003042459487915039
0.0030221939086914062
0.0029091835021972656
0.002958536148071289
0.0031082630157470703
0.003093719482421875
0.003030061721801758
0.0029621124267578125
0.0030629634857177734
0.0030548572540283203
0.0031061172485351562
0.0029747486114501953
0.003003358840942383
0.0030603408813476562
0.0031495094299316406
0.0030965805053710938
0.0030558109283447266
0.0029969215393066406
0.0031518936157226562
0.0029456615447998047
0.002920866012573242
0.003103494644165039
0.003086090087890625
0.0030608177185058594
0.0030078887939453125
0.002800464630126953
0.0030519962310791016
0.003019571304321289
0.0031213760375976562
0.0029306411743164062
0.0029959678649902344
0.0030426979064941406
0.0030469894409179688
0.0029020309448242188
0.00283050537109375
0.002988576889038086
0.0029649734497070312
0.002930879592895508
0.002813577651977539
0.0029392242431640625
0.0029375553131103516
0.0028705596923828125
0.002895355224609375
0.002946615219116211
0.002921581268310547
0.0029027462005615234
0.0028252601623535156
0.002913236618041992
0.002950906753540039
0.002855062484741211
0.0027856826782226562
0.002859830856323242
0.002868175506591797
0.002895832061767578
0.002842426300048828
0.0028824806213378906
0.002916574478149414
0.0028307437896728516
0.0028336048126220703
0.0028493404388427734
0.00284576416015625
0.0027954578399658203
0.0028710365295410156
0.002916097640991211
0.0029506683349609375
0.002803802490234375
0.002836465835571289
0.0028755664825439453
0.002853870391845703
0.002860546112060547
0.0029664039611816406
0.002844572067260742
0.002821683883666992
0.002791166305541992
0.0028352737426757812
0.0028066635131835938
0.0028107166290283203
0.0028548240661621094
0.0028450489044189453
0.002856016159057617
0.0028259754180908203
0.002981424331665039
0.003049612045288086
0.003007650375366211
0.0028638839721679688
0.002941608428955078
0.002926349639892578
0.0029053688049316406
0.002832174301147461
0.0028412342071533203
0.0030257701873779297
0.0029222965240478516
0.0028426647186279297
0.0029222965240478516
0.0029647350311279297
0.0030603408813476562
0.0028285980224609375
0.002988576889038086
0.003021717071533203
0.0029735565185546875
0.002875089645385742
0.002980470657348633
0.0030405521392822266
0.0030210018157958984
0.0028586387634277344
0.0028486251831054688
0.0028085708618164062
0.002890348434448242
0.002760171890258789
0.0027408599853515625
0.0029103755950927734
0.002856731414794922
0.0027582645416259766
0.0028638839721679688
0.0029687881469726562
0.002820253372192383
0.0027403831481933594
0.002787351608276367
0.0029015541076660156
0.0027799606323242188
0.002747058868408203
0.0028924942016601562
0.0028738975524902344
0.002859354019165039
0.002785205841064453
0.002893209457397461
0.0029058456420898438
0.0028238296508789062
0.0027861595153808594
0.00290679931640625
0.0028586387634277344
0.002840757369995117
0.0028901100158691406
0.0029001235961914062
0.0028772354125976562
0.0028145313262939453
0.002911806106567383
0.002871990203857422
0.0029129981994628906
0.0028390884399414062
0.002864360809326172
0.002850770950317383
0.0028955936431884766
0.0028450489044189453
0.003049612045288086
0.0028493404388427734
0.002795696258544922
0.0029754638671875
0.0031414031982421875
0.0029296875
0.002799510955810547
0.0028820037841796875
0.0028541088104248047
0.003040790557861328
0.0029289722442626953
0.0028972625732421875
0.0029153823852539062
0.002861499786376953
0.0028858184814453125
0.002847909927368164
0.0029184818267822266
0.002838134765625
0.002849102020263672
0.0029218196868896484
0.002892732620239258
0.0029151439666748047
0.0028922557830810547
0.0029022693634033203
0.0029289722442626953
0.002964496612548828
0.002896547317504883
0.002940654754638672
0.002842426300048828
0.002828836441040039
0.0028235912322998047
0.002865314483642578
0.002890348434448242
0.0028867721557617188
0.0028769969940185547
0.002784252166748047
0.0027785301208496094
0.0029325485229492188
0.0028162002563476562
0.002938508987426758
0.0028667449951171875
0.002858400344848633
0.0030372142791748047
0.0028390884399414062
0.0028853416442871094
0.0028617382049560547
0.0029006004333496094
0.002879619598388672
0.002860546112060547
0.0027594566345214844
0.0029163360595703125
0.002859354019165039
0.0028693675994873047
0.002851724624633789
0.002925395965576172
0.0029137134552001953
0.0027837753295898438
0.0028066635131835938
0.002915620803833008
0.0029642581939697266
0.002806425094604492
0.0029306411743164062
0.002868175506591797
0.0028672218322753906
0.002950906753540039
0.0029113292694091797
0.002824068069458008
0.00286102294921875
0.002971172332763672
0.002850770950317383
0.0028257369995117188
0.0028595924377441406
0.0028150081634521484
0.0029611587524414062
0.002859830856323242
0.0028219223022460938
0.0028548240661621094
0.0027740001678466797
0.002985715866088867
0.002804279327392578
0.002954244613647461
0.0029630661010742188
0.0029573440551757812
0.0028047561645507812
0.0028142929077148438
0.002794504165649414
0.0029354095458984375
0.0028197765350341797
0.0028591156005859375
0.0028221607208251953
0.002835512161254883
0.0028581619262695312
0.0028922557830810547
0.002904653549194336
0.0028944015502929688
0.002882242202758789
0.002957582473754883
0.002902507781982422
0.002869129180908203
0.002873659133911133
0.002900838851928711
0.003019094467163086
0.00283050537109375
0.0028243064880371094
0.002930879592895508
0.002963542938232422
0.0028400421142578125
0.0027475357055664062
0.002925395965576172
0.0028526782989501953
0.0029096603393554688
0.0028231143951416016
0.00286865234375
0.002896547317504883
0.0027976036071777344
0.002858400344848633
0.0029087066650390625
0.002935171127319336
0.0027971267700195312
0.0028700828552246094
0.0030689239501953125
0.0029447078704833984
0.003015279769897461
0.002964019775390625
0.0029113292694091797
0.0029795169830322266
0.0028486251831054688
0.0029191970825195312
0.0029244422912597656
0.0030107498168945312
0.002866506576538086
0.002833843231201172
0.0029087066650390625
0.0029625892639160156
0.002926349639892578
0.002905130386352539
0.0028870105743408203
0.002836942672729492
0.0028133392333984375
0.0030672550201416016
0.002962827682495117
0.0028448104858398438
0.0028400421142578125
0.0029599666595458984
0.003005504608154297
0.0030226707458496094
0.002995729446411133
0.003019094467163086
0.003008604049682617
0.0030198097229003906
0.0029952526092529297
0.003096342086791992
0.003194093704223633
0.003230571746826172
0.003283977508544922
0.003245830535888672
0.0031325817108154297
0.0032439231872558594
0.0031964778900146484
0.0031690597534179688
0.0030570030212402344
0.003028392791748047
0.002990245819091797
0.003070354461669922
0.0030295848846435547
0.0029273033142089844
0.002910614013671875
0.0029609203338623047
0.003030538558959961
0.0029778480529785156
0.002963542938232422
0.0029370784759521484
0.003040790557861328
0.002969980239868164
0.0029075145721435547
0.003001689910888672
0.002959728240966797
0.002969026565551758
0.0028929710388183594
0.002859354019165039
0.0030951499938964844
0.0030405521392822266
0.003078460693359375
0.0029180049896240234
0.002982616424560547
0.0030317306518554688
0.0030374526977539062
0.0029685497283935547
0.0030584335327148438
0.002967357635498047
0.0030031204223632812
0.003040313720703125
0.002913236618041992
0.0030579566955566406
0.0029540061950683594
0.003039836883544922
0.002948760986328125
0.0029897689819335938
0.0030410289764404297
0.003151416778564453
0.003040790557861328
0.002950429916381836
0.003039121627807617
0.003088235855102539
0.0030663013458251953
0.002948284149169922
0.002954244613647461
0.0029916763305664062
0.0030014514923095703
0.0029048919677734375
0.002869844436645508
0.0029082298278808594
0.0029609203338623047
0.002853870391845703
0.0029463768005371094
0.002956390380859375
0.0029172897338867188
0.0029087066650390625
0.002942323684692383
0.0030126571655273438
0.003025054931640625
0.0030274391174316406
0.0029358863830566406
0.0030236244201660156
0.003062009811401367
0.003006458282470703
0.003069639205932617
0.002895832061767578
0.003103494644165039
0.0029594898223876953
0.0029654502868652344
0.003017425537109375
0.0029745101928710938
0.0029191970825195312
0.0028977394104003906
0.002808809280395508
0.002919435501098633
0.0030999183654785156
0.0030066967010498047
0.0029578208923339844
0.002973318099975586
0.0030798912048339844
0.002990245819091797
0.0031697750091552734
0.0030786991119384766
0.0032224655151367188
0.003041982650756836
0.002960681915283203
0.002937793731689453
0.0029060840606689453
0.002910137176513672
0.0029754638671875
0.0029697418212890625
0.0028951168060302734
0.002913236618041992
0.0028791427612304688
0.0028839111328125
0.002931356430053711
0.002891063690185547
0.0030896663665771484
0.0028197765350341797
0.0029344558715820312
0.0029129981994628906
0.002834796905517578
0.0029075145721435547
0.002840280532836914
0.002921581268310547
0.0028676986694335938
0.002840280532836914
0.0028905868530273438
0.0030264854431152344
0.0030324459075927734
0.0030074119567871094
0.003000020980834961
0.003003835678100586
0.002957582473754883
0.003034830093383789
0.003000020980834961
0.0029680728912353516
0.0029430389404296875
0.002938985824584961
0.00286102294921875
0.0028738975524902344
0.002962827682495117
0.0029201507568359375
0.00296783447265625
0.0028257369995117188
0.0029141902923583984
0.002942323684692383
0.0028629302978515625
0.0028214454650878906
0.002829313278198242
0.002939939498901367
0.0028641223907470703
0.002796173095703125
0.0028438568115234375
0.0028486251831054688
0.0028197765350341797
0.002905130386352539
0.002858877182006836
0.0028357505798339844
0.0027997493743896484
0.0029790401458740234
0.002840757369995117
0.0028533935546875
0.002799510955810547
0.0028488636016845703
0.002907276153564453
0.002842426300048828
0.002822399139404297
0.0028710365295410156
0.0029532909393310547
0.0028505325317382812
0.0028388500213623047
0.0029282569885253906
0.002888917922973633
0.002930164337158203
0.0029060840606689453
0.0029854774475097656
0.003000974655151367
0.002918243408203125
0.002879619598388672
0.0028960704803466797
0.002930164337158203
0.0028009414672851562
0.0029006004333496094
0.002878427505493164
0.002874612808227539
0.0027925968170166016
0.0028154850006103516
0.002827882766723633
0.0029366016387939453
0.002897500991821289
0.002909421920776367
0.002869844436645508
0.0029358863830566406
0.0028896331787109375
0.0028815269470214844
0.0028870105743408203
0.002872467041015625
0.002924203872680664
0.0029087066650390625
0.002951383590698242
0.0029981136322021484
0.0028693675994873047
0.003007173538208008
0.002820253372192383
0.0029060840606689453
0.002925395965576172
0.002888202667236328
0.0029163360595703125
0.0028955936431884766
0.0029861927032470703
0.002924680709838867
0.0029075145721435547
0.0029954910278320312
0.002933502197265625
0.0029196739196777344
0.003044605255126953
0.0029740333557128906
0.0029380321502685547
0.002971172332763672
0.0030260086059570312
0.0031533241271972656
0.003159046173095703
0.003086090087890625
0.003038644790649414
0.0029783248901367188
0.0030732154846191406
0.0029687881469726562
0.0029790401458740234
0.0028982162475585938
0.0029540061950683594
0.002893209457397461
0.0028383731842041016
0.0028738975524902344
0.002833127975463867
0.002833843231201172
0.002762317657470703
0.002882242202758789
0.0028502941131591797
0.0027647018432617188
0.0028076171875
0.0028765201568603516
0.002835988998413086
0.0028302669525146484
0.0028150081634521484
0.002849102020263672
0.0028510093688964844
0.0027980804443359375
0.0028264522552490234
0.0028095245361328125
0.002830028533935547
0.0028886795043945312
0.002817392349243164
0.002799510955810547
0.002810955047607422
0.002818584442138672
0.002850770950317383
0.002776622772216797
0.0027608871459960938
0.002772092819213867
0.002774477005004883
0.002791881561279297
0.0028228759765625
0.0028047561645507812
0.002810955047607422
0.002778291702270508
0.0028333663940429688
0.0027952194213867188
0.0028018951416015625
0.0028200149536132812
0.003011465072631836
0.002880096435546875
0.002811431884765625
0.0028002262115478516
0.002825498580932617
0.002821207046508789
0.0029053688049316406
0.0029451847076416016
0.002928495407104492
0.002847433090209961
0.002766847610473633
0.002818584442138672
0.0028035640716552734
0.0028617382049560547
0.0028150081634521484
0.002885580062866211
0.0028100013732910156
0.0027854442596435547
0.002920866012573242
0.0028443336486816406
0.002924203872680664
0.00308990478515625
0.0028951168060302734
0.002855539321899414
0.0029075145721435547
0.0029058456420898438
0.004603385925292969
0.0048863887786865234
0.0048677921295166016
0.0044214725494384766
0.002830028533935547
0.002814054489135742
0.0027980804443359375
0.0028252601623535156
0.0028307437896728516
0.0028073787689208984
0.0028116703033447266
0.002808094024658203
0.00290679931640625
0.002939462661743164
0.0028357505798339844
0.0027952194213867188
0.002819538116455078
0.0028257369995117188
0.0028028488159179688
0.0028603076934814453
0.0028171539306640625
0.002794981002807617
0.002779245376586914
0.0028121471405029297
0.0027680397033691406
0.0027875900268554688
0.002833843231201172
0.002794504165649414
0.0027799606323242188
0.0027844905853271484
0.0028116703033447266
0.0027952194213867188
0.0028228759765625
0.002866506576538086
0.002821683883666992
0.0027894973754882812
0.002813577651977539
0.0027871131896972656
0.0028076171875
0.0028405189514160156
0.0028429031372070312
0.0027980804443359375
0.0028069019317626953
0.002840280532836914
0.0028200149536132812
0.0027990341186523438
0.002765178680419922
0.002863645553588867
0.0028738975524902344
0.002855062484741211
0.002847909927368164
0.002895355224609375
0.0028645992279052734
0.002844095230102539
0.002806425094604492
0.0028662681579589844
0.0028963088989257812
0.0027904510498046875
0.0028388500213623047
0.0027763843536376953
0.002792835235595703
0.0028514862060546875
0.0028867721557617188
0.0028486251831054688
0.002895832061767578
0.002897500991821289
0.0028069019317626953
0.002813100814819336
0.0028607845306396484
0.002798795700073242
0.002931356430053711
0.0028717517852783203
0.002828836441040039
0.002838611602783203
0.0028526782989501953
0.0029566287994384766
0.002858400344848633
0.0028603076934814453
0.002905607223510742
0.002882719039916992
0.0029327869415283203
0.003168344497680664
0.002964019775390625
0.003155946731567383
0.0031015872955322266
0.0031473636627197266
0.003019571304321289
0.0030167102813720703
0.0030591487884521484
0.0028905868530273438
0.003019571304321289
0.0029172897338867188
0.0029060840606689453
0.002832651138305664
0.003047466278076172
0.002872467041015625
0.0028696060180664062
0.0029015541076660156
0.0028874874114990234
0.0029096603393554688
0.002859354019165039
0.0028073787689208984
0.0028192996978759766
0.002913951873779297
0.002814769744873047
0.0028901100158691406
0.0028612613677978516
0.002919912338256836
0.0028083324432373047
0.0028760433197021484
0.0028162002563476562
0.0028142929077148438
0.0028176307678222656
0.0028476715087890625
0.0028624534606933594
0.0029854774475097656
0.0028905868530273438
0.0029761791229248047
0.0029048919677734375
0.002924680709838867
0.002904176712036133
0.002879619598388672
0.002885580062866211
0.002954244613647461
0.002803802490234375
0.0028922557830810547
0.0028388500213623047
0.002927541732788086
0.0028791427612304688
0.0028765201568603516
0.0027909278869628906
0.0028057098388671875
0.002797842025756836
0.002930164337158203
0.002929210662841797
0.002849578857421875
0.002843618392944336
0.002909421920776367
0.0029726028442382812
0.0028579235076904297
0.0028533935546875
0.002916574478149414
0.003008127212524414
0.002848386764526367
0.0028443336486816406
0.0028896331787109375
0.002897500991821289
0.0028324127197265625
0.002948760986328125
0.0029070377349853516
0.002895355224609375
0.0028409957885742188
0.0028645992279052734
0.002907276153564453
0.0028946399688720703
0.002805471420288086
0.002887248992919922
0.0029418468475341797
0.0028722286224365234
0.0028531551361083984
0.0028862953186035156
0.0029251575469970703
0.002983570098876953
0.002889394760131836
0.002985715866088867
0.003023386001586914
0.002913951873779297
0.002843141555786133
0.0028607845306396484
0.002917051315307617
0.0028977394104003906
0.0028448104858398438
0.0028772354125976562
0.0029172897338867188
0.0028297901153564453
0.0028197765350341797
0.002969026565551758
0.0028510093688964844
0.002841472625732422
0.002839803695678711
0.002881765365600586
0.002859354019165039
0.0029718875885009766
0.0028564929962158203
0.0028352737426757812
0.0028235912322998047
0.002804279327392578
0.0028014183044433594
0.002890348434448242
0.002896547317504883
0.0028738975524902344
0.002877473831176758
0.002842426300048828
0.0028324127197265625
0.002814769744873047
0.0030052661895751953
0.0029249191284179688
0.0029723644256591797
0.002819061279296875
0.002991914749145508
0.0029783248901367188
0.0029790401458740234
0.0030117034912109375
0.00287628173828125
0.0029506683349609375
0.0030336380004882812
0.003114461898803711
0.0030426979064941406
0.0030312538146972656
0.0029468536376953125
0.002932310104370117
0.002908468246459961
0.0029332637786865234
0.002999544143676758
0.002974271774291992
0.0029397010803222656
0.002875089645385742
0.002893209457397461
0.0028641223907470703
0.0028600692749023438
0.0029218196868896484
0.002919435501098633
0.0029408931732177734
0.0028841495513916016
0.0029098987579345703
0.002920389175415039
0.0028722286224365234
0.002803325653076172
0.0029077529907226562
0.0028922557830810547
0.0028362274169921875
0.0028693675994873047
0.0029087066650390625
0.002897500991821289
0.002860546112060547
0.002851724624633789
0.0029020309448242188
0.0029723644256591797
0.0030205249786376953
0.002878427505493164
0.0031282901763916016
0.0032982826232910156
0.0030837059020996094
0.0030183792114257812
0.002919435501098633
0.0030395984649658203
0.003083944320678711
0.002862691879272461
0.0029306411743164062
0.0029888153076171875
0.0028886795043945312
0.002867460250854492
0.002846240997314453
0.0028939247131347656
0.0030214786529541016
0.002814769744873047
0.0028574466705322266
0.002872943878173828
0.0028192996978759766
0.002788066864013672
0.0028526782989501953
0.0028595924377441406
0.0028426647186279297
0.002835512161254883
0.002788543701171875
0.0029036998748779297
