0.016892433166503906
0.01717996597290039
0.016664981842041016
0.016533613204956055
0.016747713088989258
0.01638650894165039
0.016193389892578125
0.016085386276245117
0.016034603118896484
0.016445636749267578
0.01691889762878418
0.01645684242248535
0.016382217407226562
0.016196250915527344
0.015854358673095703
0.015557527542114258
0.01572418212890625
0.015706777572631836
0.015986204147338867
0.015893936157226562
0.016386985778808594
0.016798019409179688
0.017431020736694336
0.01611614227294922
0.016833066940307617
0.01679825782775879
0.017217159271240234
0.016364097595214844
0.016067028045654297
0.015618562698364258
0.01568436622619629
0.015912532806396484
0.01588273048400879
0.01555490493774414
0.015721797943115234
0.01578211784362793
0.015914201736450195
0.015841007232666016
0.015832185745239258
0.01595759391784668
0.01572561264038086
0.015110254287719727
0.01549530029296875
0.01599907875061035
0.015926599502563477
0.015746116638183594
0.01613330841064453
0.015913009643554688
0.016030073165893555
0.01642322540283203
0.015866518020629883
0.0160677433013916
0.015996456146240234
0.016312122344970703
0.016011953353881836
0.016809701919555664
0.016295433044433594
0.01604914665222168
0.016008615493774414
0.01606440544128418
0.016086816787719727
0.017116069793701172
0.017313241958618164
0.016773462295532227
0.01624011993408203
0.016624927520751953
0.016602277755737305
0.017251014709472656
0.01707148551940918
0.017336368560791016
0.01704549789428711
0.01724696159362793
0.01634383201599121
0.01681828498840332
0.016796350479125977
0.017259836196899414
0.01700282096862793
0.016872167587280273
0.01650404930114746
0.016498565673828125
0.01629805564880371
0.016764163970947266
0.01717543601989746
0.01708507537841797
0.016876220703125
0.01648259162902832
0.01735520362854004
0.01864004135131836
0.017428874969482422
0.017389774322509766
0.018120527267456055
0.017359256744384766
0.01765298843383789
0.016985654830932617
0.016778230667114258
0.01641559600830078
0.0169217586517334
0.016741275787353516
0.016993999481201172
0.01636648178100586
0.016306638717651367
0.01619720458984375
0.01599407196044922
0.016510486602783203
0.017084836959838867
0.016650676727294922
0.016431331634521484
0.016350746154785156
0.015915870666503906
0.016852855682373047
0.01698923110961914
0.01631331443786621
0.016274213790893555
0.01625657081604004
0.016287565231323242
0.016622066497802734
0.01622605323791504
0.016045570373535156
0.016232967376708984
0.01645660400390625
0.016109943389892578
0.016133785247802734
0.01598072052001953
0.016033411026000977
0.016098976135253906
0.01615166664123535
0.015975475311279297
0.016098737716674805
0.01585102081298828
0.015715360641479492
0.01570916175842285
0.01611042022705078
0.0174562931060791
0.018294095993041992
0.017194509506225586
0.016110658645629883
0.015871047973632812
0.01620626449584961
0.016800880432128906
0.01699376106262207
0.01667046546936035
0.01692652702331543
0.016989946365356445
0.016868114471435547
0.016863584518432617
0.01712179183959961
0.016807079315185547
0.01699519157409668
0.017318248748779297
0.017156600952148438
0.01671910285949707
0.016874074935913086
0.017003297805786133
0.01713252067565918
0.017004013061523438
0.016537904739379883
0.01630401611328125
0.016020774841308594
0.01604151725769043
0.015798568725585938
0.01587510108947754
0.015764474868774414
0.015993118286132812
0.016338586807250977
0.01621699333190918
0.016559839248657227
0.016210079193115234
0.016089200973510742
0.01582479476928711
0.015901565551757812
0.016093969345092773
0.015538215637207031
0.015775680541992188
0.0156557559967041
0.015669584274291992
0.016648530960083008
0.016019344329833984
0.01590251922607422
0.015892744064331055
0.01566457748413086
0.016103744506835938
0.016259193420410156
0.015895605087280273
0.015584945678710938
0.01548004150390625
0.01573491096496582
0.01572251319885254
0.01569199562072754
0.015984535217285156
0.015912771224975586
0.015580177307128906
0.015825271606445312
0.015752553939819336
0.015588521957397461
0.015921354293823242
0.015814542770385742
0.01584315299987793
0.0157015323638916
0.01555323600769043
0.015983104705810547
0.015729188919067383
0.015766620635986328
0.015815258026123047
0.015460014343261719
0.015355348587036133
0.01614546775817871
0.016648054122924805
0.01701211929321289
0.01623082160949707
0.016927242279052734
0.017902851104736328
0.017683029174804688
0.01723504066467285
0.017509937286376953
0.017174959182739258
0.016948461532592773
0.016683340072631836
0.017146587371826172
0.016976594924926758
0.016754150390625
0.016343116760253906
0.016357898712158203
0.016698837280273438
0.016646623611450195
0.01684737205505371
0.016654253005981445
0.016925573348999023
0.017154216766357422
0.016458988189697266
0.016083240509033203
0.016038894653320312
0.01631307601928711
0.017815828323364258
0.01610589027404785
0.01588273048400879
0.01589059829711914
0.016155242919921875
0.01554417610168457
0.015058517456054688
0.014923810958862305
0.01493978500366211
0.015628337860107422
0.0156097412109375
0.015197992324829102
0.015249252319335938
0.015069723129272461
0.015192031860351562
0.015440702438354492
0.015681028366088867
0.01582789421081543
0.01507425308227539
0.015365839004516602
0.01576066017150879
0.01548457145690918
0.01504373550415039
0.015714406967163086
0.015182733535766602
0.014949321746826172
0.015204668045043945
0.015327215194702148
0.015244245529174805
0.015505313873291016
0.015498876571655273
0.015491724014282227
0.01521754264831543
0.015638351440429688
0.01537013053894043
0.01543736457824707
0.01637721061706543
0.0159299373626709
0.01592707633972168
0.015941858291625977
0.01624155044555664
0.01592230796813965
0.016199588775634766
0.015967369079589844
0.015935659408569336
0.0159761905670166
0.01588606834411621
0.017157554626464844
0.017101526260375977
0.016718149185180664
0.016225337982177734
0.01577901840209961
0.016031742095947266
0.017028093338012695
0.016868114471435547
0.017204999923706055
0.01715564727783203
0.017443180084228516
0.01654648780822754
0.017706632614135742
0.01747608184814453
0.017320871353149414
0.01698613166809082
0.016016006469726562
0.016133785247802734
0.01622176170349121
0.016037464141845703
0.016695737838745117
0.016744613647460938
0.01651787757873535
0.015854835510253906
0.015940189361572266
0.0158231258392334
0.01576542854309082
0.015839576721191406
0.015628576278686523
0.015648603439331055
0.015639305114746094
0.015393495559692383
0.015820980072021484
0.01598525047302246
0.01576519012451172
0.015548467636108398
0.015587329864501953
0.015917301177978516
0.016220808029174805
0.015720605850219727
0.015102148056030273
0.01543736457824707
0.015338659286499023
0.015515804290771484
0.015783309936523438
0.016014575958251953
0.015737056732177734
0.015510320663452148
0.016048431396484375
0.01641368865966797
0.01614689826965332
0.01617741584777832
0.01630425453186035
0.016843557357788086
0.016790390014648438
0.01719975471496582
0.01748061180114746
0.017627239227294922
0.016980648040771484
0.016470909118652344
0.01591038703918457
0.01566910743713379
0.01575160026550293
0.01600050926208496
0.01598978042602539
0.015808820724487305
0.016169309616088867
0.015928030014038086
0.015780925750732422
0.01605224609375
0.016103506088256836
0.015858173370361328
0.016891002655029297
0.016686677932739258
0.016679763793945312
0.016266822814941406
0.01618051528930664
0.018043041229248047
0.01857447624206543
0.017683029174804688
0.017217397689819336
0.01736140251159668
0.017156124114990234
0.016797542572021484
0.01734137535095215
0.017831802368164062
0.017508983612060547
0.01746344566345215
0.01690220832824707
0.016838788986206055
0.01669168472290039
0.016852140426635742
0.01734185218811035
0.01740264892578125
0.0167388916015625
0.015884876251220703
0.016011476516723633
0.01561117172241211
0.01576089859008789
0.015870094299316406
0.01567983627319336
0.01669144630432129
0.01618194580078125
0.01610565185546875
0.01571369171142578
0.01572108268737793
0.015658855438232422
0.01559305191040039
0.015432596206665039
0.01571822166442871
0.015762805938720703
0.016081809997558594
0.015866518020629883
0.015787124633789062
0.015752792358398438
0.015611410140991211
0.01613020896911621
0.01688861846923828
0.017302513122558594
0.01742863655090332
0.01621866226196289
0.016299962997436523
0.01595592498779297
0.01597762107849121
0.016048431396484375
0.016127586364746094
0.01593184471130371
0.023432493209838867
0.01791238784790039
0.0162966251373291
0.01590275764465332
0.01584172248840332
0.015964984893798828
0.016057491302490234
0.015737056732177734
0.01613163948059082
0.016067028045654297
0.016639232635498047
0.016364097595214844
0.016328096389770508
0.016451597213745117
0.016663312911987305
0.016412019729614258
0.016671419143676758
0.01692962646484375
0.017115354537963867
0.01687788963317871
0.016576051712036133
0.016580581665039062
0.01740241050720215
0.017832040786743164
0.017840147018432617
0.0173337459564209
0.01776599884033203
0.01723766326904297
0.017708539962768555
0.018158912658691406
0.017447710037231445
0.017319917678833008
0.016794443130493164
0.016161203384399414
0.016391754150390625
0.01643204689025879
0.017160415649414062
0.01746988296508789
0.016511201858520508
0.01637864112854004
0.016159534454345703
0.016096115112304688
0.016143321990966797
0.01613759994506836
0.016716718673706055
0.01618647575378418
0.016104698181152344
0.01606464385986328
0.016142845153808594
0.016157150268554688
0.016844511032104492
0.016232013702392578
0.015792369842529297
0.016330480575561523
0.0167696475982666
0.017394304275512695
0.01625537872314453
0.015584707260131836
0.015209197998046875
0.015723705291748047
0.015579700469970703
0.015135526657104492
0.015859127044677734
0.016776561737060547
0.016448497772216797
0.016179561614990234
0.01611948013305664
0.016249418258666992
0.01667165756225586
0.016408920288085938
0.017096519470214844
0.017809629440307617
0.016010046005249023
0.015543460845947266
0.01604318618774414
0.015997648239135742
0.015575885772705078
0.01560831069946289
0.015244007110595703
0.015734195709228516
0.01607346534729004
0.016005277633666992
0.01561737060546875
0.01589179039001465
0.015962600708007812
0.01575779914855957
0.01575016975402832
0.016814231872558594
0.01801919937133789
0.01770496368408203
0.01759481430053711
0.016965866088867188
0.016743183135986328
0.01683664321899414
0.017105579376220703
0.017122268676757812
0.01702094078063965
0.017055273056030273
0.016599178314208984
0.01801276206970215
0.018698453903198242
0.01772475242614746
0.017255544662475586
0.016991138458251953
0.017133474349975586
0.01685786247253418
0.0168609619140625
0.01680755615234375
0.01671910285949707
0.016597747802734375
0.01661992073059082
0.015938282012939453
0.015870094299316406
0.015837907791137695
0.015860795974731445
0.015692710876464844
0.015806198120117188
0.01576852798461914
0.01592421531677246
0.015848636627197266
0.015733003616333008
0.015745878219604492
0.015744447708129883
0.01580071449279785
0.01558375358581543
0.015669822692871094
0.015604972839355469
0.015642642974853516
0.015718936920166016
0.015775442123413086
0.015656232833862305
0.015877485275268555
0.01590728759765625
0.015595197677612305
0.015037775039672852
0.01604485511779785
0.015683412551879883
0.015347719192504883
0.015015602111816406
0.01556253433227539
0.015722036361694336
0.015440225601196289
0.01560664176940918
0.015214920043945312
0.015728235244750977
0.015265941619873047
0.01589226722717285
0.015595436096191406
0.01595139503479004
0.015671968460083008
0.01566290855407715
0.015374183654785156
0.015212059020996094
0.01520681381225586
0.015540122985839844
0.015308856964111328
0.015460729598999023
0.0153350830078125
0.015192985534667969
0.01565384864807129
0.015187978744506836
0.015565633773803711
0.0164949893951416
0.016625404357910156
0.01676344871520996
0.016579627990722656
0.01645803451538086
0.017390012741088867
0.017660856246948242
0.018165111541748047
0.017108678817749023
0.017624855041503906
0.01739358901977539
0.018057584762573242
0.017939329147338867
0.01766347885131836
0.0183258056640625
0.01722431182861328
0.01716899871826172
0.01691889762878418
0.016935110092163086
0.017342567443847656
0.017221450805664062
0.01677680015563965
0.016899585723876953
0.01656651496887207
0.017164230346679688
0.017374038696289062
0.017879247665405273
0.0176699161529541
0.01741194725036621
0.016920089721679688
0.018182754516601562
0.017609834671020508
0.016715526580810547
0.016847848892211914
0.01638317108154297
0.01645064353942871
0.015962600708007812
0.01610589027404785
0.016991853713989258
0.016331195831298828
0.016394615173339844
0.015938520431518555
0.01607823371887207
0.015786409378051758
0.015910863876342773
0.015908002853393555
0.01605057716369629
0.015722990036010742
0.015598535537719727
0.01567816734313965
0.015600204467773438
0.015548229217529297
0.015914440155029297
0.01565408706665039
0.016002893447875977
0.015874862670898438
0.015697240829467773
0.01583075523376465
0.015851974487304688
0.015630006790161133
0.015661954879760742
0.015839576721191406
0.015585184097290039
0.015602350234985352
0.015985965728759766
0.01705312728881836
0.016901016235351562
0.017014026641845703
0.016813039779663086
0.016954660415649414
0.016216039657592773
0.016232013702392578
0.01616072654724121
0.016077756881713867
0.015845775604248047
0.0160219669342041
0.01591658592224121
0.016437292098999023
0.016080141067504883
0.016218900680541992
0.017138957977294922
0.01656365394592285
0.016622543334960938
0.017487049102783203
0.01725625991821289
0.017191410064697266
0.016840457916259766
0.016847848892211914
0.01647043228149414
0.01680922508239746
0.016802072525024414
0.01703619956970215
0.01697993278503418
0.01690840721130371
0.016800403594970703
0.016382217407226562
0.015912294387817383
0.016328096389770508
0.01596212387084961
0.01628851890563965
0.01592111587524414
0.01629018783569336
0.015908241271972656
0.016203880310058594
0.016299724578857422
0.016338109970092773
0.016391992568969727
0.01634669303894043
0.016199588775634766
0.016109228134155273
0.016070842742919922
0.015859603881835938
0.015543460845947266
0.01595616340637207
0.015965700149536133
0.01614832878112793
0.016982555389404297
0.01628279685974121
0.015765666961669922
0.016165733337402344
0.01578497886657715
0.015860319137573242
0.015862703323364258
0.0157315731048584
0.015868663787841797
0.015852689743041992
0.0159909725189209
0.015832901000976562
0.016039609909057617
0.01586627960205078
0.016254425048828125
0.016182661056518555
0.01604628562927246
0.01586771011352539
0.015605449676513672
0.015137195587158203
0.015749692916870117
0.015265941619873047
0.015471220016479492
0.015578746795654297
0.01554417610168457
0.015889883041381836
0.015169143676757812
0.015726804733276367
0.0162966251373291
0.017194032669067383
0.016579389572143555
0.016098737716674805
0.015657663345336914
0.016086101531982422
0.016525745391845703
0.01709127426147461
0.016908645629882812
0.017287492752075195
0.01689910888671875
0.017281293869018555
0.01786971092224121
0.017528533935546875
0.01716303825378418
0.01667308807373047
0.016668319702148438
0.016427278518676758
0.01671123504638672
0.01681685447692871
0.016942501068115234
0.0163266658782959
0.01622605323791504
0.016104459762573242
0.015798330307006836
0.01590442657470703
0.015763282775878906
0.015734434127807617
0.015032529830932617
0.015424966812133789
0.015658140182495117
0.01648712158203125
0.01611614227294922
0.01601886749267578
0.015613317489624023
0.01590585708618164
0.01564478874206543
0.015866518020629883
0.015924692153930664
0.015781164169311523
0.015586376190185547
0.015667200088500977
0.015451908111572266
0.01585984230041504
0.015811443328857422
0.015552520751953125
0.015575408935546875
0.015388965606689453
0.015525102615356445
0.015961170196533203
0.0158231258392334
0.01568889617919922
0.015508651733398438
0.015574455261230469
0.016874313354492188
0.01736736297607422
0.01789999008178711
0.0167844295501709
0.016405344009399414
0.016209125518798828
0.01596975326538086
0.016323566436767578
0.016149282455444336
0.01596355438232422
0.016017675399780273
0.01581430435180664
0.01593184471130371
0.015705108642578125
0.016333341598510742
0.01592540740966797
0.016065120697021484
0.016510486602783203
0.016651391983032227
0.017590761184692383
0.016943931579589844
0.016202449798583984
0.016292333602905273
0.016438007354736328
0.017134904861450195
0.017302989959716797
0.01714348793029785
0.017057418823242188
0.01688361167907715
0.017221927642822266
0.01724553108215332
0.017130136489868164
0.017006874084472656
0.016704320907592773
0.016232728958129883
0.016207218170166016
0.016144990921020508
0.016221046447753906
0.016734838485717773
0.016209840774536133
0.016026973724365234
0.01586627960205078
0.0159146785736084
0.01571512222290039
0.01585531234741211
0.01566457748413086
0.016406774520874023
0.017136573791503906
0.017073392868041992
0.016975879669189453
0.01708078384399414
0.016789674758911133
0.016951560974121094
0.016202449798583984
0.016449928283691406
0.016574621200561523
0.016544103622436523
0.015629291534423828
0.015597820281982422
0.01564931869506836
0.015398979187011719
0.015821218490600586
0.015354394912719727
0.015147924423217773
0.015454292297363281
0.015424728393554688
0.015073060989379883
0.015097379684448242
0.015624761581420898
0.015988826751708984
0.015685319900512695
0.01565098762512207
0.015566110610961914
0.015678882598876953
0.015558958053588867
0.015795230865478516
0.015702009201049805
0.015337705612182617
0.016585588455200195
0.016009807586669922
0.015958309173583984
0.016182422637939453
0.015840768814086914
0.015804529190063477
0.01558375358581543
0.015642881393432617
0.015839338302612305
0.01639413833618164
0.016730308532714844
0.015615701675415039
0.015620708465576172
0.01594686508178711
0.015780210494995117
0.015594720840454102
0.01597762107849121
0.01583719253540039
0.015784025192260742
0.01596856117248535
0.015885353088378906
0.016093730926513672
0.016472578048706055
0.016161680221557617
0.016962766647338867
0.017301559448242188
0.017485380172729492
0.01695990562438965
0.017548799514770508
0.016712188720703125
0.016823291778564453
0.015948772430419922
0.016787290573120117
0.017203569412231445
0.016536712646484375
0.01651310920715332
0.01608419418334961
0.01593923568725586
0.01565694808959961
0.015370368957519531
0.015893936157226562
0.015493392944335938
0.015476703643798828
0.015368461608886719
0.015494823455810547
0.01573920249938965
0.01562356948852539
0.015551567077636719
0.015452146530151367
0.015559911727905273
0.015570640563964844
0.015416145324707031
0.015530824661254883
0.015691518783569336
0.015934228897094727
0.015703201293945312
0.015602350234985352
0.01564335823059082
0.015342473983764648
0.01558995246887207
0.015011072158813477
0.015494346618652344
0.01585698127746582
0.014938831329345703
0.015352964401245117
0.01568746566772461
0.01578807830810547
0.015555858612060547
0.015315055847167969
0.015502214431762695
0.01591801643371582
0.015887975692749023
0.01595783233642578
0.01592564582824707
0.015966415405273438
0.01578354835510254
0.0155181884765625
0.01576852798461914
0.01599907875061035
0.015691518783569336
0.015897274017333984
0.01589202880859375
0.015915393829345703
0.015666723251342773
0.015825510025024414
0.015804290771484375
0.016687870025634766
0.016854524612426758
0.016928672790527344
0.01620626449584961
0.0160067081451416
0.016167879104614258
0.016860485076904297
0.016859054565429688
0.016699790954589844
0.017083168029785156
0.0168304443359375
0.016614198684692383
0.016776323318481445
0.01668524742126465
0.016738414764404297
0.016938209533691406
0.01687169075012207
0.016533613204956055
0.016045808792114258
0.015871047973632812
0.01589488983154297
0.016912460327148438
0.01644611358642578
0.016387224197387695
0.016034603118896484
0.016499757766723633
0.015582561492919922
0.015062332153320312
0.015348434448242188
0.015740394592285156
0.015612363815307617
0.015746593475341797
0.0153656005859375
0.015369892120361328
0.01507425308227539
0.015697479248046875
0.01564335823059082
0.015482425689697266
0.015655994415283203
0.017459392547607422
0.01637721061706543
0.016380786895751953
0.016427993774414062
0.016089439392089844
0.01619696617126465
0.01631450653076172
0.01640939712524414
0.016074657440185547
0.015935659408569336
0.015767335891723633
0.015714406967163086
0.015723228454589844
0.01583266258239746
0.015671253204345703
0.016018152236938477
0.015666723251342773
0.015697002410888672
0.015751123428344727
0.015778779983520508
0.015918970108032227
0.015898942947387695
0.015675783157348633
0.01580333709716797
0.016338825225830078
0.01591014862060547
0.01569986343383789
0.015888690948486328
0.015726804733276367
0.015995502471923828
0.015747547149658203
