13.01336438891106
13.01336438891106
13.01336438891106
12.99258965073355
12.99258965073355
12.99258965073355
12.99258965073355
12.99258965073355
12.970646984970212
12.55839274006902
12.55839274006902
12.477124429947214
12.477124429947214
12.289948594606109
12.289948594606109
12.289948594606109
12.289948594606109
12.289948594606109
12.289948594606109
12.289948594606109
11.458359666691056
11.458359666691056
11.458359666691056
11.458359666691056
11.458359666691056
11.458359666691056
11.458359666691056
11.325218702690758
10.804657672706572
10.804657672706572
10.804657672706572
10.804657672706572
10.804657672706572
10.804657672706572
10.804657672706572
10.804657672706572
10.450459294126354
10.450459294126354
10.450459294126354
10.450459294126354
10.450459294126354
10.450459294126354
10.450459294126354
10.450459294126354
10.450459294126354
9.751722364525065
9.751722364525065
9.751722364525065
9.751722364525065
9.751722364525065
9.751722364525065
9.751722364525065
9.751722364525065
9.285986536791295
9.285986536791295
9.285986536791295
9.285986536791295
9.285986536791295
9.285986536791295
9.285986536791295
9.285986536791295
9.285986536791295
9.285986536791295
9.285986536791295
9.285986536791295
9.285986536791295
9.285986536791295
9.285986536791295
9.285986536791295
8.494501865372854
8.494501865372854
8.494501865372854
8.494501865372854
8.494501865372854
8.494501865372854
8.455308200824344
8.455308200824344
8.455308200824344
8.455308200824344
8.455308200824344
8.272265133887583
8.272265133887583
8.272265133887583
8.272265133887583
8.185605371896845
7.953142530745701
7.892770565639047
7.892770565639047
7.4906816920737995
7.367286472346606
7.367286472346606
7.367286472346606
7.367286472346606
7.367286472346606
7.367286472346606
7.367286472346606
7.367286472346606
7.2177114259675434
7.083576151165616
7.083576151165616
7.005735962129776
7.005735962129776
7.005735962129776
7.005735962129776
7.005735962129776
7.005735962129776
7.005735962129776
7.005735962129776
7.005735962129776
7.005735962129776
7.005735962129776
7.005735962129776
6.819962953258319
6.819962953258319
6.819962953258319
6.632363518938995
6.551105309547573
6.551105309547573
6.551105309547573
6.551105309547573
6.551105309547573
6.551105309547573
6.551105309547573
6.551105309547573
6.551105309547573
6.551105309547573
6.551105309547573
6.551105309547573
6.551105309547573
6.551105309547573
6.551105309547573
6.551105309547573
6.551105309547573
6.551105309547573
6.551105309547573
6.551105309547573
6.551105309547573
6.551105309547573
6.551105309547573
6.551105309547573
6.551105309547573
6.551105309547573
6.551105309547573
6.551105309547573
6.551105309547573
6.551105309547573
6.417708009688361
6.174066643339039
6.174066643339039
6.174066643339039
6.174066643339039
6.174066643339039
6.174066643339039
6.174066643339039
6.156787525863166
6.156787525863166
6.156787525863166
5.842408638001075
5.842408638001075
5.842408638001075
5.842408638001075
5.842408638001075
5.809517301090331
5.809517301090331
5.809517301090331
5.809517301090331
5.809517301090331
5.802581226239369
5.802581226239369
5.802581226239369
5.73095381570176
4.873174676692891
4.873174676692891
4.873174676692891
4.873174676692891
4.873174676692891
4.873174676692891
4.873174676692891
4.873174676692891
4.873174676692891
4.873174676692891
4.873174676692891
4.873174676692891
4.873174676692891
4.873174676692891
4.873174676692891
4.873174676692891
4.646924361995708
4.646924361995708
4.260883854115647
4.260883854115647
4.260883854115647
4.260883854115647
4.260883854115647
4.260883854115647
4.260883854115647
4.260883854115647
4.260883854115647
4.260883854115647
4.260883854115647
4.260883854115647
4.260883854115647
4.260883854115647
4.260883854115647
4.260883854115647
4.260883854115647
4.260883854115647
4.260883854115647
4.260883854115647
4.260883854115647
4.260883854115647
4.260883854115647
4.260883854115647
4.260883854115647
4.260883854115647
4.260883854115647
4.260883854115647
4.260883854115647
4.260883854115647
4.260883854115647
4.260883854115647
4.260883854115647
4.260883854115647
4.260883854115647
4.260883854115647
4.260883854115647
4.260883854115647
4.260883854115647
4.260883854115647
3.8263771539740645
3.8263771539740645
3.8263771539740645
3.8263771539740645
3.8263771539740645
3.8263771539740645
3.8263771539740645
3.8263771539740645
3.8263771539740645
3.8263771539740645
3.8263771539740645
3.8263771539740645
3.8263771539740645
3.8263771539740645
3.8263771539740645
3.5159211941724564
3.5159211941724564
3.5159211941724564
3.5159211941724564
3.5159211941724564
3.4955509602869625
3.4955509602869625
3.4955509602869625
3.4955509602869625
3.4955509602869625
3.4955509602869625
3.4955509602869625
3.49278365888577
3.49278365888577
3.49278365888577
3.49278365888577
3.49278365888577
3.1161138704847886
3.1161138704847886
3.1161138704847886
3.0818894705250344
3.0818894705250344
3.0818894705250344
3.0818894705250344
3.0818894705250344
3.0818894705250344
3.0818894705250344
3.0818894705250344
3.0818894705250344
3.0818894705250344
3.0818894705250344
3.0818894705250344
3.0818894705250344
3.0818894705250344
3.0818894705250344
3.0818894705250344
3.0818894705250344
3.0818894705250344
3.0818894705250344
3.0818894705250344
3.0818894705250344
3.0818894705250344
3.07312004900259
3.07312004900259
3.07312004900259
2.825563358546603
2.825563358546603
2.825563358546603
2.825563358546603
2.825563358546603
2.825563358546603
2.825563358546603
2.825563358546603
2.825563358546603
2.825563358546603
2.825563358546603
2.815827229821174
2.8025983437557116
2.8025983437557116
2.7797181801674213
2.730875030094502
2.730875030094502
2.730875030094502
2.6713595813324105
2.6713595813324105
2.6713595813324105
2.6713595813324105
2.3817625236148245
2.3817625236148245
2.3817625236148245
2.3817625236148245
2.3817625236148245
2.3817625236148245
2.3817625236148245
2.3817625236148245
2.3817625236148245
2.3817625236148245
2.3817625236148245
2.3817625236148245
2.3817625236148245
2.3817625236148245
2.3817625236148245
2.3817625236148245
2.3817625236148245
2.117547436144527
2.117547436144527
2.117547436144527
2.117547436144527
2.117547436144527
2.117547436144527
2.117547436144527
2.117547436144527
2.117547436144527
2.117547436144527
2.117547436144527
2.117547436144527
2.117547436144527
2.117547436144527
2.117547436144527
2.117547436144527
2.117547436144527
2.117547436144527
2.117547436144527
2.117547436144527
2.117547436144527
2.117547436144527
2.117547436144527
2.117547436144527
2.117547436144527
2.117547436144527
2.117547436144527
2.117547436144527
1.8750846030897108
1.8750846030897108
1.8750846030897108
1.8750846030897108
1.8750846030897108
1.8750846030897108
1.8750846030897108
1.8750846030897108
1.8750846030897108
1.8750846030897108
1.8750846030897108
1.8750846030897108
1.8750846030897108
1.8750846030897108
1.8750846030897108
1.8750846030897108
1.8750846030897108
1.8750846030897108
1.8750846030897108
1.8750846030897108
1.8750846030897108
1.8750846030897108
1.8750846030897108
1.8750846030897108
1.8750846030897108
1.8750846030897108
1.8750846030897108
1.8750846030897108
1.8750846030897108
1.8750846030897108
1.8750846030897108
1.8750846030897108
1.8750846030897108
1.7733391249550294
1.7733391249550294
1.7733391249550294
1.7733391249550294
1.7733391249550294
1.7733391249550294
1.7733391249550294
1.7733391249550294
1.7733391249550294
1.7733391249550294
1.7733391249550294
1.7733391249550294
1.7733391249550294
1.7039764009769058
1.7039764009769058
1.7039764009769058
1.7039764009769058
1.7039764009769058
1.7039764009769058
1.7039764009769058
1.7039764009769058
1.7039764009769058
1.7039764009769058
1.7039764009769058
1.7039764009769058
1.7039764009769058
1.7039764009769058
1.7039764009769058
1.7039764009769058
1.7039764009769058
1.7039764009769058
1.7039764009769058
1.7039764009769058
1.7039764009769058
1.7039764009769058
1.7039764009769058
1.6110327688546207
1.6110327688546207
1.6110327688546207
1.4586163380436545
1.4586163380436545
1.4586163380436545
1.4586163380436545
1.4586163380436545
1.4586163380436545
1.4586163380436545
1.4586163380436545
1.4586163380436545
1.4586163380436545
1.4586163380436545
1.4586163380436545
1.4586163380436545
1.4586163380436545
1.4586163380436545
1.449318993440457
1.449318993440457
1.449318993440457
1.449318993440457
1.449318993440457
1.4330995540337312
1.4330995540337312
1.4330995540337312
1.3615350256625263
1.2252049266357403
1.2252049266357403
1.2252049266357403
1.2252049266357403
1.2252049266357403
1.2252049266357403
1.2252049266357403
1.2252049266357403
1.2252049266357403
1.2252049266357403
1.2252049266357403
1.2252049266357403
1.2252049266357403
1.2252049266357403
1.2252049266357403
1.2021553164406242
1.2021553164406242
1.2021553164406242
1.1792213527088293
1.1792213527088293
1.1792213527088293
1.1792213527088293
1.1792213527088293
1.1792213527088293
1.1792213527088293
1.1792213527088293
1.1792213527088293
1.1792213527088293
1.1792213527088293
1.1792213527088293
1.1792213527088293
1.1792213527088293
1.1457637697274023
1.1457637697274023
1.1457637697274023
1.1457637697274023
1.1457637697274023
1.1457637697274023
1.1457637697274023
1.1457637697274023
1.1457637697274023
1.1457637697274023
1.1457637697274023
1.1457637697274023
1.1457637697274023
1.1457637697274023
1.1457637697274023
1.1457637697274023
1.1457637697274023
1.1457637697274023
1.1457637697274023
1.1457637697274023
1.071610033428307
1.071610033428307
1.071610033428307
1.071610033428307
1.071610033428307
1.071610033428307
1.071610033428307
1.071610033428307
1.071610033428307
1.071610033428307
1.0180585273806315
1.0180585273806315
1.0180585273806315
1.0180585273806315
1.0180585273806315
1.0180585273806315
1.0180585273806315
1.0180585273806315
1.0180585273806315
1.0180585273806315
1.0180585273806315
1.0180585273806315
1.0180585273806315
1.0180585273806315
1.0180585273806315
0.9915671837236602
0.9915671837236602
0.9915671837236602
0.9915671837236602
0.9915671837236602
0.9915671837236602
0.9915671837236602
0.9915671837236602
0.9915671837236602
0.9915671837236602
0.9915671837236602
0.9915671837236602
0.9915671837236602
0.9852934918858054
0.930745558883352
0.930745558883352
0.930745558883352
0.930745558883352
0.930745558883352
0.8713678688188793
0.8713678688188793
0.8713678688188793
0.8713678688188793
0.8485118186381797
0.8485118186381797
0.8485118186381797
0.8485118186381797
0.8485118186381797
0.8485118186381797
0.8485118186381797
0.8485118186381797
0.8485118186381797
0.8485118186381797
0.8485118186381797
0.8485118186381797
0.8485118186381797
0.8485118186381797
0.8485118186381797
0.8485118186381797
0.8485118186381797
0.8485118186381797
0.8485118186381797
0.8485118186381797
0.8485118186381797
0.8485118186381797
0.8485118186381797
0.8485118186381797
0.8485118186381797
0.8485118186381797
0.8050041478502266
0.8050041478502266
0.8050041478502266
0.8050041478502266
0.8050041478502266
0.8050041478502266
0.8050041478502266
0.8050041478502266
0.8050041478502266
0.8050041478502266
0.8050041478502266
0.8050041478502266
0.8050041478502266
0.8050041478502266
0.8050041478502266
0.8050041478502266
0.8050041478502266
0.8050041478502266
0.7534945355891907
0.7534945355891907
0.7534945355891907
0.7432446876667598
0.7432446876667598
0.7432446876667598
0.7432446876667598
0.7432446876667598
0.7432446876667598
0.7432446876667598
0.7432446876667598
0.732265955557672
0.713186872504906
0.713186872504906
0.6808736278620202
0.6808736278620202
0.6808736278620202
0.6808736278620202
0.6804696145485849
0.6804696145485849
0.6538363960508704
0.6538363960508704
0.6538363960508704
0.6538363960508704
0.6538363960508704
0.6527884307031826
0.651596970250047
0.651596970250047
0.651596970250047
0.5921131423650721
0.5921131423650721
0.5921131423650721
0.5921131423650721
0.5921131423650721
0.5921131423650721
0.5921131423650721
0.5921131423650721
0.5921131423650721
0.5921131423650721
0.5921131423650721
0.5921131423650721
0.5921131423650721
0.5921131423650721
0.5921131423650721
0.5921131423650721
0.5921131423650721
0.5921131423650721
0.5921131423650721
0.5921131423650721
0.5921131423650721
0.5921131423650721
0.5835993818328973
0.5835993818328973
0.5835993818328973
0.5835993818328973
0.5835993818328973
0.5835993818328973
0.5835993818328973
0.5835993818328973
0.5835993818328973
0.5835993818328973
0.5835993818328973
0.5835993818328973
0.5835993818328973
0.5835993818328973
0.5835993818328973
0.5835993818328973
0.5835993818328973
0.5835993818328973
0.5658228322071324
0.5658228322071324
0.5658228322071324
0.5658228322071324
0.5658228322071324
0.5658228322071324
0.5658228322071324
0.5658228322071324
0.5658228322071324
0.5085131972613439
0.5085131972613439
0.5085131972613439
0.5085131972613439
0.5085131972613439
0.5085131972613439
0.5085131972613439
0.5085131972613439
0.5085131972613439
0.5085131972613439
0.5085131972613439
0.5085131972613439
0.5085131972613439
0.5085131972613439
0.5085131972613439
0.5085131972613439
0.507630098545107
0.507630098545107
0.5053302208130859
0.5053302208130859
0.5053302208130859
0.5053302208130859
0.5015421064209988
0.49115374207740814
0.46215758923383277
0.46215758923383277
0.46215758923383277
0.46215758923383277
0.46215758923383277
0.46215758923383277
0.46215758923383277
0.46215758923383277
0.46215758923383277
0.46215758923383277
0.46215758923383277
0.46215758923383277
0.46215758923383277
0.46215758923383277
0.46215758923383277
0.46215758923383277
0.46215758923383277
0.46215758923383277
0.46215758923383277
0.46215758923383277
0.4350953149772394
0.4350953149772394
0.4350953149772394
0.4350953149772394
0.4350953149772394
0.4034805415769469
0.4034805415769469
0.4034805415769469
0.4034805415769469
0.4034805415769469
0.4034805415769469
0.4034805415769469
0.4034805415769469
0.4034805415769469
0.4034805415769469
0.4034805415769469
0.4034805415769469
0.4034805415769469
0.4034805415769469
0.4034805415769469
0.4034805415769469
0.4034805415769469
0.4034805415769469
0.4034805415769469
0.4034805415769469
0.4034805415769469
0.4034805415769469
0.39960267043801423
0.3940559035741913
0.3940559035741913
0.3940559035741913
0.37743512436234994
0.37743512436234994
0.37743512436234994
0.37743512436234994
0.37743512436234994
0.3501399736730946
0.3501399736730946
0.3501399736730946
0.3501399736730946
0.3501399736730946
0.3501399736730946
0.3501399736730946
0.3501399736730946
0.3501399736730946
0.3501399736730946
0.3501399736730946
0.3501399736730946
0.3501399736730946
0.3501399736730946
0.3501399736730946
0.3501399736730946
0.3501399736730946
0.3501399736730946
0.3501399736730946
0.3501399736730946
0.3501399736730946
0.34013679441616773
0.34013679441616773
0.34013679441616773
0.34013679441616773
0.34013679441616773
0.34013679441616773
0.34013679441616773
0.34013679441616773
0.31740778106447465
0.31740778106447465
0.31740778106447465
0.31740778106447465
0.31740778106447465
0.31740778106447465
0.31740778106447465
0.31740778106447465
0.31740778106447465
0.31740778106447465
0.31740778106447465
0.31740778106447465
0.31740778106447465
0.31740778106447465
0.31740778106447465
0.31740778106447465
0.31740778106447465
0.31565942225028465
0.31565942225028465
0.31565942225028465
0.31565942225028465
0.31565942225028465
0.31253235444579275
0.28837862369739753
0.28837862369739753
0.28837862369739753
0.28837862369739753
0.28837862369739753
0.28837862369739753
0.28837862369739753
0.28837862369739753
0.28837862369739753
0.28837862369739753
0.28837862369739753
0.28837862369739753
0.28837862369739753
0.28837862369739753
0.28837862369739753
0.28837862369739753
0.28837862369739753
0.28837862369739753
0.28837862369739753
0.28837862369739753
0.2866134505737037
0.26121020718771604
0.26121020718771604
0.26121020718771604
0.26121020718771604
0.26121020718771604
0.26121020718771604
0.26121020718771604
0.26121020718771604
0.24329749685978896
0.24329749685978896
0.24329749685978896
0.24329749685978896
0.24329749685978896
0.24329749685978896
0.24329749685978896
0.24329749685978896
0.24329749685978896
0.24329749685978896
0.24329749685978896
0.24329749685978896
0.22356231261679227
0.22356231261679227
0.22356231261679227
0.22356231261679227
0.22356231261679227
0.22356231261679227
0.22356231261679227
0.22356231261679227
0.2201368236638146
0.2201368236638146
0.2201368236638146
0.2201368236638146
0.2201368236638146
0.2201368236638146
0.2201368236638146
0.2201368236638146
0.2201368236638146
0.2201368236638146
0.2201368236638146
0.2201368236638146
0.2201368236638146
0.2201368236638146
0.2128807884328694
0.2128807884328694
0.2128807884328694
0.2128807884328694
0.2128807884328694
0.2128807884328694
0.2128807884328694
0.2128807884328694
0.2128807884328694
0.2128807884328694
0.2128807884328694
0.20799994033379932
0.20799994033379932
0.20799994033379932
0.19765596656738893
0.19765596656738893
0.19765596656738893
0.19765596656738893
0.19765596656738893
0.19765596656738893
0.19765596656738893
0.19430215060004485
0.19430215060004485
0.19430215060004485
0.19430215060004485
0.17895772305343627
0.17895772305343627
0.1745263642828263
0.1745263642828263
0.1745263642828263
0.1745263642828263
0.1745263642828263
0.1745263642828263
0.1745263642828263
0.1745263642828263
0.1745263642828263
0.1745263642828263
0.1745263642828263
0.1745263642828263
0.1745263642828263
0.1719016555006121
0.1719016555006121
0.1719016555006121
0.1719016555006121
0.1719016555006121
0.1719016555006121
0.1719016555006121
0.1719016555006121
0.1719016555006121
0.1719016555006121
0.1719016555006121
0.1647805843593133
0.1647805843593133
0.1647805843593133
0.1647805843593133
0.1647805843593133
0.1647805843593133
0.1647805843593133
0.1647805843593133
0.1647805843593133
0.1647805843593133
0.1647805843593133
0.1647805843593133
0.1647805843593133
0.1647805843593133
0.1647805843593133
0.1647805843593133
0.1647805843593133
0.1647805843593133
0.1647805843593133
0.1647805843593133
0.1647805843593133
0.1647805843593133
0.1647805843593133
0.1647805843593133
0.1495353320445858
0.1495353320445858
0.1495353320445858
0.1495353320445858
0.1495353320445858
0.1495353320445858
0.1495353320445858
0.1495353320445858
0.1495353320445858
0.1495353320445858
0.1495353320445858
0.1495353320445858
0.1495353320445858
0.1495353320445858
0.1495353320445858
0.1495353320445858
0.1495353320445858
0.1495353320445858
0.1495353320445858
0.1495353320445858
0.14744481176957436
0.14744481176957436
0.14638042509670868
0.14638042509670868
0.14638042509670868
0.14638042509670868
0.14638042509670868
0.14638042509670868
0.14638042509670868
0.14638042509670868
0.14638042509670868
0.14306855023114906
0.14306855023114906
0.14306855023114906
0.14306855023114906
0.14306855023114906
0.14306855023114906
0.14306855023114906
0.14306855023114906
0.13380789023424455
0.13380789023424455
0.13380789023424455
0.13380789023424455
0.13380789023424455
0.13380789023424455
0.13380789023424455
0.1279645180911615
0.1279645180911615
0.1279645180911615
0.1279645180911615
0.1279645180911615
0.1279645180911615
0.1279645180911615
0.1279645180911615
0.1279645180911615
0.1279645180911615
