0.008471965789794922
0.00845646858215332
0.00851750373840332
0.008353233337402344
0.008288145065307617
0.008379936218261719
0.00843048095703125
0.008376121520996094
0.008111238479614258
0.008467912673950195
0.008544445037841797
0.008441686630249023
0.00852656364440918
0.008281946182250977
0.008387088775634766
0.00834202766418457
0.008360147476196289
0.008234262466430664
0.008208513259887695
0.008133172988891602
0.008349895477294922
0.008344650268554688
0.008568286895751953
0.00841212272644043
0.008423089981079102
0.008434295654296875
0.008490800857543945
0.008425474166870117
0.008505582809448242
0.008512020111083984
0.008798837661743164
0.008746862411499023
0.009067296981811523
0.009725570678710938
0.00938272476196289
0.009191036224365234
0.008751630783081055
0.00862431526184082
0.00864410400390625
0.009377717971801758
0.0090484619140625
0.009791851043701172
0.009076356887817383
0.009125709533691406
0.009267568588256836
0.009209632873535156
0.009319067001342773
0.009452581405639648
0.00966024398803711
0.009492874145507812
0.009394407272338867
0.009218215942382812
0.009282350540161133
0.009006738662719727
0.009047985076904297
0.00872802734375
0.00907754898071289
0.009139537811279297
0.009158611297607422
0.009109258651733398
0.008933067321777344
0.009155750274658203
0.009042501449584961
0.008847236633300781
0.009232044219970703
0.009647846221923828
0.009458065032958984
0.009009599685668945
0.008878946304321289
0.008928537368774414
0.008924007415771484
0.008784294128417969
0.008999109268188477
0.009172677993774414
0.009465456008911133
0.009716987609863281
0.009384393692016602
0.00914621353149414
0.008977890014648438
0.009221076965332031
0.009172201156616211
0.008806467056274414
0.00901174545288086
0.009271860122680664
0.009145021438598633
0.0092926025390625
0.00926971435546875
0.008957862854003906
0.008975505828857422
0.008977174758911133
0.00908970832824707
0.009019613265991211
0.008946657180786133
0.009016990661621094
0.008934974670410156
0.009124994277954102
0.008918285369873047
0.009344816207885742
0.008820533752441406
0.00866079330444336
0.008858203887939453
0.008909940719604492
0.009023904800415039
0.009083747863769531
0.008953094482421875
0.009202003479003906
0.009322881698608398
0.009377479553222656
0.009246110916137695
0.008967399597167969
0.0090179443359375
0.00924539566040039
0.009105682373046875
0.009097099304199219
0.008945941925048828
0.009078264236450195
0.008857488632202148
0.00901937484741211
0.008957386016845703
0.009239673614501953
0.009122371673583984
0.009116888046264648
0.009969234466552734
0.009184598922729492
0.009863853454589844
0.009357213973999023
0.009556055068969727
0.009521007537841797
0.00973200798034668
0.009243249893188477
0.009271860122680664
0.009113788604736328
0.009252548217773438
0.009033203125
0.009242534637451172
0.009167194366455078
0.010060787200927734
0.009785175323486328
0.009566545486450195
0.009535789489746094
0.009905099868774414
0.009190797805786133
0.009466171264648438
0.009379386901855469
0.009037017822265625
0.00873565673828125
0.008725643157958984
0.008825540542602539
0.00853586196899414
0.008514642715454102
0.008489847183227539
0.008591413497924805
0.008567571640014648
0.008520126342773438
0.008496284484863281
0.008526802062988281
0.008619308471679688
0.008585453033447266
0.008533954620361328
0.008535385131835938
0.008817434310913086
0.008879661560058594
0.008968114852905273
0.009010791778564453
0.008842229843139648
0.00875997543334961
0.008706808090209961
0.00868535041809082
0.008737564086914062
0.00880742073059082
0.008523702621459961
0.008458614349365234
0.008630752563476562
0.008561134338378906
0.008759498596191406
0.008964061737060547
0.00953984260559082
0.009588479995727539
0.01009058952331543
0.009464263916015625
0.009320497512817383
0.0089874267578125
0.008858919143676758
0.008921146392822266
0.008809328079223633
0.00897669792175293
0.008870124816894531
0.00927734375
0.009352445602416992
0.009042978286743164
0.009290933609008789
0.009430646896362305
0.009399652481079102
0.008894681930541992
0.009223461151123047
0.008697271347045898
0.008559942245483398
0.008563995361328125
0.008397340774536133
0.008513450622558594
0.008743047714233398
0.008751392364501953
0.008672237396240234
0.008875131607055664
0.009148836135864258
0.008980512619018555
0.008813619613647461
0.008778095245361328
0.00861358642578125
0.008476972579956055
0.008564949035644531
0.008554697036743164
0.008538484573364258
0.008292675018310547
0.008411884307861328
0.00830698013305664
0.008404731750488281
0.00858759880065918
0.008470773696899414
0.008743524551391602
0.008608102798461914
0.0083770751953125
0.008216142654418945
0.008368492126464844
0.008292198181152344
0.008178949356079102
0.00846242904663086
0.008488178253173828
0.008404970169067383
0.008370161056518555
0.008289813995361328
0.008213043212890625
0.008200407028198242
0.008268117904663086
0.008260250091552734
0.008234500885009766
0.008364200592041016
0.00822758674621582
0.008193016052246094
0.008307456970214844
0.008135080337524414
0.008295297622680664
0.008107900619506836
0.008360862731933594
0.008461475372314453
0.008087158203125
0.008134126663208008
0.008275270462036133
0.008565902709960938
0.008535385131835938
0.008587121963500977
0.008380413055419922
0.008551359176635742
0.008130311965942383
0.009000539779663086
0.008646011352539062
0.008525371551513672
0.008432865142822266
0.008478641510009766
0.008611679077148438
0.008459329605102539
0.008467912673950195
0.00879216194152832
0.008478164672851562
0.008426189422607422
0.008485078811645508
0.008298397064208984
0.008558273315429688
0.008487224578857422
0.008507251739501953
0.008580923080444336
0.008653640747070312
0.008513450622558594
0.00906825065612793
0.008642911911010742
0.008667230606079102
0.00853419303894043
0.00851893424987793
0.008504629135131836
0.008449077606201172
0.008481264114379883
0.008555889129638672
0.008405923843383789
0.008387088775634766
0.008551836013793945
0.008627653121948242
0.009093284606933594
0.009063482284545898
0.00858616828918457
0.008603334426879883
0.008630037307739258
0.008454322814941406
0.008467912673950195
0.008605003356933594
0.008611679077148438
0.008632183074951172
0.008670330047607422
0.008649110794067383
0.008586883544921875
0.008678913116455078
0.008738517761230469
0.008657455444335938
0.00857853889465332
0.008664131164550781
0.008685827255249023
0.00874185562133789
0.008635759353637695
0.008553743362426758
0.008520364761352539
0.008820533752441406
0.00895833969116211
0.008858203887939453
0.009156942367553711
0.009087562561035156
0.008924007415771484
0.009251117706298828
0.009103775024414062
0.009521961212158203
0.009280920028686523
0.008756637573242188
0.00901341438293457
0.008693218231201172
0.008988618850708008
0.009053230285644531
0.009058237075805664
0.008970260620117188
0.008996963500976562
0.009146690368652344
0.009074687957763672
0.008711814880371094
0.008764028549194336
0.009036540985107422
0.008710861206054688
0.008679389953613281
0.008847475051879883
0.008847951889038086
0.008587360382080078
0.008761882781982422
0.008806467056274414
0.008700132369995117
0.008956193923950195
0.008757352828979492
0.009198904037475586
0.009479045867919922
0.009353160858154297
0.00902247428894043
0.008718729019165039
0.008936166763305664
0.009708166122436523
0.009061098098754883
0.008985757827758789
0.008738040924072266
0.00863504409790039
0.008749008178710938
0.008898496627807617
0.008751392364501953
0.008847475051879883
0.008704185485839844
0.008497953414916992
0.008568763732910156
0.00860142707824707
0.008633852005004883
0.008604764938354492
0.008650541305541992
0.008583545684814453
0.00879812240600586
0.008573532104492188
0.009039163589477539
0.00893259048461914
0.008972883224487305
0.008767127990722656
0.008615970611572266
0.008659124374389648
0.0083465576171875
0.008586645126342773
0.008413076400756836
0.00847315788269043
0.008379697799682617
0.008525609970092773
0.008572578430175781
0.008397340774536133
0.008456945419311523
0.00845956802368164
0.008438825607299805
0.008560419082641602
0.008450746536254883
0.008459329605102539
0.008323431015014648
0.008426427841186523
0.008400440216064453
0.008538961410522461
0.008002281188964844
0.008297443389892578
0.00816798210144043
0.008395910263061523
0.008422374725341797
0.008306741714477539
0.008198022842407227
0.008183717727661133
0.008052349090576172
0.008013248443603516
0.008086442947387695
0.008804559707641602
0.00853109359741211
0.008303165435791016
0.008419990539550781
0.008507251739501953
0.008424043655395508
0.008548736572265625
0.008516550064086914
0.008620262145996094
0.008475542068481445
0.008634328842163086
0.008530139923095703
0.008754968643188477
0.008425235748291016
0.008545875549316406
0.00838780403137207
0.008389472961425781
0.008551836013793945
0.008502483367919922
0.008313179016113281
0.008394002914428711
0.008415699005126953
0.008444786071777344
0.008448600769042969
0.008527040481567383
0.008401632308959961
0.008388280868530273
0.008517742156982422
0.008892297744750977
0.008819818496704102
0.008983612060546875
0.009097576141357422
0.008887290954589844
0.008952856063842773
0.008841276168823242
0.008840560913085938
0.008558511734008789
0.008649349212646484
0.008671045303344727
0.008674144744873047
0.008855819702148438
0.008804798126220703
0.008776664733886719
0.009035825729370117
0.009365081787109375
0.008994102478027344
0.010304450988769531
0.010745048522949219
0.01065373420715332
0.010608911514282227
0.00939631462097168
0.008864879608154297
0.009149312973022461
0.009491205215454102
0.009599685668945312
0.009433984756469727
0.00979304313659668
0.009658098220825195
0.009510993957519531
0.009722232818603516
0.009372472763061523
0.009268760681152344
0.009168624877929688
0.008832693099975586
0.009491443634033203
0.009586334228515625
0.00935506820678711
0.009698152542114258
0.009014606475830078
0.008629560470581055
0.008945226669311523
0.009031295776367188
0.008790016174316406
0.008939981460571289
0.008884906768798828
0.00919032096862793
0.009157896041870117
0.00966787338256836
0.009627103805541992
0.009166240692138672
0.009157896041870117
0.009231090545654297
0.009116172790527344
0.008948802947998047
0.009150505065917969
0.008626222610473633
0.008632421493530273
0.008591890335083008
0.008587121963500977
0.008764028549194336
0.008171558380126953
0.008182525634765625
0.008273601531982422
0.008291482925415039
0.008709430694580078
0.00811457633972168
0.00820159912109375
0.00832223892211914
0.008309125900268555
0.008440971374511719
0.008380651473999023
0.00838613510131836
0.008596658706665039
0.008113861083984375
0.008359670639038086
0.008253812789916992
0.008399248123168945
0.008186578750610352
0.008412599563598633
0.00844573974609375
0.008477449417114258
0.008410453796386719
0.008788824081420898
0.00842595100402832
0.008479833602905273
0.008456945419311523
0.008427858352661133
0.008436918258666992
0.008487462997436523
0.008481264114379883
0.008491039276123047
0.008446693420410156
0.008450031280517578
0.008483171463012695
0.008599996566772461
0.00838923454284668
0.008485794067382812
0.008510351181030273
0.00859379768371582
0.00864863395690918
0.008563041687011719
0.00850534439086914
0.008809089660644531
0.008669137954711914
0.008535623550415039
0.00858759880065918
0.008597135543823242
0.008452892303466797
0.008549690246582031
0.008796930313110352
0.008483409881591797
0.008568286895751953
0.008599281311035156
0.008660316467285156
0.008456230163574219
0.008558511734008789
0.008489847183227539
0.008453130722045898
0.008555412292480469
0.008486509323120117
0.008316993713378906
0.00823664665222168
0.008400201797485352
0.008187294006347656
0.008245706558227539
0.00827479362487793
0.008367538452148438
0.008320331573486328
0.008390188217163086
0.008557558059692383
0.008552074432373047
0.008518695831298828
0.008632421493530273
0.008290767669677734
0.00843191146850586
0.008217334747314453
0.00847172737121582
0.008552074432373047
0.008353948593139648
0.008331298828125
0.008635997772216797
0.008466482162475586
0.008365392684936523
0.008499383926391602
0.008817911148071289
0.009208202362060547
0.009623050689697266
0.009073019027709961
0.008778810501098633
0.008525371551513672
0.008641958236694336
0.009251594543457031
0.00980377197265625
0.009419441223144531
0.009263992309570312
0.00899362564086914
0.009139537811279297
0.009050607681274414
0.008761405944824219
0.008790016174316406
0.008742809295654297
0.00874018669128418
0.008992433547973633
0.009185552597045898
0.008906841278076172
0.0089263916015625
0.009159326553344727
0.00911569595336914
0.008942127227783203
0.009051322937011719
0.008966445922851562
0.008748292922973633
0.008629798889160156
0.00864553451538086
0.008755922317504883
0.008796453475952148
0.008681297302246094
0.00885915756225586
0.008963346481323242
0.008867025375366211
0.00889897346496582
0.008515119552612305
0.008394479751586914
0.00858449935913086
0.008443355560302734
0.008381128311157227
0.008433341979980469
0.008459329605102539
0.008416891098022461
0.008307456970214844
0.008406400680541992
0.008383512496948242
0.00822758674621582
0.008211851119995117
0.00816655158996582
0.008072853088378906
0.008512258529663086
0.00872802734375
0.008466958999633789
0.008570194244384766
0.008664131164550781
0.00853276252746582
0.00866246223449707
0.008485078811645508
0.008572816848754883
0.008731842041015625
0.008574247360229492
0.008473396301269531
0.008599996566772461
0.008488893508911133
0.008265256881713867
0.008328914642333984
0.00829935073852539
0.008419036865234375
0.008502483367919922
0.008384466171264648
0.008495330810546875
0.008649110794067383
0.008519887924194336
0.008545398712158203
0.008547306060791016
0.00846552848815918
0.00846552848815918
0.00853419303894043
0.008623123168945312
0.008569478988647461
0.008531332015991211
0.008649110794067383
0.008622407913208008
0.00846099853515625
0.008558034896850586
0.008586645126342773
0.008610725402832031
0.00850057601928711
0.008668661117553711
0.008506536483764648
0.008600234985351562
0.008651494979858398
0.008285284042358398
0.00831294059753418
0.008417129516601562
0.00852513313293457
0.008460521697998047
0.008649826049804688
0.008515596389770508
0.008447885513305664
0.00843501091003418
0.008488893508911133
0.008415699005126953
0.00839376449584961
0.008292198181152344
0.008364677429199219
0.008379697799682617
0.008412837982177734
0.0083465576171875
0.008540868759155273
0.008332014083862305
0.008312702178955078
0.008373260498046875
0.008141756057739258
0.008437871932983398
0.008613109588623047
0.007979154586791992
0.008373737335205078
0.008466720581054688
0.008361577987670898
0.008175134658813477
0.008508920669555664
0.008460521697998047
0.008623361587524414
0.00883030891418457
0.008563518524169922
0.008766889572143555
0.008731365203857422
0.008536577224731445
0.008336305618286133
0.008426189422607422
0.008499622344970703
0.008970022201538086
0.00863504409790039
0.00857853889465332
0.008628606796264648
0.008745193481445312
0.008786678314208984
0.00870966911315918
0.009049654006958008
0.008991479873657227
0.009176015853881836
0.00894618034362793
0.009313106536865234
0.009035587310791016
0.008675336837768555
0.008701324462890625
0.00890493392944336
0.008823156356811523
0.009059429168701172
0.008691072463989258
0.008605480194091797
0.008493185043334961
0.00886225700378418
0.008547067642211914
0.008639097213745117
0.008907556533813477
0.008602619171142578
0.00862884521484375
0.008438587188720703
0.008650064468383789
0.008682012557983398
0.008554220199584961
0.008497476577758789
0.008412837982177734
0.008691072463989258
0.008816003799438477
0.008582830429077148
0.008699893951416016
0.008609294891357422
0.008743762969970703
0.008786439895629883
0.008810758590698242
0.008660078048706055
0.008561372756958008
0.008582353591918945
0.008456945419311523
0.00859689712524414
0.008513927459716797
0.00838017463684082
0.008342742919921875
0.008404016494750977
0.008383035659790039
0.008555412292480469
0.008440732955932617
0.008415937423706055
0.008313894271850586
0.00846409797668457
0.008519649505615234
0.008438825607299805
0.008330821990966797
0.008321046829223633
0.008224248886108398
0.008304595947265625
0.008438587188720703
0.00863957405090332
0.008514404296875
0.008563756942749023
0.008372783660888672
0.008597373962402344
0.00853586196899414
0.008489370346069336
0.00834035873413086
0.008425712585449219
0.00848245620727539
0.008720636367797852
0.008708953857421875
0.00869131088256836
0.008381366729736328
0.008574962615966797
0.008621931076049805
0.008499860763549805
0.008575677871704102
0.008579730987548828
0.008534908294677734
0.008348703384399414
0.008455991744995117
0.0084228515625
0.008337736129760742
0.008446931838989258
0.0081787109375
0.00848841667175293
0.008206844329833984
0.008242130279541016
0.00835561752319336
0.008343696594238281
0.008186578750610352
0.008461952209472656
0.00823211669921875
0.008967399597167969
0.009660720825195312
0.009389162063598633
0.009186744689941406
0.008994102478027344
0.00914621353149414
0.008746147155761719
0.00901174545288086
0.008538246154785156
0.008648395538330078
0.008539676666259766
0.008596420288085938
0.008572816848754883
0.00857853889465332
0.00833439826965332
0.008495569229125977
0.008595705032348633
0.008621454238891602
0.008657455444335938
0.008665800094604492
0.008508920669555664
0.008475303649902344
0.008542776107788086
0.00865483283996582
0.008875131607055664
0.00865936279296875
0.008305072784423828
0.008328437805175781
0.008332252502441406
0.008183002471923828
0.008392333984375
0.008170604705810547
0.008005619049072266
0.008109569549560547
0.008388996124267578
0.008549213409423828
0.0084991455078125
0.008456945419311523
0.00846552848815918
0.008455276489257812
0.008515357971191406
0.008450508117675781
0.008361101150512695
0.008345365524291992
0.00821542739868164
0.008380889892578125
0.008432865142822266
0.008135557174682617
0.008306264877319336
0.008199453353881836
0.008277654647827148
0.008530139923095703
0.00839090347290039
0.008658170700073242
0.008699893951416016
0.008432865142822266
0.008477449417114258
0.008481502532958984
0.008414268493652344
0.008565664291381836
0.008517742156982422
0.008512020111083984
0.008548736572265625
0.008514881134033203
0.008418560028076172
0.008700132369995117
0.0083465576171875
0.008434057235717773
0.008638858795166016
0.008481264114379883
0.008329629898071289
0.008536338806152344
0.008287191390991211
0.008393526077270508
0.008300065994262695
0.008530855178833008
0.008556842803955078
0.008652925491333008
0.008492231369018555
0.008658409118652344
0.008530616760253906
0.008535385131835938
0.00847005844116211
0.008696317672729492
0.00844120979309082
0.008231401443481445
0.00846719741821289
0.008470773696899414
0.008353710174560547
0.00837564468383789
0.008246660232543945
0.00841832160949707
0.008432626724243164
0.00841975212097168
0.008634328842163086
0.008428096771240234
0.00845646858215332
0.008481025695800781
0.00848698616027832
0.008483409881591797
0.008544445037841797
0.008560895919799805
0.008445024490356445
0.008445978164672852
0.008391380310058594
0.008550643920898438
0.008723974227905273
0.008483171463012695
0.008451223373413086
0.008375883102416992
0.008437633514404297
0.008513689041137695
0.00848078727722168
0.00842905044555664
0.008692502975463867
0.008253812789916992
0.008533477783203125
0.008515596389770508
0.008420944213867188
0.008335590362548828
0.008329153060913086
0.008292913436889648
0.008452892303466797
0.008497953414916992
0.008590936660766602
0.008434295654296875
0.008196592330932617
0.008222341537475586
0.008040428161621094
0.0084381103515625
0.008364677429199219
0.008319854736328125
0.008475542068481445
0.008498430252075195
0.008508443832397461
0.008986473083496094
0.008675336837768555
0.008569002151489258
0.008527994155883789
0.008324384689331055
0.00820779800415039
0.008532047271728516
0.008322715759277344
0.00840306282043457
0.008392095565795898
0.008323192596435547
0.008405447006225586
0.00850677490234375
0.008317947387695312
0.007938146591186523
0.008223295211791992
0.008147954940795898
0.008319616317749023
0.008241653442382812
0.008022308349609375
0.008002519607543945
0.008043289184570312
0.008441448211669922
0.008399009704589844
0.00845646858215332
0.008352041244506836
0.008433103561401367
0.008562326431274414
0.008508682250976562
0.008477926254272461
0.00853872299194336
0.008327007293701172
0.008327484130859375
0.008376121520996094
0.008306264877319336
0.008522272109985352
0.008798599243164062
0.008556365966796875
0.008629322052001953
0.00849604606628418
0.008602619171142578
0.008562326431274414
0.008562564849853516
0.008465051651000977
0.008386850357055664
0.00855255126953125
0.008475780487060547
0.008591651916503906
0.00851893424987793
0.008415937423706055
0.008490800857543945
0.008590459823608398
0.008779287338256836
0.008735179901123047
0.008639097213745117
0.008481740951538086
0.008534431457519531
0.008573770523071289
