0.0018360614776611328
0.0017962455749511719
0.0018351078033447266
0.0018427371978759766
0.0016560554504394531
0.0017561912536621094
0.0016775131225585938
0.0016608238220214844
0.0015981197357177734
0.0014896392822265625
0.001672506332397461
0.001445770263671875
0.001672506332397461
0.0014529228210449219
0.0017175674438476562
0.0016100406646728516
0.0015239715576171875
0.0017275810241699219
0.0014486312866210938
0.001592874526977539
0.0016252994537353516
0.0014426708221435547
0.0016293525695800781
0.0014812946319580078
0.0016846656799316406
0.0014429092407226562
0.0014774799346923828
0.001592874526977539
0.001535177230834961
0.0016934871673583984
0.0014913082122802734
0.001443624496459961
0.0014569759368896484
0.001550436019897461
0.0014579296112060547
0.0014560222625732422
0.0014531612396240234
0.001546621322631836
0.0015208721160888672
0.0014519691467285156
0.001434326171875
0.0014462471008300781
0.0014483928680419922
0.0014541149139404297
0.0014448165893554688
0.0014333724975585938
0.0015544891357421875
0.0014619827270507812
0.0014278888702392578
0.0014536380767822266
0.0014400482177734375
0.001531839370727539
0.0014462471008300781
0.0014355182647705078
0.0015010833740234375
0.0014905929565429688
0.0014505386352539062
0.0014445781707763672
0.0014486312866210938
0.0014505386352539062
0.0014519691467285156
0.0014407634735107422
0.001501321792602539
0.0015077590942382812
0.0014498233795166016
0.0015287399291992188
0.0014498233795166016
0.0014503002166748047
0.0015320777893066406
0.0016028881072998047
0.001489400863647461
0.0014793872833251953
0.0014641284942626953
0.0014483928680419922
0.0014519691467285156
0.001592874526977539
0.0015065670013427734
0.0014662742614746094
0.0015096664428710938
0.0015740394592285156
0.0015292167663574219
0.0014469623565673828
0.001519918441772461
0.0014879703521728516
0.0014607906341552734
0.0014982223510742188
0.0014617443084716797
0.0015132427215576172
0.001470327377319336
0.0014567375183105469
0.0014679431915283203
0.0014595985412597656
0.0015273094177246094
0.0014541149139404297
0.0014543533325195312
0.0015482902526855469
0.0014562606811523438
0.0015518665313720703
0.001466512680053711
0.0014448165893554688
0.001468658447265625
0.0014560222625732422
0.0014584064483642578
0.0015480518341064453
0.0014393329620361328
0.0014557838439941406
0.0014424324035644531
0.0014576911926269531
0.0014495849609375
0.0014476776123046875
0.001462697982788086
0.0015599727630615234
0.0014557838439941406
0.0015196800231933594
0.001485586166381836
0.0014476776123046875
0.0014638900756835938
0.001435995101928711
0.001477956771850586
0.0015704631805419922
0.0015499591827392578
0.001669168472290039
0.0015556812286376953
0.0016167163848876953
0.0015442371368408203
0.001453399658203125
0.001474618911743164
0.0015571117401123047
0.0014679431915283203
0.001493215560913086
0.001451730728149414
0.0015625953674316406
0.0014767646789550781
0.0014684200286865234
0.0014810562133789062
0.0015416145324707031
0.0014564990997314453
0.001474142074584961
0.0014734268188476562
0.0014586448669433594
0.0014677047729492188
0.001459360122680664
0.0014421939849853516
0.0015826225280761719
0.0015001296997070312
0.0014684200286865234
0.001474618911743164
0.0014796257019042969
0.001538991928100586
0.0015821456909179688
0.0014753341674804688
0.0015327930450439453
0.0014560222625732422
0.001466989517211914
0.0014848709106445312
0.0015211105346679688
0.001493215560913086
0.0014646053314208984
0.0014541149139404297
0.001527547836303711
0.0015158653259277344
0.0015039443969726562
0.0014388561248779297
0.001458883285522461
0.0014607906341552734
0.00144195556640625
0.0014426708221435547
0.0015316009521484375
0.0015590190887451172
0.0014603137969970703
0.0014538764953613281
0.0014650821685791016
0.0014503002166748047
0.0014452934265136719
0.0014524459838867188
0.0015556812286376953
0.0015053749084472656
0.0014579296112060547
0.0014636516571044922
0.0014586448669433594
0.0014538764953613281
0.0014429092407226562
0.0014755725860595703
0.001508951187133789
0.0015256404876708984
0.0014519691467285156
0.0014460086822509766
0.0014638900756835938
0.0014543533325195312
0.0014498233795166016
0.0015354156494140625
0.001476287841796875
0.0015835762023925781
0.0015027523040771484
0.0014390945434570312
0.0014407634735107422
0.0015120506286621094
0.0014982223510742188
0.0014562606811523438
0.0014424324035644531
0.0015358924865722656
0.0014460086822509766
0.0014545917510986328
0.001495361328125
0.0014553070068359375
0.0014488697052001953
0.0014560222625732422
0.0015265941619873047
0.00157928466796875
0.0014729499816894531
0.0015170574188232422
0.001451253890991211
0.0014503002166748047
0.0014805793762207031
0.0014674663543701172
0.0014977455139160156
0.0015568733215332031
0.0014510154724121094
0.0014438629150390625
0.0015192031860351562
0.0014908313751220703
0.0014584064483642578
0.0014607906341552734
0.0014865398406982422
0.0016512870788574219
0.001506805419921875
0.0014770030975341797
0.001485586166381836
0.001483917236328125
0.0014753341674804688
0.0014948844909667969
0.0015377998352050781
0.0015413761138916016
0.0014634132385253906
0.0014464855194091797
0.0014562606811523438
0.0014636516571044922
0.0014607906341552734
0.0014629364013671875
0.0014636516571044922
0.0015645027160644531
0.001474142074584961
0.001451253890991211
0.0014719963073730469
0.0014481544494628906
0.0014674663543701172
0.0014679431915283203
0.0015230178833007812
0.001546621322631836
0.0014927387237548828
0.001458883285522461
0.0014553070068359375
0.001451730728149414
0.00145721435546875
0.00146484375
0.0014514923095703125
0.0016355514526367188
0.0014824867248535156
0.0014662742614746094
0.0014505386352539062
0.0015571117401123047
0.0014643669128417969
0.0014424324035644531
0.0014617443084716797
0.0015404224395751953
0.0014841556549072266
0.0015225410461425781
0.0014503002166748047
0.001455545425415039
0.0015001296997070312
0.0014433860778808594
0.001644134521484375
0.0015995502471923828
0.0016057491302490234
0.0015854835510253906
0.0015442371368408203
0.0015501976013183594
0.001565694808959961
0.001573801040649414
0.001519918441772461
0.001554250717163086
0.0015838146209716797
0.0015442371368408203
0.0015711784362792969
0.0014677047729492188
0.0014810562133789062
0.0015506744384765625
0.0015549659729003906
0.0016734600067138672
0.0015039443969726562
0.0015125274658203125
0.0015919208526611328
0.0014791488647460938
0.0016179084777832031
0.0014553070068359375
0.0015256404876708984
0.0016679763793945312
0.0014522075653076172
0.001543283462524414
0.0014739036560058594
0.0015177726745605469
0.0015099048614501953
0.0014712810516357422
0.0015940666198730469
0.0015079975128173828
0.0015180110931396484
0.0015032291412353516
0.0014641284942626953
0.0015575885772705078
0.0014793872833251953
0.0015022754669189453
0.001561880111694336
0.0015058517456054688
0.001562356948852539
0.00146484375
0.0015113353729248047
0.0015017986297607422
0.0015327930450439453
0.0016453266143798828
0.0015556812286376953
0.00157928466796875
0.0014748573303222656
0.0015463829040527344
0.0015265941619873047
0.0014460086822509766
0.0015289783477783203
0.0014829635620117188
0.0014605522155761719
0.0016400814056396484
0.0014815330505371094
0.0016241073608398438
0.0015101432800292969
0.001565694808959961
0.001634836196899414
0.0014488697052001953
0.0016887187957763672
0.0015094280242919922
0.0014841556549072266
0.0015168190002441406
0.0014369487762451172
0.001619577407836914
0.0014438629150390625
0.0014736652374267578
0.0016088485717773438
0.0015206336975097656
0.0016732215881347656
0.0014510154724121094
0.0015020370483398438
0.0015103816986083984
0.0015370845794677734
0.0015475749969482422
0.0015292167663574219
0.001508474349975586
0.0015025138854980469
0.0014481544494628906
0.0015397071838378906
0.001439809799194336
0.0014493465423583984
0.001455068588256836
0.0015134811401367188
0.0015494823455810547
0.0014498233795166016
0.001459360122680664
0.0015039443969726562
0.0014495849609375
0.0014677047729492188
0.0014595985412597656
0.0015554428100585938
0.0015096664428710938
0.0014417171478271484
0.0015070438385009766
0.001508951187133789
0.0014507770538330078
0.0015020370483398438
0.0014469623565673828
0.0015478134155273438
0.001500844955444336
0.001455545425415039
0.0014617443084716797
0.0014553070068359375
0.0015234947204589844
0.0015027523040771484
0.001451253890991211
0.0016694068908691406
0.001581430435180664
0.001520395278930664
0.0014624595642089844
0.0014712810516357422
0.0014662742614746094
0.001466512680053711
0.0015685558319091797
0.00154876708984375
0.0014777183532714844
0.0015044212341308594
0.0014493465423583984
0.001556396484375
0.0015876293182373047
0.0014848709106445312
0.0015769004821777344
0.0015149116516113281
0.001522064208984375
0.0015027523040771484
0.0014677047729492188
0.0015664100646972656
0.0014624595642089844
0.0014805793762207031
0.0014612674713134766
0.001619577407836914
0.0015873908996582031
0.0014536380767822266
0.0014503002166748047
0.0014660358428955078
0.0015490055084228516
0.0014693737030029297
0.0014698505401611328
0.0015406608581542969
0.0015208721160888672
0.0014371871948242188
0.0014524459838867188
0.0014443397521972656
0.0014650821685791016
0.0014553070068359375
0.001516103744506836
0.0015573501586914062
0.0015091896057128906
0.0014722347259521484
0.0015292167663574219
0.0014481544494628906
0.0014491081237792969
0.0014488697052001953
0.0014498233795166016
0.0016710758209228516
0.0014450550079345703
0.001440286636352539
0.0014786720275878906
0.0014510154724121094
0.0015215873718261719
0.0014519691467285156
0.001497507095336914
0.0015485286712646484
0.0014426708221435547
0.0015439987182617188
0.0014393329620361328
0.0014495849609375
0.0014615058898925781
0.0014495849609375
0.0015566349029541016
0.0015349388122558594
0.0015323162078857422
0.0014438629150390625
0.0014481544494628906
0.0014598369598388672
0.0015265941619873047
0.0015087127685546875
0.0015006065368652344
0.0015370845794677734
0.0015141963958740234
0.0014510154724121094
0.0014853477478027344
0.001621246337890625
0.0014407634735107422
0.0015518665313720703
0.0015139579772949219
0.001569509506225586
0.001527547836303711
0.0014617443084716797
0.0015130043029785156
0.0014882087707519531
0.0014679431915283203
0.0014455318450927734
0.0014674663543701172
0.0016849040985107422
0.0014503002166748047
0.0014600753784179688
0.0015518665313720703
0.0015232563018798828
0.0014412403106689453
0.0014400482177734375
0.0014576911926269531
0.0015659332275390625
0.0014934539794921875
0.0014576911926269531
0.0014429092407226562
0.001458883285522461
0.0015482902526855469
0.00146484375
0.0014805793762207031
0.0015730857849121094
0.0014426708221435547
0.001478433609008789
0.0014624595642089844
0.0014650821685791016
0.0014386177062988281
0.0014524459838867188
0.0014586448669433594
0.0015077590942382812
0.001489877700805664
0.0014429092407226562
0.0014438629150390625
0.0014519691467285156
0.0014445781707763672
0.0015532970428466797
0.001605987548828125
0.0015316009521484375
0.0015134811401367188
0.001453399658203125
0.001455545425415039
0.0015418529510498047
0.001483917236328125
0.0014598369598388672
0.0014460086822509766
0.0015633106231689453
0.0015592575073242188
0.0014507770538330078
0.0014591217041015625
0.0014955997467041016
0.0014755725860595703
0.0014498233795166016
0.0014429092407226562
0.0014815330505371094
0.0015180110931396484
0.0014331340789794922
0.001489400863647461
0.0014774799346923828
0.0014302730560302734
0.0014560222625732422
0.0014262199401855469
0.0014598369598388672
0.0015330314636230469
0.001422882080078125
0.0014531612396240234
0.0014514923095703125
0.001453399658203125
0.0014514923095703125
0.0014674663543701172
0.0015587806701660156
0.0015232563018798828
0.0015425682067871094
0.0014431476593017578
0.0015437602996826172
0.0014591217041015625
0.0014519691467285156
0.0014808177947998047
0.0015540122985839844
0.0015909671783447266
0.0014574527740478516
0.0014455318450927734
0.0014426708221435547
0.0014445781707763672
0.0014429092407226562
0.0014462471008300781
0.0014333724975585938
0.0015056133270263672
0.0015435218811035156
0.001443624496459961
0.0014483928680419922
0.0014369487762451172
0.0014410018920898438
0.0014462471008300781
0.001445770263671875
0.0014743804931640625
0.0014872550964355469
0.0014629364013671875
0.0014510154724121094
0.0014410018920898438
0.0014560222625732422
0.0014529228210449219
0.0014612674713134766
0.0014581680297851562
0.0015010833740234375
0.0014727115631103516
0.0015273094177246094
0.0014414787292480469
0.001500844955444336
0.0014190673828125
0.0014531612396240234
0.0014696121215820312
0.0014278888702392578
0.0014071464538574219
0.0014178752899169922
0.001397848129272461
0.001415252685546875
0.001444101333618164
0.0014226436614990234
0.00141143798828125
0.0014858245849609375
0.001451730728149414
0.0014312267303466797
0.0014297962188720703
0.0015289783477783203
0.001443624496459961
0.001447916030883789
0.001444101333618164
0.0014340877532958984
0.0014524459838867188
0.0014758110046386719
0.0014383792877197266
0.0015192031860351562
0.0015437602996826172
0.002066373825073242
0.0017085075378417969
0.0015194416046142578
0.0015034675598144531
0.0015287399291992188
0.0015108585357666016
0.0014920234680175781
0.0015330314636230469
0.0015060901641845703
0.001415252685546875
0.001546621322631836
0.0014483928680419922
0.0014362335205078125
0.0015418529510498047
0.0014386177062988281
0.0014908313751220703
0.0014886856079101562
0.0014278888702392578
0.0015294551849365234
0.0014450550079345703
0.0014472007751464844
0.0014317035675048828
0.0014352798461914062
0.0015158653259277344
0.0014467239379882812
0.0014469623565673828
0.0014350414276123047
0.0014259815216064453
0.0014290809631347656
0.0014264583587646484
0.0014081001281738281
0.0014595985412597656
0.0014553070068359375
0.001425027847290039
0.0014410018920898438
0.0014412403106689453
0.0014672279357910156
0.001422882080078125
0.0013988018035888672
0.0014030933380126953
0.001451253890991211
0.0014748573303222656
0.0014178752899169922
0.0014567375183105469
0.0013968944549560547
0.0013964176177978516
0.0013918876647949219
0.0015382766723632812
0.001483917236328125
0.0014629364013671875
0.001455068588256836
0.0014507770538330078
0.0014379024505615234
0.0014317035675048828
0.0014603137969970703
0.0014505386352539062
0.0014438629150390625
0.001451730728149414
0.0014472007751464844
0.0014545917510986328
0.0015256404876708984
0.0014739036560058594
0.0014657974243164062
0.0014793872833251953
0.0014431476593017578
0.0014567375183105469
0.0014524459838867188
0.0014672279357910156
0.0014636516571044922
0.0014600753784179688
0.0014705657958984375
0.001466512680053711
0.00145721435546875
0.001455068588256836
0.0014622211456298828
0.0014586448669433594
0.0014405250549316406
0.0014414787292480469
0.0014433860778808594
0.0014500617980957031
0.0014438629150390625
0.0014622211456298828
0.0014438629150390625
0.0014574527740478516
0.001447916030883789
0.0014307498931884766
0.0014388561248779297
0.001493692398071289
0.0014803409576416016
0.0014307498931884766
0.001432657241821289
0.00144195556640625
0.001438140869140625
0.001451253890991211
0.0014445781707763672
0.0014281272888183594
0.0014345645904541016
0.0014336109161376953
0.001443624496459961
0.0014460086822509766
0.0014338493347167969
0.0014715194702148438
0.0014603137969970703
0.0014309883117675781
0.001444101333618164
0.0014460086822509766
0.0014138221740722656
0.0014486312866210938
0.0014464855194091797
0.0014426708221435547
0.0014338493347167969
0.0014424324035644531
0.001453399658203125
0.0014393329620361328
0.0014650821685791016
0.0015246868133544922
0.0014448165893554688
0.0014433860778808594
0.0015130043029785156
0.0014495849609375
0.0014796257019042969
0.0014576911926269531
0.0014510154724121094
0.0014476776123046875
0.0014379024505615234
0.0014882087707519531
0.001445770263671875
0.001439809799194336
0.0014421939849853516
0.001455068588256836
0.00146484375
0.0014519691467285156
0.001444101333618164
0.0014619827270507812
0.0014946460723876953
0.0014603137969970703
0.0014312267303466797
0.0014286041259765625
0.0014395713806152344
0.0014274120330810547
0.00144195556640625
0.0014302730560302734
0.0014793872833251953
0.0014789104461669922
0.0014262199401855469
0.0014348030090332031
0.0014352798461914062
0.0014352798461914062
0.0014302730560302734
0.0014455318450927734
0.0014424324035644531
0.0014233589172363281
0.0014271736145019531
0.0014336109161376953
0.0014753341674804688
0.0014286041259765625
0.0014531612396240234
0.0014286041259765625
0.0014617443084716797
0.0014662742614746094
0.0014553070068359375
0.0014429092407226562
0.0014367103576660156
0.0014193058013916016
0.0014629364013671875
0.0014154911041259766
0.0015304088592529297
0.0016024112701416016
0.0014829635620117188
0.0015189647674560547
0.001458883285522461
0.0014619827270507812
0.0015125274658203125
0.00142669677734375
0.0014832019805908203
0.0015370845794677734
0.0014827251434326172
0.0015327930450439453
0.001424551010131836
0.0014722347259521484
0.0014905929565429688
0.001432180404663086
0.0015180110931396484
0.0015399456024169922
0.0014948844909667969
0.0014994144439697266
0.0014941692352294922
0.0014514923095703125
0.0014393329620361328
0.0014560222625732422
0.0015425682067871094
0.0015120506286621094
0.0015311241149902344
0.00151824951171875
0.0015494823455810547
0.001626729965209961
0.0016732215881347656
0.0016961097717285156
0.0015437602996826172
0.0016224384307861328
0.0015811920166015625
0.0017592906951904297
0.001653432846069336
0.0015227794647216797
0.0017380714416503906
0.0015392303466796875
0.0016596317291259766
0.0015759468078613281
0.0015301704406738281
0.001603841781616211
0.001443624496459961
0.0015969276428222656
0.0015308856964111328
0.0015492439270019531
0.001678466796875
0.0014255046844482422
0.00164031982421875
0.0014591217041015625
0.0015175342559814453
0.0014979839324951172
0.0014128684997558594
0.0016095638275146484
0.0014450550079345703
0.0014576911926269531
0.001463174819946289
0.0014178752899169922
0.0015888214111328125
0.0014367103576660156
0.0014183521270751953
0.0016188621520996094
0.0014519691467285156
0.0015056133270263672
0.0014367103576660156
0.0014221668243408203
0.0016148090362548828
0.0014519691467285156
0.0015223026275634766
0.0014476776123046875
0.0014603137969970703
0.001634836196899414
0.0014622211456298828
0.0015187263488769531
0.0014748573303222656
0.0014486312866210938
0.0015561580657958984
0.0015399456024169922
0.0016033649444580078
0.0014641284942626953
0.0014491081237792969
0.0014965534210205078
0.0014061927795410156
0.0014693737030029297
0.0014514923095703125
0.0014636516571044922
0.0014867782592773438
0.0014276504516601562
0.0014429092407226562
0.00142669677734375
0.0014119148254394531
0.0014107227325439453
0.001463174819946289
0.001477956771850586
0.0014309883117675781
0.0014591217041015625
0.0014660358428955078
0.0014216899871826172
0.0014040470123291016
0.0014297962188720703
0.0014088153839111328
0.001413583755493164
0.0014607906341552734
0.0014255046844482422
0.0014257431030273438
0.0014286041259765625
0.0014164447784423828
0.001405477523803711
0.0013966560363769531
0.001399993896484375
0.0014727115631103516
0.0014488697052001953
0.0014660358428955078
0.0013971328735351562
0.001416921615600586
0.0014543533325195312
0.0014557838439941406
0.0014116764068603516
0.0014579296112060547
0.0014500617980957031
0.0014481544494628906
0.0014586448669433594
0.001451730728149414
0.001413583755493164
0.0013942718505859375
0.0014538764953613281
0.0015277862548828125
0.0013976097106933594
0.0014500617980957031
0.0014464855194091797
0.0014634132385253906
0.0015194416046142578
0.0014033317565917969
0.0014166831970214844
0.001451253890991211
0.0014677047729492188
0.0014832019805908203
0.0014312267303466797
0.001407623291015625
0.0013997554779052734
0.0014576911926269531
0.0014657974243164062
0.0014317035675048828
0.0015158653259277344
0.00142669677734375
0.0014522075653076172
0.0014693737030029297
0.0014183521270751953
0.0013909339904785156
0.0014412403106689453
0.0014662742614746094
0.0013995170593261719
0.001474618911743164
0.0014543533325195312
0.0014488697052001953
0.0014243125915527344
0.0013997554779052734
0.001416921615600586
0.0014414787292480469
0.001453399658203125
0.0014946460723876953
0.0014395713806152344
0.0014872550964355469
0.0014710426330566406
0.0014812946319580078
0.0014414787292480469
0.0014591217041015625
0.0014524459838867188
0.00145721435546875
0.0015025138854980469
0.0015306472778320312
0.0014522075653076172
0.0014414787292480469
0.0014946460723876953
0.0014472007751464844
0.0014460086822509766
0.00145721435546875
0.0014386177062988281
0.0015463829040527344
0.0015332698822021484
0.0014476776123046875
0.0014445781707763672
0.001474142074584961
0.001451730728149414
0.0014510154724121094
0.0014483928680419922
0.0014901161193847656
0.0014352798461914062
0.0014543533325195312
0.0014579296112060547
0.0014417171478271484
0.001497030258178711
0.001438140869140625
0.0014491081237792969
0.0014541149139404297
0.0015249252319335938
0.0015177726745605469
0.001453399658203125
0.0014657974243164062
0.0014603137969970703
0.0014333724975585938
0.0014562606811523438
0.0014986991882324219
0.0015790462493896484
0.0014514923095703125
0.0014719963073730469
0.0014913082122802734
0.0015330314636230469
0.001497507095336914
0.0015146732330322266
0.0014655590057373047
0.00144195556640625
0.0014383792877197266
0.001550912857055664
0.001520395278930664
0.0014255046844482422
0.0014619827270507812
0.0014600753784179688
0.0014948844909667969
0.0016171932220458984
0.0014431476593017578
0.0014650821685791016
0.0015041828155517578
0.0014331340789794922
0.0014874935150146484
0.00157928466796875
0.001566171646118164
0.0016331672668457031
0.0015325546264648438
0.0015268325805664062
0.0015435218811035156
0.001538991928100586
0.001531362533569336
