13.785133293237855
13.785133293237855
12.677605154766823
12.404330615329506
12.404330615329506
12.404330615329506
10.935504917316521
10.935504917316521
10.935504917316521
10.935504917316521
10.935504917316521
10.935504917316521
10.935504917316521
10.935504917316521
10.935504917316521
10.935504917316521
10.935504917316521
10.935504917316521
10.935504917316521
10.935504917316521
10.935504917316521
10.935504917316521
10.935504917316521
10.935504917316521
10.935504917316521
10.935504917316521
10.935504917316521
10.935504917316521
10.935504917316521
10.935504917316521
10.134495468199113
10.134495468199113
10.134495468199113
10.134495468199113
10.134495468199113
10.134495468199113
10.134495468199113
10.134495468199113
10.134495468199113
10.134495468199113
10.134495468199113
10.134495468199113
10.134495468199113
10.134495468199113
9.890898060226306
9.890898060226306
9.77713186953103
9.77713186953103
9.77713186953103
9.77713186953103
9.763949094327938
9.763949094327938
8.850147340097774
8.850147340097774
8.850147340097774
8.850147340097774
8.82545565568429
8.82545565568429
8.82545565568429
8.82545565568429
8.82545565568429
8.82545565568429
8.82545565568429
8.123501739070068
7.9935962966500895
7.9935962966500895
7.9935962966500895
7.9935962966500895
7.9935962966500895
7.9935962966500895
7.9935962966500895
7.9935962966500895
7.9935962966500895
7.9142897424625005
7.9142897424625005
7.9142897424625005
7.9142897424625005
7.9142897424625005
7.9142897424625005
7.86342692448769
7.795925876099162
7.7143345304096655
7.7143345304096655
7.7143345304096655
7.604908809564421
7.604908809564421
7.604908809564421
7.3852121628111504
6.979927837565917
6.979927837565917
6.979927837565917
6.979927837565917
6.979927837565917
6.979927837565917
6.979927837565917
6.979927837565917
6.791025183659748
6.791025183659748
6.791025183659748
6.662815461834448
5.90593577507299
5.90593577507299
5.90593577507299
5.90593577507299
5.90593577507299
5.90593577507299
5.90593577507299
5.90593577507299
5.90593577507299
5.90593577507299
5.90593577507299
5.90593577507299
5.90593577507299
5.90593577507299
5.90593577507299
5.90593577507299
5.90593577507299
5.901940031999246
5.254271515467103
5.254271515467103
5.254271515467103
5.254271515467103
5.254271515467103
5.254271515467103
5.222212279801454
5.222212279801454
5.222212279801454
4.856133048853863
4.856133048853863
4.856133048853863
4.856133048853863
4.856133048853863
4.856133048853863
4.8443173154540276
4.8443173154540276
4.8443173154540276
4.8443173154540276
4.8443173154540276
4.655325889564871
4.655325889564871
4.631283135980979
4.631283135980979
4.631283135980979
4.545326852978029
4.39274199399955
4.39274199399955
4.39274199399955
4.39274199399955
4.39274199399955
4.39274199399955
4.30019261651271
4.30019261651271
4.30019261651271
4.30019261651271
4.273344228885392
4.273344228885392
4.273344228885392
4.27024506853278
4.27024506853278
4.27024506853278
4.27024506853278
4.27024506853278
4.27024506853278
4.27024506853278
4.253839717702633
4.253839717702633
4.080313961417758
4.080313961417758
4.080313961417758
4.080313961417758
4.080313961417758
4.080313961417758
4.080313961417758
4.080313961417758
4.080313961417758
4.080313961417758
4.080313961417758
4.080313961417758
4.080313961417758
4.080313961417758
4.080313961417758
4.080313961417758
4.080313961417758
4.080313961417758
3.977799445919274
3.977799445919274
3.977799445919274
3.977799445919274
3.977799445919274
3.977799445919274
3.977799445919274
3.977799445919274
3.9449041714238717
3.9449041714238717
3.9133901121158274
3.900751934256064
3.900751934256064
3.900751934256064
3.900751934256064
3.8916480304464613
3.8916480304464613
3.8916480304464613
3.5803380829086393
3.5803380829086393
3.5803380829086393
3.5803380829086393
3.5803380829086393
3.5803380829086393
3.5803380829086393
3.5334010132319307
3.4455118794528445
3.37832773296941
3.3590432535121693
3.3590432535121693
3.3590432535121693
3.3590432535121693
3.335521489258582
3.335521489258582
3.259864512653216
3.259864512653216
3.259864512653216
3.259864512653216
3.259864512653216
3.259864512653216
3.259864512653216
3.259864512653216
3.259864512653216
3.259864512653216
3.259864512653216
3.259864512653216
3.259864512653216
3.259864512653216
3.259864512653216
3.232525823953239
3.212766103921844
3.212766103921844
3.212766103921844
3.1724169621627354
3.1724169621627354
3.1724169621627354
3.1724169621627354
3.1475462713372906
3.0816932299331654
3.0816932299331654
3.0816932299331654
3.0816932299331654
3.0816932299331654
2.9886109945340635
2.9886109945340635
2.9886109945340635
2.9886109945340635
2.8623266734720687
2.7840508313125127
2.769202076145426
2.769202076145426
2.769202076145426
2.769202076145426
2.769202076145426
2.7416949778099493
2.671797373528065
2.671797373528065
2.671797373528065
2.6706070040412513
2.6706070040412513
2.6706070040412513
2.6525902093899276
2.6525902093899276
2.6525902093899276
2.6525902093899276
2.6525902093899276
2.6525902093899276
2.605884166006483
2.5675352611408755
2.5675352611408755
2.5675352611408755
2.5675352611408755
2.5675352611408755
2.5675352611408755
2.488504834843546
2.488504834843546
2.454415609894511
2.454415609894511
2.448183744654976
2.448183744654976
2.434837945148729
2.434837945148729
2.434837945148729
2.0310469265421887
2.0310469265421887
2.0310469265421887
2.0310469265421887
2.0310469265421887
2.0310469265421887
2.0310469265421887
2.0310469265421887
2.0310469265421887
2.0310469265421887
2.0310469265421887
2.0310469265421887
2.0310469265421887
2.0310469265421887
2.0310469265421887
2.0310469265421887
2.0310469265421887
2.0310469265421887
2.0310469265421887
2.0310469265421887
2.0310469265421887
2.0310469265421887
2.0310469265421887
2.0310469265421887
2.0310469265421887
2.0310469265421887
2.0310469265421887
2.0310469265421887
2.0310469265421887
2.0310469265421887
2.0310469265421887
2.0310469265421887
2.0310469265421887
2.0310469265421887
2.0310469265421887
1.9969225579624919
1.9969225579624919
1.9969225579624919
1.9969225579624919
1.9969225579624919
1.9709905143084754
1.9709905143084754
1.9709905143084754
1.9709905143084754
1.9709905143084754
1.9709905143084754
1.9502068164654247
1.9502068164654247
1.9502068164654247
1.9502068164654247
1.9281277026463428
1.919975445205452
1.919975445205452
1.919975445205452
1.919975445205452
1.919975445205452
1.919975445205452
1.919975445205452
1.919975445205452
1.8545729961382946
1.8545729961382946
1.8545729961382946
1.8414830103974182
1.83942713142374
1.83942713142374
1.8386629081076364
1.8386629081076364
1.8386629081076364
1.8386629081076364
1.7841359134523387
1.7841359134523387
1.7841359134523387
1.7841359134523387
1.7841359134523387
1.7841359134523387
1.7559585770211115
1.7559585770211115
1.7559585770211115
1.7559585770211115
1.7277490638500197
1.7277490638500197
1.7277490638500197
1.7277490638500197
1.7277490638500197
1.7277490638500197
1.6554926028288932
1.6428260926954081
1.6428260926954081
1.6428260926954081
1.6428260926954081
1.6428260926954081
1.6428260926954081
1.6428260926954081
1.6428260926954081
1.6428260926954081
1.6428260926954081
1.6428260926954081
1.6428260926954081
1.6428260926954081
1.6358121630006508
1.6358121630006508
1.6358121630006508
1.6358121630006508
1.6358121630006508
1.6358121630006508
1.6358121630006508
1.6358121630006508
1.6358121630006508
1.543971842367803
1.543971842367803
1.543971842367803
1.5420811792328806
1.485024792516171
1.485024792516171
1.485024792516171
1.485024792516171
1.485024792516171
1.485024792516171
1.485024792516171
1.4802462711476636
1.4802462711476636
1.4802462711476636
1.4802462711476636
1.4802462711476636
1.4802462711476636
1.4802462711476636
1.4802462711476636
1.4802462711476636
1.4547281637989613
1.4056364837635016
1.4056364837635016
1.3992238760103177
1.3992238760103177
1.3970119627624058
1.3546839331654965
1.3546839331654965
1.3546839331654965
1.3546839331654965
1.3546839331654965
1.3546839331654965
1.34116975829145
1.34116975829145
1.34116975829145
1.34116975829145
1.2266009037556458
1.2266009037556458
1.2266009037556458
1.2266009037556458
1.2266009037556458
1.2266009037556458
1.2266009037556458
1.2266009037556458
1.2266009037556458
1.2266009037556458
1.2266009037556458
1.2266009037556458
1.2021401110113814
1.2021401110113814
1.2021401110113814
1.2021401110113814
1.1940508042223215
1.1474159988713168
1.1474159988713168
1.1474159988713168
1.1474159988713168
1.1474159988713168
1.1474159988713168
1.1474159988713168
1.1474159988713168
1.1474159988713168
1.1474159988713168
1.1474159988713168
1.1474159988713168
1.1474159988713168
1.1474159988713168
1.1474159988713168
1.1474159988713168
1.1474159988713168
1.1474159988713168
1.1474159988713168
1.1474159988713168
1.1474159988713168
1.1474159988713168
1.1223249138451763
1.096689378487909
1.096689378487909
1.081580977682279
1.0104630947340993
1.0104630947340993
0.9090872378527806
0.9090872378527806
0.9090872378527806
0.9090872378527806
0.9090872378527806
0.9090872378527806
0.9090872378527806
0.9090872378527806
0.9090872378527806
0.9090872378527806
0.9090872378527806
0.9056982547552579
0.8857428860058079
0.8857428860058079
0.8857428860058079
0.8857428860058079
0.8857428860058079
0.8857428860058079
0.8857428860058079
0.8857428860058079
0.8857428860058079
0.8660600964449543
0.8660600964449543
0.8660600964449543
0.8660600964449543
0.8660600964449543
0.8660600964449543
0.8660600964449543
0.8660600964449543
0.8660600964449543
0.8229018847598155
0.8229018847598155
0.8229018847598155
0.8229018847598155
0.8229018847598155
0.8229018847598155
0.8229018847598155
0.8229018847598155
0.8229018847598155
0.8229018847598155
0.8229018847598155
0.8229018847598155
0.8229018847598155
0.8229018847598155
0.8229018847598155
0.8229018847598155
0.8229018847598155
0.8229018847598155
0.8092355548649124
0.7926048392780487
0.7926048392780487
0.7926048392780487
0.7926048392780487
0.7793761971506186
0.7793761971506186
0.7565754698686007
0.7565754698686007
0.7565754698686007
0.7565754698686007
0.7565754698686007
0.7565754698686007
0.7565754698686007
0.7565754698686007
0.7515457103691219
0.7185534110975595
0.7185534110975595
0.7185534110975595
0.7184060656880575
0.7184060656880575
0.7041446597751744
0.7041446597751744
0.6346794374035056
0.6346794374035056
0.6346794374035056
0.6346794374035056
0.6083702667482385
0.6083702667482385
0.6083702667482385
0.6083702667482385
0.6083702667482385
0.6083702667482385
0.6083702667482385
0.6083702667482385
0.6083702667482385
0.6083702667482385
0.6083702667482385
0.6083702667482385
0.6083702667482385
0.5975387874408824
0.5975387874408824
0.5975387874408824
0.5975387874408824
0.5975387874408824
0.5824815522437916
0.5824815522437916
0.5824815522437916
0.5824815522437916
0.5824815522437916
0.5824815522437916
0.5824815522437916
0.5824815522437916
0.545207195310681
0.545207195310681
0.545207195310681
0.545207195310681
0.545207195310681
0.545207195310681
0.545207195310681
0.545207195310681
0.545207195310681
0.545207195310681
0.545207195310681
0.545207195310681
0.5247989411877683
0.48505783882507103
0.48505783882507103
0.48505783882507103
0.48505783882507103
0.48505783882507103
0.48505783882507103
0.4604417705509931
0.4604417705509931
0.4604417705509931
0.4604417705509931
0.4604417705509931
0.4604417705509931
0.4604417705509931
0.4604417705509931
0.4604417705509931
0.4604417705509931
0.4604417705509931
0.4604417705509931
0.4604417705509931
0.4604417705509931
0.4604417705509931
0.4604417705509931
0.4260890034984115
0.4260890034984115
0.4260890034984115
0.4260890034984115
0.4260890034984115
0.4260890034984115
0.4260890034984115
0.4260890034984115
0.4260890034984115
0.4260890034984115
0.4260890034984115
0.4260890034984115
0.37074315034154637
0.37074315034154637
0.37074315034154637
0.37074315034154637
0.37074315034154637
0.37074315034154637
0.37074315034154637
0.37074315034154637
0.37074315034154637
0.37074315034154637
0.37074315034154637
0.37074315034154637
0.37001083121506184
0.37001083121506184
0.37001083121506184
0.37001083121506184
0.37001083121506184
0.3651228179403745
0.3651228179403745
0.3495007922088007
0.32167928310442306
0.32167928310442306
0.32167928310442306
0.32167928310442306
0.32167928310442306
0.32167928310442306
0.32167928310442306
0.32167928310442306
0.32167928310442306
0.32167928310442306
0.32167928310442306
0.32167928310442306
0.32167928310442306
0.32167928310442306
0.32167928310442306
0.32167928310442306
0.32167928310442306
0.32167928310442306
0.32167928310442306
0.32167928310442306
0.32167928310442306
0.32167928310442306
0.32167928310442306
0.32167928310442306
0.32167928310442306
0.31111142938991776
0.31111142938991776
0.31111142938991776
0.30646795265776205
0.30646795265776205
0.30622299461499125
0.30622299461499125
0.30589964443191775
0.30589964443191775
0.30589964443191775
0.30589964443191775
0.30589964443191775
0.30589964443191775
0.30589964443191775
0.30589964443191775
0.30589964443191775
0.30589964443191775
0.30589964443191775
0.30589964443191775
0.30589964443191775
0.30443600159910744
0.30443600159910744
0.30443600159910744
0.30057874937457996
0.30057874937457996
0.30057874937457996
0.30057874937457996
0.30057874937457996
0.29753354951746047
0.29753354951746047
0.2789424362416
0.2789424362416
0.2789424362416
0.2789424362416
0.2789424362416
0.2789424362416
0.2789424362416
0.2789424362416
0.2789424362416
0.2789424362416
0.2789424362416
0.2789424362416
0.2789424362416
0.26033189955640523
0.26033189955640523
0.26033189955640523
0.24406477590029851
0.24406477590029851
0.24406477590029851
0.24406477590029851
0.24406477590029851
0.24406477590029851
0.24406477590029851
0.24406477590029851
0.24406477590029851
0.24406477590029851
0.24406477590029851
0.24406477590029851
0.24406477590029851
0.24406477590029851
0.24220709403923735
0.24220709403923735
0.24220709403923735
0.23947461815064486
0.23947461815064486
0.2348065812414788
0.2348065812414788
0.2348065812414788
0.2348065812414788
0.2348065812414788
0.2348065812414788
0.2348065812414788
0.2348065812414788
0.2348065812414788
0.21811247589846516
0.21758466249985275
0.21758466249985275
0.21758466249985275
0.20519514012362805
0.20519514012362805
0.19768054285033543
0.19768054285033543
0.19768054285033543
0.19768054285033543
0.19768054285033543
0.19768054285033543
0.19768054285033543
0.19768054285033543
0.19768054285033543
0.19768054285033543
0.19768054285033543
0.19412958446515205
0.19412958446515205
0.19412958446515205
0.19412958446515205
0.19412958446515205
0.19412958446515205
0.19412958446515205
0.19412958446515205
0.19412958446515205
0.19412958446515205
0.19373571132685896
0.19373571132685896
0.19255113414251213
0.19255113414251213
0.19255113414251213
0.19255113414251213
0.19255113414251213
0.19255113414251213
0.19255113414251213
0.19255113414251213
0.19255113414251213
0.19255113414251213
0.18933908980033465
0.18933908980033465
0.18933908980033465
0.1780284581674536
0.1780284581674536
0.1780284581674536
0.1780284581674536
0.1780284581674536
0.1780284581674536
0.1780284581674536
0.1780284581674536
0.1780284581674536
0.17684972997805914
0.17684972997805914
0.1742784460668645
0.1742784460668645
0.16714049673661435
0.16714049673661435
0.16714049673661435
0.16714049673661435
0.16714049673661435
0.16714049673661435
0.16714049673661435
0.16714049673661435
0.16714049673661435
0.16714049673661435
0.16072606946659818
0.16072606946659818
0.15665639605943227
0.15665639605943227
0.15665639605943227
0.15665639605943227
0.15665639605943227
0.15665639605943227
0.15665639605943227
0.15665639605943227
0.1548342791345263
0.15366908607567353
0.15366908607567353
0.15340916850585273
0.15200563439476156
0.15200563439476156
0.15200563439476156
0.15200563439476156
0.14504443600099393
0.1430293558683431
0.1430293558683431
0.1430293558683431
0.1430293558683431
0.1430293558683431
0.1430293558683431
0.1430293558683431
0.1430293558683431
0.1430293558683431
0.14118495960833144
0.14118495960833144
0.14118495960833144
0.14118495960833144
0.14118495960833144
0.14108512581717036
0.14108512581717036
0.14108512581717036
0.14012289995057614
0.14012289995057614
0.13293968976961423
0.13293968976961423
0.13293968976961423
0.13293968976961423
0.13293968976961423
0.13293968976961423
0.13293968976961423
0.1329278919717254
0.13063083326364477
0.12435246496630015
0.12435246496630015
0.12435246496630015
0.12435246496630015
0.12435246496630015
0.12435246496630015
0.12435246496630015
0.12435246496630015
0.12435246496630015
0.12435246496630015
0.12435246496630015
0.12435246496630015
0.12435246496630015
0.12059150631237259
0.12006703939779584
0.12006703939779584
0.12006703939779584
0.12006703939779584
0.12006703939779584
0.12006703939779584
0.12006703939779584
0.11692696679526904
0.11692696679526904
0.11692696679526904
0.11692696679526904
0.11692696679526904
0.11265408388544529
0.11265408388544529
0.11265408388544529
0.11126186522474768
0.11126186522474768
0.11126186522474768
0.11126186522474768
0.11126186522474768
0.11126186522474768
0.11126186522474768
0.11126186522474768
0.11126186522474768
0.11126186522474768
0.11126186522474768
0.11126186522474768
0.11126186522474768
0.10983068614102365
0.10983068614102365
0.10983068614102365
0.10983068614102365
0.10983068614102365
0.10983068614102365
0.10983068614102365
0.10781714330729386
0.10781714330729386
0.10781714330729386
0.10781714330729386
0.10781714330729386
0.10586053719356414
0.10586053719356414
0.10586053719356414
0.10586053719356414
0.10586053719356414
0.10586053719356414
0.10586053719356414
0.10451145089096059
0.10080895249854649
0.10080895249854649
0.10080895249854649
0.09730655011336609
0.09730655011336609
0.08531097461391823
0.08200304918250367
0.08200304918250367
0.08200304918250367
0.08200304918250367
0.08200304918250367
0.08200304918250367
0.08200304918250367
0.08200304918250367
0.0781083864405474
0.0781083864405474
0.0781083864405474
0.0781083864405474
0.0781083864405474
0.07128680196831993
0.07128680196831993
0.07128680196831993
0.07128680196831993
0.07128680196831993
0.07128680196831993
0.07128680196831993
0.07128680196831993
0.07128680196831993
0.07128680196831993
0.07128680196831993
0.07128680196831993
0.07128680196831993
0.06846455533335671
0.06709295263847537
0.06709295263847537
0.06628910022306655
0.06157920580912446
0.06157920580912446
0.06157920580912446
0.06157920580912446
0.06157920580912446
0.06157920580912446
0.06157920580912446
0.06157920580912446
0.06157920580912446
0.06157920580912446
0.06157920580912446
0.06157920580912446
0.06157920580912446
0.06157920580912446
0.06157920580912446
0.06157920580912446
0.06157920580912446
0.06157920580912446
0.06157920580912446
0.06157920580912446
0.06157920580912446
0.06157920580912446
0.06157920580912446
0.06157920580912446
0.06157920580912446
0.05968514356646182
0.05968514356646182
0.05968514356646182
0.05948975098751674
0.05948975098751674
0.05948975098751674
0.05948975098751674
0.05948975098751674
0.05948975098751674
0.05948975098751674
0.05948975098751674
0.05948975098751674
0.05948975098751674
0.05948975098751674
0.05948975098751674
0.05948975098751674
0.05948975098751674
0.05948975098751674
0.058676431528326134
0.05849256463748276
0.05849256463748276
0.05823696402899259
