17.61496581580108
17.61496581580108
17.61496581580108
17.61496581580108
17.61496581580108
17.61496581580108
17.61496581580108
17.61496581580108
17.61496581580108
17.61496581580108
17.61496581580108
17.61496581580108
17.61496581580108
17.61496581580108
17.61496581580108
17.61496581580108
17.61496581580108
17.61496581580108
17.61496581580108
17.61496581580108
17.61496581580108
17.61496581580108
17.61496581580108
17.61496581580108
17.61496581580108
17.61496581580108
17.61496581580108
17.61496581580108
17.61496581580108
17.61496581580108
17.61496581580108
17.4791600112111
17.4791600112111
17.442504683323236
17.442504683323236
17.442504683323236
17.442504683323236
17.442504683323236
17.442504683323236
17.442504683323236
17.442504683323236
17.442504683323236
17.442504683323236
17.442504683323236
17.442504683323236
14.802240909933644
14.802240909933644
14.802240909933644
14.802240909933644
14.802240909933644
14.802240909933644
14.802240909933644
14.802240909933644
14.802240909933644
14.802240909933644
14.802240909933644
14.802240909933644
14.802240909933644
14.802240909933644
14.802240909933644
14.802240909933644
14.802240909933644
14.802240909933644
14.802240909933644
14.802240909933644
14.802240909933644
14.802240909933644
14.802240909933644
14.802240909933644
14.802240909933644
14.802240909933644
14.802240909933644
14.802240909933644
14.802240909933644
14.802240909933644
14.802240909933644
14.802240909933644
14.802240909933644
14.802240909933644
14.802240909933644
14.802240909933644
14.802240909933644
14.802240909933644
14.802240909933644
14.802240909933644
14.802240909933644
14.802240909933644
14.802240909933644
14.802240909933644
14.802240909933644
14.802240909933644
14.802240909933644
14.802240909933644
14.802240909933644
14.802240909933644
14.802240909933644
14.802240909933644
14.802240909933644
14.802240909933644
14.802240909933644
14.802240909933644
14.802240909933644
14.802240909933644
14.802240909933644
14.802240909933644
14.802240909933644
14.802240909933644
14.802240909933644
14.802240909933644
14.802240909933644
14.802240909933644
14.802240909933644
14.802240909933644
14.802240909933644
14.802240909933644
14.802240909933644
14.802240909933644
14.802240909933644
14.802240909933644
14.802240909933644
14.802240909933644
14.802240909933644
14.802240909933644
14.802240909933644
14.802240909933644
14.802240909933644
14.802240909933644
14.802240909933644
14.802240909933644
14.802240909933644
14.802240909933644
14.802240909933644
14.802240909933644
14.802240909933644
14.802240909933644
14.802240909933644
14.802240909933644
14.802240909933644
14.802240909933644
14.802240909933644
14.802240909933644
14.802240909933644
14.802240909933644
14.802240909933644
14.802240909933644
14.802240909933644
14.802240909933644
14.802240909933644
14.802240909933644
14.802240909933644
14.802240909933644
14.802240909933644
14.802240909933644
14.802240909933644
14.802240909933644
14.41410958026201
14.41410958026201
14.41410958026201
14.41410958026201
14.41410958026201
14.41410958026201
14.41410958026201
14.41410958026201
14.41410958026201
14.41410958026201
14.41410958026201
14.41410958026201
14.41410958026201
13.737356170014035
13.737356170014035
13.737356170014035
13.737356170014035
13.737356170014035
13.737356170014035
13.737356170014035
13.737356170014035
13.737356170014035
13.737356170014035
13.737356170014035
13.737356170014035
13.737356170014035
13.737356170014035
13.737356170014035
13.737356170014035
13.737356170014035
13.737356170014035
13.737356170014035
13.737356170014035
13.737356170014035
13.737356170014035
13.737356170014035
13.737356170014035
13.737356170014035
13.737356170014035
13.737356170014035
13.737356170014035
13.737356170014035
13.737356170014035
13.737356170014035
13.737356170014035
13.737356170014035
13.737356170014035
13.737356170014035
13.737356170014035
13.737356170014035
13.737356170014035
13.737356170014035
13.737356170014035
13.737356170014035
13.737356170014035
13.737356170014035
13.737356170014035
13.737356170014035
13.737356170014035
13.737356170014035
13.737356170014035
13.737356170014035
13.737356170014035
13.737356170014035
13.737356170014035
13.737356170014035
13.737356170014035
13.737356170014035
13.737356170014035
13.737356170014035
13.737356170014035
13.737356170014035
13.737356170014035
13.737356170014035
13.737356170014035
13.249553369048083
13.249553369048083
13.249553369048083
13.249553369048083
13.249553369048083
13.249553369048083
13.249553369048083
13.249553369048083
13.249553369048083
13.249553369048083
13.249553369048083
13.249553369048083
13.249553369048083
13.249553369048083
13.249553369048083
13.249553369048083
13.249553369048083
13.249553369048083
13.249553369048083
13.249553369048083
13.249553369048083
13.249553369048083
13.249553369048083
13.249553369048083
13.249553369048083
13.249553369048083
13.249553369048083
13.249553369048083
13.249553369048083
13.249553369048083
13.249553369048083
13.249553369048083
13.249553369048083
13.249553369048083
13.249553369048083
13.249553369048083
13.249553369048083
13.249553369048083
13.249553369048083
13.249553369048083
13.249553369048083
13.249553369048083
13.249553369048083
13.17033532797786
13.17033532797786
13.17033532797786
13.17033532797786
13.17033532797786
13.17033532797786
13.17033532797786
13.17033532797786
13.17033532797786
13.17033532797786
13.17033532797786
13.17033532797786
13.17033532797786
13.17033532797786
13.17033532797786
13.17033532797786
13.17033532797786
13.17033532797786
13.17033532797786
13.061580892009719
13.061580892009719
13.061580892009719
13.061580892009719
13.061580892009719
13.061580892009719
13.061580892009719
13.061580892009719
13.061580892009719
13.061580892009719
13.061580892009719
13.061580892009719
13.061580892009719
13.061580892009719
13.061580892009719
13.061580892009719
13.061580892009719
13.061580892009719
13.061580892009719
13.061580892009719
13.061580892009719
13.061580892009719
13.061580892009719
13.061580892009719
13.061580892009719
13.061580892009719
13.061580892009719
13.061580892009719
13.061580892009719
13.061580892009719
13.061580892009719
13.061580892009719
13.061580892009719
13.061580892009719
13.061580892009719
13.061580892009719
13.061580892009719
13.061580892009719
13.061580892009719
13.061580892009719
13.061580892009719
13.061580892009719
13.061580892009719
13.061580892009719
13.061580892009719
13.061580892009719
13.061580892009719
13.061580892009719
13.061580892009719
13.061580892009719
13.061580892009719
13.061580892009719
13.061580892009719
13.061580892009719
13.061580892009719
13.061580892009719
13.061580892009719
13.061580892009719
13.061580892009719
13.061580892009719
13.061580892009719
13.061580892009719
10.397437576409812
10.397437576409812
10.397437576409812
10.397437576409812
10.397437576409812
10.397437576409812
10.397437576409812
10.397437576409812
10.397437576409812
10.397437576409812
10.397437576409812
10.397437576409812
10.397437576409812
10.397437576409812
10.397437576409812
10.397437576409812
10.397437576409812
10.397437576409812
10.397437576409812
10.397437576409812
10.397437576409812
10.397437576409812
10.397437576409812
10.397437576409812
10.397437576409812
10.397437576409812
10.397437576409812
10.397437576409812
10.397437576409812
10.397437576409812
10.397437576409812
10.397437576409812
10.397437576409812
10.397437576409812
10.397437576409812
10.397437576409812
10.397437576409812
10.397437576409812
10.397437576409812
10.397437576409812
10.397437576409812
10.397437576409812
10.397437576409812
10.397437576409812
10.397437576409812
10.397437576409812
10.397437576409812
10.397437576409812
10.397437576409812
10.397437576409812
10.397437576409812
10.049008885536287
10.049008885536287
10.049008885536287
10.049008885536287
10.049008885536287
10.049008885536287
10.049008885536287
10.049008885536287
10.049008885536287
10.049008885536287
10.049008885536287
10.049008885536287
10.049008885536287
10.049008885536287
10.049008885536287
10.049008885536287
10.049008885536287
10.049008885536287
10.049008885536287
10.049008885536287
10.049008885536287
10.049008885536287
10.049008885536287
10.049008885536287
10.049008885536287
10.049008885536287
10.049008885536287
10.049008885536287
10.049008885536287
10.049008885536287
10.049008885536287
10.049008885536287
10.049008885536287
10.049008885536287
10.049008885536287
10.049008885536287
10.049008885536287
10.049008885536287
10.049008885536287
10.049008885536287
10.049008885536287
10.049008885536287
10.049008885536287
10.049008885536287
10.049008885536287
10.049008885536287
10.049008885536287
10.049008885536287
10.049008885536287
10.049008885536287
10.049008885536287
10.049008885536287
10.049008885536287
10.049008885536287
10.049008885536287
10.049008885536287
10.049008885536287
10.049008885536287
10.049008885536287
10.049008885536287
10.049008885536287
10.049008885536287
10.049008885536287
10.049008885536287
10.049008885536287
10.049008885536287
10.049008885536287
10.049008885536287
10.049008885536287
10.049008885536287
10.049008885536287
10.049008885536287
10.049008885536287
10.049008885536287
10.049008885536287
10.049008885536287
10.049008885536287
10.049008885536287
10.049008885536287
10.049008885536287
10.049008885536287
10.049008885536287
10.049008885536287
10.049008885536287
10.049008885536287
10.049008885536287
10.049008885536287
10.049008885536287
10.049008885536287
10.049008885536287
10.049008885536287
10.049008885536287
10.049008885536287
10.049008885536287
10.049008885536287
10.049008885536287
10.049008885536287
10.049008885536287
10.049008885536287
10.049008885536287
10.049008885536287
10.049008885536287
10.049008885536287
10.049008885536287
10.049008885536287
10.049008885536287
10.049008885536287
10.049008885536287
10.049008885536287
10.049008885536287
10.049008885536287
10.049008885536287
10.049008885536287
10.049008885536287
10.049008885536287
10.049008885536287
10.049008885536287
10.049008885536287
10.049008885536287
10.049008885536287
10.049008885536287
10.049008885536287
10.049008885536287
10.049008885536287
10.049008885536287
10.049008885536287
10.049008885536287
10.049008885536287
10.049008885536287
9.420408272470077
9.420408272470077
9.420408272470077
9.420408272470077
9.420408272470077
9.420408272470077
9.420408272470077
9.420408272470077
9.420408272470077
9.420408272470077
9.420408272470077
9.420408272470077
9.420408272470077
9.420408272470077
9.420408272470077
9.420408272470077
9.420408272470077
9.420408272470077
9.420408272470077
9.420408272470077
9.420408272470077
9.420408272470077
9.420408272470077
9.420408272470077
9.420408272470077
9.420408272470077
9.420408272470077
9.420408272470077
9.420408272470077
9.420408272470077
9.420408272470077
9.420408272470077
9.420408272470077
9.420408272470077
9.420408272470077
9.420408272470077
9.420408272470077
9.420408272470077
9.420408272470077
9.420408272470077
9.420408272470077
9.420408272470077
9.420408272470077
9.420408272470077
9.420408272470077
9.420408272470077
9.420408272470077
9.420408272470077
9.420408272470077
9.420408272470077
9.420408272470077
9.420408272470077
9.420408272470077
9.420408272470077
9.420408272470077
9.420408272470077
9.420408272470077
9.420408272470077
9.420408272470077
9.420408272470077
9.420408272470077
9.420408272470077
9.420408272470077
9.420408272470077
9.420408272470077
9.420408272470077
9.420408272470077
9.420408272470077
9.420408272470077
9.420408272470077
9.420408272470077
9.420408272470077
9.420408272470077
9.420408272470077
9.420408272470077
9.362857182818793
9.362857182818793
9.362857182818793
9.218707852719014
9.218707852719014
9.218707852719014
9.218707852719014
9.218707852719014
9.218707852719014
8.96151992653564
8.96151992653564
8.96151992653564
8.96151992653564
8.96151992653564
8.96151992653564
8.96151992653564
8.96151992653564
8.96151992653564
8.96151992653564
8.96151992653564
8.96151992653564
8.96151992653564
8.96151992653564
8.96151992653564
8.96151992653564
8.96151992653564
8.96151992653564
8.96151992653564
8.96151992653564
8.96151992653564
8.96151992653564
8.96151992653564
8.96151992653564
8.96151992653564
8.96151992653564
8.96151992653564
8.96151992653564
8.96151992653564
8.96151992653564
8.96151992653564
8.96151992653564
8.96151992653564
8.96151992653564
8.96151992653564
8.96151992653564
8.96151992653564
8.96151992653564
8.96151992653564
8.96151992653564
8.96151992653564
8.96151992653564
8.96151992653564
8.96151992653564
8.96151992653564
8.96151992653564
8.96151992653564
8.96151992653564
7.901759670534959
7.901759670534959
7.901759670534959
7.901759670534959
7.901759670534959
7.901759670534959
7.901759670534959
7.901759670534959
7.901759670534959
7.901759670534959
7.901759670534959
7.901759670534959
7.901759670534959
7.901759670534959
7.901759670534959
7.901759670534959
7.901759670534959
7.901759670534959
7.901759670534959
7.901759670534959
7.901759670534959
7.901759670534959
7.901759670534959
7.901759670534959
7.901759670534959
7.901759670534959
7.901759670534959
7.901759670534959
7.901759670534959
7.901759670534959
7.901759670534959
7.901759670534959
7.786755494050777
7.786755494050777
7.786755494050777
7.786755494050777
7.786755494050777
7.786755494050777
7.786755494050777
7.786755494050777
7.786755494050777
7.786755494050777
7.786755494050777
7.786755494050777
7.786755494050777
7.786755494050777
7.786755494050777
7.786755494050777
7.786755494050777
7.786755494050777
7.786755494050777
7.786755494050777
7.786755494050777
7.786755494050777
7.786755494050777
7.786755494050777
7.786755494050777
7.786755494050777
7.786755494050777
7.786755494050777
7.786755494050777
7.786755494050777
7.786755494050777
7.786755494050777
7.786755494050777
7.786755494050777
7.786755494050777
7.786755494050777
7.786755494050777
7.786755494050777
7.786755494050777
7.786755494050777
7.786755494050777
7.786755494050777
7.786755494050777
7.786755494050777
7.786755494050777
7.786755494050777
7.786755494050777
7.786755494050777
7.786755494050777
7.786755494050777
7.786755494050777
7.786755494050777
7.786755494050777
7.786755494050777
7.786755494050777
7.786755494050777
7.786755494050777
7.786755494050777
7.786755494050777
7.786755494050777
7.786755494050777
7.786755494050777
7.786755494050777
7.786755494050777
7.786755494050777
7.786755494050777
7.786755494050777
7.786755494050777
7.786755494050777
7.786755494050777
7.786755494050777
7.786755494050777
7.786755494050777
7.193652021794023
7.193652021794023
7.193652021794023
7.193652021794023
7.193652021794023
7.193652021794023
7.193652021794023
7.193652021794023
7.193652021794023
7.193652021794023
7.193652021794023
7.193652021794023
7.193652021794023
7.193652021794023
7.193652021794023
7.193652021794023
7.193652021794023
7.193652021794023
7.193652021794023
7.193652021794023
7.193652021794023
7.193652021794023
7.193652021794023
7.193652021794023
7.193652021794023
7.193652021794023
7.193652021794023
7.193652021794023
7.193652021794023
7.193652021794023
7.193652021794023
7.193652021794023
7.193652021794023
7.193652021794023
7.193652021794023
7.193652021794023
7.193652021794023
7.193652021794023
7.193652021794023
7.193652021794023
7.193652021794023
7.193652021794023
7.193652021794023
7.193652021794023
7.193652021794023
7.193652021794023
7.193652021794023
7.193652021794023
7.193652021794023
7.193652021794023
7.193652021794023
7.193652021794023
7.193652021794023
7.193652021794023
7.193652021794023
7.193652021794023
6.9549463061311645
6.9549463061311645
6.6246281281570205
6.6246281281570205
6.6246281281570205
6.6246281281570205
6.6246281281570205
6.6246281281570205
6.6246281281570205
6.6246281281570205
6.6246281281570205
6.6246281281570205
6.6246281281570205
6.6246281281570205
6.6246281281570205
6.6246281281570205
6.6246281281570205
6.6246281281570205
6.6246281281570205
6.6246281281570205
6.6246281281570205
6.6246281281570205
6.6246281281570205
6.6246281281570205
6.6246281281570205
6.6246281281570205
6.6246281281570205
6.6246281281570205
6.6246281281570205
6.6246281281570205
6.6246281281570205
6.6246281281570205
6.052212720405951
6.052212720405951
6.052212720405951
6.052212720405951
6.052212720405951
6.052212720405951
6.052212720405951
6.052212720405951
6.052212720405951
5.562173469151794
5.562173469151794
5.562173469151794
5.562173469151794
5.562173469151794
5.562173469151794
5.562173469151794
5.562173469151794
5.562173469151794
5.562173469151794
5.562173469151794
5.562173469151794
5.562173469151794
5.562173469151794
5.562173469151794
5.562173469151794
5.562173469151794
5.562173469151794
5.562173469151794
5.562173469151794
5.562173469151794
5.562173469151794
5.562173469151794
5.562173469151794
5.562173469151794
5.562173469151794
5.562173469151794
5.562173469151794
5.562173469151794
5.562173469151794
5.562173469151794
5.562173469151794
5.562173469151794
5.562173469151794
5.562173469151794
5.562173469151794
5.562173469151794
5.562173469151794
5.562173469151794
5.562173469151794
5.562173469151794
5.562173469151794
5.562173469151794
5.562173469151794
5.562173469151794
5.562173469151794
5.562173469151794
5.562173469151794
5.562173469151794
5.562173469151794
5.562173469151794
5.562173469151794
5.562173469151794
5.562173469151794
5.562173469151794
5.562173469151794
5.562173469151794
5.562173469151794
5.562173469151794
5.562173469151794
5.562173469151794
5.562173469151794
5.562173469151794
5.562173469151794
5.562173469151794
5.562173469151794
5.562173469151794
5.562173469151794
5.562173469151794
5.562173469151794
5.562173469151794
5.562173469151794
5.562173469151794
5.562173469151794
5.562173469151794
5.562173469151794
5.562173469151794
5.562173469151794
5.562173469151794
5.562173469151794
5.562173469151794
5.562173469151794
5.562173469151794
5.562173469151794
5.562173469151794
5.562173469151794
5.562173469151794
5.562173469151794
5.562173469151794
5.562173469151794
5.562173469151794
5.562173469151794
5.562173469151794
5.562173469151794
5.562173469151794
5.562173469151794
5.562173469151794
5.562173469151794
5.562173469151794
5.562173469151794
5.562173469151794
5.562173469151794
5.562173469151794
5.562173469151794
5.562173469151794
5.562173469151794
5.562173469151794
5.562173469151794
5.562173469151794
5.562173469151794
5.562173469151794
5.562173469151794
5.562173469151794
5.562173469151794
5.562173469151794
5.459882735509968
5.459882735509968
5.459882735509968
5.459882735509968
5.459882735509968
5.459882735509968
5.459882735509968
5.459882735509968
5.459882735509968
5.459882735509968
5.459882735509968
5.459882735509968
5.459882735509968
5.459882735509968
5.459882735509968
5.459882735509968
5.459882735509968
