17.60162647967359
17.067522291738598
17.067522291738598
17.067522291738598
17.067522291738598
17.067522291738598
17.067522291738598
17.067522291738598
17.067522291738598
17.067522291738598
17.067522291738598
15.87951243618069
15.87951243618069
15.87951243618069
15.87951243618069
15.87951243618069
15.803264757001081
15.570048367535609
15.570048367535609
15.570048367535609
14.771805675854926
14.771805675854926
14.771805675854926
14.771805675854926
14.771805675854926
14.771805675854926
14.771805675854926
14.771805675854926
14.771805675854926
14.771805675854926
13.606970192451763
13.606970192451763
13.606970192451763
13.606970192451763
13.606970192451763
12.351855471875963
10.753047194496936
10.753047194496936
10.753047194496936
10.126873397001695
10.126873397001695
10.126873397001695
10.126873397001695
10.126873397001695
10.126873397001695
9.748480760836348
9.748480760836348
9.748480760836348
9.748480760836348
9.748480760836348
9.748480760836348
9.748480760836348
9.748480760836348
9.354536204485813
9.354536204485813
9.354536204485813
9.354536204485813
9.354536204485813
9.354536204485813
8.393330282708789
8.393330282708789
8.393330282708789
8.393330282708789
8.393330282708789
8.002107266323277
7.877313116983602
7.877313116983602
7.877313116983602
7.877313116983602
7.877313116983602
7.283676855705362
6.608640222256252
6.608640222256252
6.608640222256252
6.559975089629635
6.559975089629635
6.343141523566313
6.343141523566313
6.343141523566313
6.295771361330026
6.032205376042995
6.032205376042995
5.820103530612654
5.820103530612654
5.68604175933303
5.051760493110763
5.051760493110763
5.051760493110763
5.051760493110763
5.051760493110763
5.051760493110763
5.051760493110763
5.051760493110763
4.577390145030606
4.577390145030606
4.577390145030606
4.577390145030606
4.577390145030606
4.577390145030606
4.577390145030606
4.577390145030606
4.577390145030606
4.577390145030606
4.577390145030606
4.577390145030606
3.967678383870034
3.967678383870034
3.967678383870034
3.967678383870034
3.967678383870034
3.967678383870034
3.967678383870034
3.967678383870034
3.967678383870034
3.967678383870034
3.967678383870034
3.967678383870034
3.8583979229246914
3.8583979229246914
3.8583979229246914
3.8583979229246914
3.8583979229246914
3.8583979229246914
3.848919434765044
3.71846065698071
3.71846065698071
3.71846065698071
3.71846065698071
3.71846065698071
3.71846065698071
3.71846065698071
3.71846065698071
3.5476943097339984
3.5476943097339984
3.5476943097339984
3.5476943097339984
3.350001837130673
3.350001837130673
3.350001837130673
3.350001837130673
3.350001837130673
3.350001837130673
3.350001837130673
3.350001837130673
3.09306198787376
3.09306198787376
3.09306198787376
3.09306198787376
3.09306198787376
3.09306198787376
3.09306198787376
3.09306198787376
3.09306198787376
3.09306198787376
3.09306198787376
3.09306198787376
3.09306198787376
3.09306198787376
3.05271730204689
3.05271730204689
3.05271730204689
2.729048926504376
2.729048926504376
2.729048926504376
2.729048926504376
2.729048926504376
2.729048926504376
2.4053927947348264
2.4053927947348264
2.4053927947348264
2.4053927947348264
2.4053927947348264
2.4053927947348264
2.4053927947348264
2.4053927947348264
2.4053927947348264
2.4053927947348264
2.4053927947348264
2.3801699233766698
2.3801699233766698
2.3552234341248734
2.3552234341248734
2.3552234341248734
2.3552234341248734
2.2948639384405247
2.2948639384405247
2.2948639384405247
2.260849236580249
2.0057861750655164
2.0057861750655164
2.0057861750655164
2.0057861750655164
2.0057861750655164
2.0057861750655164
2.0057861750655164
2.0057861750655164
2.0057861750655164
2.0057861750655164
2.0057861750655164
2.0057861750655164
1.694257042978652
1.694257042978652
1.694257042978652
1.2697919169456107
1.2697919169456107
1.2697919169456107
1.2697919169456107
0.9588224622748811
0.9588224622748811
0.9588224622748811
0.9588224622748811
0.9588224622748811
0.9588224622748811
0.9588224622748811
0.9588224622748811
0.9588224622748811
0.8561996626106492
0.8561996626106492
0.8561996626106492
0.8561996626106492
0.8561996626106492
0.8561996626106492
0.8561996626106492
0.8266762135478203
0.8266762135478203
0.8266762135478203
0.8266762135478203
0.8155578139093045
0.8155578139093045
0.8155578139093045
0.8155578139093045
0.8155578139093045
0.8044305196760426
0.8044305196760426
0.8044305196760426
0.6236608750302644
0.6236608750302644
0.6236608750302644
0.6236608750302644
0.6236608750302644
0.6236608750302644
0.6236608750302644
0.6236608750302644
0.6236608750302644
0.6236608750302644
0.6100069505926307
0.6100069505926307
0.5878239980339544
0.5878239980339544
0.5878239980339544
0.5878239980339544
0.5878239980339544
0.474867547913739
0.474867547913739
0.474867547913739
0.474867547913739
0.474867547913739
0.44865278291532107
0.44865278291532107
0.44865278291532107
0.44865278291532107
0.44865278291532107
0.43440184177690355
0.43440184177690355
0.43440184177690355
0.43440184177690355
0.43440184177690355
0.43440184177690355
0.43440184177690355
0.3653154939018144
0.3653154939018144
0.3653154939018144
0.31389525502808624
0.31389525502808624
0.31389525502808624
0.31389525502808624
0.31389525502808624
0.31389525502808624
0.31389525502808624
0.2937065562707666
0.2937065562707666
0.2937065562707666
0.2937065562707666
0.2937065562707666
0.2937065562707666
0.28442268056919673
0.28442268056919673
0.28442268056919673
0.27120129768699996
0.27120129768699996
0.27120129768699996
0.27120129768699996
0.27120129768699996
0.27120129768699996
0.2690066298456948
0.2672349421854179
0.2579522437123565
0.25466826262819
0.25466826262819
0.25466826262819
0.25466826262819
0.25466826262819
0.25154049210379625
0.21818553665456264
0.21818553665456264
0.21818553665456264
0.21818553665456264
0.2091620488810868
0.20386795555780424
0.20386795555780424
0.2024855171131854
0.150054920561967
0.150054920561967
0.150054920561967
0.150054920561967
0.150054920561967
0.150054920561967
0.150054920561967
0.150054920561967
0.150054920561967
0.150054920561967
0.150054920561967
0.150054920561967
0.10510072993725572
0.10510072993725572
0.10510072993725572
0.10510072993725572
0.10510072993725572
0.10510072993725572
0.10510072993725572
0.10510072993725572
0.10510072993725572
0.10510072993725572
0.10510072993725572
0.10510072993725572
0.10510072993725572
0.10510072993725572
0.10510072993725572
0.10510072993725572
0.10510072993725572
0.10510072993725572
0.10510072993725572
0.09582373494648166
0.09582373494648166
0.08447652420991503
0.08447652420991503
0.07097654848947599
0.07097654848947599
0.07097654848947599
0.07097654848947599
0.07097654848947599
0.07097654848947599
0.07097654848947599
0.07097654848947599
0.07097654848947599
0.07097654848947599
0.07097654848947599
0.06971060254123529
0.06971060254123529
0.06704183268208652
0.06704183268208652
0.06704183268208652
0.06704183268208652
0.06704183268208652
0.06220664961462319
0.06220664961462319
0.06220664961462319
0.04942642425174881
0.04942642425174881
0.04942642425174881
0.04942642425174881
0.04942642425174881
0.04942642425174881
0.04894622132464477
0.04894622132464477
0.04676080675235639
0.04676080675235639
0.04676080675235639
0.04212761525983666
0.04212761525983666
0.04212761525983666
0.04212761525983666
0.04212761525983666
0.04002444957601625
0.04002444957601625
0.039956111059982646
0.035802441152902986
0.035802441152902986
0.033884032433146416
0.033884032433146416
0.030096175527052793
0.030096175527052793
0.030096175527052793
0.030096175527052793
0.028460512418249095
0.028460512418249095
0.028330201556318713
0.025386677729155593
0.025386677729155593
0.024820828801853878
0.024820828801853878
0.024553268101424663
0.024553268101424663
0.022442741402375788
0.022442741402375788
0.022442741402375788
0.02049324507789052
0.02049324507789052
0.02049324507789052
0.02049324507789052
0.02049324507789052
0.02049324507789052
0.018387157799541143
0.018110751832121963
0.018110751832121963
0.018097515631762207
0.018097515631762207
0.017947218252551522
0.017947218252551522
0.01753653856324533
0.01728904277640808
0.01728904277640808
0.01728904277640808
0.01728904277640808
0.016254073906321054
0.016254073906321054
0.016254073906321054
0.016254073906321054
0.016254073906321054
0.016254073906321054
0.016254073906321054
0.016254073906321054
0.01607048785427523
0.01607048785427523
0.015902870631904875
0.0158778111868223
0.014692997367642846
0.013766881640218998
0.013766881640218998
0.013766881640218998
0.013766881640218998
0.013766881640218998
0.013429905234740858
0.012469013069733137
0.012469013069733137
0.011462158639972131
0.011137437878854684
0.011137437878854684
0.009962280932697354
0.009962280932697354
0.009962280932697354
0.009962280932697354
0.009962280932697354
0.009962280932697354
0.009962280932697354
0.009962280932697354
0.009962280932697354
0.009962280932697354
0.009766914537777893
0.009766914537777893
0.009766914537777893
0.009766914537777893
0.009766914537777893
0.008783237730320081
0.008783237730320081
0.008783237730320081
0.008783237730320081
0.008783237730320081
0.008783237730320081
0.008783237730320081
0.008689753686770274
0.008582143921376684
0.008582143921376684
0.008582143921376684
0.008582143921376684
0.008582143921376684
0.008582143921376684
0.008449893173370526
0.008349105738524543
0.008349105738524543
0.006443016554673164
0.006443016554673164
0.006443016554673164
0.005216083461938581
0.005216083461938581
0.005216083461938581
0.005216083461938581
0.005216083461938581
0.005216083461938581
0.005216083461938581
0.005216083461938581
0.005216083461938581
0.005216083461938581
0.004664530122429511
0.004607525279347158
0.004607525279347158
0.0045554790737547535
0.0045554790737547535
0.0045554790737547535
0.004306373091210958
0.004306373091210958
0.004188838330208
0.004188838330208
0.004188838330208
0.004188838330208
0.004188838330208
0.004120060919632351
0.004120060919632351
0.004120060919632351
0.003933419657656145
0.003933419657656145
0.003933419657656145
0.003933419657656145
0.003933419657656145
0.003882034755203989
0.0038350131595379366
0.00376102697650893
0.00376102697650893
0.0031440825829740504
0.0031440825829740504
0.0031440825829740504
0.0031440825829740504
0.0031440825829740504
0.0031440825829740504
0.0028663845071292826
0.0028663845071292826
0.0028663845071292826
0.002817023032093857
0.002817023032093857
0.002817023032093857
0.002817023032093857
0.002792077711088581
0.002792077711088581
0.002792077711088581
0.002792077711088581
0.0027494665319167666
0.00262064136807183
0.002461738900148447
0.0024258577080935595
0.0024258577080935595
0.0024258577080935595
0.0024258577080935595
0.0024258577080935595
0.002320301834906502
0.002265539139251871
0.002265539139251871
0.002265539139251871
0.002118980582178409
0.002118980582178409
0.002043095284829377
0.002043095284829377
0.0018981570220404365
0.0018981570220404365
0.0018981570220404365
0.0018981570220404365
0.0018981570220404365
0.0018981570220404365
0.0018981570220404365
0.0017826677423293802
0.0016470759757432063
0.00157683073588899
0.00157683073588899
0.00157683073588899
0.00157683073588899
0.0015372531740140971
0.0015372531740140971
0.0015372531740140971
0.0014813168069487403
0.0014358623153469807
0.0014358623153469807
0.0013529632073989717
0.0013529632073989717
0.0013529632073989717
0.0013063016257000015
0.0013063016257000015
0.0013063016257000015
0.0013063016257000015
0.0009406954568049741
0.0009406954568049741
0.0009406954568049741
0.0009406954568049741
0.0009406954568049741
0.0009406954568049741
0.0008480662978378462
0.0008480662978378462
0.0008480662978378462
0.0007840604277618013
0.0007840604277618013
0.0006479747583263418
0.0006479747583263418
0.0006479747583263418
0.0006479747583263418
0.0006479747583263418
0.0006479747583263418
0.0006479747583263418
0.0006479747583263418
0.0006479747583263418
0.0006479747583263418
0.0006479747583263418
0.0006479747583263418
0.0006479747583263418
0.0006204892527428285
0.0006204892527428285
0.0006204892527428285
0.0005875938064257014
0.0005875938064257014
0.0005723768980914201
0.0005723768980914201
0.0005723768980914201
0.0005723768980914201
0.0005723768980914201
0.0005723768980914201
0.0005723768980914201
0.0005639435438951068
0.0005442928963539373
0.0004688513032284902
0.0004688513032284902
0.0004688513032284902
0.0004688513032284902
0.0004688513032284902
0.0004688513032284902
0.0004688513032284902
0.0004688513032284902
0.0004688513032284902
0.0004688513032284902
0.0004145523719678579
0.0004145523719678579
0.000398567773128633
0.000398567773128633
0.0003858637334488435
0.0003858637334488435
0.0003858637334488435
0.0003356610909399649
0.0003356610909399649
0.0003356610909399649
0.0003356610909399649
0.0003356610909399649
0.0003356610909399649
0.0003356610909399649
0.0003247140725122222
0.00026465049089452464
0.00026465049089452464
0.00026465049089452464
0.00026465049089452464
0.00026465049089452464
0.00026465049089452464
0.00026465049089452464
0.00025792703136318096
0.00025792703136318096
0.00025792703136318096
0.00023220738734863744
0.00023220738734863744
0.00023220738734863744
0.00020432221265309636
0.00020432221265309636
0.00020432221265309636
0.00020432221265309636
0.00020432221265309636
0.00020432221265309636
0.00018595503895468823
0.00018595503895468823
0.00014688808060370206
0.00014688808060370206
0.00014688808060370206
0.00014688808060370206
0.00014688808060370206
0.00014688808060370206
0.00014688808060370206
0.00014688808060370206
0.00014688808060370206
0.00014688808060370206
0.00014688808060370206
0.00014688808060370206
0.00014688808060370206
0.00014688808060370206
0.00014688808060370206
0.00014688808060370206
0.00014684899797501316
0.00014684899797501316
0.00014684899797501316
0.0001277686186327287
0.0001277686186327287
0.0001178435133724065
0.0001178435133724065
0.0001178435133724065
0.0001178435133724065
0.0001178435133724065
0.0001178435133724065
0.0001178435133724065
0.0001178435133724065
0.0001178435133724065
0.00011477576817853219
0.00011477576817853219
0.00011477576817853219
0.00010907829599204888
0.00010907829599204888
0.00010907829599204888
0.00010907829599204888
0.00010907829599204888
0.00010907829599204888
0.00010907829599204888
0.00010907829599204888
0.00010107486772881202
9.530783296085588e-05
9.530783296085588e-05
9.530783296085588e-05
9.530783296085588e-05
8.80118412851516e-05
8.065443058669075e-05
8.065443058669075e-05
8.065443058669075e-05
8.065443058669075e-05
8.065443058669075e-05
8.065443058669075e-05
8.065443058669075e-05
8.065443058669075e-05
6.978217532349618e-05
6.978217532349618e-05
6.978217532349618e-05
6.978217532349618e-05
6.978217532349618e-05
6.585617218135553e-05
6.585617218135553e-05
6.182916830255181e-05
6.182916830255181e-05
6.182916830255181e-05
6.054709541913894e-05
6.054709541913894e-05
6.054709541913894e-05
6.054709541913894e-05
5.676064652249124e-05
5.131511963440971e-05
5.131511963440971e-05
5.131511963440971e-05
5.131511963440971e-05
5.131511963440971e-05
3.342274083451002e-05
3.342274083451002e-05
3.342274083451002e-05
3.342274083451002e-05
3.342274083451002e-05
3.342274083451002e-05
3.342274083451002e-05
3.342274083451002e-05
3.342274083451002e-05
3.342274083451002e-05
3.342274083451002e-05
3.342274083451002e-05
3.342274083451002e-05
3.342274083451002e-05
3.342274083451002e-05
3.342274083451002e-05
3.342274083451002e-05
3.342274083451002e-05
3.342274083451002e-05
3.342274083451002e-05
3.0703285020194926e-05
3.0703285020194926e-05
3.0703285020194926e-05
3.0703285020194926e-05
3.0703285020194926e-05
3.0703285020194926e-05
3.0703285020194926e-05
2.9340992394821797e-05
2.9340992394821797e-05
2.8900887112826013e-05
2.8900887112826013e-05
2.8900887112826013e-05
2.8900887112826013e-05
2.8682473431018707e-05
2.798936536763108e-05
2.798936536763108e-05
2.798936536763108e-05
2.7860040219707116e-05
2.529725753319667e-05
2.529725753319667e-05
2.529725753319667e-05
2.529725753319667e-05
2.3787684437337475e-05
2.3787684437337475e-05
2.3741973031121688e-05
2.3430507180677296e-05
2.0871386830378924e-05
2.083945451403224e-05
2.083945451403224e-05
1.9645912338717153e-05
1.9645912338717153e-05
1.9645912338717153e-05
1.9645912338717153e-05
1.6165083479791065e-05
1.6165083479791065e-05
1.6165083479791065e-05
1.6165083479791065e-05
1.6165083479791065e-05
1.6165083479791065e-05
1.6165083479791065e-05
1.6165083479791065e-05
1.6165083479791065e-05
1.6165083479791065e-05
1.6165083479791065e-05
1.5169631463862743e-05
1.5169631463862743e-05
1.5169631463862743e-05
1.5169631463862743e-05
1.5169631463862743e-05
1.3319502762954016e-05
1.3319502762954016e-05
1.3319502762954016e-05
1.3319502762954016e-05
1.3319502762954016e-05
1.3319502762954016e-05
1.3319502762954016e-05
1.3319502762954016e-05
1.3319502762954016e-05
1.3319502762954016e-05
1.2615364401113993e-05
1.2615364401113993e-05
1.2160969514951603e-05
1.2160969514951603e-05
1.2160969514951603e-05
1.2135199547458342e-05
1.1233498288021337e-05
1.0283736315841452e-05
1.0283736315841452e-05
1.0272215554607556e-05
1.0272215554607556e-05
1.0272215554607556e-05
1.0272215554607556e-05
1.0272215554607556e-05
1.0272215554607556e-05
1.0272215554607556e-05
1.0272215554607556e-05
1.0015765589344028e-05
1.0015765589344028e-05
9.69494464797549e-06
9.69494464797549e-06
8.48739205494553e-06
8.48739205494553e-06
8.48739205494553e-06
8.48739205494553e-06
8.48739205494553e-06
8.077428223174365e-06
8.077428223174365e-06
7.964719436870382e-06
7.964719436870382e-06
7.964719436870382e-06
6.426935037495696e-06
6.426935037495696e-06
6.426935037495696e-06
6.426935037495696e-06
5.789974469649906e-06
5.789974469649906e-06
5.789974469649906e-06
4.952228039201145e-06
4.952228039201145e-06
4.952228039201145e-06
4.952228039201145e-06
4.952228039201145e-06
4.952228039201145e-06
4.952228039201145e-06
4.952228039201145e-06
4.952228039201145e-06
4.952228039201145e-06
4.5953786163011046e-06
4.5953786163011046e-06
4.5953786163011046e-06
4.5953786163011046e-06
4.180547716003957e-06
4.180547716003957e-06
4.180547716003957e-06
4.180547716003957e-06
4.1551441896103825e-06
4.1551441896103825e-06
4.1551441896103825e-06
4.103559433588089e-06
4.103559433588089e-06
4.06886236348214e-06
4.0677208161810086e-06
3.92669784332611e-06
3.92669784332611e-06
3.92669784332611e-06
3.92669784332611e-06
3.92669784332611e-06
3.92669784332611e-06
3.86673059793452e-06
3.7030299218088203e-06
3.444068237712372e-06
3.444068237712372e-06
3.444068237712372e-06
3.0861516684410617e-06
3.0861516684410617e-06
3.0861516684410617e-06
3.0861516684410617e-06
3.0861516684410617e-06
2.706260495699553e-06
2.706260495699553e-06
2.706260495699553e-06
2.706260495699553e-06
2.706260495699553e-06
2.706260495699553e-06
2.5412112307776624e-06
2.5412112307776624e-06
2.5412112307776624e-06
2.5412112307776624e-06
2.5412112307776624e-06
2.5412112307776624e-06
2.5412112307776624e-06
2.5412112307776624e-06
2.5412112307776624e-06
2.493062620345654e-06
2.393190133176404e-06
2.393190133176404e-06
2.393190133176404e-06
2.3200835173042833e-06
1.6748103668362546e-06
1.6748103668362546e-06
1.6748103668362546e-06
1.6748103668362546e-06
1.6748103668362546e-06
1.6748103668362546e-06
1.609996111540113e-06
1.609996111540113e-06
1.609996111540113e-06
1.609996111540113e-06
1.609996111540113e-06
1.5762909946204218e-06
1.5762909946204218e-06
1.4774214456281243e-06
1.3742890487833392e-06
1.3742890487833392e-06
1.3742890487833392e-06
1.3742890487833392e-06
1.3742890487833392e-06
1.3742890487833392e-06
1.3742890487833392e-06
1.3742890487833392e-06
1.3742890487833392e-06
1.3742890487833392e-06
1.3742890487833392e-06
1.3283540134523264e-06
1.3283540134523264e-06
1.3283540134523264e-06
1.2833824172275854e-06
1.2310659478487196e-06
1.0591504278067987e-06
1.0591504278067987e-06
1.0591504278067987e-06
1.0591504278067987e-06
1.0591504278067987e-06
1.0591504278067987e-06
1.0591504278067987e-06
1.0558310705732765e-06
8.98440305263648e-07
8.98440305263648e-07
8.98440305263648e-07
8.98440305263648e-07
8.98440305263648e-07
7.976375435703176e-07
7.976375435703176e-07
7.685219145514566e-07
7.45594416429185e-07
7.45594416429185e-07
7.380934619050095e-07
7.380934619050095e-07
7.380934619050095e-07
7.380934619050095e-07
7.380934619050095e-07
6.050808991631129e-07
6.050808991631129e-07
6.050808991631129e-07
6.050808991631129e-07
4.775145576729756e-07
4.775145576729756e-07
4.775145576729756e-07
4.775145576729756e-07
4.775145576729756e-07
4.775145576729756e-07
4.775145576729756e-07
4.775145576729756e-07
4.775145576729756e-07
4.775145576729756e-07
4.775145576729756e-07
4.775145576729756e-07
4.775145576729756e-07
4.775145576729756e-07
4.775145576729756e-07
4.775145576729756e-07
4.476804171815729e-07
4.476804171815729e-07
4.476804171815729e-07
4.454242272800002e-07
4.454242272800002e-07
4.454242272800002e-07
3.841756033295951e-07
3.841756033295951e-07
3.841756033295951e-07
3.0038721732239537e-07
3.0038721732239537e-07
3.0038721732239537e-07
3.0038721732239537e-07
