17.815188589671582
17.636884063408594
17.636884063408594
17.633417699138878
17.633417699138878
17.631797093929247
17.631392370278924
17.631392370278924
17.627914575391078
17.595434836809044
17.590890345042315
17.589435273916735
17.589435273916735
17.576741325443386
17.40655200040535
17.338654964918202
17.338654964918202
16.804662480459186
16.474778215674085
16.473609694002132
16.47076523172554
16.47076523172554
16.46830039222297
16.437572954642448
16.394725393048446
16.22432097528479
15.913382201272842
13.998177912933162
13.985237041190413
13.985237041190413
13.98309974837757
13.98309974837757
13.982530314567137
13.982530314567137
13.982530314567137
13.982530314567137
13.982530314567137
13.982059494783964
13.982059494783964
13.982015384681006
13.980648447627631
13.980515365403992
13.980515365403992
13.976104283854184
13.976104283854184
13.976104283854184
13.97154378579864
13.970667040808351
13.970612482450353
13.961242916751374
13.96116278901238
13.957476499418018
13.954863086758362
13.954863086758362
13.953272947005035
13.953111678130732
13.94753454366576
13.924267834108901
13.924267834108901
13.921664777486384
13.92088425208716
13.523701981080471
13.523701981080471
13.523701981080471
13.52243645650114
13.522230924841107
13.522230924841107
13.522230924841107
12.668272242919135
12.668272242919135
12.666283726518044
12.666283726518044
12.569725889031094
12.411919318426563
12.411919318426563
12.402271320401445
12.402271320401445
12.402271320401445
12.402271320401445
12.402271320401445
12.143958921814578
12.143123001894946
12.141563545568465
12.141563545568465
12.141563545568465
12.141563545568465
11.272425851057708
11.262419085789752
11.262419085789752
11.25922244809164
11.25922244809164
11.25922244809164
11.250044808703118
11.244814873687865
11.236707369553862
11.236707369553862
11.236372070748299
11.236372070748299
11.236372070748299
11.236372070748299
11.231929807905132
10.612986213759932
10.373349670754688
10.373349670754688
10.372762726378106
10.372762726378106
10.369724696671636
10.369724696671636
10.36729954826826
10.36729954826826
10.36729954826826
10.355921544853894
10.355484958110235
10.160097085107402
10.154597716904664
10.154349396438098
10.153059495497113
10.030513206369946
10.026694193110785
10.026694193110785
10.026694193110785
10.025383615648197
10.022368485814285
10.022368485814285
10.022368485814285
10.02061800693864
10.016767005944137
10.016767005944137
10.016767005944137
10.016767005944137
9.997484778003628
9.79492486803367
9.774764145707962
9.774764145707962
9.590577057664255
9.590577057664255
9.585326562972611
9.585326562972611
9.584008673128006
9.583698277208683
9.583698277208683
9.139023376933423
9.138981492913725
9.13800388615757
9.13797724172775
9.135643528873526
9.135643528873526
9.10695584498703
9.043540611483134
9.029174786322203
9.029174786322203
9.028990143266489
9.028990143266489
9.02837020092442
9.028056351220862
7.426084545160416
7.424962329515573
7.413359334501145
7.413359334501145
7.413359334501145
7.413359334501145
7.412738139140375
7.412738139140375
7.412738139140375
7.411749238883965
7.411749238883965
7.411749238883965
7.411749238883965
7.411749238883965
7.411749238883965
7.411749238883965
7.386736989784978
7.386736989784978
7.386736989784978
7.368354176193806
7.368354176193806
7.368354176193806
7.36751429354524
7.36751429354524
7.35827435394142
7.35020306858776
7.35020306858776
7.35020306858776
7.34342240445255
7.34342240445255
7.34342240445255
7.331740189020314
7.331740189020314
7.331740189020314
7.331740189020314
7.331462474310159
7.331440994727101
7.326529119306024
7.326529119306024
7.315819596041081
7.315819596041081
7.315819596041081
7.315819596041081
7.315819596041081
7.315819596041081
7.315819596041081
7.315819596041081
7.310461057608187
7.310092050202211
7.307739584453383
7.302658560452773
7.291940159308625
7.2857789500510926
7.284404146582727
7.2823713056470645
7.2823713056470645
7.2823713056470645
7.276782330979273
7.250392917832309
7.102804083919221
7.05549707199674
7.046189668389623
7.046189668389623
7.006340738601683
6.950358553606236
6.867483457638519
6.866377847018702
6.864807741574603
6.189897319948905
6.178283879681967
6.177950418679345
6.177950418679345
6.177950418679345
6.177950418679345
6.1775368286759935
6.1775368286759935
6.166686074887105
6.166686074887105
6.161266242039293
6.145662389921327
6.145662389921327
6.145662389921327
6.145662389921327
6.145662389921327
5.932296487960091
5.932296487960091
5.932296487960091
5.932296487960091
5.932296487960091
5.931594818583916
5.931594818583916
5.931594818583916
5.9264717669036315
5.901230503078942
5.901230503078942
5.898560181236688
5.898560181236688
5.898560181236688
5.898560181236688
5.8918998369311275
5.8918998369311275
5.859756847361677
5.851458145065266
5.7225799649367275
5.719845414349916
5.718758300953745
5.717245704388869
5.496852110803159
5.494668633226919
5.493778991041051
5.492003914341581
5.492003914341581
5.491654573678311
5.491654573678311
5.452857747060641
5.452857747060641
5.448791957508314
5.2928961021910474
5.277365243991696
5.277365243991696
5.277365243991696
5.277365243991696
5.277365243991696
5.277365243991696
5.277137332562923
5.260181649714555
5.256257811657267
5.256257811657267
5.252082301151576
5.25105872029023
5.249868309002007
5.249868309002007
5.164287113560583
5.164287113560583
5.164287113560583
5.1580877939760885
5.157512702821679
5.157512702821679
5.157512702821679
5.157512702821679
4.517785239076471
4.517785239076471
4.517785239076471
4.514835999472417
4.513955846929196
4.497861265388629
4.497861265388629
4.497812685800305
4.497812685800305
4.495993477861941
4.495993477861941
4.494691740615188
4.494691740615188
4.46872109831563
4.46872109831563
4.466020637634184
4.465965091172073
4.465965091172073
4.465965091172073
4.463017546581902
4.455640373958861
4.443719033823552
4.442296900230769
4.442296900230769
4.3949095185868785
4.3948358003678365
4.393179731341611
4.393179731341611
4.391603641390613
4.36967084284732
4.347657848121429
4.347657848121429
4.338618073873704
4.319211045198003
4.316012812672962
4.291811461969637
4.291437407525706
4.275331657120994
4.275331657120994
4.275076097001406
4.275076097001406
4.275076097001406
4.2728832175924545
4.2728832175924545
4.267863792717165
4.267863792717165
4.267428308398504
4.266559347346703
4.266559347346703
4.265579033147635
4.263748445734205
4.260905510215185
4.260048175240346
4.2597879032393315
4.2597879032393315
4.255696810860808
4.243696648007596
4.2416121903963635
4.149549618591703
4.149549618591703
4.149549618591703
4.149549618591703
4.148400245521909
4.148400245521909
4.148400245521909
4.148400245521909
4.146989253959841
4.146989253959841
4.146989253959841
4.146989253959841
4.146989253959841
4.146317320353738
4.140964499144122
4.108761458272568
4.108761458272568
4.101264880025951
4.101264880025951
4.096729832759692
4.096729832759692
4.096729832759692
4.0882816852200925
4.032768628577983
4.032768628577983
4.0311847283030815
4.0150509179714575
4.0150509179714575
4.0150509179714575
4.014920365205217
3.9587514307806124
3.956735756043809
3.956735756043809
3.956735756043809
3.95661830614889
3.95661830614889
3.95661830614889
3.95661830614889
3.95661830614889
3.9547864327081435
3.932130808145523
3.932130808145523
3.932130808145523
3.932130808145523
3.9287599080018794
3.9287599080018794
3.9287599080018794
3.9231740060522036
3.907985860288587
3.760203796106598
3.7583827372922762
3.7583827372922762
3.7583078119347633
3.7583078119347633
3.758267724837687
3.7429640295199995
3.7418745436815044
3.737744881498859
3.737744881498859
3.737744881498859
3.737744881498859
3.737744881498859
3.7372321791259786
3.7372321791259786
3.7372321791259786
3.7372321791259786
3.7161235496275644
3.7161235496275644
3.7161235496275644
3.7161235496275644
3.7146976014137962
3.7131940115319892
3.7131940115319892
3.7131940115319892
3.711878428798453
3.711878428798453
3.711442596875184
3.711442596875184
3.6662540002360053
3.6302261925909285
3.6302261925909285
3.6302261925909285
3.5609487460044456
3.5609487460044456
3.5609487460044456
3.5609487460044456
3.5609487460044456
3.558570865232568
3.558457662433341
3.558457662433341
3.54911822984063
3.549098318403903
3.5482414323831186
3.5113027820833658
3.5113027820833658
3.511238392587238
3.511238392587238
3.511048383218313
3.486434061106017
3.466124118456058
3.466124118456058
3.447414563646209
3.447414563646209
3.446854011988872
3.43810129261308
3.3451499554268374
3.3451499554268374
3.328482854311151
3.210845154093409
3.210845154093409
3.207779120763039
3.207779120763039
3.207098027209355
3.207098027209355
3.206844741936738
3.206844741936738
3.206844741936738
3.206844741936738
3.206844741936738
3.1975475065799586
3.1973943751697824
3.196222295050802
3.196222295050802
3.196222295050802
3.196222295050802
3.196222295050802
3.196222295050802
3.177989272261364
3.1757521194871465
3.1757521194871465
3.175069479685529
3.175069479685529
3.166122541356188
3.166122541356188
3.166122541356188
3.1610028339444867
3.1553642213596156
3.1367096626736597
3.1299923769376647
3.126893550808255
3.126893550808255
3.1237808023773574
3.1155654559171637
3.1155654559171637
3.112192924675856
3.112192924675856
3.102783156823225
3.10255014166529
3.10255014166529
3.0838173725376024
3.0838173725376024
3.07515187529944
3.0696743880026602
3.0696743880026602
3.0696743880026602
3.0696743880026602
3.0649472813355487
3.0649472813355487
3.059498324472859
3.049283938397785
3.039294868010675
3.0003290661740003
2.9814986344619783
2.9799786304591613
2.9799786304591613
2.9799786304591613
2.9799786304591613
2.9799786304591613
2.9784008326017855
2.9784008326017855
2.9177629719423166
2.9177629719423166
2.9177629719423166
2.9162423459582207
2.915368068670194
2.915368068670194
2.886473132552876
2.886473132552876
2.884203485988845
2.884203485988845
2.884203485988845
2.884203485988845
2.884203485988845
2.802405138311645
2.7858968869399447
2.7858968869399447
2.780869930199035
2.7794603456881255
2.7787516154063425
2.7787516154063425
2.7787516154063425
2.7710804755542746
2.7710804755542746
2.7710804755542746
2.7542667371851692
2.7542667371851692
2.7519753529934725
2.7471702662123256
2.7448143620380705
2.743239538287554
2.741094140699879
2.737386570819506
2.7367885566952417
2.7304544255959335
2.729183587182142
2.729183587182142
2.726301721678599
2.725807012159919
2.720562501817703
2.708564818741614
2.708564818741614
2.7083712097768995
2.7083712097768995
2.698576512014437
2.695594392798519
2.6919999905300322
2.6919999905300322
2.6919999905300322
2.643398015131691
2.643398015131691
2.643398015131691
2.634720607191788
2.630192355722368
2.630192355722368
2.630192355722368
2.630192355722368
2.627631962702363
2.6266964985834065
2.6266964985834065
2.6266964985834065
2.6266964985834065
2.6219976551789266
2.6219976551789266
2.6183712464786595
2.6181380868539783
2.6181380868539783
2.617202510848422
2.613051617106823
2.6118128053460943
2.6104154933532833
2.608449775017771
2.607393803131007
2.607393803131007
2.5782499184633956
2.480176636691894
2.480176636691894
2.4768891124489976
2.4768891124489976
2.475934692351469
2.475934692351469
2.475934692351469
2.472318797005844
2.471320463709187
2.471320463709187
2.471320463709187
2.471320463709187
2.471320463709187
2.47084580763466
2.47084580763466
2.465352753837781
2.465352753837781
2.4533134151275178
2.4507972265729627
2.4507972265729627
2.4507972265729627
2.4507972265729627
2.4507972265729627
2.4507972265729627
2.4507972265729627
2.4507972265729627
2.4480105390930227
2.447677426482805
2.4008572800832866
2.311400981778508
2.311400981778508
2.3109954583267154
2.3109954583267154
2.3109954583267154
2.310872603122931
2.310872603122931
2.308787419595543
2.3083161435455466
2.3083161435455466
2.3083161435455466
2.3083161435455466
2.3083161435455466
2.307240775871385
2.307240775871385
2.307240775871385
2.3071229596641984
2.3071229596641984
2.3071229596641984
2.3071229596641984
2.3071229596641984
2.306538775754472
2.3062134759178328
2.2894643967851493
2.2702016384940364
2.2702016384940364
2.2702016384940364
2.2702016384940364
2.2687289634430563
2.2380794199612417
2.236974226892251
2.236974226892251
2.2366760225626443
2.2366760225626443
2.2366760225626443
2.2342596417663216
2.2319507572818438
2.2305332576803387
2.2305332576803387
2.2305332576803387
2.229720925995508
2.229720925995508
2.2288363089291394
2.2288363089291394
2.2288363089291394
2.2288363089291394
2.2288363089291394
2.2288363089291394
2.2288363089291394
2.22613307208238
2.2155926934566104
2.2155926934566104
2.2155926934566104
2.2155926934566104
2.215367105523754
2.215367105523754
2.210336732764844
2.2043280421611122
2.198010845270513
2.198010845270513
2.1921501830140144
2.190355844164287
2.1714344379164956
2.171185404663092
2.171185404663092
2.171185404663092
2.171185404663092
2.171185404663092
2.1711595149497107
2.1711595149497107
2.1679539295381858
2.1679539295381858
2.1679539295381858
2.1600217808790596
2.1600217808790596
2.158870396722012
2.144003171811015
2.144003171811015
2.143322752941682
2.1303655059769397
2.1303655059769397
2.1303655059769397
2.128919831191123
2.128919831191123
2.128919831191123
2.125716818045216
2.125716818045216
2.115884889847738
2.0722462229836616
2.0722462229836616
2.0703356731992884
2.0703356731992884
2.054258255324555
2.041241587191557
2.0318377132963263
2.0286802555008236
2.0032443585298836
2.0032443585298836
2.0015557264279877
2.0015557264279877
2.0015557264279877
1.9998414349931437
1.9995475118094248
1.9950013346019766
1.992884543007989
1.992884543007989
1.992884543007989
1.9920126151505677
1.9916748547085845
1.9916748547085845
1.9916748547085845
1.9886652281997144
1.9886652281997144
1.9840551340691732
1.9840551340691732
1.980108566282631
1.9734433605511938
1.9734433605511938
1.9734433605511938
1.973299729088719
1.9368346226565798
1.9368123443319298
1.90127632563701
1.9004325014165282
1.9003834815653775
1.9003834815653775
1.9003834815653775
1.9003834815653775
1.9003834815653775
1.9003834815653775
1.9000234044605122
1.9000234044605122
1.8881833166072504
1.8881833166072504
1.8881833166072504
1.8881833166072504
1.881040115668089
1.881040115668089
1.875616014824935
1.865633332414646
1.8644396867747517
1.8644396867747517
1.8575143282379543
1.855827792844856
1.855826590287176
1.8548213913115994
1.8434197588390653
1.842609583495097
1.8338949876291117
1.8323034123881001
1.8323034123881001
1.8151935395064065
1.8089662972425806
1.8089662972425806
1.8089662972425806
1.8089662972425806
1.783179908998072
1.783179908998072
1.783179908998072
1.7804822815696575
1.7804822815696575
1.7804822815696575
1.7804822815696575
1.7752796972628175
1.7752796972628175
1.7749035296134288
1.7749035296134288
1.7741980357998308
1.7741980357998308
1.7741980357998308
1.7741980357998308
1.7740962568136496
1.7707318293092058
1.7707318293092058
1.7707318293092058
1.7637545775544972
1.763720694609841
1.763720694609841
1.763720694609841
1.7630212329435544
1.7630212329435544
1.7630212329435544
1.7630212329435544
1.7630212329435544
1.7630212329435544
1.7630212329435544
1.7630212329435544
1.7626604515162398
1.762292050145028
1.762292050145028
1.7606718988088872
1.760526465297481
1.760526465297481
1.760526465297481
1.760526465297481
1.760526465297481
1.7468063153143731
1.7468063153143731
1.7468063153143731
1.7468063153143731
1.7454876524452487
1.7454876524452487
1.7436086025956676
1.7436086025956676
1.7432915719955417
1.7432915719955417
1.7432915719955417
1.7432915719955417
1.7384864573195173
1.7384864573195173
1.7384864573195173
1.7281394534954586
1.7281394534954586
1.7281394534954586
1.7269898370174381
1.7269898370174381
1.725968784320557
1.725968784320557
1.7240557573917776
1.7220596227348857
1.721935741986787
1.7153828123734485
1.7153828123734485
1.7153828123734485
1.7153828123734485
1.7153828123734485
1.7153828123734485
1.7153828123734485
1.7152326350643854
1.7073458352101802
1.6957355535337868
1.6957355535337868
1.6957355535337868
1.6953102265331665
1.6937383759212992
1.6937383759212992
1.6937383759212992
1.6937383759212992
1.687172978849862
1.6854899964267211
1.6854899964267211
1.6854899964267211
1.6845642661511313
1.6845642661511313
1.6845642661511313
1.6825066063409722
1.6825066063409722
1.6825066063409722
1.678457988624512
1.678392878554007
1.678392878554007
1.678392878554007
1.678392878554007
1.678392878554007
1.6780563790943681
1.6780563790943681
1.6780462168115555
1.6780462168115555
1.6780462168115555
1.6780462168115555
1.6780462168115555
1.6769742074460865
1.6769742074460865
1.6756230258740459
1.6756230258740459
1.6724846717492312
1.6724846717492312
1.6724846717492312
1.6708540955547448
1.6708540955547448
1.6708540955547448
1.6701076902506067
1.6701076902506067
1.6688943534008267
1.6687926382945193
1.6687926382945193
1.6687926382945193
1.6687926382945193
1.6686660029007534
1.6686660029007534
1.6686660029007534
1.6686660029007534
1.6665439492953844
1.6665439492953844
1.6665439492953844
1.6665439492953844
1.6665439492953844
1.6665439492953844
1.6661613658018624
1.665464456468431
1.66227292822607
1.66227292822607
1.6608861850638696
1.6605130819486753
1.6605130819486753
1.6601679033930026
1.6591165255509637
1.6591165255509637
1.6585210331383102
1.6565564044832755
1.6565564044832755
1.6558813994259474
1.6558813994259474
1.6558813994259474
1.6558813994259474
1.6558813994259474
1.6550465276245419
1.6550465276245419
1.6540280623139445
1.6539612205762921
1.6539612205762921
1.6539612205762921
1.6539612205762921
1.6539612205762921
1.6539612205762921
1.6539612205762921
1.6539612205762921
1.6539612205762921
1.6538982273603686
1.6536583140722563
1.6536341183438452
1.6530168600055823
1.6530168600055823
1.6530168600055823
1.6530168600055823
1.652492732120269
1.652278334983091
1.651963777580562
1.651963777580562
1.651963777580562
1.651963777580562
1.651963777580562
1.651963777580562
1.651963777580562
1.651963777580562
1.651963777580562
1.651627455356362
1.6513119794158548
1.6513095528481792
1.6506243582000515
1.6505500288030035
1.6505500288030035
1.6505500288030035
1.6505500288030035
1.6505500288030035
1.6505500288030035
1.6505500288030035
1.6505500288030035
1.6505500288030035
1.6504473698415048
1.6504473698415048
1.650423022330287
1.650404587601919
1.6502982040528984
1.6502982040528984
1.6502982040528984
1.6502982040528984
1.6501578524603424
1.649293076831725
1.649293076831725
1.649293076831725
1.649293076831725
1.649293076831725
1.649293076831725
1.649293076831725
1.649293076831725
1.6490201678915355
1.649015994996681
1.6487148479821414
1.6487148479821414
1.6487148479821414
1.6487148479821414
1.6486876371626984
1.6486876371626984
