13.689070846777685
13.689070846777685
13.689070846777685
12.589440086789061
12.5500073596297
12.190863044571216
12.190863044571216
12.070947832078854
12.070947832078854
12.057533101540624
12.057533101540624
12.055708883444993
11.970222437328633
11.970222437328633
11.963691076567901
11.963691076567901
11.963691076567901
11.957284847309175
11.950949304691154
11.944349635282968
11.634565864501237
11.628295639266394
11.628295639266394
11.627059410143982
11.626793750214606
11.615161567854734
11.191763869671064
11.191505611555808
11.191505611555808
11.191505611555808
10.10055030276962
10.069920873117685
10.069797906785062
10.035668379129845
10.019192689358547
10.019192689358547
10.019192689358547
10.019192689358547
10.019192689358547
9.998324364775442
9.998324364775442
9.979333870867517
9.689300591892195
9.689300591892195
9.689300591892195
9.689300591892195
9.199968904330852
9.086776044377757
9.079286202100281
9.079286202100281
9.079286202100281
9.079286202100281
9.079286202100281
9.055914388137989
8.709172355108965
8.709172355108965
8.709172355108965
8.69410362493684
8.69410362493684
8.667675875136766
8.667675875136766
8.603529397332721
8.603529397332721
8.595028250108637
8.595028250108637
8.595028250108637
8.595028250108637
8.589727361649523
8.589727361649523
8.589727361649523
8.587943631574795
8.58670201474813
8.578273313550493
8.571489906507828
8.522146792226923
8.522146792226923
8.430493050331936
8.430493050331936
8.427165343030197
8.427165343030197
8.427165343030197
8.427165343030197
8.427165343030197
8.42692110829704
8.42692110829704
8.42692110829704
8.42692110829704
8.42692110829704
8.41814886168865
8.41814886168865
8.40815065088788
8.367513508597291
8.28629828619534
8.28629828619534
8.15771523904652
8.15771523904652
8.155685831045602
8.155685831045602
8.145564392469126
8.142962231174533
8.126742593174505
7.907866634993738
7.907197295023202
7.900651104776351
7.859316731577863
7.856906493062667
7.854792998119635
7.854792998119635
7.853906222857809
7.846851050453395
7.846851050453395
7.83914092955451
7.83914092955451
7.83914092955451
7.8342500771222205
7.8342500771222205
7.8342500771222205
7.8342500771222205
7.8342500771222205
7.480848035935892
7.480848035935892
7.480848035935892
7.480848035935892
7.480848035935892
7.480848035935892
7.459774143398256
7.260258385754639
7.223274740339228
7.223274740339228
7.223248087153536
7.223248087153536
7.221566884789773
7.221566884789773
7.199259994914563
6.981301593893271
6.917570203684953
6.917570203684953
6.917570203684953
6.917570203684953
6.826316037374951
6.796638613696594
6.796638613696594
6.770037541098681
6.770037541098681
6.770037541098681
6.770037541098681
6.691071053899485
6.687414572513006
6.687414572513006
6.687414572513006
6.685588502245423
6.685588502245423
6.685588502245423
6.685588502245423
6.672622293190557
6.672622293190557
6.672622293190557
6.66961814200323
6.658268197559707
6.658024904586796
6.658024904586796
6.632362224612379
6.411516413273702
6.411068430169827
6.411068430169827
6.411068430169827
6.409243940662179
6.409243940662179
6.40432181114771
6.378079910022159
6.3161763158759
6.290264342305861
6.290264342305861
6.290264342305861
6.290264342305861
6.265952031898742
6.265952031898742
6.2487383661180615
6.2487383661180615
6.2487383661180615
6.2487383661180615
6.2487383661180615
6.2487383661180615
6.2487383661180615
6.2487383661180615
6.245819238916262
6.244503821875924
6.244503821875924
6.244503821875924
6.244503821875924
6.244503821875924
6.244503821875924
6.244503821875924
6.238434552501715
6.238434552501715
6.234431488483452
6.234431488483452
6.234431488483452
6.234431488483452
6.234431488483452
6.23107397886217
6.23107397886217
6.23107397886217
6.23107397886217
6.22610733695786
6.22610733695786
6.22610733695786
6.22610733695786
6.22610733695786
6.1895527373482935
6.1895527373482935
6.1895527373482935
6.1895527373482935
5.687180717398007
5.687180717398007
5.687180717398007
5.687180717398007
5.687180717398007
5.687180717398007
5.673342583917254
5.673342583917254
5.673342583917254
5.673342583917254
5.671110360100556
5.671110360100556
5.671083121009268
5.651842958048604
5.651842958048604
5.651842958048604
5.63540419639294
5.58947248497536
5.577391316782702
5.577391316782702
5.577391316782702
5.577391316782702
5.577391316782702
5.5770273184771
5.5770273184771
5.562358300788013
5.562358300788013
5.562358300788013
5.562358300788013
5.562358300788013
5.562358300788013
5.562358300788013
5.534247553901643
5.398573133619749
5.393918453724879
5.388599613134851
5.375428565374577
5.375428565374577
5.36702674790353
5.36702674790353
5.36702674790353
5.336227052321476
5.336227052321476
5.314783624577267
5.314783624577267
5.314783624577267
5.22487113803448
5.22487113803448
5.219810954809944
5.197207091902506
5.19414542335992
5.0473881191895345
5.015548677854845
5.010305265887197
5.007504802116571
5.0073337097894
4.8670330730628635
4.8670330730628635
4.8670330730628635
4.535150729909297
4.535150729909297
4.535150729909297
4.535150729909297
4.528747468223308
4.528747468223308
4.528747468223308
4.528747468223308
4.528747468223308
4.528747468223308
4.528747468223308
4.509513964987001
4.509513964987001
4.509513964987001
4.509513964987001
4.509513964987001
4.465797023004669
4.4605449364680965
3.8900478426830816
3.6437737563544204
3.6437737563544204
3.6437737563544204
3.6437737563544204
3.6437737563544204
3.6437737563544204
3.6437737563544204
3.6437737563544204
3.6437737563544204
3.6437737563544204
3.6437737563544204
3.6437737563544204
3.6437737563544204
3.6437737563544204
3.6437737563544204
3.6437737563544204
3.6437737563544204
3.6437737563544204
3.6437737563544204
3.642545158621978
3.642545158621978
3.642545158621978
3.642545158621978
3.642545158621978
3.642545158621978
3.642545158621978
3.642545158621978
3.642545158621978
3.642545158621978
3.642545158621978
3.642545158621978
3.642545158621978
3.642545158621978
3.642545158621978
3.642225190550903
3.642225190550903
3.642225190550903
3.642225190550903
3.642225190550903
3.642225190550903
3.642225190550903
3.642225190550903
3.642225190550903
3.642225190550903
3.642225190550903
3.642225190550903
3.642225190550903
3.6400740631298305
3.6376336302671888
3.482775308628966
3.4622350232446806
3.4622350232446806
3.4622350232446806
3.429429121088951
3.42671240705301
3.42671240705301
3.42671240705301
3.42671240705301
3.42671240705301
3.3256016639401764
3.3256016639401764
3.3256016639401764
3.298196881475249
3.2800267019468876
3.2800267019468876
3.2800267019468876
3.2800267019468876
3.1845777934018713
3.163630393082343
3.163630393082343
3.163630393082343
3.155886183065263
3.155886183065263
3.155886183065263
3.155886183065263
3.155886183065263
3.0363982025557235
3.0363982025557235
3.032263185851896
3.032263185851896
3.032263185851896
3.032263185851896
3.032263185851896
3.032263185851896
2.966068574140202
2.966068574140202
2.966068574140202
2.966068574140202
2.9291077610262377
2.9291077610262377
2.9291077610262377
2.925997004797715
2.925997004797715
2.920981351614728
2.920981351614728
2.910430478896906
2.910430478896906
2.9065247133072774
2.8888493721646924
2.8888493721646924
2.8888493721646924
2.8788818711522097
2.8195963285053054
2.812193613157447
2.8093733537695798
2.8028652829547838
2.729436493987322
2.6827635735661985
2.6827635735661985
2.6827635735661985
2.6827635735661985
2.670611034485404
2.422004739855325
2.356278334860825
2.356278334860825
2.356278334860825
2.356278334860825
2.356278334860825
2.352738034631898
2.351732811753699
2.351732811753699
2.342448032244178
2.342448032244178
2.342448032244178
2.342448032244178
2.342448032244178
2.342448032244178
2.342448032244178
2.342448032244178
2.342448032244178
2.342448032244178
2.342448032244178
2.3234340028615037
2.3234340028615037
2.3234340028615037
2.3234340028615037
2.3234340028615037
2.3234340028615037
2.3224870408746483
2.3165410794247023
2.2821666182947666
2.2821666182947666
2.2821666182947666
2.2158632745435156
2.207366043974062
2.199460961333706
2.1991670363980305
2.195848540588649
2.195848540588649
2.195848540588649
2.195848540588649
2.195848540588649
2.1844703374164283
2.1844703374164283
2.1844703374164283
2.1844703374164283
2.1844703374164283
2.1844703374164283
2.1844703374164283
2.1844703374164283
1.932546943728191
1.932546943728191
1.932546943728191
1.932546943728191
1.932546943728191
1.91771150274365
1.91771150274365
1.91771150274365
1.91771150274365
1.91771150274365
1.91771150274365
1.9117621988213642
1.9117621988213642
1.9117621988213642
1.894819490215852
1.8794820500385114
1.8794820500385114
1.8794820500385114
1.8794820500385114
1.8794820500385114
1.8794820500385114
1.8794820500385114
1.8794820500385114
1.8794820500385114
1.8794820500385114
1.8794820500385114
1.8794820500385114
1.8794820500385114
1.8794820500385114
1.8711328181896008
1.8711328181896008
1.8684432721432032
1.8684432721432032
1.8684432721432032
1.8684432721432032
1.8684432721432032
1.8684432721432032
1.8684432721432032
1.8684432721432032
1.8684432721432032
1.8396742504846202
1.8396742504846202
1.8396742504846202
1.8396742504846202
1.8396742504846202
1.8129998962615943
1.7490027082491935
1.7490027082491935
1.7490027082491935
1.7490027082491935
1.7479469724353294
1.7464707795283019
1.7464707795283019
1.7464707795283019
1.7464707795283019
1.7464707795283019
1.7464707795283019
1.7464707795283019
1.7464707795283019
1.7464707795283019
1.7464707795283019
1.7464707795283019
1.7464707795283019
1.7464707795283019
1.7464707795283019
1.7455953605562158
1.7455953605562158
1.7455953605562158
1.7411248099491488
1.7411248099491488
1.7388923976054471
1.7388923976054471
1.7388923976054471
1.7388923976054471
1.7388923976054471
1.7361879791606896
1.731420561530264
1.7277953271856887
1.7254871190549608
1.7254871190549608
1.7210615072562234
1.7210615072562234
1.7210615072562234
1.6997815430347174
1.631356389231172
1.631356389231172
1.631356389231172
1.6307074551166494
1.6307074551166494
1.6307074551166494
1.6307074551166494
1.6307074551166494
1.6282341116686965
1.6281651637888146
1.622758904224959
1.6195014137894859
1.618118464027667
1.6169159990592377
1.6094389844009598
1.6081038277875237
1.5928452630801786
1.5754960802772686
1.5709291448315668
1.5709291448315668
1.5433676368597773
1.5336684449866027
1.5310538888572225
1.5306367538671353
1.438009723016556
1.438009723016556
1.430267743066885
1.3848228979910928
1.3646155910552409
1.3646155910552409
1.3572319679770146
1.3572319679770146
1.3567645950561626
1.3567645950561626
1.3496082415832973
1.3496082415832973
1.3496082415832973
1.3429488690886942
1.3429488690886942
1.27614134691445
1.2728763075632017
1.2547782301261137
1.2547782301261137
1.2547782301261137
1.2418065383968298
1.2204910223664882
1.2204910223664882
1.2204910223664882
1.2204910223664882
1.2186299416223605
1.2186299416223605
1.2186299416223605
1.2186299416223605
1.2186299416223605
1.2186299416223605
1.2186299416223605
1.2114202932317824
1.2114202932317824
1.2114202932317824
1.2110533068157707
1.2110533068157707
1.210974390073801
1.210974390073801
1.210974390073801
1.210974390073801
1.210974390073801
1.210974390073801
1.210974390073801
1.2109151761331844
1.20149344254137
1.20149344254137
1.20149344254137
1.20149344254137
1.20149344254137
1.20149344254137
1.20149344254137
1.20149344254137
1.2005471977822637
1.2005471977822637
1.2000842380601284
1.2000842380601284
1.194600042250869
1.193826277556873
1.193826277556873
1.193826277556873
1.193826277556873
1.1919660281092561
1.1859681280736751
1.1843073897006278
1.1843073897006278
1.1843073897006278
1.1843073897006278
1.1843073897006278
1.1843073897006278
1.1843073897006278
1.1843073897006278
1.1843073897006278
1.1843073897006278
1.1843073897006278
1.1843073897006278
1.1843073897006278
1.1843073897006278
1.1843073897006278
1.1843073897006278
1.1843073897006278
1.1843073897006278
1.1843073897006278
1.1843073897006278
1.1843073897006278
1.1843073897006278
1.1843073897006278
1.1843073897006278
1.1766234010367214
1.1766234010367214
1.1679607215462937
1.1631624719401614
1.1631624719401614
1.1520535224213972
1.1254234286068723
1.1254234286068723
1.1254234286068723
1.1254234286068723
1.1254234286068723
1.1254234286068723
1.1254234286068723
1.1176485950847521
1.117506186446363
1.0102997937973015
0.9965937118674049
0.9965937118674049
0.9965937118674049
0.9965937118674049
0.9871710155354947
0.9871710155354947
0.9840729115358684
0.9840729115358684
0.9840729115358684
0.9768000481386707
0.9710882826400535
0.9710882826400535
0.9710882826400535
0.9710882826400535
0.9710882826400535
0.9710882826400535
0.9670767792851436
0.9670767792851436
0.9670767792851436
0.9494054900809274
0.9494054900809274
0.9485194536457726
0.9475528108239217
0.9210313475119918
0.9210313475119918
0.910581746660192
0.910581746660192
0.9072047193170363
0.901506957654135
0.901506957654135
0.901506957654135
0.901506957654135
0.8976035255755761
0.8970637623457876
0.8708229390530491
0.8708229390530491
0.8708229390530491
0.8708229390530491
0.8695532942169777
0.8695532942169777
0.8671166659871332
0.8671166659871332
0.8419772603382469
0.8419772603382469
0.8419772603382469
0.8419772603382469
0.8419772603382469
0.8294139101401186
0.8294139101401186
0.8294139101401186
0.8294139101401186
0.8294139101401186
0.8294139101401186
0.8294139101401186
0.8294139101401186
0.8294139101401186
0.8290512783844264
0.8290512783844264
0.8290512783844264
0.8290512783844264
0.8244886053903571
0.8244886053903571
0.8146951718903068
0.8146951718903068
0.8146951718903068
0.8141695979543613
0.8141695979543613
0.8141695979543613
0.8141695979543613
0.8135921144509339
0.8038805495769736
0.8038805495769736
0.7862054228468622
0.7862054228468622
0.7857320388554072
0.7857320388554072
0.7857320388554072
0.7857320388554072
0.7855830947103613
0.7855830947103613
0.7855830947103613
0.7855830947103613
0.7855830947103613
0.7855830947103613
0.7794004548746472
0.7794004548746472
0.7794004548746472
0.7794004548746472
0.7792129052319652
0.7792129052319652
0.778139296497848
0.778139296497848
0.7720138594524357
0.7720138594524357
0.7720138594524357
0.7720138594524357
0.7720138594524357
0.7710187547714327
0.7710187547714327
0.7710187547714327
0.7710187547714327
0.7710187547714327
0.7710187547714327
0.7705119215515239
0.7618286593815142
0.7618286593815142
0.7617945691961694
0.7617945691961694
0.7617945691961694
0.7617945691961694
0.6904610692717057
0.6904610692717057
0.6904610692717057
0.6745208846752391
0.6745208846752391
0.6745208846752391
0.6745208846752391
0.6745208846752391
0.6719154032553973
0.6718973848539562
0.6718973848539562
0.6718973848539562
0.6718973848539562
0.6718973848539562
0.671540695846808
0.671540695846808
0.6699344061999142
0.6699344061999142
0.6681665073566165
0.6655553253044104
0.6639608055484985
0.6639608055484985
0.6626630611819238
0.6336924177931849
0.6336924177931849
0.6336924177931849
0.6336924177931849
0.6336924177931849
0.6336924177931849
0.6296860581823793
0.6296860581823793
0.6234424427711645
0.6234424427711645
0.614417430769663
0.5996336123434531
0.5996336123434531
0.5996336123434531
0.5996336123434531
0.5994027610070773
0.5994027610070773
0.5994027610070773
0.5994027610070773
0.5994027610070773
0.5994027610070773
0.5994027610070773
0.5994027610070773
0.5994027610070773
0.5994027610070773
0.5994027610070773
0.5994027610070773
0.5985773310872702
0.5985773310872702
0.5835833610312235
0.5835833610312235
0.5835833610312235
0.5835833610312235
0.5835833610312235
0.5835833610312235
0.5835833610312235
0.5835833610312235
0.5664532447080219
0.5478777972430962
0.5478777972430962
0.5478777972430962
0.5478777972430962
0.5478777972430962
0.5478777972430962
0.5478777972430962
0.5478777972430962
0.5478777972430962
0.5478777972430962
0.5478777972430962
0.5478777972430962
0.5461332070299534
0.5461332070299534
0.5461332070299534
0.5461332070299534
0.53781964132844
0.5374377646627551
0.5374377646627551
0.5374245393723314
0.5276957830502056
0.5276957830502056
0.5276957830502056
0.5276957830502056
0.5230525413139588
0.5230525413139588
0.5229976009823432
0.5229976009823432
0.5223798072317507
0.5223798072317507
0.5220816050775525
0.5192128675188101
0.5191569460985477
0.5191569460985477
0.5191569460985477
0.5131048875519753
0.48557591266708755
0.48557591266708755
0.48557591266708755
0.48316323192105415
0.48316323192105415
0.48316323192105415
0.48316323192105415
0.48316323192105415
0.48316323192105415
0.48316323192105415
0.48316323192105415
0.48316323192105415
0.48316323192105415
0.48316323192105415
0.48316323192105415
0.4826806325592443
0.4826806325592443
0.4826806325592443
0.4826806325592443
0.4826806325592443
0.4826806325592443
0.4826806325592443
0.4826806325592443
0.4826806325592443
0.4705217693123913
0.4705217693123913
0.4705217693123913
0.4661019530785566
0.4661019530785566
0.4661019530785566
0.4661019530785566
0.4661019530785566
0.4661019530785566
0.4661019530785566
0.4661019530785566
0.4661019530785566
0.4661019530785566
0.4661019530785566
0.4661019530785566
0.4661019530785566
0.4661019530785566
0.4661019530785566
0.4661019530785566
0.4661019530785566
0.448547850183985
0.4184915762214203
0.4184915762214203
0.4125093439492815
0.40366523587251635
0.40366523587251635
0.3957611989763379
0.3957611989763379
0.3924467267543861
0.3924467267543861
0.39059972259797604
0.39059972259797604
0.39059972259797604
0.3905817672766929
0.3905817672766929
0.38793615519155367
0.38793615519155367
0.38793615519155367
0.38793615519155367
0.38793615519155367
0.38793615519155367
0.3844902485871273
0.3844902485871273
0.3844902485871273
0.3844902485871273
0.3819940288546917
0.3819940288546917
0.380786786354534
0.380786786354534
0.380786786354534
0.3762051600546812
0.3762051600546812
0.3762051600546812
0.3762051600546812
0.3762051600546812
0.3762051600546812
0.3762051600546812
0.3762051600546812
0.3762051600546812
0.3762051600546812
0.37537376815048873
0.37537376815048873
0.37537376815048873
0.37537376815048873
0.37537376815048873
0.37537376815048873
0.37537376815048873
0.37537376815048873
0.37537376815048873
0.3658130365632246
0.3658130365632246
0.3658130365632246
0.3658130365632246
0.3658130365632246
0.3543189342618476
0.3543189342618476
0.3543189342618476
0.349016253849328
0.349016253849328
0.349016253849328
0.349016253849328
0.349016253849328
0.34808033493091983
0.34808033493091983
0.34808033493091983
0.34808033493091983
0.34344194700504715
0.34344194700504715
0.34344194700504715
0.34344194700504715
0.34344194700504715
0.34344194700504715
0.34344194700504715
0.33096581433762395
0.33096581433762395
0.33096581433762395
0.33096581433762395
0.33096581433762395
0.33096581433762395
0.33096581433762395
0.33096581433762395
0.33096581433762395
0.33096581433762395
0.3306404081476586
0.32497983683163767
0.32497983683163767
