5.586606039452018
5.586606039452018
5.586606039452018
5.586606039452018
5.528772022354943
5.528772022354943
5.185520082584743
5.094148556783324
5.0585498133340145
4.3690910161779115
4.3690910161779115
4.3690910161779115
4.3690910161779115
4.3690910161779115
4.3690910161779115
4.3690910161779115
4.3690910161779115
4.3690910161779115
4.3690910161779115
4.3690910161779115
4.3690910161779115
4.3690910161779115
3.9835789490559854
3.9835789490559854
3.9835789490559854
3.9835789490559854
3.9835789490559854
3.9835789490559854
3.9835789490559854
3.9835789490559854
3.9835789490559854
3.9835789490559854
3.9835789490559854
3.9835789490559854
3.9835789490559854
3.9835789490559854
3.8967084829416017
3.8967084829416017
3.8967084829416017
3.839825391992214
3.839825391992214
3.474261968271893
3.4101261743361313
3.4101261743361313
3.4101261743361313
3.4101261743361313
3.385624677205488
3.385624677205488
3.324953315335499
3.267058672617388
3.267058672617388
3.244727611060398
3.0901592907639106
3.0901592907639106
3.0901592907639106
3.0901592907639106
2.9536856683730406
2.9536856683730406
2.9536856683730406
2.9536856683730406
2.9536856683730406
2.894111867242721
2.894111867242721
2.894111867242721
2.894111867242721
2.894111867242721
2.894111867242721
2.5617920880390663
2.5617920880390663
2.5617920880390663
2.554856761772065
2.554856761772065
2.554856761772065
2.554856761772065
2.554856761772065
2.554856761772065
2.4995312686049864
2.4995312686049864
2.4995312686049864
2.4995312686049864
2.257113141675724
2.257113141675724
2.257113141675724
2.257113141675724
2.257113141675724
2.257113141675724
2.257113141675724
2.257113141675724
2.257113141675724
2.257113141675724
2.257113141675724
2.257113141675724
2.257113141675724
2.257113141675724
2.257113141675724
2.257113141675724
2.257113141675724
2.257113141675724
2.257113141675724
2.257113141675724
2.257113141675724
1.983377868971779
1.983377868971779
1.983377868971779
1.983377868971779
1.983377868971779
1.983377868971779
1.983377868971779
1.983377868971779
1.983377868971779
1.983377868971779
1.8039575962413679
1.8039575962413679
1.8039575962413679
1.8039575962413679
1.8039575962413679
1.8039575962413679
1.8039575962413679
1.8039575962413679
1.7510483157577923
1.7510483157577923
1.7510483157577923
1.7510483157577923
1.7510483157577923
1.6401274067102705
1.6401274067102705
1.6356282524545875
1.6356282524545875
1.6356282524545875
1.6356282524545875
1.6356282524545875
1.6356282524545875
1.6356282524545875
1.612569324970142
1.612569324970142
1.612569324970142
1.612569324970142
1.6037512885141076
1.6037512885141076
1.6037512885141076
1.6037512885141076
1.52457652657856
1.52457652657856
1.52457652657856
1.52457652657856
1.521752935164752
1.521752935164752
1.521752935164752
1.2264020948857954
1.2264020948857954
1.2264020948857954
1.2264020948857954
1.2264020948857954
1.2264020948857954
1.1700005805337632
1.1700005805337632
1.1700005805337632
1.1700005805337632
1.1700005805337632
1.1700005805337632
1.1700005805337632
1.1700005805337632
1.1700005805337632
1.1700005805337632
1.1700005805337632
1.1700005805337632
1.1700005805337632
1.1700005805337632
1.1685727939587274
1.162093136006817
1.162093136006817
1.162093136006817
1.1300602460818787
1.1300602460818787
1.1300602460818787
1.1300602460818787
1.1300602460818787
1.1300602460818787
1.1300602460818787
1.1300602460818787
1.1300602460818787
1.1190905506167894
1.1190905506167894
1.1190905506167894
1.1190905506167894
1.1190905506167894
1.1190905506167894
1.1190905506167894
1.0951253378877297
0.8399862330418166
0.8399862330418166
0.8399862330418166
0.8399862330418166
0.8399862330418166
0.8399862330418166
0.8399862330418166
0.8399862330418166
0.762466370093577
0.762466370093577
0.762466370093577
0.762466370093577
0.762466370093577
0.762466370093577
0.762466370093577
0.762466370093577
0.762466370093577
0.762466370093577
0.762466370093577
0.762466370093577
0.762466370093577
0.762466370093577
0.762466370093577
0.762466370093577
0.762466370093577
0.762466370093577
0.762466370093577
0.6846917261694649
0.6846917261694649
0.6846917261694649
0.6846917261694649
0.6846917261694649
0.6019552938719421
0.6019552938719421
0.6019552938719421
0.6019552938719421
0.6019552938719421
0.6019552938719421
0.6019552938719421
0.6019552938719421
0.6019552938719421
0.6019552938719421
0.6019552938719421
0.6019552938719421
0.6019552938719421
0.6019552938719421
0.6019552938719421
0.6019552938719421
0.6019552938719421
0.5832729837788619
0.5832729837788619
0.5832729837788619
0.5832729837788619
0.5832729837788619
0.5832729837788619
0.5832729837788619
0.5832729837788619
0.550850644206065
0.550850644206065
0.550850644206065
0.550850644206065
0.550850644206065
0.550850644206065
0.550850644206065
0.550850644206065
0.550850644206065
0.550850644206065
0.550850644206065
0.5410346185467141
0.5410346185467141
0.5410346185467141
0.5410346185467141
0.5410346185467141
0.5063415057599023
0.5063415057599023
0.5063415057599023
0.5063415057599023
0.5063415057599023
0.5063415057599023
0.5063415057599023
0.4982938567179076
0.4982938567179076
0.4982938567179076
0.4817621905685634
0.4817621905685634
0.4817621905685634
0.4817621905685634
0.4817621905685634
0.4817621905685634
0.4817621905685634
0.4817621905685634
0.4817621905685634
0.4817621905685634
0.4817621905685634
0.4817621905685634
0.4817621905685634
0.4817621905685634
0.4817621905685634
0.4185490583315321
0.4185490583315321
0.4185490583315321
0.4185490583315321
0.4185490583315321
0.4185490583315321
0.4185490583315321
0.4185490583315321
0.4185490583315321
0.4185490583315321
0.4185490583315321
0.4185490583315321
0.4185490583315321
0.4185490583315321
0.4185490583315321
0.4185490583315321
0.4185490583315321
0.4185490583315321
0.4185490583315321
0.4185490583315321
0.3946729094386896
0.3946729094386896
0.3946729094386896
0.3946729094386896
0.3946729094386896
0.3946729094386896
0.3946729094386896
0.3946729094386896
0.3946729094386896
0.3946729094386896
0.3946729094386896
0.3946729094386896
0.3946729094386896
0.3946729094386896
0.3946729094386896
0.3946729094386896
0.3946729094386896
0.3946729094386896
0.3946729094386896
0.3946729094386896
0.3946729094386896
0.3946729094386896
0.3946729094386896
0.3946729094386896
0.3946729094386896
0.3946729094386896
0.3776112491484547
0.3776112491484547
0.3776112491484547
0.3776112491484547
0.3776112491484547
0.3776112491484547
0.3531348575253652
0.3470578048965649
0.3470578048965649
0.3470578048965649
0.3470578048965649
0.3180781348817483
0.3180781348817483
0.3180781348817483
0.3180781348817483
0.3180781348817483
0.3180781348817483
0.3180781348817483
0.3180781348817483
0.3180781348817483
0.3180781348817483
0.3180781348817483
0.3180781348817483
0.3180781348817483
0.3180781348817483
0.3180781348817483
0.3180781348817483
0.3180781348817483
0.31317227173290263
0.31317227173290263
0.31317227173290263
0.31317227173290263
0.3047221773185633
0.29908740271074663
0.29908740271074663
0.29908740271074663
0.26462080185511994
0.26462080185511994
0.26462080185511994
0.26462080185511994
0.2584185537789274
0.2584185537789274
0.2584185537789274
0.2584185537789274
0.2584185537789274
0.2584185537789274
0.2584185537789274
0.2584185537789274
0.2584185537789274
0.25821942190165004
0.25805756437803495
0.25805756437803495
0.25805756437803495
0.25598631958116513
0.25598631958116513
0.2528487721899779
0.2525167636869874
0.2525167636869874
0.2525167636869874
0.2525167636869874
0.2525167636869874
0.21586060729061174
0.21586060729061174
0.21586060729061174
0.21586060729061174
0.21586060729061174
0.21586060729061174
0.21586060729061174
0.21586060729061174
0.21586060729061174
0.21586060729061174
0.21586060729061174
0.21586060729061174
0.21586060729061174
0.21586060729061174
0.21586060729061174
0.21586060729061174
0.21586060729061174
0.21586060729061174
0.21586060729061174
0.1971406005644809
0.1971406005644809
0.19161814390938048
0.19161814390938048
0.19161814390938048
0.19161814390938048
0.19161814390938048
0.19161814390938048
0.18794060869606355
0.18794060869606355
0.18794060869606355
0.18794060869606355
0.1818208899067919
0.1818208899067919
0.1818208899067919
0.1818208899067919
0.1818208899067919
0.1818208899067919
0.1818208899067919
0.1818208899067919
0.1818208899067919
0.1818208899067919
0.1818208899067919
0.1818208899067919
0.1818208899067919
0.1818208899067919
0.1818208899067919
0.1818208899067919
0.1818208899067919
0.1818208899067919
0.1818208899067919
0.1818208899067919
0.1731719459785701
0.1731719459785701
0.1731719459785701
0.1731719459785701
0.1731719459785701
0.1731719459785701
0.1731719459785701
0.16177951465825302
0.16177951465825302
0.16177951465825302
0.16177951465825302
0.16177951465825302
0.16177951465825302
0.1568312129533176
0.1568312129533176
0.1568312129533176
0.1568312129533176
0.1568312129533176
0.1568312129533176
0.1568312129533176
0.1568312129533176
0.1568312129533176
0.14857316195630688
0.14857316195630688
0.14857316195630688
0.14857316195630688
0.14857316195630688
0.147443883066952
0.147443883066952
0.147443883066952
0.147443883066952
0.147443883066952
0.14478978198804526
0.14478978198804526
0.14478978198804526
0.14478978198804526
0.1358627657082323
0.1358627657082323
0.1358627657082323
0.1358627657082323
0.1358627657082323
0.1358627657082323
0.1358627657082323
0.1358627657082323
0.1358627657082323
0.1285328525425662
0.1285328525425662
0.1285328525425662
0.1285328525425662
0.1285328525425662
0.1285328525425662
0.1285328525425662
0.1285328525425662
0.1285328525425662
0.1285328525425662
0.1285328525425662
0.12330978922331681
0.12330978922331681
0.12330978922331681
0.12330978922331681
0.12050676565788976
0.11500128317721448
0.11500128317721448
0.11500128317721448
0.11500128317721448
0.11500128317721448
0.11500128317721448
0.11500128317721448
0.11315950071426428
0.11315950071426428
0.11315950071426428
0.11315950071426428
0.11315950071426428
0.11315950071426428
0.11315950071426428
0.11315950071426428
0.11315950071426428
0.11315950071426428
0.11315950071426428
0.11315950071426428
0.11250105908249708
0.11250105908249708
0.11250105908249708
0.1079383530068192
0.1079383530068192
0.1079383530068192
0.1079383530068192
0.1079383530068192
0.1079383530068192
0.1079383530068192
0.10579351048322394
0.10579351048322394
0.10145103365938013
0.10145103365938013
0.10145103365938013
0.0902694709939631
0.0902694709939631
0.0902694709939631
0.0902694709939631
0.0902694709939631
0.0902694709939631
0.0902694709939631
0.0902694709939631
0.0902694709939631
0.0902694709939631
0.0902694709939631
0.0902694709939631
0.0902694709939631
0.0902694709939631
0.0902694709939631
0.0902694709939631
0.0902694709939631
0.0902694709939631
0.0902694709939631
0.08892762435365498
0.0832650060339013
0.0832650060339013
0.08139297512838795
0.08139297512838795
0.08139297512838795
0.08139297512838795
0.08139297512838795
0.08139297512838795
0.06943914549066577
0.06943914549066577
0.06943914549066577
0.06943914549066577
0.06943914549066577
0.06943914549066577
0.06943914549066577
0.06943914549066577
0.06943914549066577
0.06943914549066577
0.06943914549066577
0.06943914549066577
0.06943914549066577
0.06943914549066577
0.06943914549066577
0.06943914549066577
0.06943914549066577
0.06943914549066577
0.06943914549066577
0.06943914549066577
0.06943914549066577
0.06943914549066577
0.06850565301164835
0.0662222267517052
0.0662222267517052
0.0662222267517052
0.06418656915414189
0.06418656915414189
0.061222356902082
0.061222356902082
0.057897015560662624
0.057897015560662624
0.057897015560662624
0.057897015560662624
0.057897015560662624
0.057897015560662624
0.05302314813173581
0.05302314813173581
0.05302314813173581
0.05302314813173581
0.05302314813173581
0.05302314813173581
0.05302314813173581
0.05302314813173581
0.05302314813173581
0.05302314813173581
0.05302314813173581
0.05302314813173581
0.05302314813173581
0.05302314813173581
0.05302314813173581
0.05302314813173581
0.05302314813173581
0.05302314813173581
0.05302314813173581
0.05302314813173581
0.05302314813173581
0.05302314813173581
0.05302314813173581
0.05302314813173581
0.051036258352727515
0.051036258352727515
0.051036258352727515
0.051036258352727515
0.051036258352727515
0.051036258352727515
0.051036258352727515
0.051036258352727515
0.051036258352727515
0.051036258352727515
0.051036258352727515
0.051036258352727515
0.051036258352727515
0.03351537820133643
0.03351537820133643
0.03351537820133643
0.03351537820133643
0.03351537820133643
0.03351537820133643
0.03351537820133643
0.03351537820133643
0.03351537820133643
0.03351537820133643
0.03351537820133643
0.03351537820133643
0.03351537820133643
0.03351537820133643
0.03351537820133643
0.03295042720208485
0.03295042720208485
0.03295042720208485
0.030205481526948574
0.030205481526948574
0.030205481526948574
0.030205481526948574
0.030205481526948574
0.030205481526948574
0.030205481526948574
0.030205481526948574
0.030205481526948574
0.030205481526948574
0.030205481526948574
0.030205481526948574
0.030205481526948574
0.030205481526948574
0.030205481526948574
0.030205481526948574
0.030205481526948574
0.030205481526948574
0.030205481526948574
0.030205481526948574
0.030205481526948574
0.030205481526948574
0.030205481526948574
0.030205481526948574
0.030205481526948574
0.030205481526948574
0.030205481526948574
0.030205481526948574
0.030205481526948574
0.030205481526948574
0.030205481526948574
0.030205481526948574
0.030205481526948574
0.03003561596367632
0.03003561596367632
0.03003561596367632
0.028497537926593708
0.028497537926593708
0.028497537926593708
0.028497537926593708
0.028497537926593708
0.028497537926593708
0.026685440823040807
0.026685440823040807
0.026685440823040807
0.026685440823040807
0.026685440823040807
0.026685440823040807
0.026685440823040807
0.026685440823040807
0.026685440823040807
0.026685440823040807
0.026685440823040807
0.026685440823040807
0.026685440823040807
0.026685440823040807
0.026685440823040807
0.026685440823040807
0.0266657425967054
0.0266657425967054
0.0266657425967054
0.0266657425967054
0.0266657425967054
0.0266657425967054
0.0266657425967054
0.0266657425967054
0.0266657425967054
0.0266657425967054
0.025407480489754164
0.025407480489754164
0.025407480489754164
0.025407480489754164
0.025407480489754164
0.025407480489754164
0.023124186429690496
0.022812549791410675
0.02278884799002512
0.02278884799002512
0.022462767877538425
0.022462767877538425
0.022462767877538425
0.0223572260208158
0.0223572260208158
0.0223572260208158
0.0223572260208158
0.0223572260208158
0.0223572260208158
0.0223572260208158
0.0223572260208158
0.0223572260208158
0.02210714794239621
0.02210714794239621
0.021773866428102195
0.021773866428102195
0.021761371159861653
0.02139372939601003
0.02139372939601003
0.02139372939601003
0.02139372939601003
0.02139372939601003
0.02139372939601003
0.02139372939601003
0.02139372939601003
0.021356221207629034
0.02112817747636697
0.02112817747636697
0.02112817747636697
0.02112817747636697
0.02112817747636697
0.02112817747636697
0.02112817747636697
0.02112817747636697
0.02112817747636697
0.02112817747636697
0.02062155040621505
0.02062155040621505
0.02062155040621505
0.02062155040621505
0.015680584742788994
0.015680584742788994
0.015680584742788994
0.015680584742788994
0.015680584742788994
0.015680584742788994
0.015680584742788994
0.015680584742788994
0.015680584742788994
0.015680584742788994
0.015680584742788994
0.015680584742788994
0.015680584742788994
0.015680584742788994
0.015680584742788994
0.015680584742788994
0.015680584742788994
0.015680584742788994
0.015680584742788994
0.015680584742788994
0.015680584742788994
0.015680584742788994
0.015680584742788994
0.015680584742788994
0.01409598479686025
0.01409598479686025
0.01409598479686025
0.01409598479686025
0.01409598479686025
0.01409598479686025
0.01409598479686025
0.01409598479686025
0.01409598479686025
0.01409598479686025
0.01409598479686025
0.01409598479686025
0.01409598479686025
0.013638660602435237
0.013638660602435237
0.013638660602435237
0.0124092401751561
0.0124092401751561
0.0124092401751561
0.0124092401751561
0.0124092401751561
0.0124092401751561
0.0118860840503352
0.0118860840503352
0.0118860840503352
0.0118860840503352
0.0118860840503352
0.0118860840503352
0.0118860840503352
0.0118860840503352
0.0118860840503352
0.0118860840503352
0.0118860840503352
0.0118860840503352
0.01156993024109454
0.011183616973166721
0.011183616973166721
0.010683033513945617
0.010683033513945617
0.01050003479018713
0.01050003479018713
0.010097960472680967
0.010097960472680967
0.010097960472680967
0.010097960472680967
0.010097960472680967
0.010097960472680967
0.010097960472680967
0.010097960472680967
0.010097960472680967
0.010097960472680967
0.010097960472680967
0.010097960472680967
0.010097960472680967
0.009163860236995447
0.009163860236995447
0.009163860236995447
0.009163860236995447
0.009163860236995447
0.009163860236995447
0.009163860236995447
0.009163860236995447
0.009163860236995447
0.009163860236995447
0.009163860236995447
0.009163860236995447
0.008662401436428269
0.008662401436428269
0.008662401436428269
0.008662401436428269
0.008662401436428269
0.008662401436428269
0.008662401436428269
0.008662401436428269
0.00851901232619312
0.00851901232619312
0.00851901232619312
0.00851901232619312
0.00851901232619312
0.00851901232619312
0.00851901232619312
0.00851901232619312
0.00851901232619312
0.00851901232619312
0.00851901232619312
0.008112659628181973
0.008112659628181973
0.008112659628181973
0.008112659628181973
0.008112659628181973
0.008112659628181973
0.008112659628181973
0.008112659628181973
0.008112659628181973
0.008112659628181973
0.008112659628181973
0.008112659628181973
0.008112659628181973
0.008112659628181973
0.0071942938958997615
0.0071942938958997615
0.0071942938958997615
0.0071942938958997615
0.0071942938958997615
0.0071942938958997615
0.0071942938958997615
0.0071942938958997615
0.0071942938958997615
0.0071942938958997615
0.0071942938958997615
0.0071942938958997615
0.0071942938958997615
0.0071942938958997615
0.006959012071099835
0.006959012071099835
0.006959012071099835
0.006959012071099835
0.006959012071099835
0.006959012071099835
0.006959012071099835
0.006959012071099835
0.00655594136216564
0.00655594136216564
0.00655594136216564
0.00655594136216564
0.00655594136216564
0.00655594136216564
0.00655594136216564
0.00655594136216564
0.00655594136216564
0.00655594136216564
0.00655594136216564
0.00655594136216564
0.00655594136216564
0.00655594136216564
0.00655594136216564
0.00655594136216564
0.00655594136216564
0.00655594136216564
0.00655594136216564
0.00655594136216564
0.00655594136216564
0.00655594136216564
0.00655594136216564
0.00655594136216564
0.00655594136216564
0.00655594136216564
0.00655594136216564
0.00655594136216564
0.00655594136216564
0.0063055660735891195
0.0063055660735891195
0.0063055660735891195
0.0063055660735891195
0.0063055660735891195
0.0063055660735891195
0.0063055660735891195
0.006257533058672493
0.004371186105288416
0.004371186105288416
0.004371186105288416
0.004371186105288416
0.004371186105288416
0.004371186105288416
0.004371186105288416
0.004371186105288416
0.004371186105288416
0.004371186105288416
0.004371186105288416
0.004371186105288416
0.004371186105288416
0.004371186105288416
0.004371186105288416
0.004371186105288416
0.004371186105288416
0.004371186105288416
0.004371186105288416
0.004371186105288416
0.004371186105288416
0.004371186105288416
0.004371186105288416
0.004371186105288416
0.004371186105288416
0.004371186105288416
0.004371186105288416
0.004371186105288416
0.004371186105288416
0.004231305159951404
0.004231305159951404
0.004231305159951404
0.004231305159951404
0.004231305159951404
0.004231305159951404
0.004231305159951404
0.004231305159951404
0.004231305159951404
0.004231305159951404
0.004231305159951404
0.004231305159951404
