13.057075746979237
13.057075746979237
13.029406861320574
12.808329428589982
12.445380084789878
12.445380084789878
12.445380084789878
12.445380084789878
12.345532808628658
12.345532808628658
12.271899067257284
12.271899067257284
12.263724117356887
12.263724117356887
11.800483928160151
11.63944128155821
11.45772448871298
11.396486377301557
11.396486377301557
11.191273488990355
11.191273488990355
11.191273488990355
10.938762717131425
10.938762717131425
10.885269399018032
10.885269399018032
10.595401250027155
10.595401250027155
10.595401250027155
10.595401250027155
10.595401250027155
10.595401250027155
10.595401250027155
10.595401250027155
10.595401250027155
10.595401250027155
10.595401250027155
10.595401250027155
9.206492181031322
9.206492181031322
9.206492181031322
9.206492181031322
9.206492181031322
9.206492181031322
9.206492181031322
9.206492181031322
9.206492181031322
9.206492181031322
9.206492181031322
9.206492181031322
9.206492181031322
9.206492181031322
9.126338869575545
9.126338869575545
9.126338869575545
9.126338869575545
9.126338869575545
9.126338869575545
9.126338869575545
8.50421876973769
8.50421876973769
8.50421876973769
8.50421876973769
8.50421876973769
8.50421876973769
8.50421876973769
8.50421876973769
8.50421876973769
8.50421876973769
8.50421876973769
8.50421876973769
8.438552721440434
8.438552721440434
8.438552721440434
7.83583303534229
7.83583303534229
7.83583303534229
7.83583303534229
7.83583303534229
7.83583303534229
7.83583303534229
7.83583303534229
7.83583303534229
7.83583303534229
7.83583303534229
7.83583303534229
7.83583303534229
7.73096549054533
7.73096549054533
7.73096549054533
7.445503754826518
7.445503754826518
7.445503754826518
7.445503754826518
7.445503754826518
7.445503754826518
7.050666180403475
7.050666180403475
7.050666180403475
6.996924796299119
6.9248560848778595
6.9248560848778595
6.9248560848778595
6.9248560848778595
6.9248560848778595
6.9248560848778595
6.9248560848778595
6.845049992852466
6.4935793260773025
6.4935793260773025
6.4935793260773025
6.4935793260773025
6.4935793260773025
6.4935793260773025
6.4935793260773025
6.483623865767115
6.470022583011897
6.376081866736733
6.376081866736733
6.376081866736733
6.376081866736733
6.376081866736733
6.048073102257774
6.048073102257774
6.048073102257774
6.048073102257774
6.048073102257774
6.048073102257774
6.048073102257774
6.048073102257774
6.048073102257774
6.048073102257774
5.829542764896971
5.829542764896971
5.829542764896971
5.829542764896971
5.829542764896971
5.829542764896971
5.554896395086523
5.554896395086523
5.554896395086523
4.579294432924016
4.579294432924016
4.579294432924016
4.579294432924016
4.579294432924016
4.579294432924016
4.579294432924016
4.579294432924016
4.579294432924016
4.579294432924016
4.579294432924016
4.579294432924016
4.579294432924016
4.579294432924016
4.579294432924016
4.579294432924016
4.579294432924016
4.579294432924016
4.579294432924016
4.579294432924016
4.579294432924016
4.579294432924016
4.579294432924016
4.579294432924016
4.579294432924016
4.579294432924016
4.579294432924016
4.579294432924016
4.579294432924016
4.579294432924016
4.579294432924016
4.579294432924016
4.579294432924016
4.579294432924016
4.579294432924016
4.579294432924016
4.579294432924016
3.627154640486985
3.627154640486985
3.627154640486985
3.627154640486985
3.627154640486985
3.627154640486985
3.627154640486985
3.627154640486985
3.627154640486985
3.627154640486985
3.627154640486985
3.627154640486985
3.61873367588732
3.61873367588732
3.61873367588732
3.5272917537049153
3.5272917537049153
3.5272917537049153
3.5272917537049153
3.5272917537049153
3.5272917537049153
3.5272917537049153
3.5272917537049153
3.5272917537049153
3.474325323891229
3.474325323891229
3.474325323891229
3.474325323891229
3.474325323891229
3.474325323891229
3.474325323891229
3.474325323891229
3.4531532252302384
3.4531532252302384
3.4531532252302384
3.399684800999765
3.399684800999765
3.399684800999765
3.399684800999765
3.399684800999765
3.321906351817276
3.3057427997919717
3.1953761785002257
3.1953761785002257
3.1953761785002257
3.1953761785002257
3.1953761785002257
3.1953761785002257
3.1953761785002257
2.9330575188109975
2.9330575188109975
2.9330575188109975
2.9330575188109975
2.877391693728576
2.877391693728576
2.877391693728576
2.877391693728576
2.877391693728576
2.877391693728576
2.877391693728576
2.877391693728576
2.877391693728576
2.877391693728576
2.877391693728576
2.877391693728576
2.877391693728576
2.877391693728576
2.877391693728576
2.877391693728576
2.877391693728576
2.831647373087577
2.831647373087577
2.831647373087577
2.831647373087577
2.706609738387911
2.706609738387911
2.706609738387911
2.706609738387911
2.706609738387911
2.706609738387911
2.706609738387911
2.706609738387911
2.706609738387911
2.706609738387911
2.706609738387911
2.6310775011028014
2.6310775011028014
2.6310775011028014
2.6310775011028014
2.6310775011028014
2.6310775011028014
2.6310775011028014
2.6310775011028014
2.6310775011028014
2.564222866770187
2.564222866770187
2.564222866770187
2.5634267768672245
2.5634267768672245
2.5634267768672245
2.5634267768672245
2.5634267768672245
2.5634267768672245
2.5634267768672245
2.5634267768672245
2.5634267768672245
2.5634267768672245
2.5634267768672245
2.5634267768672245
2.5634267768672245
2.5634267768672245
2.5634267768672245
2.5634267768672245
2.5634267768672245
2.5634267768672245
2.5634267768672245
2.5634267768672245
2.5634267768672245
2.5634267768672245
2.5634267768672245
2.5634267768672245
2.5634267768672245
2.5634267768672245
2.5634267768672245
2.5634267768672245
2.5634267768672245
2.488155935120261
2.488155935120261
2.340583720511951
2.340583720511951
2.340583720511951
2.340583720511951
2.340583720511951
2.340583720511951
2.340583720511951
2.340583720511951
2.340583720511951
2.340583720511951
2.340583720511951
2.340583720511951
2.3005914107599565
2.3005914107599565
2.3005914107599565
2.2613659667274533
2.2613659667274533
2.2613659667274533
2.2613659667274533
2.2613659667274533
2.2613659667274533
2.2613659667274533
2.2613659667274533
2.2613659667274533
2.2613659667274533
2.2613659667274533
2.2613659667274533
2.2613659667274533
2.2322326790606084
2.152194290625161
2.152194290625161
2.152194290625161
2.152194290625161
2.152194290625161
2.152194290625161
2.152194290625161
2.152194290625161
1.9306389451353994
1.9306389451353994
1.9306389451353994
1.9306389451353994
1.9306389451353994
1.9306389451353994
1.9306389451353994
1.9306389451353994
1.9306389451353994
1.9306389451353994
1.9306389451353994
1.9306389451353994
1.9306389451353994
1.9306389451353994
1.8621389135671436
1.8621389135671436
1.8621389135671436
1.7782097828553987
1.7782097828553987
1.7782097828553987
1.7782097828553987
1.7782097828553987
1.7782097828553987
1.7782097828553987
1.7782097828553987
1.7782097828553987
1.7782097828553987
1.7782097828553987
1.7618508821708403
1.7618508821708403
1.7618508821708403
1.752850962823075
1.752850962823075
1.7475433280744355
1.7475433280744355
1.7475433280744355
1.7432045701723453
1.7432045701723453
1.7432045701723453
1.4574121744100523
1.4574121744100523
1.4574121744100523
1.4574121744100523
1.4574121744100523
1.4574121744100523
1.4574121744100523
1.4574121744100523
1.4574121744100523
1.4574121744100523
1.4574121744100523
1.4574121744100523
1.4574121744100523
1.4574121744100523
1.4574121744100523
1.4574121744100523
1.4574121744100523
1.4574121744100523
1.4574121744100523
1.4574121744100523
1.4574121744100523
1.4574121744100523
1.4574121744100523
1.4574121744100523
1.4574121744100523
1.4574121744100523
1.4574121744100523
1.4574121744100523
1.4574121744100523
1.4574121744100523
1.4574121744100523
1.4266458004650815
1.404591646375252
1.404591646375252
1.404591646375252
1.404591646375252
1.404591646375252
1.404591646375252
1.404591646375252
1.3503612915402243
1.3503612915402243
1.3503612915402243
1.3503612915402243
1.3503612915402243
1.3503612915402243
1.3503612915402243
1.3503612915402243
1.3503612915402243
1.3503612915402243
1.3503612915402243
1.3503612915402243
1.3503612915402243
1.3503612915402243
1.3503612915402243
1.3503612915402243
1.3503612915402243
1.3496759158813205
1.3496759158813205
1.2323235743278644
1.2323235743278644
1.2323235743278644
1.2323235743278644
1.2323235743278644
1.2323235743278644
1.2323235743278644
1.2323235743278644
1.2323235743278644
1.2323235743278644
1.2323235743278644
1.2323235743278644
1.2142181458335344
1.2142181458335344
1.2142181458335344
1.2142181458335344
1.1923817562696684
1.1923817562696684
1.1923817562696684
1.1723406634768452
1.1723406634768452
1.1723406634768452
1.1723406634768452
1.166496466212088
1.1227992498895674
1.1227992498895674
1.1227992498895674
1.1227992498895674
1.0748756241038606
1.0748756241038606
1.0748756241038606
1.0748756241038606
1.0748756241038606
1.0748756241038606
1.0748756241038606
1.0580518754959272
1.0580518754959272
1.045130763343309
1.045130763343309
1.045130763343309
1.045130763343309
1.045130763343309
1.045130763343309
1.045130763343309
1.045130763343309
1.045130763343309
1.045130763343309
1.045130763343309
1.045130763343309
1.0373825675463664
1.0373825675463664
1.0373825675463664
1.0373825675463664
1.0373825675463664
1.0373825675463664
1.025491342499393
1.025491342499393
1.0230042981293437
1.0230042981293437
1.0230042981293437
1.0230042981293437
0.9626117771448008
0.9626117771448008
0.9626117771448008
0.9626117771448008
0.9409116386153684
0.9409116386153684
0.9409116386153684
0.9350149985535481
0.9350149985535481
0.9030943991914882
0.9030943991914882
0.8608451914619266
0.8608451914619266
0.8608451914619266
0.8608451914619266
0.8608451914619266
0.8608451914619266
0.8395155226592408
0.8395155226592408
0.8180283217770281
0.8180283217770281
0.7554863459911729
0.7554863459911729
0.7554863459911729
0.7554863459911729
0.7554863459911729
0.7554863459911729
0.7554863459911729
0.7554863459911729
0.7554863459911729
0.7554863459911729
0.7554863459911729
0.7554863459911729
0.7554863459911729
0.7554863459911729
0.7554863459911729
0.7554863459911729
0.6980827131437053
0.6980827131437053
0.6980827131437053
0.6980827131437053
0.6980827131437053
0.6980827131437053
0.6980827131437053
0.6980827131437053
0.6980827131437053
0.6980827131437053
0.6980827131437053
0.6980827131437053
0.6980827131437053
0.6980827131437053
0.6980827131437053
0.6980827131437053
0.6980827131437053
0.6980827131437053
0.6775169502834473
0.6775169502834473
0.6775169502834473
0.6462626307746646
0.6462626307746646
0.6462626307746646
0.6462626307746646
0.6462626307746646
0.6462626307746646
0.6462626307746646
0.6462626307746646
0.6462626307746646
0.6462626307746646
0.6462626307746646
0.6462626307746646
0.6053258328645441
0.6053258328645441
0.5892710680300297
0.5892710680300297
0.5892710680300297
0.5892710680300297
0.5717247960566496
0.5717247960566496
0.5717247960566496
0.5717247960566496
0.5694940881466621
0.5472608074140624
0.5472608074140624
0.5472608074140624
0.5472608074140624
0.5472608074140624
0.5472608074140624
0.5472608074140624
0.5472608074140624
0.5472608074140624
0.5472608074140624
0.5472608074140624
0.5227590157875639
0.5227590157875639
0.5227590157875639
0.5227590157875639
0.5227590157875639
0.5227590157875639
0.5227590157875639
0.5227590157875639
0.5227590157875639
0.5227590157875639
0.5227590157875639
0.5190982912295041
0.5176992841658148
0.5035755889177764
0.49452321571584434
0.49452321571584434
0.49452321571584434
0.46787649422999067
0.46787649422999067
0.46787649422999067
0.46787649422999067
0.46787649422999067
0.46787649422999067
0.4667519818307113
0.4500969898924936
0.4500969898924936
0.4500969898924936
0.4500969898924936
0.4500969898924936
0.4500969898924936
0.4500969898924936
0.4500969898924936
0.4500969898924936
0.4500969898924936
0.4500969898924936
0.4500969898924936
0.4500969898924936
0.4500969898924936
0.4500969898924936
0.4500969898924936
0.4500969898924936
0.4500969898924936
0.4500969898924936
0.4489609887699544
0.44276236700784466
0.44276236700784466
0.44276236700784466
0.41692783144478085
0.41692783144478085
0.41692783144478085
0.4150238626873275
0.4150238626873275
0.4150238626873275
0.4132475746814137
0.40818643236475083
0.40818643236475083
0.40818643236475083
0.40818643236475083
0.40818643236475083
0.40818643236475083
0.3731836662726593
0.3731836662726593
0.3731836662726593
0.3731836662726593
0.3731836662726593
0.3731836662726593
0.3731836662726593
0.3731836662726593
0.3731836662726593
0.3731836662726593
0.3731836662726593
0.3731836662726593
0.3731836662726593
0.3731836662726593
0.3731836662726593
0.3731836662726593
0.3731836662726593
0.3731836662726593
0.3731836662726593
0.3731836662726593
0.3731836662726593
0.35499633191430036
0.35499633191430036
0.35499633191430036
0.35499633191430036
0.35499633191430036
0.35499633191430036
0.35499633191430036
0.35499633191430036
0.35499633191430036
0.35499633191430036
0.35499633191430036
0.35499633191430036
0.35499633191430036
0.34964479766045287
0.34964479766045287
0.3417374267807034
0.3417374267807034
0.3214384690728167
0.3214384690728167
0.3214384690728167
0.3214384690728167
0.3214384690728167
0.3214384690728167
0.3214384690728167
0.3214384690728167
0.3214384690728167
0.3214384690728167
0.3214384690728167
0.3214384690728167
0.3214384690728167
0.3214384690728167
0.3214384690728167
0.3214384690728167
0.3214384690728167
0.3214384690728167
0.3214384690728167
0.3214384690728167
0.3214384690728167
0.30964051008052706
0.3077903263224897
0.3077903263224897
0.3077903263224897
0.3077903263224897
0.3077903263224897
0.3077903263224897
0.3077903263224897
0.3077903263224897
0.3077903263224897
0.3077903263224897
0.3077903263224897
0.3077903263224897
0.3077903263224897
0.3077903263224897
0.3077903263224897
0.3077903263224897
0.3077903263224897
0.29701668122933
0.29701668122933
0.29649909847243805
0.29649909847243805
0.26048032469491034
0.26048032469491034
0.26048032469491034
0.26048032469491034
0.26048032469491034
0.26048032469491034
0.25923775499835955
0.25923775499835955
0.25923775499835955
0.25795433990840166
0.25795433990840166
0.25795433990840166
0.25795433990840166
0.25795433990840166
0.25795433990840166
0.2549041557635334
0.2549041557635334
0.2549041557635334
0.2549041557635334
0.2496929487366728
0.24934115272322543
0.23438431139470595
0.23438431139470595
0.23438431139470595
0.23438431139470595
0.23438431139470595
0.23438431139470595
0.23438431139470595
0.23438431139470595
0.23438431139470595
0.23438431139470595
0.23438431139470595
0.23438431139470595
0.23438431139470595
0.23438431139470595
0.23438431139470595
0.23438431139470595
0.2291601528182312
0.2291601528182312
0.2291601528182312
0.2291601528182312
0.2291601528182312
0.2291601528182312
0.2291601528182312
0.2291601528182312
0.2291601528182312
0.2291601528182312
0.22712959550725742
0.22712959550725742
0.22712959550725742
0.22712959550725742
0.22712959550725742
0.22712959550725742
0.22712959550725742
0.22712959550725742
0.21631469669689096
0.21631469669689096
0.21631469669689096
0.21631469669689096
0.21631469669689096
0.21631469669689096
0.21631469669689096
0.21631469669689096
0.21631469669689096
0.21631469669689096
0.21631469669689096
0.21631469669689096
0.21631469669689096
0.21631469669689096
0.21631469669689096
0.21631469669689096
0.21631469669689096
0.21631469669689096
0.21631469669689096
0.21631469669689096
0.21631469669689096
0.21631469669689096
0.20123569202866776
0.20123569202866776
0.20123569202866776
0.20123569202866776
0.20123569202866776
0.20123569202866776
0.20123569202866776
0.20123569202866776
0.20087101256885376
0.1992459938693969
0.1992459938693969
0.19811228135598924
0.19807109727558725
0.19737128538633897
0.19737128538633897
0.19737128538633897
0.19737128538633897
0.1932583450346712
0.1932583450346712
0.1932583450346712
0.1932583450346712
0.18729835927312877
0.18136025409239664
0.18136025409239664
0.18136025409239664
0.18136025409239664
0.18136025409239664
0.18136025409239664
0.18136025409239664
0.16034206129729967
0.16034206129729967
0.16034206129729967
0.16034206129729967
0.16034206129729967
0.16034206129729967
0.16034206129729967
0.16034206129729967
0.16034206129729967
0.16034206129729967
0.16034206129729967
0.16034206129729967
0.16034206129729967
0.16034206129729967
0.1543288589185252
0.1543288589185252
0.1543288589185252
0.1543288589185252
0.1543288589185252
0.1543288589185252
0.1543288589185252
0.1543288589185252
0.1543288589185252
0.1494321186619274
0.1494321186619274
0.1494321186619274
0.1494321186619274
0.1494321186619274
0.14764030298940867
0.14764030298940867
0.14764030298940867
0.14764030298940867
0.14764030298940867
0.14764030298940867
0.14764030298940867
0.14764030298940867
0.14764030298940867
0.14592185425492943
0.14200281113770785
0.14178984903664116
0.1389353617896063
0.1389353617896063
0.1389353617896063
0.1389353617896063
0.1389353617896063
0.1389353617896063
0.1389353617896063
0.13728975104186958
0.13728975104186958
0.13728975104186958
0.13674643166421419
0.13674643166421419
0.1354557087455106
0.1354557087455106
0.1354557087455106
0.1354557087455106
0.1354557087455106
0.1354557087455106
0.13175826509264255
0.13175826509264255
0.13175826509264255
0.13175826509264255
0.13088224457889908
0.13088224457889908
0.1293987870600759
0.1293987870600759
0.12856777113205453
0.12856777113205453
0.1191406977966949
0.1191406977966949
0.1191406977966949
0.1191406977966949
0.1191406977966949
0.1117165741835251
0.1117165741835251
0.1117165741835251
0.1117165741835251
0.1117165741835251
0.1117165741835251
0.1117165741835251
0.1117165741835251
0.1117165741835251
0.1117165741835251
0.1117165741835251
0.1117165741835251
0.1117165741835251
0.1117165741835251
0.1117165741835251
0.1117165741835251
0.1117165741835251
0.1117165741835251
0.1117165741835251
0.1117165741835251
0.1117165741835251
0.1117165741835251
0.1117165741835251
0.1117165741835251
0.1117165741835251
0.1117165741835251
0.1117165741835251
0.1117165741835251
0.1117165741835251
0.11142595007606815
0.11033859014754199
0.11033859014754199
0.11033859014754199
0.11033859014754199
0.11033859014754199
0.10976238946481942
0.10976238946481942
0.10976238946481942
0.1095780540608331
0.1095780540608331
0.1095780540608331
0.1095780540608331
0.1095780540608331
0.1095780540608331
0.1095780540608331
0.1095780540608331
0.1095780540608331
0.10850664960178591
0.10850664960178591
0.10850664960178591
0.10850664960178591
0.10850664960178591
0.10060799774597484
0.10060799774597484
0.10060799774597484
0.10060799774597484
0.10060799774597484
0.10060799774597484
0.10060799774597484
0.10060799774597484
0.10060799774597484
0.09793768034450778
0.09793768034450778
0.09793768034450778
0.09793768034450778
0.09793768034450778
0.09709111009620841
0.09039898895773035
0.09039898895773035
0.09039898895773035
0.09039898895773035
0.09039898895773035
0.09039898895773035
0.09039898895773035
0.09039898895773035
0.09039898895773035
0.09039898895773035
0.09039898895773035
0.09039898895773035
0.09039898895773035
0.09039898895773035
0.09039898895773035
0.08789440116380831
0.08789440116380831
0.08503767724380396
0.08503767724380396
0.08503767724380396
