0.014950037002563477
0.012428045272827148
0.010236978530883789
0.010341405868530273
0.00975799560546875
0.009798049926757812
0.009542703628540039
0.00970149040222168
0.009666919708251953
0.009553670883178711
0.009650945663452148
0.009523630142211914
0.009635686874389648
0.009673118591308594
0.00953531265258789
0.009584188461303711
0.009450674057006836
0.009621858596801758
0.009382963180541992
0.009687185287475586
0.010000467300415039
0.00993490219116211
0.00989222526550293
0.00995326042175293
0.009914159774780273
0.009910106658935547
0.010522127151489258
0.0092315673828125
0.008849859237670898
0.008943319320678711
0.008978843688964844
0.009064912796020508
0.009140491485595703
0.009081840515136719
0.009145259857177734
0.008783102035522461
0.008884429931640625
0.008819103240966797
0.00872492790222168
0.008974313735961914
0.00870966911315918
0.008565902709960938
0.008758306503295898
0.008641719818115234
0.009135723114013672
0.008536815643310547
0.00852203369140625
0.008851051330566406
0.008692741394042969
0.008571624755859375
0.008481502532958984
0.008450031280517578
0.008455753326416016
0.008417606353759766
0.008652687072753906
0.008543968200683594
0.008539199829101562
0.008516073226928711
0.008449316024780273
0.008615493774414062
0.008399248123168945
0.008413076400756836
0.008326292037963867
0.008206844329833984
0.008212089538574219
0.00845956802368164
0.008494377136230469
0.008152246475219727
0.008265495300292969
0.008142232894897461
0.008009195327758789
0.008176803588867188
0.00803518295288086
0.00818014144897461
0.008313655853271484
0.008391618728637695
0.0083465576171875
0.008645057678222656
0.008183479309082031
0.0084381103515625
0.008283138275146484
0.008269309997558594
0.008409976959228516
0.008530616760253906
0.008315801620483398
0.008416175842285156
0.008660316467285156
0.008671760559082031
0.008507490158081055
0.008674383163452148
0.008438587188720703
0.008506298065185547
0.00856637954711914
0.008503437042236328
0.008372783660888672
0.008848905563354492
0.008553504943847656
0.008521080017089844
0.008620500564575195
0.00863790512084961
0.008642435073852539
0.008502483367919922
0.008702993392944336
0.008860111236572266
0.008657217025756836
0.00873255729675293
0.00849771499633789
0.00847315788269043
0.008544921875
0.008647918701171875
0.008597850799560547
0.008493423461914062
0.008868217468261719
0.008579492568969727
0.008596181869506836
0.008622884750366211
0.008512258529663086
0.008540868759155273
0.008544206619262695
0.008400201797485352
0.008590221405029297
0.008349418640136719
0.008365869522094727
0.008424043655395508
0.008471012115478516
0.008487462997436523
0.008610725402832031
0.008445024490356445
0.008420944213867188
0.008388042449951172
0.00844883918762207
0.008471488952636719
0.008303165435791016
0.00867152214050293
0.008408546447753906
0.008536577224731445
0.00839996337890625
0.008387565612792969
0.00865936279296875
0.00861811637878418
0.008616447448730469
0.008668661117553711
0.008593559265136719
0.008620738983154297
0.008636713027954102
0.009013652801513672
0.008732080459594727
0.008863687515258789
0.009053230285644531
0.00932765007019043
0.008935213088989258
0.00873255729675293
0.008913278579711914
0.008902788162231445
0.008819580078125
0.008821725845336914
0.008699655532836914
0.008462905883789062
0.00858616828918457
0.008727073669433594
0.008844852447509766
0.008643150329589844
0.008702278137207031
0.00879049301147461
0.008689165115356445
0.008782625198364258
0.008752822875976562
0.008541107177734375
0.00861358642578125
0.008825540542602539
0.008847475051879883
0.008558273315429688
0.008838653564453125
0.008736848831176758
0.008512020111083984
0.00855708122253418
0.008596658706665039
0.008702754974365234
0.008695125579833984
0.008698701858520508
0.00864100456237793
0.008759021759033203
0.008576631546020508
0.008566856384277344
0.008654594421386719
0.00919961929321289
0.008726119995117188
0.008574247360229492
0.00876474380493164
0.008523702621459961
0.00857400894165039
0.008536577224731445
0.008749723434448242
0.008358240127563477
0.008580684661865234
0.0085906982421875
0.008642911911010742
0.008467674255371094
0.00859212875366211
0.008724451065063477
0.008393287658691406
0.008545637130737305
0.008604288101196289
0.008660078048706055
0.008531570434570312
0.00844717025756836
0.008593559265136719
0.00853586196899414
0.008551597595214844
0.008575201034545898
0.008722543716430664
0.008731365203857422
0.008535146713256836
0.008468151092529297
0.00842905044555664
0.00883626937866211
0.00855112075805664
0.008498668670654297
0.00849461555480957
0.00856328010559082
0.00858163833618164
0.008632898330688477
0.00852060317993164
0.00874638557434082
0.008530378341674805
0.008448600769042969
0.008509635925292969
0.008801698684692383
0.008515119552612305
0.008739948272705078
0.008494853973388672
0.008459091186523438
0.008681535720825195
0.008495807647705078
0.008407115936279297
0.00888204574584961
0.009292125701904297
0.009060382843017578
0.009015321731567383
0.008672952651977539
0.008754968643188477
0.009037256240844727
0.008788585662841797
0.008563518524169922
0.008507251739501953
0.008662700653076172
0.008614063262939453
0.008658409118652344
0.008600234985351562
0.00871586799621582
0.008481740951538086
0.008414745330810547
0.00875234603881836
0.008410930633544922
0.008551359176635742
0.008538484573364258
0.008419990539550781
0.00837850570678711
0.00861358642578125
0.008411169052124023
0.008670568466186523
0.008816719055175781
0.008438825607299805
0.008985519409179688
0.008873224258422852
0.008927345275878906
0.008854150772094727
0.008996248245239258
0.00890493392944336
0.0088958740234375
0.008555412292480469
0.00835561752319336
0.008718490600585938
0.008311986923217773
0.008763790130615234
0.008944988250732422
0.008851051330566406
0.00910186767578125
0.009027957916259766
0.009116649627685547
0.009093999862670898
0.009064674377441406
0.00895071029663086
0.009072303771972656
0.009135007858276367
0.009075164794921875
0.008987665176391602
0.008744239807128906
0.008565902709960938
0.008731365203857422
0.008600473403930664
0.008586883544921875
0.008635282516479492
0.008578062057495117
0.008472919464111328
0.008815288543701172
0.008609533309936523
0.00959157943725586
0.008564472198486328
0.008841991424560547
0.008622884750366211
0.008302450180053711
0.008537054061889648
0.008403539657592773
0.008491277694702148
0.00850057601928711
0.008536100387573242
0.00834798812866211
0.008330106735229492
0.008411884307861328
0.008279561996459961
0.008475065231323242
0.00851583480834961
0.008302450180053711
0.008361339569091797
0.008445024490356445
0.008420228958129883
0.00846552848815918
0.008490562438964844
0.00841975212097168
0.008461236953735352
0.008368492126464844
0.008205175399780273
0.008353233337402344
0.0085906982421875
0.00851893424987793
0.008435726165771484
0.00843191146850586
0.00842905044555664
0.00842595100402832
0.008486747741699219
0.00839543342590332
0.008609533309936523
0.008459806442260742
0.008457183837890625
0.008479118347167969
0.008553028106689453
0.00860142707824707
0.008475303649902344
0.008408784866333008
0.008327245712280273
0.008315086364746094
0.008444547653198242
0.008299827575683594
0.008395195007324219
0.008452415466308594
0.008249998092651367
0.008758068084716797
0.00856161117553711
0.008611440658569336
0.008778095245361328
0.008478164672851562
0.008180618286132812
0.008449792861938477
0.00827336311340332
0.008436203002929688
0.008684158325195312
0.008523941040039062
0.008539915084838867
0.008608341217041016
0.008652925491333008
0.008546113967895508
0.008510112762451172
0.008764982223510742
0.00874471664428711
0.008635282516479492
0.008526086807250977
0.008503913879394531
0.008512496948242188
0.008457422256469727
0.008537530899047852
0.00839996337890625
0.008438348770141602
0.008771657943725586
0.00879979133605957
0.008678913116455078
0.008582830429077148
0.00856781005859375
0.008292913436889648
0.00828099250793457
0.008111715316772461
0.008268356323242188
0.008528947830200195
0.008616924285888672
0.008334875106811523
0.008366823196411133
0.008498430252075195
0.00838160514831543
0.008544683456420898
0.008454322814941406
0.008453130722045898
0.00850820541381836
0.008477926254272461
0.008257865905761719
0.008244752883911133
0.008447408676147461
0.008206605911254883
0.008269071578979492
0.008330345153808594
0.00840616226196289
0.008514404296875
0.008135557174682617
0.007987022399902344
0.008035421371459961
0.00799870491027832
0.008077621459960938
0.008442163467407227
0.007868766784667969
0.007880449295043945
0.008097410202026367
0.008007287979125977
0.008179664611816406
0.008418560028076172
0.007981538772583008
0.008170843124389648
0.008467674255371094
0.008243560791015625
0.008604288101196289
0.008803844451904297
0.008381366729736328
0.00828099250793457
0.00807046890258789
0.008255958557128906
0.008383035659790039
0.008422613143920898
0.008311033248901367
0.008395671844482422
0.008590221405029297
0.008612871170043945
0.008604049682617188
0.008514404296875
0.008478403091430664
0.008489608764648438
0.008405208587646484
0.008431434631347656
0.008445978164672852
0.008409976959228516
0.008533000946044922
0.008575201034545898
0.008394002914428711
0.00848841667175293
0.008730649948120117
0.008602142333984375
0.008650779724121094
0.008353948593139648
0.008437395095825195
0.008552789688110352
0.008610725402832031
0.008503913879394531
0.00851750373840332
0.008550882339477539
0.008469343185424805
0.008437395095825195
0.008534908294677734
0.008388996124267578
0.00848388671875
0.00852060317993164
0.00847768783569336
0.00838613510131836
0.008589744567871094
0.008481979370117188
0.008526802062988281
0.008353948593139648
0.008371591567993164
0.008552074432373047
0.008456707000732422
0.00826716423034668
0.00842738151550293
0.008339881896972656
0.00844430923461914
0.008249759674072266
0.008317947387695312
0.008266925811767578
0.00881814956665039
0.008369922637939453
0.008254051208496094
0.00855112075805664
0.008407354354858398
0.008370161056518555
0.008360624313354492
0.008517980575561523
0.008495330810546875
0.008597373962402344
0.008337259292602539
0.008146047592163086
0.008409976959228516
0.008325576782226562
0.00807642936706543
0.008358001708984375
0.008143424987792969
0.008053302764892578
0.008147716522216797
0.008231401443481445
0.00831747055053711
0.008388996124267578
0.008228778839111328
0.008351802825927734
0.008491992950439453
0.008362293243408203
0.008532047271728516
0.009106636047363281
0.008900880813598633
0.008631467819213867
0.008630990982055664
0.008555412292480469
0.008501768112182617
0.008626699447631836
0.008425474166870117
0.008778810501098633
0.008535623550415039
0.008633136749267578
0.008460760116577148
0.008402347564697266
0.008264541625976562
0.008189678192138672
0.008333444595336914
0.0084381103515625
0.008372783660888672
0.008613109588623047
0.008400440216064453
0.008591651916503906
0.008487939834594727
0.00850057601928711
0.008381843566894531
0.008391857147216797
0.008315086364746094
0.008390426635742188
0.008439064025878906
0.008479118347167969
0.008551597595214844
0.008146524429321289
0.008197784423828125
0.008462905883789062
0.008867263793945312
0.009094715118408203
0.008791446685791016
0.008768558502197266
0.008485078811645508
0.008453607559204102
0.008506298065185547
0.008476018905639648
0.008453369140625
0.00839853286743164
0.00837397575378418
0.008281230926513672
0.008611679077148438
0.00854802131652832
0.008390188217163086
0.008409976959228516
0.008514642715454102
0.008423566818237305
0.008491277694702148
0.008525848388671875
0.008443355560302734
0.008499622344970703
0.008622407913208008
0.008470296859741211
0.008356809616088867
0.008442401885986328
0.008609294891357422
0.008548498153686523
0.008447408676147461
0.008487701416015625
0.008501291275024414
0.008331775665283203
0.008304357528686523
0.008271932601928711
0.008453369140625
0.008443117141723633
0.008437395095825195
0.008449077606201172
0.008380889892578125
0.008383512496948242
0.008354425430297852
0.008444547653198242
0.00845193862915039
0.0087127685546875
0.008357048034667969
0.008371353149414062
0.008450508117675781
0.008347034454345703
0.008549690246582031
0.008551597595214844
0.008551836013793945
0.00851750373840332
0.00830388069152832
0.008898258209228516
0.008786201477050781
0.008905172348022461
0.008949995040893555
0.008949756622314453
0.008757591247558594
0.00897216796875
0.00892329216003418
0.008883476257324219
0.008605241775512695
0.00880742073059082
0.008832454681396484
0.00857996940612793
0.00880575180053711
0.008513927459716797
0.008511543273925781
0.00856924057006836
0.008547782897949219
0.008524417877197266
0.008538961410522461
0.008512258529663086
0.008498668670654297
0.008683919906616211
0.008645296096801758
0.008410453796386719
0.00843191146850586
0.008352518081665039
0.008568525314331055
0.008411407470703125
0.008336305618286133
0.008710145950317383
0.008402109146118164
0.008388042449951172
0.008341312408447266
0.008548736572265625
0.008473396301269531
0.00833749771118164
0.008335113525390625
0.008554220199584961
0.008458852767944336
0.00829935073852539
0.008488893508911133
0.00832223892211914
0.00811910629272461
0.008374929428100586
0.00830841064453125
0.00835561752319336
0.00845646858215332
0.008632183074951172
0.008309125900268555
0.008353233337402344
0.008446931838989258
0.008271455764770508
0.008383035659790039
0.00840449333190918
0.008360624313354492
0.008408546447753906
0.008448123931884766
0.008388519287109375
0.008529901504516602
0.008476495742797852
0.00830388069152832
0.008334875106811523
0.008402585983276367
0.008278608322143555
0.008490324020385742
0.008497476577758789
0.008111715316772461
0.008204221725463867
0.008157491683959961
0.008323431015014648
0.008347511291503906
0.008507490158081055
0.008220195770263672
0.008282184600830078
0.008444786071777344
0.008664846420288086
0.008558988571166992
0.008387088775634766
0.008233070373535156
0.008403539657592773
0.00843667984008789
0.008224964141845703
0.008263587951660156
0.008336782455444336
0.008386373519897461
0.00847005844116211
0.008114337921142578
0.008383512496948242
0.008654117584228516
0.008571863174438477
0.008410453796386719
0.008391141891479492
0.008380413055419922
0.008274078369140625
0.008487939834594727
0.00841212272644043
0.008411645889282227
0.008439064025878906
0.008491277694702148
0.008598804473876953
0.008371353149414062
0.008468151092529297
0.008395671844482422
0.008428812026977539
0.00837564468383789
0.008388757705688477
0.008497953414916992
0.008316516876220703
0.0081787109375
0.008209228515625
0.008234262466430664
0.008285284042358398
0.008462190628051758
0.008471250534057617
0.008527278900146484
0.008385658264160156
0.008752107620239258
0.009346485137939453
0.008923530578613281
0.009076833724975586
0.008928298950195312
0.008380413055419922
0.00855112075805664
0.008564472198486328
0.008568525314331055
0.00846099853515625
0.008437633514404297
0.008406400680541992
0.008623600006103516
0.008931636810302734
0.00881195068359375
0.008607625961303711
0.008862495422363281
0.008876800537109375
0.009390592575073242
0.008681535720825195
0.008629560470581055
0.008949756622314453
0.008873462677001953
0.008718729019165039
0.008749961853027344
0.008676528930664062
0.008558511734008789
0.008631467819213867
0.008924722671508789
0.009290456771850586
0.009058713912963867
0.008947610855102539
0.008710622787475586
0.008733510971069336
0.008644580841064453
0.008580207824707031
0.008479118347167969
0.008411645889282227
0.008356571197509766
0.008313655853271484
0.008388519287109375
0.008513689041137695
0.008307218551635742
0.008488655090332031
0.00834512710571289
0.008355379104614258
0.008423089981079102
0.008651256561279297
0.008485794067382812
0.008516311645507812
0.008571863174438477
0.008404731750488281
0.00843954086303711
0.00840902328491211
0.008433818817138672
0.008297204971313477
0.008291244506835938
0.008345842361450195
0.008447885513305664
0.008486032485961914
0.008282661437988281
0.008476018905639648
0.008499622344970703
0.008304357528686523
0.008334636688232422
0.008296012878417969
0.008333206176757812
0.008266687393188477
0.00828242301940918
0.008409500122070312
0.008401870727539062
0.008415699005126953
0.008330345153808594
0.008423566818237305
0.008429765701293945
0.008326292037963867
0.00850677490234375
0.008411645889282227
0.008323907852172852
0.008373022079467773
0.008366107940673828
0.008144378662109375
0.008412361145019531
0.008482933044433594
0.008213996887207031
0.008497953414916992
0.008399486541748047
0.008373260498046875
0.008634328842163086
0.00872945785522461
0.008550405502319336
0.008453369140625
0.008485555648803711
0.008495807647705078
0.008558511734008789
0.008557319641113281
0.008607864379882812
0.008403301239013672
0.008458852767944336
0.008444786071777344
0.008161306381225586
0.008173465728759766
0.008149385452270508
0.008260488510131836
0.008292436599731445
0.008353710174560547
0.008426189422607422
0.008225202560424805
0.00820469856262207
0.008295536041259766
0.00821828842163086
0.008230924606323242
0.008260965347290039
0.00840616226196289
0.008400440216064453
0.008273839950561523
0.00819706916809082
0.008131742477416992
0.008515596389770508
0.008197546005249023
0.008124828338623047
0.008626222610473633
0.008332967758178711
0.008469343185424805
0.008317947387695312
0.008351564407348633
0.008340835571289062
0.008417129516601562
0.008534669876098633
0.008586645126342773
0.008598089218139648
0.008402347564697266
0.008363962173461914
0.008512496948242188
0.008333683013916016
0.00828862190246582
0.008341789245605469
0.008432149887084961
0.008278369903564453
0.008398294448852539
0.008287429809570312
0.008306264877319336
0.008552074432373047
0.00841522216796875
0.008333444595336914
0.008299589157104492
0.008453130722045898
0.00851893424987793
0.008561372756958008
0.008315324783325195
0.00841379165649414
0.008371591567993164
0.008446931838989258
0.008191108703613281
0.008419990539550781
0.008358001708984375
0.008296012878417969
0.008374214172363281
0.008555173873901367
0.008550167083740234
0.008390188217163086
0.008168458938598633
0.008079051971435547
0.008400440216064453
0.008524179458618164
0.008610248565673828
0.008405208587646484
0.008491277694702148
0.008427143096923828
0.008252859115600586
0.008355379104614258
0.00841522216796875
0.00841212272644043
0.008464813232421875
0.008386850357055664
0.008380413055419922
0.008481740951538086
0.00844430923461914
0.008341789245605469
0.008222103118896484
0.008313894271850586
0.008114099502563477
0.008373737335205078
0.008179187774658203
0.008587837219238281
0.008234500885009766
0.008191823959350586
0.008396625518798828
0.00836801528930664
0.008189916610717773
0.008014440536499023
0.008105993270874023
0.008090734481811523
0.008428573608398438
0.008707761764526367
0.008127212524414062
0.008304119110107422
0.008369922637939453
0.008277654647827148
0.008517980575561523
0.008475303649902344
0.008412361145019531
0.00832676887512207
0.008367300033569336
0.00828242301940918
0.008462667465209961
0.008525848388671875
0.008590459823608398
0.008547544479370117
0.00840306282043457
0.008453607559204102
0.008563756942749023
0.008621692657470703
0.00863957405090332
0.008686304092407227
0.008515596389770508
0.008428812026977539
0.008688926696777344
0.008676528930664062
0.008402109146118164
0.008345365524291992
0.00846099853515625
0.008458852767944336
0.008514165878295898
0.008591413497924805
0.008634567260742188
0.008414268493652344
0.00856781005859375
0.008412599563598633
0.008591651916503906
0.008489131927490234
0.008571147918701172
0.008551836013793945
0.008452653884887695
0.008685827255249023
0.008746147155761719
0.008660554885864258
0.008415937423706055
0.00843048095703125
0.008495092391967773
0.008340120315551758
0.008493185043334961
0.008543014526367188
0.008400201797485352
0.008272647857666016
0.008366107940673828
0.008443117141723633
0.008457183837890625
0.008390188217163086
0.008260726928710938
0.00823974609375
0.008163928985595703
0.008075952529907227
0.008092641830444336
0.008361339569091797
0.00836801528930664
0.008299112319946289
0.008367538452148438
0.008377313613891602
0.008548736572265625
0.008302450180053711
0.008083820343017578
0.008371353149414062
0.008450984954833984
0.008520364761352539
0.008705854415893555
0.00863504409790039
0.008430719375610352
0.008479833602905273
0.008379936218261719
0.008628368377685547
0.00834512710571289
0.008366823196411133
0.008495807647705078
0.008519887924194336
0.008514642715454102
0.008620023727416992
0.008480310440063477
0.008392572402954102
0.008316278457641602
0.007951736450195312
0.008143901824951172
0.008289098739624023
0.008357048034667969
0.008444786071777344
0.008518695831298828
0.008363723754882812
0.008211374282836914
0.008317947387695312
0.008215904235839844
0.008143901824951172
0.008240938186645508
0.008193254470825195
0.008224010467529297
0.008305072784423828
0.008124589920043945
0.008416891098022461
