12.349600293668413
12.349600293668413
12.349600293668413
11.789598676859985
11.789598676859985
11.789598676859985
11.789598676859985
11.789598676859985
11.789598676859985
11.789598676859985
11.789598676859985
11.789598676859985
11.789598676859985
11.789598676859985
11.789598676859985
11.70030223063527
11.70030223063527
11.330457396776787
11.330457396776787
11.330457396776787
11.330457396776787
10.799106606737997
10.788031227629752
9.983501540936697
9.983501540936697
9.983501540936697
9.983501540936697
9.983501540936697
9.983501540936697
9.983501540936697
9.983501540936697
9.40969376295942
9.40969376295942
9.40969376295942
9.40969376295942
9.40969376295942
9.40969376295942
9.40969376295942
9.40969376295942
9.40969376295942
8.84057380446174
8.84057380446174
8.84057380446174
8.75753469040632
8.75753469040632
8.75753469040632
8.75753469040632
8.75753469040632
8.75753469040632
8.638156177763559
8.638156177763559
8.638156177763559
8.638156177763559
8.638156177763559
8.638156177763559
7.232265563609118
7.232265563609118
7.232265563609118
7.232265563609118
7.232265563609118
7.232265563609118
7.232265563609118
7.232265563609118
7.232265563609118
7.232265563609118
7.232265563609118
7.232265563609118
7.232265563609118
7.232265563609118
7.232265563609118
6.933757500049339
6.933757500049339
6.0005120575029665
6.0005120575029665
6.0005120575029665
6.0005120575029665
6.0005120575029665
6.0005120575029665
6.0005120575029665
6.0005120575029665
6.0005120575029665
6.0005120575029665
6.0005120575029665
6.0005120575029665
5.8838941410046885
5.8838941410046885
5.8838941410046885
5.8838941410046885
5.8838941410046885
5.8838941410046885
5.8838941410046885
5.8838941410046885
5.8838941410046885
5.8838941410046885
5.8838941410046885
5.8838941410046885
5.8838941410046885
5.8838941410046885
5.8838941410046885
5.8838941410046885
5.8838941410046885
5.728000447356898
5.728000447356898
5.728000447356898
5.728000447356898
5.728000447356898
5.728000447356898
5.728000447356898
5.728000447356898
5.728000447356898
5.373521597125745
5.373521597125745
5.373521597125745
5.373521597125745
5.373521597125745
5.373521597125745
5.373521597125745
5.373521597125745
5.373521597125745
5.373521597125745
5.373521597125745
5.373521597125745
5.207882467273841
5.207882467273841
5.052549268939224
5.015954628925613
5.015954628925613
5.015954628925613
5.015954628925613
5.015954628925613
5.00105592393389
4.895311158127434
4.895311158127434
4.895311158127434
4.895311158127434
4.895311158127434
4.895311158127434
4.895311158127434
4.895311158127434
4.895311158127434
4.895311158127434
4.895311158127434
4.895311158127434
4.779354978477912
4.66306548923307
4.505494919250957
4.505494919250957
4.505494919250957
4.505494919250957
4.505494919250957
4.505494919250957
4.505494919250957
4.505494919250957
4.505494919250957
4.505494919250957
4.505494919250957
4.505494919250957
4.505494919250957
4.505494919250957
4.505494919250957
4.505494919250957
4.408612350478265
4.408612350478265
4.408612350478265
4.408612350478265
4.408612350478265
4.333549473793838
4.333549473793838
4.333549473793838
4.333549473793838
4.133627856086406
4.133627856086406
4.133627856086406
4.133627856086406
4.133627856086406
4.133627856086406
4.133627856086406
4.103062202495124
4.103062202495124
4.103062202495124
3.7156469698463255
3.7156469698463255
3.7156469698463255
3.7156469698463255
3.7156469698463255
3.7156469698463255
3.5923552478204073
3.5923552478204073
3.5923552478204073
3.5923552478204073
3.5923552478204073
3.5923552478204073
3.5923552478204073
3.5923552478204073
3.287025747612404
3.287025747612404
3.287025747612404
3.287025747612404
3.287025747612404
3.287025747612404
3.287025747612404
3.287025747612404
3.287025747612404
3.287025747612404
3.287025747612404
3.2484047762997434
3.2484047762997434
3.2484047762997434
3.2484047762997434
3.2484047762997434
3.230165482364839
3.230165482364839
3.230165482364839
3.230165482364839
3.230165482364839
3.230165482364839
3.230165482364839
3.230165482364839
3.230165482364839
3.230165482364839
3.192196795294393
3.144804982093355
3.144804982093355
3.010939064038787
2.8763183085020785
2.8763183085020785
2.8763183085020785
2.8763183085020785
2.79188564488512
2.79188564488512
2.79188564488512
2.79188564488512
2.79188564488512
2.7815030002073797
2.739509295100227
2.7213357195033367
2.7213357195033367
2.7213357195033367
2.7213357195033367
2.7213357195033367
2.7213357195033367
2.7213357195033367
2.7213357195033367
2.7213357195033367
2.7213357195033367
2.5713492708791463
2.5713492708791463
2.5713492708791463
2.5713492708791463
2.5713492708791463
2.5713492708791463
2.5713492708791463
2.5713492708791463
2.5713492708791463
2.5713492708791463
2.5713492708791463
2.5713492708791463
2.5713492708791463
2.5713492708791463
2.5486039912218814
2.5486039912218814
2.5486039912218814
2.5486039912218814
2.5486039912218814
2.5486039912218814
2.5486039912218814
2.3208393602007504
2.3208393602007504
2.3208393602007504
2.3208393602007504
2.3208393602007504
2.3208393602007504
2.3208393602007504
2.3208393602007504
2.191940916395559
2.191940916395559
1.8517860156421975
1.8517860156421975
1.8517860156421975
1.8517860156421975
1.8517860156421975
1.8517860156421975
1.8517860156421975
1.8517860156421975
1.8517860156421975
1.8517860156421975
1.8517860156421975
1.8517860156421975
1.8517860156421975
1.8517860156421975
1.8517860156421975
1.8166504129469487
1.8166504129469487
1.8166504129469487
1.8166504129469487
1.7972538196451424
1.7972538196451424
1.7972538196451424
1.7972538196451424
1.7972538196451424
1.7972538196451424
1.7972538196451424
1.7972538196451424
1.7972538196451424
1.7562365400864977
1.7562365400864977
1.7562365400864977
1.7562365400864977
1.7562365400864977
1.7562365400864977
1.7562365400864977
1.7562365400864977
1.7562365400864977
1.7562365400864977
1.670242735052291
1.670242735052291
1.670242735052291
1.670242735052291
1.670242735052291
1.670242735052291
1.670242735052291
1.670242735052291
1.670242735052291
1.670242735052291
1.670242735052291
1.670242735052291
1.635807745268508
1.635807745268508
1.635807745268508
1.580518749468503
1.4796570128272748
1.4796570128272748
1.4796570128272748
1.4796570128272748
1.4796570128272748
1.4455517142440257
1.4455517142440257
1.4455517142440257
1.4455517142440257
1.4455517142440257
1.4455517142440257
1.4455517142440257
1.4455517142440257
1.4455517142440257
1.439171738275114
1.4368888113164218
1.4368888113164218
1.4368888113164218
1.4097873394341818
1.4097873394341818
1.3730700011494719
1.3730700011494719
1.3602504079340036
1.3602504079340036
1.3602504079340036
1.3602504079340036
1.3602504079340036
1.2633305102093288
1.2633305102093288
1.2633305102093288
1.2633305102093288
1.2633305102093288
1.2633305102093288
1.0351997847177756
1.0351997847177756
1.0351997847177756
1.0351997847177756
1.0351997847177756
1.0351997847177756
0.9799527397856878
0.9799527397856878
0.9799527397856878
0.9799527397856878
0.9799527397856878
0.9799527397856878
0.9799527397856878
0.9799527397856878
0.9799527397856878
0.9799527397856878
0.9799527397856878
0.9799527397856878
0.9799527397856878
0.9799527397856878
0.9799527397856878
0.9799527397856878
0.9799527397856878
0.9799527397856878
0.9799527397856878
0.9799527397856878
0.9799527397856878
0.9799527397856878
0.9799527397856878
0.9799527397856878
0.9799527397856878
0.9799527397856878
0.9799527397856878
0.9799527397856878
0.9799527397856878
0.9799527397856878
0.9799527397856878
0.9794424767526024
0.9794424767526024
0.9794424767526024
0.9054576651858142
0.9054576651858142
0.9054576651858142
0.9054576651858142
0.9054576651858142
0.9054576651858142
0.9054576651858142
0.9054576651858142
0.9054576651858142
0.9054576651858142
0.9054576651858142
0.9054576651858142
0.9054576651858142
0.9054576651858142
0.9054576651858142
0.9054576651858142
0.9054576651858142
0.9054576651858142
0.9054576651858142
0.8839839872451023
0.8839839872451023
0.8839839872451023
0.8839839872451023
0.8839839872451023
0.8839839872451023
0.8839839872451023
0.8839839872451023
0.8839839872451023
0.8839839872451023
0.8839839872451023
0.8839839872451023
0.8839839872451023
0.8839839872451023
0.8839839872451023
0.8839839872451023
0.8839839872451023
0.8839839872451023
0.8725873836347731
0.8725873836347731
0.8725873836347731
0.8689509816908512
0.8689509816908512
0.8490963077821263
0.815049676912146
0.815049676912146
0.815049676912146
0.815049676912146
0.815049676912146
0.815049676912146
0.8135566200343405
0.8135566200343405
0.8135566200343405
0.7853136180837765
0.7853136180837765
0.7735843431743206
0.7735843431743206
0.7735843431743206
0.7735843431743206
0.7735843431743206
0.7735843431743206
0.7735843431743206
0.7735843431743206
0.7735843431743206
0.7735843431743206
0.7731069498108099
0.7731069498108099
0.7731069498108099
0.7731069498108099
0.7651966354721367
0.7651966354721367
0.7651966354721367
0.7651966354721367
0.7651966354721367
0.6763069735225784
0.6763069735225784
0.6763069735225784
0.6763069735225784
0.6763069735225784
0.6763069735225784
0.6763069735225784
0.6763069735225784
0.6763069735225784
0.6763069735225784
0.6763069735225784
0.6763069735225784
0.6763069735225784
0.6763069735225784
0.6763069735225784
0.6763069735225784
0.6763069735225784
0.667860062292597
0.667860062292597
0.667860062292597
0.667860062292597
0.667860062292597
0.667860062292597
0.667860062292597
0.667860062292597
0.667860062292597
0.667860062292597
0.667860062292597
0.667860062292597
0.6519822945346334
0.6519822945346334
0.6519822945346334
0.6519822945346334
0.6519822945346334
0.6519822945346334
0.6483198487456576
0.6206637548629743
0.6206637548629743
0.6206637548629743
0.6206637548629743
0.6206637548629743
0.6206637548629743
0.6006495188660779
0.5821410976660459
0.5821410976660459
0.5821410976660459
0.5821410976660459
0.5735114000491279
0.5735114000491279
0.5595167772765848
0.5595167772765848
0.5595167772765848
0.5595167772765848
0.5595167772765848
0.5022132054378972
0.5022132054378972
0.5022132054378972
0.5022132054378972
0.5022132054378972
0.5022132054378972
0.5022132054378972
0.5022132054378972
0.5022132054378972
0.5022132054378972
0.5022132054378972
0.5022132054378972
0.5022132054378972
0.5022132054378972
0.5022132054378972
0.5022132054378972
0.5022132054378972
0.5022132054378972
0.5022132054378972
0.5022132054378972
0.5022132054378972
0.5022132054378972
0.5022132054378972
0.4896785153958163
0.4896785153958163
0.4896785153958163
0.4834255828690601
0.4834255828690601
0.47806310157272947
0.47806310157272947
0.47806310157272947
0.47806310157272947
0.46681185658786006
0.46681185658786006
0.4472345506512738
0.4472345506512738
0.4472345506512738
0.4472345506512738
0.4472345506512738
0.4472345506512738
0.4472345506512738
0.4472345506512738
0.4472345506512738
0.4472345506512738
0.4472345506512738
0.4472345506512738
0.4472345506512738
0.4472345506512738
0.4472345506512738
0.4472345506512738
0.4472345506512738
0.4227268499987744
0.4104912698097962
0.4104912698097962
0.4104912698097962
0.4104912698097962
0.4104912698097962
0.4104912698097962
0.37816201818101547
0.37816201818101547
0.37816201818101547
0.36944520944435055
0.36944520944435055
0.36944520944435055
0.3646662075845555
0.3646662075845555
0.3646662075845555
0.3646662075845555
0.35665743470187294
0.35665743470187294
0.34921559274905434
0.34921559274905434
0.34921559274905434
0.34921559274905434
0.34921559274905434
0.34921559274905434
0.34921559274905434
0.34921559274905434
0.34921559274905434
0.33678985526264427
0.33678985526264427
0.33678985526264427
0.33678985526264427
0.33678985526264427
0.33678985526264427
0.33678985526264427
0.33678985526264427
0.33678985526264427
0.33678985526264427
0.33678985526264427
0.32580245515413253
0.32580245515413253
0.32580245515413253
0.32580245515413253
0.31136542746668283
0.31136542746668283
0.2866630901726097
0.2866630901726097
0.2866630901726097
0.2866630901726097
0.2866630901726097
0.2866630901726097
0.2866630901726097
0.2866630901726097
0.2866630901726097
0.2866630901726097
0.2866630901726097
0.2866630901726097
0.2866630901726097
0.2866630901726097
0.2866630901726097
0.2866630901726097
0.2866630901726097
0.2866630901726097
0.2866630901726097
0.2866630901726097
0.27486566143448243
0.27486566143448243
0.27486566143448243
0.27486566143448243
0.27486566143448243
0.27486566143448243
0.27486566143448243
0.27486566143448243
0.27486566143448243
0.27486566143448243
0.27486566143448243
0.27486566143448243
0.27486566143448243
0.27486566143448243
0.27486566143448243
0.27486566143448243
0.27486566143448243
0.27486566143448243
0.26008197487148976
0.26008197487148976
0.26008197487148976
0.26008197487148976
0.26008197487148976
0.2583567985521711
0.2583567985521711
0.2583567985521711
0.2583567985521711
0.2583567985521711
0.2583567985521711
0.2583567985521711
0.2583567985521711
0.2583567985521711
0.25233635792532993
0.25233635792532993
0.25233635792532993
0.2485031648338918
0.2485031648338918
0.2485031648338918
0.2472380521558648
0.24557072691658988
0.24557072691658988
0.23929515665411571
0.2363251739978125
0.2314284403546054
0.23005865145120907
0.2250884520870784
0.21339815404798657
0.21339815404798657
0.21339815404798657
0.21339815404798657
0.21339815404798657
0.21339815404798657
0.21339815404798657
0.21339815404798657
0.21339815404798657
0.21339815404798657
0.21339815404798657
0.21339815404798657
0.21339815404798657
0.21339815404798657
0.2115664134470734
0.2115664134470734
0.2115664134470734
0.2115664134470734
0.2115664134470734
0.2115664134470734
0.2115664134470734
0.2115664134470734
0.2070066962827397
0.2070066962827397
0.2070066962827397
0.2070066962827397
0.2070066962827397
0.20665462813901314
0.20665462813901314
0.20658240676316098
0.20658240676316098
0.19492076657785162
0.19492076657785162
0.19492076657785162
0.19492076657785162
0.19492076657785162
0.1881660397731011
0.1881660397731011
0.1881660397731011
0.1881660397731011
0.1881660397731011
0.1881660397731011
0.1881660397731011
0.1881660397731011
0.1881660397731011
0.1881660397731011
0.1881660397731011
0.1881660397731011
0.1881660397731011
0.1881660397731011
0.1881660397731011
0.1803916909216241
0.1803916909216241
0.1803916909216241
0.1803916909216241
0.1797316119111514
0.1797316119111514
0.1786706198797816
0.1786706198797816
0.1786706198797816
0.16380447029982292
0.16380447029982292
0.16380447029982292
0.16380447029982292
0.16106605359996706
0.16106605359996706
0.16106605359996706
0.16106605359996706
0.16106605359996706
0.16106605359996706
0.16106605359996706
0.16106605359996706
0.16106605359996706
0.16106605359996706
0.16106605359996706
0.15191878253758517
0.15191878253758517
0.15191878253758517
0.15191878253758517
0.15191878253758517
0.15191878253758517
0.15191878253758517
0.1341617937855517
0.1341617937855517
0.1341617937855517
0.1341617937855517
0.1341617937855517
0.1341617937855517
0.1341617937855517
0.1341617937855517
0.13054831743402673
0.13007493255183533
0.13007493255183533
0.13007493255183533
0.13007493255183533
0.13007493255183533
0.13007493255183533
0.13007493255183533
0.13007493255183533
0.13007493255183533
0.13007493255183533
0.13007493255183533
0.1294780800284343
0.1294780800284343
0.1294780800284343
0.1294780800284343
0.1294780800284343
0.1294780800284343
0.1294780800284343
0.1294780800284343
0.1294780800284343
0.1294780800284343
0.12616160775951357
0.12616160775951357
0.12616160775951357
0.12616160775951357
0.12594094862883765
0.12111463800154354
0.12111463800154354
0.12111463800154354
0.12111463800154354
0.12111463800154354
0.12111463800154354
0.12111463800154354
0.12111463800154354
0.12111463800154354
0.12111463800154354
0.12111463800154354
0.12111463800154354
0.12111463800154354
0.12111463800154354
0.12111463800154354
0.12078906690981484
0.12078906690981484
0.12078906690981484
0.12078906690981484
0.12078906690981484
0.1126427609510472
0.1126427609510472
0.1126427609510472
0.1126427609510472
0.1126427609510472
0.1126427609510472
0.1126427609510472
0.1126427609510472
0.1126427609510472
0.1126427609510472
0.11091988114285556
0.11091988114285556
0.11091988114285556
0.11091988114285556
0.11091988114285556
0.11091988114285556
0.11091988114285556
0.11091988114285556
0.11091988114285556
0.11091988114285556
0.11091988114285556
0.11091988114285556
0.09829335369281722
0.09829335369281722
0.09829335369281722
0.09829335369281722
0.09829335369281722
0.09829335369281722
0.09829335369281722
0.09829335369281722
0.09829335369281722
0.09829335369281722
0.09829335369281722
0.09829335369281722
0.09829335369281722
0.09456125993460773
0.09456125993460773
0.09456125993460773
0.09456125993460773
0.09456125993460773
0.09456125993460773
0.09456125993460773
0.09456125993460773
0.09456125993460773
0.08499257563520501
0.08499257563520501
0.08499257563520501
0.08499257563520501
0.08499257563520501
0.08499257563520501
0.08499257563520501
0.08499257563520501
0.08499257563520501
0.08499257563520501
0.08499257563520501
0.08499257563520501
0.08499257563520501
0.08499257563520501
0.08499257563520501
0.08499257563520501
0.08499257563520501
0.08499257563520501
0.08499257563520501
0.08499257563520501
0.08499257563520501
0.08385600205797061
0.08385600205797061
0.08108246189918589
0.08108246189918589
0.08108246189918589
0.08108246189918589
0.08108246189918589
0.08108246189918589
0.08108246189918589
0.08108246189918589
0.07393580361895857
0.07393580361895857
0.07393580361895857
0.07393580361895857
0.07393580361895857
0.07393580361895857
0.07282615622916921
0.07282615622916921
0.07282615622916921
0.07282615622916921
0.07282615622916921
0.07282615622916921
0.07282615622916921
0.07282615622916921
0.07282615622916921
0.07282615622916921
0.07282615622916921
0.07282615622916921
0.07282615622916921
0.07282615622916921
0.07282615622916921
0.07271112822672166
0.07271112822672166
0.07271112822672166
0.07271112822672166
0.07271112822672166
0.07271112822672166
0.06673933481982175
0.06469982410907704
0.06469982410907704
0.06469982410907704
0.06469982410907704
0.06469982410907704
0.06469982410907704
0.06469982410907704
0.06469982410907704
0.06469982410907704
0.06469982410907704
0.06469982410907704
0.06469982410907704
0.06469982410907704
0.06469982410907704
0.06469982410907704
0.06313854329102497
0.058383883783101
0.058383883783101
0.058383883783101
0.058383883783101
0.058383883783101
0.058383883783101
0.058383883783101
0.058383883783101
0.05748179853544144
0.05748179853544144
0.05748179853544144
0.05748179853544144
0.05748179853544144
0.05748179853544144
0.05748179853544144
0.05407917489408476
0.05407917489408476
0.05407917489408476
0.05407917489408476
0.05407917489408476
0.04835718619490592
0.04835718619490592
0.04835718619490592
0.04835718619490592
0.04835718619490592
0.04835718619490592
0.04835718619490592
0.04835718619490592
0.04835718619490592
0.04835718619490592
0.04835718619490592
0.04835718619490592
0.04835718619490592
0.045982066527777476
0.045982066527777476
0.045982066527777476
0.045982066527777476
0.045982066527777476
0.045982066527777476
0.045982066527777476
0.045982066527777476
0.045982066527777476
0.045982066527777476
0.0451521590374071
0.0451521590374071
0.0451521590374071
0.0451521590374071
0.0451521590374071
0.0451521590374071
0.0451521590374071
0.0451521590374071
0.0451521590374071
