0.02982473373413086
0.029309511184692383
0.028856277465820312
0.028704404830932617
0.028815746307373047
0.029057025909423828
0.029154300689697266
0.029168367385864258
0.0290682315826416
0.029088258743286133
0.028855085372924805
0.043054819107055664
0.02968907356262207
0.02943706512451172
0.028867006301879883
0.02899026870727539
0.02893972396850586
0.028804302215576172
0.02906060218811035
0.028981924057006836
0.029011249542236328
0.028792858123779297
0.02887701988220215
0.028799057006835938
0.028890371322631836
0.028917312622070312
0.02882695198059082
0.029078006744384766
0.029178857803344727
0.029172182083129883
0.02903914451599121
0.0290834903717041
0.02896881103515625
0.02900981903076172
0.02888774871826172
0.029223918914794922
0.02923130989074707
0.029851913452148438
0.029885530471801758
0.029220104217529297
0.028981924057006836
0.02895331382751465
0.02908492088317871
0.029133319854736328
0.029060840606689453
0.029037952423095703
0.028913497924804688
0.029142379760742188
0.029130935668945312
0.029210567474365234
0.029048681259155273
0.029671192169189453
0.029233694076538086
0.029112577438354492
0.0290524959564209
0.029184341430664062
0.029169082641601562
0.029099702835083008
0.02908635139465332
0.02907729148864746
0.029091358184814453
0.0291745662689209
0.029216527938842773
0.029164791107177734
0.02910757064819336
0.029102563858032227
0.029306888580322266
0.029782533645629883
0.028898239135742188
0.02914595603942871
0.02903461456298828
0.029048919677734375
0.029053211212158203
0.02896738052368164
0.028950214385986328
0.029206037521362305
0.028958559036254883
0.029212474822998047
0.029064178466796875
0.029247045516967773
0.029174327850341797
0.029253721237182617
0.030688047409057617
0.029101133346557617
0.029201269149780273
0.028973817825317383
0.028966665267944336
0.02920842170715332
0.029163360595703125
0.029308557510375977
0.029325008392333984
0.029119253158569336
0.029273033142089844
0.02941131591796875
0.029219388961791992
0.02891230583190918
0.02993917465209961
0.029088735580444336
0.029050588607788086
0.02930426597595215
0.028935909271240234
0.029021739959716797
0.029000520706176758
0.029137611389160156
0.028931617736816406
0.029191255569458008
0.02893233299255371
0.028886795043945312
0.028924226760864258
0.029541492462158203
0.028764009475708008
0.0288083553314209
0.02893233299255371
0.028951644897460938
0.028967618942260742
0.028913259506225586
0.02878570556640625
0.028777599334716797
0.028759241104125977
0.028755903244018555
0.0289914608001709
0.02877187728881836
0.028807401657104492
0.02876734733581543
0.029180288314819336
0.029104948043823242
0.028980493545532227
0.029002666473388672
0.02900385856628418
0.02913188934326172
0.029024839401245117
0.029054880142211914
0.029015302658081055
0.029141902923583984
0.028907299041748047
0.02898120880126953
0.029165029525756836
0.02924823760986328
0.028742313385009766
0.02878713607788086
0.0294344425201416
0.029212474822998047
0.029217243194580078
0.029154539108276367
0.029189586639404297
0.029047012329101562
0.029783964157104492
0.029498815536499023
0.02906179428100586
0.029033899307250977
0.02913808822631836
0.029007911682128906
0.028925418853759766
0.02900385856628418
0.029247283935546875
0.029277324676513672
0.029132366180419922
0.028851032257080078
0.02892327308654785
0.028847694396972656
0.02887272834777832
0.02884507179260254
0.02878880500793457
0.02878594398498535
0.028759002685546875
0.02872490882873535
0.028768539428710938
0.02877974510192871
0.02903151512145996
0.029045820236206055
0.029104948043823242
0.029049396514892578
0.029186487197875977
0.029053688049316406
0.029028654098510742
0.029079198837280273
0.028987407684326172
0.029106616973876953
0.029489994049072266
0.02903270721435547
0.028974533081054688
0.028975486755371094
0.028847455978393555
0.029169797897338867
0.029038667678833008
0.02913069725036621
0.029068946838378906
0.02896904945373535
0.02899003028869629
0.028984546661376953
0.029153108596801758
0.02896428108215332
0.029155492782592773
0.029315471649169922
0.029270648956298828
0.0292813777923584
0.029653072357177734
0.029211997985839844
0.029308795928955078
0.029132843017578125
0.029343605041503906
0.029849767684936523
0.029323816299438477
0.029425859451293945
0.02915048599243164
0.035196781158447266
0.03132772445678711
0.02896881103515625
0.029029130935668945
0.02893686294555664
0.02903461456298828
0.02902364730834961
0.028895139694213867
0.0290524959564209
0.029134273529052734
0.029300451278686523
0.02929067611694336
0.029124021530151367
0.030211210250854492
0.0295565128326416
0.029515981674194336
0.03319883346557617
0.029497861862182617
0.047225236892700195
0.029455900192260742
0.028853416442871094
0.029384136199951172
0.0288851261138916
0.02918076515197754
0.02883458137512207
0.028911113739013672
0.02873706817626953
0.029113292694091797
0.02889871597290039
0.02880859375
0.02877020835876465
0.028889179229736328
0.028873682022094727
0.0290224552154541
0.029074668884277344
0.029027700424194336
0.029363393783569336
0.03016042709350586
0.02919936180114746
0.02893662452697754
0.02933979034423828
0.029051780700683594
0.02889227867126465
0.02933812141418457
0.028914928436279297
0.029236793518066406
0.02868366241455078
0.02880549430847168
0.028858423233032227
0.02908015251159668
0.0291440486907959
0.029829740524291992
0.029214859008789062
0.02939438819885254
0.02918529510498047
0.02904677391052246
0.028989791870117188
0.02895355224609375
0.029318809509277344
0.02888965606689453
0.02923417091369629
0.030048370361328125
0.02905583381652832
0.029000520706176758
0.028907299041748047
0.028959989547729492
0.029223918914794922
0.02886795997619629
0.028925418853759766
0.030599594116210938
0.031141042709350586
0.028745174407958984
0.028937816619873047
0.028689861297607422
0.028764009475708008
0.02875995635986328
0.02869415283203125
0.028615236282348633
0.029198646545410156
0.028987884521484375
0.029245615005493164
0.029158830642700195
0.0292508602142334
0.029171466827392578
0.02876448631286621
0.028818607330322266
0.029004812240600586
0.028988361358642578
0.02921152114868164
0.029015541076660156
0.029065370559692383
0.028928756713867188
0.028933048248291016
0.029070615768432617
0.02893376350402832
0.02893805503845215
0.02893805503845215
0.028915882110595703
0.02895832061767578
0.02894449234008789
0.028838157653808594
0.029012203216552734
0.028995752334594727
0.02898383140563965
0.028900861740112305
0.02875685691833496
0.02894735336303711
0.029052257537841797
0.028818607330322266
0.028781652450561523
0.02869248390197754
0.028905153274536133
0.028754711151123047
0.02868938446044922
0.02883172035217285
0.028986454010009766
0.029150724411010742
0.028972148895263672
0.028940200805664062
0.029128313064575195
0.029694318771362305
0.029143095016479492
0.02913975715637207
0.02893686294555664
0.028989315032958984
0.029284238815307617
0.02916741371154785
0.02895045280456543
0.02915644645690918
0.02913045883178711
0.029226064682006836
0.029163122177124023
0.02898120880126953
0.028802156448364258
0.02902531623840332
0.02882099151611328
0.0291900634765625
0.029109477996826172
0.02894139289855957
0.02905583381652832
0.029153108596801758
0.02922511100769043
0.029064416885375977
0.02900981903076172
0.028913497924804688
0.0289459228515625
0.028948307037353516
0.0287930965423584
0.029059410095214844
0.028963088989257812
0.029116153717041016
0.0289456844329834
0.028985023498535156
0.02905893325805664
0.029234647750854492
0.029074907302856445
0.029026031494140625
0.02896428108215332
0.028841257095336914
0.029135465621948242
0.028809785842895508
0.028803348541259766
0.028690338134765625
0.028643131256103516
0.02862071990966797
0.028676271438598633
0.028666019439697266
0.028696775436401367
0.02870631217956543
0.029265880584716797
0.028633594512939453
0.029053449630737305
0.030217647552490234
0.029632091522216797
0.029045820236206055
0.028906822204589844
0.02877354621887207
0.028895139694213867
0.0287168025970459
0.02880549430847168
0.028788089752197266
0.028609752655029297
0.028632402420043945
0.02869391441345215
0.02873849868774414
0.028702974319458008
0.02872633934020996
0.028734922409057617
0.02873682975769043
0.028694629669189453
0.02870798110961914
0.02878403663635254
0.028631210327148438
0.028650522232055664
0.02873849868774414
0.028661012649536133
0.02860713005065918
0.028655052185058594
0.02873849868774414
0.028908252716064453
0.028889179229736328
0.028666019439697266
0.028716325759887695
0.028730154037475586
0.028981447219848633
0.028911828994750977
0.028561830520629883
0.028675317764282227
0.028649568557739258
0.028664112091064453
0.028642654418945312
0.02879047393798828
0.02871251106262207
0.02865147590637207
0.028757572174072266
0.029195785522460938
0.028832674026489258
0.02881765365600586
0.02877211570739746
0.028916358947753906
0.029176712036132812
0.029088735580444336
0.029123544692993164
0.0290069580078125
0.028926610946655273
0.029052734375
0.028957128524780273
0.028784990310668945
0.028795480728149414
0.029102563858032227
0.02902817726135254
0.028790950775146484
0.028950214385986328
0.0290987491607666
0.028977632522583008
0.028998613357543945
0.02894878387451172
0.028879880905151367
0.02889394760131836
0.029003620147705078
0.028814077377319336
0.028760910034179688
0.029346466064453125
0.029183626174926758
0.02895212173461914
0.028926849365234375
0.0289003849029541
0.02895665168762207
0.028859615325927734
0.029377460479736328
0.028999805450439453
0.02905750274658203
0.029018878936767578
0.02942681312561035
0.028920888900756836
0.02912616729736328
0.029082775115966797
0.029094696044921875
0.02886033058166504
0.028983592987060547
0.02900242805480957
0.028985977172851562
0.029902219772338867
0.029201984405517578
0.029215574264526367
0.029641151428222656
0.029009580612182617
0.029390335083007812
0.028873443603515625
0.029567480087280273
0.03007054328918457
0.02904486656188965
0.029021739959716797
0.029056787490844727
0.02910304069519043
0.028786897659301758
0.02874016761779785
0.02877068519592285
0.028804779052734375
0.028891801834106445
0.029042482376098633
0.028854846954345703
0.032867431640625
0.029424428939819336
0.028957128524780273
0.02885603904724121
0.028861522674560547
0.02938222885131836
0.02872467041015625
0.028751134872436523
0.028951406478881836
0.029068470001220703
0.029050588607788086
0.02881765365600586
0.02898550033569336
0.028951168060302734
0.028931617736816406
0.029327869415283203
0.02897191047668457
0.02899622917175293
0.028851747512817383
0.0388333797454834
0.02886819839477539
0.029392004013061523
0.02900075912475586
0.02954387664794922
0.028873920440673828
0.029005765914916992
0.028987646102905273
0.028965473175048828
0.028902530670166016
0.028742551803588867
0.028790712356567383
0.029181241989135742
0.02878403663635254
0.02884507179260254
0.028962373733520508
0.02895951271057129
0.028986215591430664
0.029021739959716797
0.028744935989379883
0.028909921646118164
0.028959989547729492
0.02928638458251953
0.030022859573364258
0.02901768684387207
0.028972148895263672
0.028850317001342773
0.028847932815551758
0.02876448631286621
0.02900862693786621
0.029424667358398438
0.02913975715637207
0.02920818328857422
0.02889561653137207
0.028996944427490234
0.02894902229309082
0.0292818546295166
0.028905391693115234
0.029175519943237305
0.028961658477783203
0.028812646865844727
0.028860807418823242
0.029273033142089844
0.028831005096435547
0.029148340225219727
0.02902388572692871
0.029072046279907227
0.02924942970275879
0.035241127014160156
0.030594348907470703
0.029065608978271484
0.02904796600341797
0.028974056243896484
0.028914928436279297
0.028870820999145508
0.029008865356445312
0.029062509536743164
0.02901482582092285
0.029029369354248047
0.028920650482177734
0.02892470359802246
0.028925180435180664
0.028974294662475586
0.02912735939025879
0.02883768081665039
0.02913689613342285
0.029319286346435547
0.029346942901611328
0.029194355010986328
0.02912592887878418
0.029137134552001953
0.02905893325805664
0.02922797203063965
0.029118061065673828
0.029134750366210938
0.028982877731323242
0.028651714324951172
0.028690338134765625
0.02863001823425293
0.028726816177368164
0.02860236167907715
0.02899336814880371
0.02900242805480957
0.028995990753173828
0.028958797454833984
0.02899003028869629
0.029399394989013672
0.029059171676635742
0.028751850128173828
0.029387474060058594
0.028681039810180664
0.028696775436401367
0.02863454818725586
0.028660058975219727
0.02895665168762207
0.028742551803588867
0.029081106185913086
0.02906322479248047
0.02898550033569336
0.0291597843170166
0.028995037078857422
0.028792142868041992
0.02884650230407715
0.029268980026245117
0.02891373634338379
0.029037952423095703
0.028986215591430664
0.029016733169555664
0.028678178787231445
0.028861045837402344
0.02905726432800293
0.029040098190307617
0.028862953186035156
0.028959989547729492
0.02898883819580078
0.028821468353271484
0.028921127319335938
0.029169559478759766
0.029138565063476562
0.0289156436920166
0.028986215591430664
0.02892756462097168
0.028913259506225586
0.02902507781982422
0.02885723114013672
0.02900099754333496
0.02892136573791504
0.028837203979492188
0.028871536254882812
0.028798341751098633
0.028955698013305664
0.028898000717163086
0.028900623321533203
0.029592514038085938
0.029127836227416992
0.028760910034179688
0.029126644134521484
0.028976917266845703
0.028616666793823242
0.028999805450439453
0.029256582260131836
0.028748273849487305
0.02892589569091797
0.028671741485595703
0.028864383697509766
0.028645038604736328
0.02898859977722168
0.028820514678955078
0.02920675277709961
0.028760194778442383
0.02904534339904785
0.028699159622192383
0.028566360473632812
0.028590917587280273
0.028884410858154297
0.028600692749023438
0.028482437133789062
0.02905416488647461
0.029028892517089844
0.02892613410949707
0.028865337371826172
0.028909921646118164
0.028859853744506836
0.02882242202758789
0.02903461456298828
0.029008150100708008
0.028893470764160156
0.028853178024291992
0.028992891311645508
0.02946305274963379
0.02940654754638672
0.029067039489746094
0.029014110565185547
0.02880263328552246
0.02892923355102539
0.02893805503845215
0.028911352157592773
0.028942584991455078
0.029465913772583008
0.02895498275756836
0.02892756462097168
0.028833627700805664
0.02893662452697754
0.02886056900024414
0.02908015251159668
0.029030323028564453
0.02892160415649414
0.028978347778320312
0.029542207717895508
0.02893352508544922
0.028842449188232422
0.029006004333496094
0.029008865356445312
0.02904820442199707
0.02890610694885254
0.02886199951171875
0.028931379318237305
0.028861522674560547
0.029100656509399414
0.02890944480895996
0.02892136573791504
0.028700828552246094
0.028766870498657227
0.02880263328552246
0.02880382537841797
0.028797149658203125
0.028949737548828125
0.02881026268005371
0.029000282287597656
0.02879047393798828
0.029023170471191406
0.028873443603515625
0.028916120529174805
0.028751611709594727
0.028750181198120117
0.02871251106262207
0.028727293014526367
0.028712034225463867
0.028672456741333008
0.028627872467041016
0.02870345115661621
0.02857351303100586
0.028957605361938477
0.028793811798095703
0.028493404388427734
0.028821945190429688
0.02859663963317871
0.028861045837402344
0.02889704704284668
0.02883768081665039
0.028818845748901367
0.028862953186035156
0.029419422149658203
0.029155254364013672
0.02907538414001465
0.029136180877685547
0.029022216796875
0.0290067195892334
0.029249191284179688
0.02914571762084961
0.02902960777282715
0.029481887817382812
0.02974867820739746
0.029242992401123047
0.02929234504699707
0.028612613677978516
0.028721332550048828
0.028595447540283203
0.02876424789428711
0.028675556182861328
0.028724193572998047
0.028600692749023438
0.02862858772277832
0.028597116470336914
0.028874874114990234
0.028590679168701172
0.028716325759887695
0.02873682975769043
0.028878450393676758
0.028743505477905273
0.02876591682434082
0.028614521026611328
0.028683185577392578
0.02881479263305664
0.028849124908447266
0.028716087341308594
0.02872157096862793
0.028815507888793945
0.029251813888549805
0.029030561447143555
0.028851747512817383
0.028551340103149414
0.028836965560913086
0.029036283493041992
0.028801679611206055
0.028573989868164062
0.028553009033203125
0.028569698333740234
0.028645038604736328
0.02861618995666504
0.028750896453857422
0.028533458709716797
0.028647184371948242
0.028541088104248047
0.02878737449645996
0.028698444366455078
0.02868342399597168
0.02868795394897461
0.028601408004760742
0.028537988662719727
0.02860546112060547
0.02857804298400879
0.028605222702026367
0.02853250503540039
0.02868199348449707
0.02858734130859375
0.028582334518432617
0.028657197952270508
0.028707504272460938
0.02851104736328125
0.028734207153320312
0.028497695922851562
0.029004812240600586
0.028786659240722656
0.029094696044921875
0.02883458137512207
0.0288698673248291
0.028841018676757812
0.02917313575744629
0.028878211975097656
0.02890610694885254
0.028904199600219727
0.02876591682434082
0.028728723526000977
0.028876066207885742
0.028922080993652344
0.0289456844329834
0.02857494354248047
0.028879165649414062
0.028725862503051758
0.028757095336914062
0.028597116470336914
0.028838396072387695
0.02878594398498535
0.028787612915039062
0.028911590576171875
0.028819561004638672
0.02877950668334961
0.029532194137573242
0.02877044677734375
0.02873373031616211
0.02882218360900879
0.028841018676757812
0.028612136840820312
0.02864551544189453
0.028650760650634766
0.028556108474731445
0.02859783172607422
0.0285036563873291
0.02860260009765625
0.028537988662719727
0.028623580932617188
0.028556346893310547
0.028595447540283203
0.028641700744628906
0.028567075729370117
0.028595447540283203
0.028554439544677734
0.028493165969848633
0.02858567237854004
0.028642654418945312
0.028584957122802734
0.028680801391601562
0.02861309051513672
0.028778791427612305
0.028828859329223633
0.028930187225341797
0.0288083553314209
0.028792858123779297
0.0293886661529541
0.029016971588134766
0.02875351905822754
0.028699398040771484
0.028664588928222656
0.02864527702331543
0.030365943908691406
0.0500028133392334
0.051393747329711914
0.029064416885375977
0.029024600982666016
0.028865814208984375
0.028795242309570312
0.028588533401489258
0.02881026268005371
0.028820276260375977
0.028986692428588867
0.02897810935974121
0.02905583381652832
0.028898239135742188
0.02965831756591797
0.028899192810058594
0.02868795394897461
0.029401302337646484
0.02887439727783203
0.029319286346435547
0.028979778289794922
0.02893519401550293
0.028685331344604492
0.029001474380493164
0.028853178024291992
0.029137849807739258
0.028792142868041992
0.028901338577270508
0.028845787048339844
0.029578208923339844
0.02871394157409668
0.02873063087463379
0.028632640838623047
0.028719663619995117
0.028839588165283203
0.028982877731323242
0.02859640121459961
0.02870345115661621
0.028586864471435547
0.028673410415649414
0.028587818145751953
0.028633594512939453
0.028634309768676758
0.028615474700927734
0.028627634048461914
0.0289764404296875
0.028925657272338867
0.028937578201293945
0.028792381286621094
0.02901482582092285
0.02876448631286621
0.028979063034057617
0.028932809829711914
0.028944730758666992
0.028927326202392578
0.028812408447265625
0.029379844665527344
0.028827190399169922
0.028964757919311523
0.0285341739654541
0.02871990203857422
0.028671979904174805
0.028653383255004883
0.02856588363647461
0.028499603271484375
0.028839588165283203
0.028560638427734375
0.028626203536987305
0.028531312942504883
0.02862071990966797
0.028569936752319336
0.028631210327148438
0.028472185134887695
0.028589963912963867
0.02854180335998535
0.029444217681884766
0.028630495071411133
0.028709888458251953
0.028687477111816406
0.02867412567138672
0.02862834930419922
0.028736352920532227
0.028786897659301758
0.02874588966369629
0.028593778610229492
0.02866983413696289
0.028599977493286133
0.028637409210205078
0.028627872467041016
0.028788328170776367
0.0286715030670166
0.02871084213256836
0.028738975524902344
0.029224634170532227
0.02863335609436035
0.028709888458251953
0.028636455535888672
0.02864217758178711
0.028600692749023438
0.028907060623168945
0.028955459594726562
0.02886795997619629
0.02885890007019043
0.02887701988220215
0.02878284454345703
0.02884531021118164
0.02868795394897461
0.028868436813354492
0.029003620147705078
0.028877973556518555
0.028702497482299805
0.028893470764160156
0.029335498809814453
0.02897787094116211
0.0288388729095459
0.028748512268066406
0.028931379318237305
0.029020071029663086
0.028810977935791016
0.028809785842895508
0.028913259506225586
0.02881765365600586
0.028780698776245117
0.02883744239807129
0.028822660446166992
0.028872251510620117
0.02881646156311035
0.0289309024810791
0.02885270118713379
