0.001992940902709961
0.0018317699432373047
0.0018372535705566406
0.0018529891967773438
0.001827239990234375
0.0018270015716552734
0.0018239021301269531
0.0018405914306640625
0.001814126968383789
0.0018305778503417969
0.0018341541290283203
0.0018057823181152344
0.0018794536590576172
0.001791238784790039
0.001901865005493164
0.0018429756164550781
0.0018239021301269531
0.0017924308776855469
0.0018382072448730469
0.00179290771484375
0.0019276142120361328
0.0018165111541748047
0.0018146038055419922
0.0018870830535888672
0.0018463134765625
0.0018315315246582031
0.001811981201171875
0.0018227100372314453
0.0017843246459960938
0.00183868408203125
0.0018200874328613281
0.0018763542175292969
0.0018870830535888672
0.0018634796142578125
0.0018873214721679688
0.0019066333770751953
0.0017848014831542969
0.0018773078918457031
0.0018270015716552734
0.0018436908721923828
0.0018572807312011719
0.0018641948699951172
0.0018184185028076172
0.0018324851989746094
0.0018742084503173828
0.0018525123596191406
0.0018024444580078125
0.0018465518951416016
0.0017893314361572266
0.0018239021301269531
0.0018270015716552734
0.0018620491027832031
0.001814126968383789
0.0018248558044433594
0.0018541812896728516
0.0018095970153808594
0.0017750263214111328
0.0018570423126220703
0.0017859935760498047
0.0018947124481201172
0.0017998218536376953
0.001867055892944336
0.001821279525756836
0.0018630027770996094
0.0018067359924316406
0.0018622875213623047
0.0018396377563476562
0.0018343925476074219
0.0018591880798339844
0.0017859935760498047
0.001828908920288086
0.0018033981323242188
0.0019106864929199219
0.001809835433959961
0.0018086433410644531
0.00179290771484375
0.0018651485443115234
0.00180816650390625
0.0018367767333984375
0.0018537044525146484
0.0017812252044677734
0.0017709732055664062
0.0018031597137451172
0.001874685287475586
0.0017523765563964844
0.0018253326416015625
0.0018362998962402344
0.001939535140991211
0.001819610595703125
0.001825571060180664
0.0019037723541259766
0.0018296241760253906
0.0018126964569091797
0.0018579959869384766
0.0017924308776855469
0.0018382072448730469
0.001829385757446289
0.0018472671508789062
0.001889944076538086
0.0018343925476074219
0.0018696784973144531
0.00179290771484375
0.0018162727355957031
0.0018916130065917969
0.0018718242645263672
0.0018110275268554688
0.001856088638305664
0.0017886161804199219
0.001886606216430664
0.0018229484558105469
0.0018570423126220703
0.0018110275268554688
0.0018548965454101562
0.0018455982208251953
0.0018656253814697266
0.0018854141235351562
0.0019063949584960938
0.002032756805419922
0.0019092559814453125
0.0019159317016601562
0.001981973648071289
0.0018892288208007812
0.0019137859344482422
0.0019071102142333984
0.001992464065551758
0.0018792152404785156
0.0018982887268066406
0.0018928050994873047
0.0019021034240722656
0.0019345283508300781
0.0018885135650634766
0.0018863677978515625
0.0019025802612304688
0.0018990039825439453
0.0018706321716308594
0.001813650131225586
0.0019168853759765625
0.001922607421875
0.0018947124481201172
0.0019087791442871094
0.001888275146484375
0.001828908920288086
0.0018846988677978516
0.0017962455749511719
0.0020084381103515625
0.001939535140991211
0.001863241195678711
0.002007007598876953
0.0018846988677978516
0.0018582344055175781
0.0018563270568847656
0.0018987655639648438
0.001882791519165039
0.001911163330078125
0.001991748809814453
0.0018875598907470703
0.0018391609191894531
0.0018732547760009766
0.0019555091857910156
0.0018918514251708984
0.0019268989562988281
0.00189971923828125
0.0018608570098876953
0.0018765926361083984
0.0018863677978515625
0.0018978118896484375
0.0019083023071289062
0.0019555091857910156
0.0018758773803710938
0.0019161701202392578
0.0019652843475341797
0.0018985271453857422
0.001865386962890625
0.0018548965454101562
0.001882314682006836
0.002044677734375
0.0018765926361083984
0.0019083023071289062
0.001882314682006836
0.001882791519165039
0.0019307136535644531
0.001973390579223633
0.001898050308227539
0.0018949508666992188
0.0019202232360839844
0.0018699169158935547
0.0019211769104003906
0.001931905746459961
0.0019130706787109375
0.0018935203552246094
0.0019290447235107422
0.00186920166015625
0.0018939971923828125
0.0018415451049804688
0.0018429756164550781
0.001893758773803711
0.0019512176513671875
0.0018775463104248047
0.0018503665924072266
0.0018947124481201172
0.0018472671508789062
0.0018870830535888672
0.0019290447235107422
0.001909017562866211
0.0018990039825439453
0.0018808841705322266
0.0018832683563232422
0.0018901824951171875
0.002050638198852539
0.001878976821899414
0.0018792152404785156
0.0019075870513916016
0.0019254684448242188
0.0019555091857910156
0.0018906593322753906
0.0018739700317382812
0.0018982887268066406
0.0019443035125732422
0.001922607421875
0.0019042491912841797
0.001922607421875
0.0019032955169677734
0.0019259452819824219
0.0019075870513916016
0.0019299983978271484
0.0018658638000488281
0.0018756389617919922
0.0018830299377441406
0.0019230842590332031
0.001926422119140625
0.0019135475158691406
0.001926422119140625
0.001813650131225586
0.001819610595703125
0.0018184185028076172
0.0018672943115234375
0.0019173622131347656
0.0018558502197265625
0.0018887519836425781
0.0018301010131835938
0.0018355846405029297
0.0018572807312011719
0.0018002986907958984
0.0018596649169921875
0.0017824172973632812
0.0018620491027832031
0.0018291473388671875
0.001895904541015625
0.0018010139465332031
0.0018606185913085938
0.0018160343170166016
0.0019941329956054688
0.0019109249114990234
0.0019173622131347656
0.0018773078918457031
0.0018548965454101562
0.0018284320831298828
0.0018699169158935547
0.0017893314361572266
0.001968860626220703
0.0018105506896972656
0.0018150806427001953
0.0018053054809570312
0.0017895698547363281
0.00179290771484375
0.0018315315246582031
0.0018222332000732422
0.0018241405487060547
0.0018339157104492188
0.0019032955169677734
0.0018112659454345703
0.001817941665649414
0.0018329620361328125
0.0019259452819824219
0.0019173622131347656
0.0018405914306640625
0.0019314289093017578
0.001806020736694336
0.0018801689147949219
0.0018875598907470703
0.001894235610961914
0.0018532276153564453
0.0018994808197021484
0.0017843246459960938
0.0019276142120361328
0.001806020736694336
0.0018715858459472656
0.0019092559814453125
0.0019099712371826172
0.0018551349639892578
0.0019767284393310547
0.0018656253814697266
0.0019083023071289062
0.0019059181213378906
0.0019047260284423828
0.001905202865600586
0.0019774436950683594
0.0018680095672607422
0.0019071102142333984
0.001865386962890625
0.001893758773803711
0.001886606216430664
0.0018706321716308594
0.0018606185913085938
0.0019390583038330078
0.0018756389617919922
0.0019271373748779297
0.00185394287109375
0.001890420913696289
0.0018863677978515625
0.002009153366088867
0.0018353462219238281
0.0018968582153320312
0.0018792152404785156
0.0019195079803466797
0.0019104480743408203
0.001880645751953125
0.0018663406372070312
0.0019176006317138672
0.0019176006317138672
0.0019502639770507812
0.001918792724609375
0.0018994808197021484
0.0018858909606933594
0.0018863677978515625
0.001889944076538086
0.0019521713256835938
0.0020143985748291016
0.0019342899322509766
0.001889944076538086
0.0019502639770507812
0.0018815994262695312
0.002024412155151367
0.0018885135650634766
0.001909494400024414
0.0018734931945800781
0.0019125938415527344
0.0018644332885742188
0.0019290447235107422
0.001928567886352539
0.002047300338745117
0.0019104480743408203
0.0019044876098632812
0.0018672943115234375
0.0019021034240722656
0.00186920166015625
0.0018744468688964844
0.0018689632415771484
0.0018701553344726562
0.0018732547760009766
0.001982450485229492
0.001918792724609375
0.0018839836120605469
0.0019419193267822266
0.0019218921661376953
0.0018839836120605469
0.0019443035125732422
0.0019991397857666016
0.0018968582153320312
0.0018842220306396484
0.002046346664428711
0.0018880367279052734
0.001993417739868164
0.001909494400024414
0.0018987655639648438
0.0019030570983886719
0.0020418167114257812
0.0018880367279052734
0.002032041549682617
0.0020949840545654297
0.0019431114196777344
0.0018880367279052734
0.0020275115966796875
0.001979351043701172
0.0018999576568603516
0.002034425735473633
0.0020732879638671875
0.001947164535522461
0.0019047260284423828
0.0019235610961914062
0.001901865005493164
0.0019390583038330078
0.0019505023956298828
0.0019001960754394531
0.0020210742950439453
0.001947164535522461
0.0019023418426513672
0.0019330978393554688
0.001880645751953125
0.001961946487426758
0.0019371509552001953
0.001909017562866211
0.0019240379333496094
0.001912832260131836
0.0018699169158935547
0.0020737648010253906
0.0021975040435791016
0.0021724700927734375
0.0022890567779541016
0.0021877288818359375
0.002124309539794922
0.0020132064819335938
0.002167224884033203
0.002095937728881836
0.0021848678588867188
0.002034425735473633
0.0020568370819091797
0.0019843578338623047
0.0020492076873779297
0.001981496810913086
0.0021157264709472656
0.002004861831665039
0.002022266387939453
0.002032756805419922
0.0020265579223632812
0.0020558834075927734
0.0021407604217529297
0.00220489501953125
0.001922607421875
0.0021224021911621094
0.0018947124481201172
0.0020067691802978516
0.0018830299377441406
0.002030611038208008
0.0019567012786865234
0.0020308494567871094
0.0019114017486572266
0.0020308494567871094
0.0019102096557617188
0.002071857452392578
0.0019364356994628906
0.0020122528076171875
0.0019674301147460938
0.0019488334655761719
0.0019845962524414062
0.001965045928955078
0.0019037723541259766
0.001977205276489258
0.0019860267639160156
0.0018916130065917969
0.0019545555114746094
0.0018990039825439453
0.001901865005493164
0.0020220279693603516
0.0019383430480957031
0.0019190311431884766
0.002071857452392578
0.0018689632415771484
0.0019693374633789062
0.0019731521606445312
0.0019080638885498047
0.0018720626831054688
0.0020248889923095703
0.0019497871398925781
0.001924276351928711
0.0019252300262451172
0.0020983219146728516
0.0019910335540771484
0.0020427703857421875
0.0020406246185302734
0.0020246505737304688
0.0018489360809326172
0.0019371509552001953
0.0018928050994873047
0.001890420913696289
0.001922607421875
0.0020203590393066406
0.0019130706787109375
0.0018930435180664062
0.0018527507781982422
0.0018944740295410156
0.0018546581268310547
0.001905679702758789
0.001941680908203125
0.0018787384033203125
0.0018949508666992188
0.0019314289093017578
0.0019164085388183594
0.002046823501586914
0.0018916130065917969
0.00201416015625
0.0018644332885742188
0.0019066333770751953
0.0018775463104248047
0.0018939971923828125
0.0018596649169921875
0.0019116401672363281
0.0018689632415771484
0.0019903182983398438
0.0018837451934814453
0.0019168853759765625
0.0019154548645019531
0.0018801689147949219
0.0018482208251953125
0.0018765926361083984
0.001863241195678711
0.0018384456634521484
0.0018568038940429688
0.0018906593322753906
0.0018100738525390625
0.0018811225891113281
0.0018534660339355469
0.001833200454711914
0.0018124580383300781
0.0018310546875
0.0018463134765625
0.0019154548645019531
0.0018224716186523438
0.0017921924591064453
0.0019488334655761719
0.0018389225006103516
0.0018465518951416016
0.0018172264099121094
0.0018205642700195312
0.0018429756164550781
0.0017826557159423828
0.0018987655639648438
0.0019211769104003906
0.0018074512481689453
0.001796722412109375
0.0018758773803710938
0.0018892288208007812
0.0018148422241210938
0.0018067359924316406
0.0019118785858154297
0.0018470287322998047
0.0018665790557861328
0.0017979145050048828
0.0018115043640136719
0.0018012523651123047
0.0018596649169921875
0.0018284320831298828
0.0018277168273925781
0.0018553733825683594
0.0018303394317626953
0.0019464492797851562
0.0019102096557617188
0.0018613338470458984
0.0018877983093261719
0.0018048286437988281
0.001920938491821289
0.0018055438995361328
0.0018191337585449219
0.0018727779388427734
0.0017850399017333984
0.001827239990234375
0.0018429756164550781
0.0019114017486572266
0.0017881393432617188
0.001802682876586914
0.001861572265625
0.0017883777618408203
0.0018453598022460938
0.0019040107727050781
0.0020296573638916016
0.0018718242645263672
0.001928567886352539
0.0019459724426269531
0.0018932819366455078
0.0018620491027832031
0.0018808841705322266
0.0018563270568847656
0.0018162727355957031
0.0018875598907470703
0.0018036365509033203
0.0018148422241210938
0.0018334388732910156
0.0018939971923828125
0.0018863677978515625
0.0018033981323242188
0.0019114017486572266
0.0017921924591064453
0.001789093017578125
0.001870870590209961
0.0019304752349853516
0.001794576644897461
0.0018742084503173828
0.0018687248229980469
0.0019021034240722656
0.001911163330078125
0.0019037723541259766
0.0018961429595947266
0.001790761947631836
0.0018782615661621094
0.0018973350524902344
0.001894235610961914
0.0018603801727294922
0.0019283294677734375
0.0019245147705078125
0.001950979232788086
0.00191497802734375
0.0019397735595703125
0.0019481182098388672
0.001920938491821289
0.0019118785858154297
0.0019335746765136719
0.0019698143005371094
0.0018982887268066406
0.001871347427368164
0.0018935203552246094
0.001922607421875
0.0018892288208007812
0.0018877983093261719
0.0017957687377929688
0.0018994808197021484
0.0018620491027832031
0.0018262863159179688
0.0018663406372070312
0.0018658638000488281
0.0019061565399169922
0.0019125938415527344
0.0018677711486816406
0.0018589496612548828
0.0017898082733154297
0.0018396377563476562
0.001898050308227539
0.0018491744995117188
0.0018706321716308594
0.001912832260131836
0.0019881725311279297
0.0018677711486816406
0.0018887519836425781
0.0018475055694580078
0.0019154548645019531
0.0018818378448486328
0.0018658638000488281
0.0019130706787109375
0.001932382583618164
0.001851797103881836
0.0018725395202636719
0.0017948150634765625
0.0018813610076904297
0.0019071102142333984
0.0019237995147705078
0.001886606216430664
0.0018684864044189453
0.0018477439880371094
0.0018932819366455078
0.0019071102142333984
0.0019125938415527344
0.0019214153289794922
0.0018725395202636719
0.0018684864044189453
0.0019216537475585938
0.0018362998962402344
0.0018835067749023438
0.0019404888153076172
0.0019004344940185547
0.0018391609191894531
0.0019221305847167969
0.001901865005493164
0.0018644332885742188
0.0018434524536132812
0.001886606216430664
0.0018451213836669922
0.0019254684448242188
0.0018610954284667969
0.0019004344940185547
0.0018341541290283203
0.0019097328186035156
0.0018863677978515625
0.0018448829650878906
0.001924753189086914
0.001909494400024414
0.0018672943115234375
0.001886606216430664
0.0018815994262695312
0.0018489360809326172
0.0018877983093261719
0.0019352436065673828
0.0019125938415527344
0.0019378662109375
0.0018894672393798828
0.0019028186798095703
0.0018475055694580078
0.0018551349639892578
0.0018320083618164062
0.0018672943115234375
0.001882791519165039
0.0018358230590820312
0.0018274784088134766
0.0018432140350341797
0.00188446044921875
0.0018336772918701172
0.00189971923828125
0.0018343925476074219
0.0018451213836669922
0.0018298625946044922
0.0018525123596191406
0.0018434524536132812
0.0018613338470458984
0.0018873214721679688
0.001847982406616211
0.001850128173828125
0.0018739700317382812
0.0018367767333984375
0.0018627643585205078
0.0018892288208007812
0.0018939971923828125
0.0018413066864013672
0.0018603801727294922
0.001857757568359375
0.0018682479858398438
0.001844644546508789
0.0018749237060546875
0.0018856525421142578
0.0018413066864013672
0.001863718032836914
0.0018591880798339844
0.0018465518951416016
0.0018734931945800781
0.0018579959869384766
0.0018541812896728516
0.0018839836120605469
0.0019202232360839844
0.001941680908203125
0.0018622875213623047
0.0018532276153564453
0.0018622875213623047
0.001844167709350586
0.0018496513366699219
0.0019958019256591797
0.0018696784973144531
0.0018343925476074219
0.0018410682678222656
0.0018520355224609375
0.0018620491027832031
0.0018990039825439453
0.0018744468688964844
0.0018956661224365234
0.0018274784088134766
0.001947641372680664
0.0018467903137207031
0.0019342899322509766
0.001842498779296875
0.0018787384033203125
0.0018105506896972656
0.00188446044921875
0.0018367767333984375
0.0018510818481445312
0.0018897056579589844
0.0018301010131835938
0.0018382072448730469
0.0018346309661865234
0.001848459243774414
0.0018534660339355469
0.0018618106842041016
0.0019423961639404297
0.0018248558044433594
0.0018525123596191406
0.0018541812896728516
0.001886129379272461
0.001859903335571289
0.0018677711486816406
0.00183868408203125
0.0018486976623535156
0.0018680095672607422
0.001859903335571289
0.0018537044525146484
0.0018706321716308594
0.0018656253814697266
0.0018596649169921875
0.0018744468688964844
0.0018160343170166016
0.001800537109375
0.0017850399017333984
0.0018215179443359375
0.0018057823181152344
0.0018527507781982422
0.0018093585968017578
0.0017921924591064453
0.0017635822296142578
0.0018553733825683594
0.0018296241760253906
0.001814126968383789
0.001772165298461914
0.0018723011016845703
0.0018463134765625
0.001773834228515625
0.0018162727355957031
0.0019118785858154297
0.001773834228515625
0.0018405914306640625
0.0018112659454345703
0.0018107891082763672
0.0018768310546875
0.0017886161804199219
0.001802682876586914
0.0017864704132080078
0.0018830299377441406
0.0017943382263183594
0.0018906593322753906
0.0018537044525146484
0.0019073486328125
0.0018496513366699219
0.0018563270568847656
0.0017642974853515625
0.00183868408203125
0.0017726421356201172
0.0017650127410888672
0.0018820762634277344
0.0018041133880615234
0.0018658638000488281
0.0018074512481689453
0.0018432140350341797
0.0018258094787597656
0.0018703937530517578
0.00188446044921875
0.0018796920776367188
0.0018739700317382812
0.0018687248229980469
0.00188446044921875
0.0019621849060058594
0.0019130706787109375
0.0018579959869384766
0.00186920166015625
0.0018925666809082031
0.0018429756164550781
0.0018639564514160156
0.0018780231475830078
0.0018901824951171875
0.001798868179321289
0.0018799304962158203
0.0018155574798583984
0.0018711090087890625
0.0018630027770996094
0.001798868179321289
0.0017919540405273438
0.0018036365509033203
0.001783132553100586
0.0019421577453613281
0.0017843246459960938
0.0019040107727050781
0.001779317855834961
0.0018193721771240234
0.001802682876586914
0.0018973350524902344
0.001909494400024414
0.0018343925476074219
0.0017886161804199219
0.0019931793212890625
0.0017724037170410156
0.0017957687377929688
0.0018706321716308594
0.001840353012084961
0.0018498897552490234
0.001758575439453125
0.001794576644897461
0.0017969608306884766
0.001810312271118164
0.0017766952514648438
0.0017924308776855469
0.0018229484558105469
0.001806020736694336
0.001756906509399414
0.0018324851989746094
0.0018770694732666016
0.0019066333770751953
0.0018849372863769531
0.0018048286437988281
0.0017981529235839844
0.001775979995727539
0.0019097328186035156
0.0018308162689208984
0.0017774105072021484
0.0018079280853271484
0.0018086433410644531
0.001789093017578125
0.001806497573852539
0.001851797103881836
0.001773834228515625
0.0017819404602050781
0.0017833709716796875
0.0017766952514648438
0.0017876625061035156
0.0017745494842529297
0.0017974376678466797
0.0019426345825195312
0.001800537109375
0.0017960071563720703
0.0017936229705810547
0.0017864704132080078
0.0018305778503417969
0.0017981529235839844
0.0017898082733154297
0.0018305778503417969
0.0017824172973632812
0.0018012523651123047
0.0018372535705566406
0.001786947250366211
0.0018787384033203125
0.0018126964569091797
0.0019919872283935547
0.0018665790557861328
0.0018756389617919922
0.0017864704132080078
0.0018224716186523438
0.001898050308227539
0.0017962455749511719
0.0018012523651123047
0.0017719268798828125
0.0017886161804199219
0.0018079280853271484
0.0017886161804199219
0.001814126968383789
0.0018045902252197266
0.0017900466918945312
0.0018072128295898438
0.0018002986907958984
0.001772165298461914
0.0017871856689453125
0.0017817020416259766
0.001865386962890625
0.0018486976623535156
0.0019047260284423828
0.0019774436950683594
0.0018513202667236328
0.0018088817596435547
0.0019850730895996094
0.0018067359924316406
0.0018875598907470703
0.0017573833465576172
0.0018107891082763672
0.0018134117126464844
0.0018458366394042969
0.0018463134765625
0.0018033981323242188
0.0017838478088378906
0.0018496513366699219
0.0019521713256835938
0.0019309520721435547
0.00203704833984375
0.0017893314361572266
0.0018641948699951172
0.0018510818481445312
0.0018777847290039062
0.0018711090087890625
0.0019805431365966797
0.0020248889923095703
0.0019092559814453125
0.0018923282623291016
0.00186920166015625
0.0018482208251953125
0.001964569091796875
0.0018661022186279297
0.0018439292907714844
0.0018649101257324219
0.001857757568359375
0.0018243789672851562
0.0018718242645263672
0.0018665790557861328
0.0018448829650878906
0.0018305778503417969
0.001967191696166992
0.0018334388732910156
0.0019071102142333984
0.0019147396087646484
0.001836538314819336
0.0018641948699951172
0.001871347427368164
0.0018701553344726562
0.001836538314819336
0.0018863677978515625
0.0019440650939941406
0.001886129379272461
0.001976490020751953
0.0018494129180908203
0.0032606124877929688
0.002088308334350586
0.0018682479858398438
0.0019466876983642578
0.0019397735595703125
0.0020189285278320312
0.0018532276153564453
0.0019457340240478516
0.0018718242645263672
0.0020897388458251953
0.0018868446350097656
0.002071380615234375
0.001972675323486328
0.0020322799682617188
0.0018877983093261719
0.0019893646240234375
0.0018656253814697266
0.0020105838775634766
0.0018656253814697266
0.002073049545288086
0.0018863677978515625
0.002048492431640625
0.0018248558044433594
0.0020558834075927734
0.001789093017578125
0.001984119415283203
0.0018095970153808594
0.0020165443420410156
0.0017952919006347656
0.0020220279693603516
0.001909494400024414
0.002010822296142578
0.0018928050994873047
