0.009742259979248047
0.009456872940063477
0.008486747741699219
0.008623600006103516
0.008361339569091797
0.008268117904663086
0.008338212966918945
0.008242368698120117
0.008254051208496094
0.00825643539428711
0.008259296417236328
0.008284807205200195
0.008301496505737305
0.008274555206298828
0.008270263671875
0.008098125457763672
0.008126020431518555
0.008025646209716797
0.008159160614013672
0.00812983512878418
0.008177518844604492
0.008279561996459961
0.00830078125
0.008367776870727539
0.00828099250793457
0.008188724517822266
0.008243560791015625
0.008275032043457031
0.008219242095947266
0.00840306282043457
0.008466958999633789
0.008405208587646484
0.008467674255371094
0.008395195007324219
0.008371114730834961
0.008378982543945312
0.008256912231445312
0.008253812789916992
0.008169889450073242
0.008309125900268555
0.008203983306884766
0.008233070373535156
0.008284568786621094
0.008312463760375977
0.008622884750366211
0.008697509765625
0.008434057235717773
0.008335590362548828
0.008412361145019531
0.008105278015136719
0.008416414260864258
0.008479595184326172
0.008142948150634766
0.008216381072998047
0.00852656364440918
0.00870966911315918
0.008533000946044922
0.008504152297973633
0.008510351181030273
0.008445501327514648
0.008438587188720703
0.008426904678344727
0.008340120315551758
0.008301734924316406
0.008331775665283203
0.008435964584350586
0.008455038070678711
0.008534431457519531
0.008745431900024414
0.0088348388671875
0.009253501892089844
0.008752107620239258
0.008823871612548828
0.008719682693481445
0.008559465408325195
0.008555173873901367
0.008480548858642578
0.00842738151550293
0.008484840393066406
0.008511066436767578
0.0081787109375
0.008319377899169922
0.00836038589477539
0.008291482925415039
0.008159160614013672
0.007957220077514648
0.008122682571411133
0.008367538452148438
0.008088827133178711
0.00831294059753418
0.008562564849853516
0.008401870727539062
0.008265256881713867
0.008301496505737305
0.008438587188720703
0.008253097534179688
0.008324146270751953
0.00835561752319336
0.008332252502441406
0.008518695831298828
0.008588552474975586
0.00840449333190918
0.00904226303100586
0.009041309356689453
0.009129524230957031
0.009047269821166992
0.009180068969726562
0.009125709533691406
0.008940696716308594
0.008924007415771484
0.008929729461669922
0.00935983657836914
0.00876307487487793
0.009083032608032227
0.008700847625732422
0.008661985397338867
0.008730888366699219
0.008643627166748047
0.00845956802368164
0.008637428283691406
0.008676528930664062
0.00849461555480957
0.008689165115356445
0.008724689483642578
0.008900642395019531
0.008677244186401367
0.008864641189575195
0.008819341659545898
0.009039163589477539
0.00877523422241211
0.008917808532714844
0.008703231811523438
0.00872182846069336
0.008729934692382812
0.008796453475952148
0.008719444274902344
0.008524894714355469
0.008728504180908203
0.0086517333984375
0.008708000183105469
0.008483648300170898
0.008170843124389648
0.008337020874023438
0.008330583572387695
0.008326292037963867
0.008315563201904297
0.008387088775634766
0.008336544036865234
0.008398056030273438
0.008320331573486328
0.008252620697021484
0.008399009704589844
0.008177757263183594
0.008081197738647461
0.008071422576904297
0.008083105087280273
0.007864713668823242
0.007929325103759766
0.008008956909179688
0.008224964141845703
0.008283615112304688
0.008880615234375
0.008839607238769531
0.008782625198364258
0.008790016174316406
0.008406400680541992
0.00843191146850586
0.008448600769042969
0.008444547653198242
0.008415937423706055
0.008356094360351562
0.008294105529785156
0.008274078369140625
0.008226394653320312
0.00821995735168457
0.00839543342590332
0.008292913436889648
0.008190155029296875
0.008315324783325195
0.008406877517700195
0.008333683013916016
0.008394002914428711
0.0086822509765625
0.00836324691772461
0.008394718170166016
0.00877833366394043
0.008539676666259766
0.008315324783325195
0.008324146270751953
0.008022308349609375
0.008085489273071289
0.008075475692749023
0.00793147087097168
0.008096694946289062
0.008148908615112305
0.007824897766113281
0.008134603500366211
0.007902145385742188
0.008207559585571289
0.008352279663085938
0.008210897445678711
0.008208990097045898
0.008288383483886719
0.008191585540771484
0.008333444595336914
0.008330345153808594
0.00826883316040039
0.008249998092651367
0.008341312408447266
0.008208513259887695
0.008272647857666016
0.008347749710083008
0.00834202766418457
0.008374929428100586
0.00827336311340332
0.008232355117797852
0.008298158645629883
0.008292436599731445
0.008208274841308594
0.008222341537475586
0.008347272872924805
0.008363723754882812
0.008884668350219727
0.008783102035522461
0.008889198303222656
0.008891820907592773
0.008806943893432617
0.008586406707763672
0.008407354354858398
0.008559465408325195
0.00859975814819336
0.008318901062011719
0.008441686630249023
0.00885152816772461
0.008656024932861328
0.008577823638916016
0.00865936279296875
0.008674860000610352
0.00869607925415039
0.008599042892456055
0.008933782577514648
0.00847768783569336
0.008791208267211914
0.008606195449829102
0.008650541305541992
0.009055376052856445
0.008794784545898438
0.008596420288085938
0.008891820907592773
0.008968591690063477
0.008576393127441406
0.008973836898803711
0.008737802505493164
0.008696794509887695
0.008498191833496094
0.008482694625854492
0.008501768112182617
0.008533000946044922
0.008427143096923828
0.008456230163574219
0.0085906982421875
0.008878707885742188
0.008575916290283203
0.008939981460571289
0.008595705032348633
0.008718252182006836
0.00853419303894043
0.008527278900146484
0.008630752563476562
0.008377552032470703
0.008336067199707031
0.00842905044555664
0.008202791213989258
0.008120059967041016
0.008257865905761719
0.008143901824951172
0.008418560028076172
0.008406877517700195
0.008574962615966797
0.008330821990966797
0.008691787719726562
0.008329153060913086
0.008333921432495117
0.008324623107910156
0.008148431777954102
0.00828695297241211
0.008291006088256836
0.00815582275390625
0.008367300033569336
0.008321046829223633
0.00827789306640625
0.008292198181152344
0.008408546447753906
0.00816965103149414
0.008231878280639648
0.008176803588867188
0.007799386978149414
0.007968664169311523
0.008055686950683594
0.008291244506835938
0.008327722549438477
0.008213996887207031
0.008569717407226562
0.00855708122253418
0.008692264556884766
0.008235931396484375
0.008281469345092773
0.008183717727661133
0.008152484893798828
0.00853872299194336
0.008542299270629883
0.008484840393066406
0.008525609970092773
0.008583784103393555
0.008514642715454102
0.00879669189453125
0.009134292602539062
0.008643865585327148
0.009160041809082031
0.008812189102172852
0.008701801300048828
0.008651971817016602
0.008667707443237305
0.008625268936157227
0.008504867553710938
0.008520841598510742
0.008573770523071289
0.008708477020263672
0.008514165878295898
0.008533239364624023
0.00844120979309082
0.008600473403930664
0.008661746978759766
0.008551836013793945
0.008538007736206055
0.008567333221435547
0.008490324020385742
0.00846552848815918
0.00862431526184082
0.008541584014892578
0.008343219757080078
0.008422374725341797
0.00833272933959961
0.008420705795288086
0.008399009704589844
0.00835108757019043
0.008427858352661133
0.008340597152709961
0.008375167846679688
0.008349895477294922
0.008521556854248047
0.008341073989868164
0.008364439010620117
0.008330106735229492
0.00833892822265625
0.008336782455444336
0.008363723754882812
0.008389949798583984
0.00839686393737793
0.008960247039794922
0.009078502655029297
0.009060382843017578
0.00938105583190918
0.009032487869262695
0.008750200271606445
0.008761167526245117
0.008803129196166992
0.008811712265014648
0.008560657501220703
0.008778810501098633
0.008888006210327148
0.009057044982910156
0.009033441543579102
0.009290933609008789
0.00901031494140625
0.008837699890136719
0.009125709533691406
0.008960485458374023
0.008724212646484375
0.008750200271606445
0.00860738754272461
0.008735179901123047
0.009167194366455078
0.008926153182983398
0.009168624877929688
0.008929729461669922
0.009012222290039062
0.00906991958618164
0.008888483047485352
0.008559703826904297
0.008743047714233398
0.008699417114257812
0.008755207061767578
0.00933384895324707
0.009096622467041016
0.009000539779663086
0.008813142776489258
0.00910806655883789
0.00900721549987793
0.009151697158813477
0.008925914764404297
0.008903980255126953
0.008460521697998047
0.008454561233520508
0.008400440216064453
0.00830221176147461
0.008401632308959961
0.008353233337402344
0.008400678634643555
0.008191108703613281
0.00824427604675293
0.008263111114501953
0.008241891860961914
0.008291244506835938
0.008661746978759766
0.008276224136352539
0.008328676223754883
0.008213996887207031
0.008432626724243164
0.008413314819335938
0.008346796035766602
0.008606195449829102
0.008892297744750977
0.0088043212890625
0.008896112442016602
0.008835792541503906
0.008605003356933594
0.008570671081542969
0.008649110794067383
0.008510828018188477
0.008552074432373047
0.008470773696899414
0.008358955383300781
0.008386373519897461
0.008446693420410156
0.008429288864135742
0.008418560028076172
0.008528709411621094
0.008415460586547852
0.008438348770141602
0.008425235748291016
0.008363723754882812
0.00843667984008789
0.008403778076171875
0.008348226547241211
0.008435487747192383
0.008460521697998047
0.00843191146850586
0.008350133895874023
0.00836491584777832
0.008347749710083008
0.008397102355957031
0.008388042449951172
0.008445501327514648
0.008490324020385742
0.008348703384399414
0.00830984115600586
0.008234977722167969
0.00834035873413086
0.008354902267456055
0.0083465576171875
0.008459329605102539
0.008344173431396484
0.008334875106811523
0.008296012878417969
0.008505582809448242
0.008294105529785156
0.008247137069702148
0.008297920227050781
0.00834202766418457
0.008414268493652344
0.008392572402954102
0.00835108757019043
0.008388280868530273
0.008354663848876953
0.008348464965820312
0.008413076400756836
0.008478403091430664
0.008350372314453125
0.008336782455444336
0.008411407470703125
0.008420944213867188
0.008333683013916016
0.008372306823730469
0.008389472961425781
0.008286476135253906
0.008301019668579102
0.00829315185546875
0.008142471313476562
0.008541107177734375
0.008347272872924805
0.008485555648803711
0.008355855941772461
0.008511066436767578
0.008479833602905273
0.008597373962402344
0.008548259735107422
0.008422374725341797
0.00853109359741211
0.008513927459716797
0.008518695831298828
0.008562803268432617
0.008465051651000977
0.008262395858764648
0.008333206176757812
0.008332252502441406
0.008271932601928711
0.00853872299194336
0.008703470230102539
0.008547544479370117
0.008890867233276367
0.008887529373168945
0.008939504623413086
0.008626937866210938
0.00891423225402832
0.008824825286865234
0.008500337600708008
0.008486509323120117
0.008580207824707031
0.008559226989746094
0.008693695068359375
0.008735179901123047
0.008610010147094727
0.008633852005004883
0.008706092834472656
0.00867772102355957
0.00850677490234375
0.008523941040039062
0.008503198623657227
0.00845789909362793
0.008529424667358398
0.008536100387573242
0.008207082748413086
0.008265495300292969
0.008010387420654297
0.008437156677246094
0.008452415466308594
0.008630990982055664
0.008646965026855469
0.008672475814819336
0.008303642272949219
0.008328914642333984
0.008339881896972656
0.008527517318725586
0.009662866592407227
0.008666515350341797
0.008538246154785156
0.008507728576660156
0.008400201797485352
0.008453607559204102
0.008419513702392578
0.008392095565795898
0.008503913879394531
0.008385658264160156
0.00853276252746582
0.008516073226928711
0.008285999298095703
0.008316993713378906
0.008409976959228516
0.008209943771362305
0.00821232795715332
0.0082855224609375
0.008224725723266602
0.008270263671875
0.008313894271850586
0.008200407028198242
0.008252382278442383
0.008199214935302734
0.008175373077392578
0.008196592330932617
0.008194208145141602
0.008328437805175781
0.008438825607299805
0.00829625129699707
0.008209705352783203
0.008435249328613281
0.008363485336303711
0.008291006088256836
0.008448600769042969
0.008336067199707031
0.00836038589477539
0.008337974548339844
0.00845789909362793
0.008182525634765625
0.00815725326538086
0.00811004638671875
0.00795435905456543
0.00803685188293457
0.008076906204223633
0.007934808731079102
0.008104085922241211
0.007730960845947266
0.008049488067626953
0.00808572769165039
0.007857084274291992
0.008157491683959961
0.008160591125488281
0.007875680923461914
0.008156299591064453
0.007873773574829102
0.007974624633789062
0.007948637008666992
0.008076190948486328
0.008053779602050781
0.008072614669799805
0.007932186126708984
0.007981061935424805
0.00824880599975586
0.007833719253540039
0.007929801940917969
0.00789785385131836
0.007747173309326172
0.008053779602050781
0.007908105850219727
0.00795888900756836
0.007952451705932617
0.007863998413085938
0.008130311965942383
0.0077931880950927734
0.007832527160644531
0.008222818374633789
0.007811546325683594
0.007848024368286133
0.00793004035949707
0.00776362419128418
0.007965326309204102
0.008038759231567383
0.008137226104736328
0.007849454879760742
0.008418560028076172
0.008217573165893555
0.008290529251098633
0.008398771286010742
0.007901430130004883
0.008211851119995117
0.008318901062011719
0.008404731750488281
0.008596181869506836
0.00852823257446289
0.00843501091003418
0.008536815643310547
0.008681774139404297
0.008437156677246094
0.008633136749267578
0.008532047271728516
0.008407115936279297
0.008423805236816406
0.00838780403137207
0.008545637130737305
0.008788108825683594
0.008938789367675781
0.008937358856201172
0.009012222290039062
0.008915901184082031
0.00867462158203125
0.009221076965332031
0.008639335632324219
0.00885319709777832
0.008607625961303711
0.008729696273803711
0.008904457092285156
0.008918523788452148
0.008786916732788086
0.008828878402709961
0.008805513381958008
0.008691787719726562
0.008912324905395508
0.008464813232421875
0.008446455001831055
0.008179426193237305
0.008317947387695312
0.00829625129699707
0.008486509323120117
0.008490324020385742
0.008382558822631836
0.008291244506835938
0.008730411529541016
0.008313655853271484
0.008754730224609375
0.008599996566772461
0.008560419082641602
0.008149147033691406
0.008150100708007812
0.008161783218383789
0.008028507232666016
0.008210420608520508
0.008028984069824219
0.008102178573608398
0.007957935333251953
0.007739067077636719
0.0083770751953125
0.008228063583374023
0.008114814758300781
0.008175849914550781
0.008137226104736328
0.008135795593261719
0.008264780044555664
0.008321762084960938
0.00812840461730957
0.008203268051147461
0.008223295211791992
0.008115291595458984
0.008321285247802734
0.007938623428344727
0.007940530776977539
0.007998943328857422
0.00775146484375
0.00794363021850586
0.007890701293945312
0.008049726486206055
0.007948160171508789
0.008129119873046875
0.007987499237060547
0.00794363021850586
0.007963895797729492
0.007998943328857422
0.00794363021850586
0.007915735244750977
0.008057117462158203
0.008091211318969727
0.007949113845825195
0.007970809936523438
0.008180856704711914
0.008165121078491211
0.008219003677368164
0.008123397827148438
0.008148670196533203
0.008286714553833008
0.0077402591705322266
0.007853507995605469
0.007826805114746094
0.0076825618743896484
0.007868289947509766
0.008236169815063477
0.008169412612915039
0.008212089538574219
0.008113861083984375
0.007930994033813477
0.007813453674316406
0.007997989654541016
0.007790327072143555
0.00782322883605957
0.007710933685302734
0.007818222045898438
0.007727384567260742
0.007760286331176758
0.00779271125793457
0.007933378219604492
0.007974386215209961
0.008205175399780273
0.007944822311401367
0.008056402206420898
0.008094549179077148
0.007772922515869141
0.007897615432739258
0.0078582763671875
0.0077822208404541016
0.00785207748413086
0.0077533721923828125
0.007967233657836914
0.007862091064453125
0.00777888298034668
0.007802724838256836
0.00782155990600586
0.007985115051269531
0.007908344268798828
0.0077207088470458984
0.007902860641479492
0.007785797119140625
0.0077762603759765625
0.007853031158447266
0.007860660552978516
0.007929086685180664
0.00780487060546875
0.007745265960693359
0.007927894592285156
0.00777888298034668
0.007969856262207031
0.008076190948486328
0.00807332992553711
0.008421182632446289
0.00871133804321289
0.00864267349243164
0.008501529693603516
0.008571147918701172
0.009409666061401367
0.008911848068237305
0.008813619613647461
0.00882720947265625
0.008872270584106445
0.008593559265136719
0.008853912353515625
0.00876307487487793
0.008948564529418945
0.008893013000488281
0.00958561897277832
0.009294509887695312
0.009160995483398438
0.009162425994873047
0.009473800659179688
0.009096384048461914
0.008965730667114258
0.009202003479003906
0.009038209915161133
0.008939266204833984
0.008969545364379883
0.009008407592773438
0.008674860000610352
0.008678674697875977
0.008954763412475586
0.009159326553344727
0.009217977523803711
0.008819580078125
0.008707761764526367
0.009019613265991211
0.00870823860168457
0.008702278137207031
0.008722305297851562
0.00881195068359375
0.008983850479125977
0.008800506591796875
0.008758306503295898
0.008933305740356445
0.00879359245300293
0.008388280868530273
0.00827479362487793
0.00834202766418457
0.008319377899169922
0.00829315185546875
0.008308172225952148
0.008326530456542969
0.008336782455444336
0.008339881896972656
0.00849604606628418
0.008194923400878906
0.00816798210144043
0.008178949356079102
0.008243083953857422
0.00820469856262207
0.008076667785644531
0.00821995735168457
0.008252382278442383
0.008201360702514648
0.008344888687133789
0.008174896240234375
0.00822591781616211
0.008296489715576172
0.008352994918823242
0.008350849151611328
0.00831151008605957
0.008308649063110352
0.008333206176757812
0.00845193862915039
0.00832986831665039
0.008435487747192383
0.008411169052124023
0.008302450180053711
0.00847935676574707
0.00827932357788086
0.008316278457641602
0.00830388069152832
0.008307933807373047
0.008319854736328125
0.008331060409545898
0.008432626724243164
0.00836181640625
0.008728265762329102
0.008510351181030273
0.008318185806274414
0.008316993713378906
0.008129358291625977
0.00809335708618164
0.008138418197631836
0.00807642936706543
0.008126974105834961
0.008157730102539062
0.008069992065429688
0.008073568344116211
0.007958650588989258
0.00817561149597168
0.007947206497192383
0.008097171783447266
0.007787942886352539
0.007721900939941406
0.007719755172729492
0.007780790328979492
0.0077190399169921875
0.008023500442504883
0.00783395767211914
0.007851362228393555
0.007712364196777344
0.007805585861206055
0.007817268371582031
0.0077266693115234375
0.008121490478515625
0.008156299591064453
0.008142948150634766
0.008136510848999023
0.008108854293823242
0.008116722106933594
0.008118629455566406
0.008112430572509766
0.00816798210144043
0.008115530014038086
0.008131265640258789
0.008117437362670898
0.008294343948364258
0.008124351501464844
0.008121728897094727
0.008133649826049805
0.008175849914550781
0.008085012435913086
0.008127450942993164
0.008220434188842773
0.008129119873046875
0.008101463317871094
0.008135318756103516
0.00809335708618164
0.00825190544128418
0.007812976837158203
0.007712602615356445
0.007719755172729492
0.007966279983520508
0.007746458053588867
0.00794219970703125
0.00819706916809082
0.008141517639160156
0.008166790008544922
0.008147001266479492
0.008150100708007812
0.008138418197631836
0.008349895477294922
0.00814509391784668
0.008177042007446289
0.008123159408569336
0.008185625076293945
0.008217334747314453
0.008314847946166992
0.00830531120300293
0.008559703826904297
0.008473396301269531
0.008542299270629883
0.008478164672851562
0.008744955062866211
0.008585453033447266
0.008548736572265625
0.00859522819519043
0.008617877960205078
0.008445024490356445
0.008614301681518555
0.008528470993041992
0.008692026138305664
0.008502721786499023
0.00852203369140625
0.008554458618164062
0.008346319198608398
0.008343696594238281
0.008347749710083008
0.00835418701171875
0.008575439453125
0.008546590805053711
0.008498668670654297
0.008635520935058594
0.008469581604003906
0.008466243743896484
0.00841975212097168
0.008563995361328125
0.008453607559204102
0.008275270462036133
0.008277654647827148
0.008197307586669922
0.00811910629272461
0.00829458236694336
0.008133411407470703
0.008118152618408203
0.008219718933105469
0.008115768432617188
0.008169174194335938
0.008320331573486328
0.008114814758300781
0.008124589920043945
0.008122444152832031
0.008147239685058594
0.008074760437011719
0.008115530014038086
0.00827169418334961
0.008310794830322266
0.008660316467285156
0.008394718170166016
0.008294820785522461
0.008404970169067383
0.008307456970214844
0.008292198181152344
0.008258581161499023
0.008393287658691406
0.00829315185546875
0.008285045623779297
0.008379220962524414
0.008294105529785156
0.008359432220458984
