0.002987384796142578
0.0029654502868652344
0.0029113292694091797
0.0029664039611816406
0.002856731414794922
0.002830028533935547
0.002826213836669922
0.002810955047607422
0.0028727054595947266
0.0028412342071533203
0.002804279327392578
0.0028281211853027344
0.002830028533935547
0.002838134765625
0.0028066635131835938
0.002913236618041992
0.002833127975463867
0.002922534942626953
0.002882242202758789
0.002804279327392578
0.0028607845306396484
0.002841949462890625
0.002836465835571289
0.0028760433197021484
0.0028276443481445312
0.0028350353240966797
0.0028085708618164062
0.002817869186401367
0.002808094024658203
0.002821207046508789
0.002793550491333008
0.0027947425842285156
0.0028192996978759766
0.0028231143951416016
0.002745389938354492
0.002833843231201172
0.0028917789459228516
0.0028235912322998047
0.002791166305541992
0.002802133560180664
0.0028085708618164062
0.0028100013732910156
0.002832174301147461
0.0028307437896728516
0.002798318862915039
0.0028014183044433594
0.002886056900024414
0.0027968883514404297
0.0028061866760253906
0.002833843231201172
0.0027954578399658203
0.002803325653076172
0.002846956253051758
0.0028879642486572266
0.002787351608276367
0.0028247833251953125
0.0028846263885498047
0.002804994583129883
0.002826690673828125
0.0028162002563476562
0.002877950668334961
0.0028028488159179688
0.0028238296508789062
0.002833127975463867
0.0028395652770996094
0.0028285980224609375
0.0028145313262939453
0.0028390884399414062
0.0028235912322998047
0.0028400421142578125
0.0028951168060302734
0.002814054489135742
0.00281524658203125
0.002803325653076172
0.002834320068359375
0.0028395652770996094
0.0028228759765625
0.0028450489044189453
0.0028104782104492188
0.002851247787475586
0.0028619766235351562
0.002817392349243164
0.002826690673828125
0.002863645553588867
0.0028879642486572266
0.0028200149536132812
0.002954721450805664
0.002913236618041992
0.0028007030487060547
0.0028514862060546875
0.0028624534606933594
0.002834320068359375
0.002820253372192383
0.0028281211853027344
0.0028104782104492188
0.002826213836669922
0.002820730209350586
0.0028290748596191406
0.0028069019317626953
0.0028493404388427734
0.002849102020263672
0.0028073787689208984
0.002814054489135742
0.0028052330017089844
0.002941608428955078
0.002816915512084961
0.0027458667755126953
0.002771615982055664
0.002824544906616211
0.0027549266815185547
0.0027618408203125
0.0027506351470947266
0.002773761749267578
0.002773761749267578
0.002786874771118164
0.002757549285888672
0.0027599334716796875
0.0028104782104492188
0.0029256343841552734
0.0028836727142333984
0.0028777122497558594
0.002889394760131836
0.003036975860595703
0.0029304027557373047
0.0028624534606933594
0.0029642581939697266
0.0029985904693603516
0.002841472625732422
0.0028171539306640625
0.002853870391845703
0.0028371810913085938
0.002879619598388672
0.002814054489135742
0.002816438674926758
0.002955913543701172
0.002887248992919922
0.0028221607208251953
0.0028531551361083984
0.0030002593994140625
0.0029418468475341797
0.002841949462890625
0.002835512161254883
0.002831697463989258
0.003016948699951172
0.002891063690185547
0.002911090850830078
0.0029430389404296875
0.0028486251831054688
0.002950906753540039
0.0028417110443115234
0.002920389175415039
0.0028362274169921875
0.0029120445251464844
0.0029354095458984375
0.002949237823486328
0.003035306930541992
0.0028228759765625
0.0028412342071533203
0.0028488636016845703
0.002839803695678711
0.0028450489044189453
0.0028324127197265625
0.002828836441040039
0.002837657928466797
0.0028657913208007812
0.0028533935546875
0.0028412342071533203
0.00287628173828125
0.0028891563415527344
0.0028955936431884766
0.0028405189514160156
0.0028481483459472656
0.0029332637786865234
0.0029833316802978516
0.002876758575439453
0.0028901100158691406
0.002809286117553711
0.0028352737426757812
0.002803325653076172
0.002813100814819336
0.0028486251831054688
0.002879619598388672
0.0028378963470458984
0.002819538116455078
0.002851247787475586
0.002839803695678711
0.0029044151306152344
0.0028269290924072266
0.002945423126220703
0.0029544830322265625
0.0028142929077148438
0.0028040409088134766
0.002815723419189453
0.0028345584869384766
0.0028104782104492188
0.0028095245361328125
0.0028464794158935547
0.002805471420288086
0.0028214454650878906
0.002809286117553711
0.002859354019165039
0.002828836441040039
0.002816438674926758
0.002859354019165039
0.0028536319732666016
0.0029745101928710938
0.0034465789794921875
0.0037267208099365234
0.0031914710998535156
0.003137350082397461
0.003184795379638672
0.003278493881225586
0.0031228065490722656
0.0031371116638183594
0.00313568115234375
0.003209352493286133
0.0030291080474853516
0.0031175613403320312
0.0031468868255615234
0.0031380653381347656
0.003129243850708008
0.002995729446411133
0.003060579299926758
0.0030205249786376953
0.0029900074005126953
0.0029616355895996094
0.0029151439666748047
0.0030252933502197266
0.0030167102813720703
0.003021717071533203
0.0029518604278564453
0.0029723644256591797
0.002989530563354492
0.0030040740966796875
0.002919912338256836
0.0030913352966308594
0.003051280975341797
0.0030448436737060547
0.003004789352416992
0.0029332637786865234
0.0030596256256103516
0.0030417442321777344
0.003009319305419922
0.002985239028930664
0.002977609634399414
0.003046274185180664
0.0030126571655273438
0.0029828548431396484
0.002969026565551758
0.0030367374420166016
0.003003835678100586
0.0030295848846435547
0.0030164718627929688
0.0031158924102783203
0.0029745101928710938
0.002904176712036133
0.002991914749145508
0.0028684139251708984
0.0029354095458984375
0.003001689910888672
0.0028963088989257812
0.0029926300048828125
0.003042459487915039
0.0029442310333251953
0.0029594898223876953
0.0028688907623291016
0.002927541732788086
0.00293731689453125
0.0029821395874023438
0.002874135971069336
0.0030410289764404297
0.0029230117797851562
0.0029077529907226562
0.002894878387451172
0.0028884410858154297
0.002864837646484375
0.0028917789459228516
0.002894878387451172
0.002899646759033203
0.002891063690185547
0.0028235912322998047
0.0028662681579589844
0.0028290748596191406
0.002826213836669922
0.0029647350311279297
0.0028486251831054688
0.0029420852661132812
0.002932310104370117
0.0028297901153564453
0.0028798580169677734
0.0028858184814453125
0.0028498172760009766
0.0028235912322998047
0.0027785301208496094
0.002830028533935547
0.0028815269470214844
0.0028123855590820312
0.0028243064880371094
0.002791166305541992
0.002818584442138672
0.002872943878173828
0.002815723419189453
0.002868175506591797
0.0029859542846679688
0.002995729446411133
0.0028874874114990234
0.0028238296508789062
0.0028793811798095703
0.0028307437896728516
0.0028650760650634766
0.0028748512268066406
0.0030133724212646484
0.0027990341186523438
0.0030066967010498047
0.002830982208251953
0.002988576889038086
0.002844095230102539
0.0029273033142089844
0.0028541088104248047
0.0028531551361083984
0.0028829574584960938
0.002813577651977539
0.0028810501098632812
0.0028052330017089844
0.0028676986694335938
0.0029206275939941406
0.0029647350311279297
0.002915620803833008
0.0029697418212890625
0.002918243408203125
0.0029153823852539062
0.0029637813568115234
0.0029413700103759766
0.002908945083618164
0.002823352813720703
0.0027942657470703125
0.0028891563415527344
0.002976655960083008
0.003059864044189453
0.0028176307678222656
0.0028302669525146484
0.002804994583129883
0.002867460250854492
0.0027158260345458984
0.0027985572814941406
0.002864360809326172
0.0028624534606933594
0.002806425094604492
0.0028085708618164062
0.0028781890869140625
0.002825021743774414
0.0029108524322509766
0.0028052330017089844
0.002978801727294922
0.0029077529907226562
0.0028290748596191406
0.0028765201568603516
0.0028123855590820312
0.002852201461791992
0.0028753280639648438
0.0028922557830810547
0.002819538116455078
0.0028345584869384766
0.002835988998413086
0.0028526782989501953
0.0028228759765625
0.002833127975463867
0.002906322479248047
0.002815723419189453
0.0028090476989746094
0.0027875900268554688
0.0028634071350097656
0.002913951873779297
0.002865314483642578
0.002828359603881836
0.0028955936431884766
0.0028524398803710938
0.0028226375579833984
0.0027933120727539062
0.0028502941131591797
0.0028624534606933594
0.0028486251831054688
0.00278472900390625
0.0028290748596191406
0.002803802490234375
0.0028619766235351562
0.0028510093688964844
0.0027434825897216797
0.002999544143676758
0.0028793811798095703
0.002824544906616211
0.0028018951416015625
0.002855062484741211
0.002834320068359375
0.0028142929077148438
0.002777576446533203
0.002877473831176758
0.002833127975463867
0.0028009414672851562
0.0028145313262939453
0.0028095245361328125
0.002811431884765625
0.002809762954711914
0.002772808074951172
0.0028083324432373047
0.002861499786376953
0.0029113292694091797
0.002794027328491211
0.0028371810913085938
0.002830028533935547
0.0028061866760253906
0.0028104782104492188
0.0029020309448242188
0.002847433090209961
0.002794027328491211
0.002824068069458008
0.002818584442138672
0.0028145313262939453
0.002805471420288086
0.0028450489044189453
0.0028753280639648438
0.0028438568115234375
0.0028939247131347656
0.002755880355834961
0.0027894973754882812
0.0030930042266845703
0.0028226375579833984
0.0028295516967773438
0.002850770950317383
0.002783536911010742
0.0028219223022460938
0.0028841495513916016
0.0028247833251953125
0.0028257369995117188
0.002802610397338867
0.002808809280395508
0.002810239791870117
0.0028197765350341797
0.0028374195098876953
0.0029172897338867188
0.0029053688049316406
0.0029230117797851562
0.002852916717529297
0.0028176307678222656
0.0029010772705078125
0.0028297901153564453
0.002847909927368164
0.0028138160705566406
0.002862691879272461
0.0029408931732177734
0.002829313278198242
0.00283050537109375
0.0028259754180908203
0.002854585647583008
0.003061532974243164
0.0029442310333251953
0.0029337406158447266
0.002950429916381836
0.0030105113983154297
0.0029306411743164062
0.0029206275939941406
0.0029234886169433594
0.0028984546661376953
0.0029020309448242188
0.002931833267211914
0.0029261112213134766
0.0029129981994628906
0.0029458999633789062
0.002887248992919922
0.002933979034423828
0.0029315948486328125
0.0029363632202148438
0.0030264854431152344
0.003054380416870117
0.003049612045288086
0.0031266212463378906
0.0030059814453125
0.00295257568359375
0.003087759017944336
0.0030188560485839844
0.0030710697174072266
0.003009319305419922
0.00302886962890625
0.002954721450805664
0.0030603408813476562
0.0032341480255126953
0.003368377685546875
0.0031998157501220703
0.003146648406982422
0.0032279491424560547
0.0030260086059570312
0.0028831958770751953
0.0031135082244873047
0.0030395984649658203
0.00302886962890625
0.0028569698333740234
0.0029418468475341797
0.0031282901763916016
0.003038644790649414
0.0029344558715820312
0.002975940704345703
0.003059864044189453
0.002925872802734375
0.002987384796142578
0.002836465835571289
0.0030159950256347656
0.003033876419067383
0.0028731822967529297
0.0028345584869384766
0.002878904342651367
0.00283050537109375
0.0028383731842041016
0.0028493404388427734
0.002986907958984375
0.002897977828979492
0.0028793811798095703
0.002809286117553711
0.0028345584869384766
0.002872467041015625
0.0029134750366210938
0.0028014183044433594
0.0028111934661865234
0.0029282569885253906
0.002906322479248047
0.0028128623962402344
0.002924203872680664
0.002949953079223633
0.0028221607208251953
0.002801179885864258
0.002898693084716797
0.002912759780883789
0.0028052330017089844
0.0028162002563476562
0.0028181076049804688
0.0028276443481445312
0.0027933120727539062
0.0028870105743408203
0.0028166770935058594
0.002803802490234375
0.0028438568115234375
0.0029363632202148438
0.0027914047241210938
0.002797842025756836
0.0027992725372314453
0.0029058456420898438
0.0028502941131591797
0.0028083324432373047
0.0028443336486816406
0.002830982208251953
0.002868175506591797
0.002824068069458008
0.0029113292694091797
0.002802133560180664
0.002880096435546875
0.002838134765625
0.002859830856323242
0.002898693084716797
0.0028362274169921875
0.0027985572814941406
0.0028460025787353516
0.0027959346771240234
0.0028264522552490234
0.0028035640716552734
0.0029082298278808594
0.002857685089111328
0.002839803695678711
0.002894163131713867
0.002872467041015625
0.0027828216552734375
0.0028388500213623047
0.002860546112060547
0.002866983413696289
0.0028619766235351562
0.0028901100158691406
0.0028874874114990234
0.0029087066650390625
0.0029141902923583984
0.0028281211853027344
0.002840757369995117
0.002810239791870117
0.0028367042541503906
0.0029296875
0.002912759780883789
0.0029146671295166016
0.002802133560180664
0.0029108524322509766
0.0028536319732666016
0.002942800521850586
0.002791166305541992
0.002861499786376953
0.0028815269470214844
0.0028498172760009766
0.002847433090209961
0.0028023719787597656
0.002843141555786133
0.002808094024658203
0.0028252601623535156
0.0028073787689208984
0.0028443336486816406
0.0027925968170166016
0.002801179885864258
0.0028715133666992188
0.002811431884765625
0.002880573272705078
0.0028433799743652344
0.002805948257446289
0.0028162002563476562
0.0029168128967285156
0.002789735794067383
0.002885580062866211
0.0028357505798339844
0.0028111934661865234
0.0028314590454101562
0.00281524658203125
0.0028045177459716797
0.002903461456298828
0.0028295516967773438
0.0027801990509033203
0.0027801990509033203
0.002935171127319336
0.002857685089111328
0.002879619598388672
0.0028765201568603516
0.002858400344848633
0.003007173538208008
0.0030646324157714844
0.003052949905395508
0.0029554367065429688
0.002855539321899414
0.0028188228607177734
0.0029060840606689453
0.0028285980224609375
0.0028057098388671875
0.0028078556060791016
0.002910614013671875
0.0028641223907470703
0.0028429031372070312
0.00286865234375
0.002877473831176758
0.0028204917907714844
0.0028219223022460938
0.00301361083984375
0.0028662681579589844
0.0027997493743896484
0.0027909278869628906
0.002891063690185547
0.0029120445251464844
0.002986907958984375
0.0028710365295410156
0.0027916431427001953
0.0028717517852783203
0.002852201461791992
0.002959728240966797
0.0029065608978271484
0.0028629302978515625
0.0029478073120117188
0.0028061866760253906
0.002970457077026367
0.0028798580169677734
0.0029206275939941406
0.002850055694580078
0.0028908252716064453
0.0028312206268310547
0.0028352737426757812
0.0028536319732666016
0.0028917789459228516
0.0028388500213623047
0.002828836441040039
0.002846240997314453
0.0028181076049804688
0.0028395652770996094
0.0028018951416015625
0.0028035640716552734
0.0028629302978515625
0.0028891563415527344
0.002833843231201172
0.0029675960540771484
0.002844572067260742
0.002802610397338867
0.002770662307739258
0.0028257369995117188
0.0027959346771240234
0.002827882766723633
0.002840280532836914
0.0029015541076660156
0.0027992725372314453
0.0028383731842041016
0.0027968883514404297
0.002864837646484375
0.002803325653076172
0.0027816295623779297
0.0029306411743164062
0.002866029739379883
0.00286865234375
0.002739429473876953
0.0027942657470703125
0.0028908252716064453
0.002737283706665039
0.002813577651977539
0.0028557777404785156
0.0028171539306640625
0.0028498172760009766
0.002923727035522461
0.0027658939361572266
0.00281524658203125
0.0027463436126708984
0.0028438568115234375
0.0027811527252197266
0.0027799606323242188
0.0027816295623779297
0.0029833316802978516
0.002842426300048828
0.002778768539428711
0.002862215042114258
0.002838611602783203
0.0028219223022460938
0.0027790069580078125
0.002822399139404297
0.00283050537109375
0.0029556751251220703
0.002789735794067383
0.0028285980224609375
0.0027921199798583984
0.0028722286224365234
0.0028505325317382812
0.002826213836669922
0.0029027462005615234
0.0029594898223876953
0.0028269290924072266
0.002828359603881836
0.0028274059295654297
0.0027832984924316406
0.002852201461791992
0.002844572067260742
0.0027742385864257812
0.00275421142578125
0.0028276443481445312
0.0027773380279541016
0.002759218215942383
0.0027968883514404297
0.002803325653076172
0.0027496814727783203
0.0027587413787841797
0.0028743743896484375
0.002796173095703125
0.0027837753295898438
0.002812623977661133
0.002805948257446289
0.0027740001678466797
0.002749204635620117
0.0028100013732910156
0.002816438674926758
0.0028128623962402344
0.002766847610473633
0.002823352813720703
0.002772808074951172
0.0027768611907958984
0.002766132354736328
0.0028107166290283203
0.0028176307678222656
0.0028395652770996094
0.002865314483642578
0.002808809280395508
0.002776622772216797
0.002787351608276367
0.0027832984924316406
0.0027756690979003906
0.002778291702270508
0.002839803695678711
0.00276947021484375
0.0027551651000976562
0.0027992725372314453
0.0027947425842285156
0.0027801990509033203
0.002787351608276367
0.0028104782104492188
0.0028009414672851562
0.0028374195098876953
0.0029096603393554688
0.0027971267700195312
0.002820730209350586
0.0028069019317626953
0.002820253372192383
0.0028412342071533203
0.0028464794158935547
0.0027854442596435547
0.0027992725372314453
0.0028226375579833984
0.002765178680419922
0.002811908721923828
0.0028252601623535156
0.002781391143798828
0.0028591156005859375
0.0029273033142089844
0.0029315948486328125
0.0029175281524658203
0.002933025360107422
0.003038167953491211
0.002979755401611328
0.002823352813720703
0.0029144287109375
0.002867460250854492
0.002808094024658203
0.002876758575439453
0.0027990341186523438
0.0028107166290283203
0.002870798110961914
0.0027909278869628906
0.0028755664825439453
0.0028166770935058594
0.0028760433197021484
0.0029397010803222656
0.0030488967895507812
0.002805948257446289
0.002807140350341797
0.0028023719787597656
0.0028328895568847656
0.002819538116455078
0.002791881561279297
0.0028734207153320312
0.0029287338256835938
0.0028662681579589844
0.002902507781982422
0.002896547317504883
0.002919912338256836
0.002816915512084961
0.0028505325317382812
0.0028562545776367188
0.0028259754180908203
0.002907276153564453
0.0028028488159179688
0.002896547317504883
0.002807140350341797
0.0028133392333984375
0.0028274059295654297
0.002804994583129883
0.0028002262115478516
0.0027933120727539062
0.0028586387634277344
0.002886533737182617
0.0028111934661865234
0.0028650760650634766
0.0029251575469970703
0.002810239791870117
0.002795696258544922
0.0027892589569091797
0.0028998851776123047
0.002874612808227539
0.002903461456298828
0.0027685165405273438
0.0028200149536132812
0.002852916717529297
0.0027925968170166016
0.0028314590454101562
0.002880096435546875
0.0029287338256835938
0.002852201461791992
0.0028023719787597656
0.002814054489135742
0.0028908252716064453
0.0027992725372314453
0.0029287338256835938
0.002809762954711914
0.0029134750366210938
0.0028345584869384766
0.002869129180908203
0.0028586387634277344
0.0027980804443359375
0.0028095245361328125
0.002887725830078125
0.0027942657470703125
0.002845287322998047
0.0028100013732910156
0.00279998779296875
0.002834796905517578
0.002791166305541992
0.0027894973754882812
0.0027866363525390625
0.002785921096801758
0.0027954578399658203
0.002811908721923828
0.0029735565185546875
0.003103494644165039
0.0033538341522216797
0.003579854965209961
0.0031893253326416016
0.003019094467163086
0.003058910369873047
0.0030355453491210938
0.003052234649658203
0.003022909164428711
0.0030417442321777344
0.0031092166900634766
0.003100156784057617
0.0031235218048095703
0.003013134002685547
0.0030524730682373047
0.003015279769897461
0.003046751022338867
0.0030159950256347656
0.0030379295349121094
0.003047466278076172
0.0029299259185791016
0.0029456615447998047
0.0029511451721191406
0.0030121803283691406
0.0029578208923339844
0.002923250198364258
0.002933979034423828
0.0029408931732177734
0.002988576889038086
0.002916097640991211
0.0031516551971435547
0.003158092498779297
0.002907276153564453
0.002989530563354492
0.0028836727142333984
0.003003835678100586
0.002938508987426758
0.0029795169830322266
0.002896547317504883
0.002911806106567383
0.002922534942626953
0.0029151439666748047
0.0029668807983398438
0.0029103755950927734
0.0030269622802734375
0.002932310104370117
0.0030052661895751953
0.002986907958984375
0.0028264522552490234
0.002888202667236328
0.0028896331787109375
0.00292205810546875
0.00286102294921875
0.002866983413696289
0.002867460250854492
0.002879619598388672
0.0028824806213378906
0.0029592514038085938
0.0028791427612304688
0.0029442310333251953
0.002911806106567383
0.0028696060180664062
0.0029706954956054688
0.002934694290161133
0.002907991409301758
0.0029871463775634766
0.0028929710388183594
0.002899169921875
0.003012418746948242
0.0029861927032470703
0.002992868423461914
0.0028905868530273438
0.0029108524322509766
0.0029158592224121094
0.0029239654541015625
0.0028722286224365234
0.0028841495513916016
0.002869844436645508
0.0030488967895507812
0.002946138381958008
0.0030744075775146484
0.003080606460571289
0.0030677318572998047
0.003073453903198242
0.0030193328857421875
0.0029859542846679688
0.0029289722442626953
0.0030417442321777344
0.0030677318572998047
0.003122568130493164
0.003084421157836914
0.0029065608978271484
0.003001689910888672
0.0029664039611816406
0.002986907958984375
0.003053426742553711
0.0032079219818115234
0.003071308135986328
0.0030252933502197266
0.0029320716857910156
0.0029020309448242188
0.002966642379760742
0.0030939579010009766
0.003095388412475586
0.0028502941131591797
0.002996683120727539
0.002877950668334961
0.0030736923217773438
0.002872467041015625
0.0029664039611816406
0.0029206275939941406
0.002897977828979492
0.0029196739196777344
0.002824544906616211
0.003019571304321289
0.0027937889099121094
0.002910614013671875
0.0027806758880615234
