0.005481719970703125
0.004875659942626953
0.004700422286987305
0.005212545394897461
0.005285739898681641
0.005344867706298828
0.004969358444213867
0.004655122756958008
0.004456281661987305
0.004397392272949219
0.004452705383300781
0.0044782161712646484
0.004390239715576172
0.004427194595336914
0.0044138431549072266
0.004402637481689453
0.004449367523193359
0.004333019256591797
0.004400730133056641
0.004552125930786133
0.0043849945068359375
0.004320621490478516
0.004395961761474609
0.004388093948364258
0.004355192184448242
0.004397869110107422
0.004370927810668945
0.004418849945068359
0.004410982131958008
0.004343748092651367
0.00433349609375
0.004391908645629883
0.004337787628173828
0.0043451786041259766
0.004335641860961914
0.004297494888305664
0.00431370735168457
0.004361152648925781
0.004297971725463867
0.004373073577880859
0.0043294429779052734
0.004325151443481445
0.004416465759277344
0.004335641860961914
0.004430055618286133
0.0044460296630859375
0.004364013671875
0.00445866584777832
0.004456996917724609
0.004350423812866211
0.004641294479370117
0.004420280456542969
0.00439000129699707
0.004352569580078125
0.004393339157104492
0.00441431999206543
0.004926204681396484
0.0049169063568115234
0.004385709762573242
0.004395961761474609
0.004810810089111328
0.004854679107666016
0.005041360855102539
0.004673957824707031
0.0046727657318115234
0.004829883575439453
0.0044403076171875
0.004769325256347656
0.004746675491333008
0.004518747329711914
0.0045146942138671875
0.0046308040618896484
0.004480600357055664
0.004658699035644531
0.004687070846557617
0.0044782161712646484
0.004481315612792969
0.0046350955963134766
0.004510402679443359
0.004731416702270508
0.0045623779296875
0.00433802604675293
0.004314422607421875
0.004358768463134766
0.004312753677368164
0.004355192184448242
0.004352092742919922
0.004318952560424805
0.0043487548828125
0.0043506622314453125
0.004311084747314453
0.004397869110107422
0.004317522048950195
0.004316568374633789
0.004328012466430664
0.00439763069152832
0.0043337345123291016
0.004354000091552734
0.004926443099975586
0.004535198211669922
0.004713296890258789
0.004426002502441406
0.0043849945068359375
0.0044403076171875
0.004708766937255859
0.00440526008605957
0.004370689392089844
0.004312753677368164
0.004334926605224609
0.00435328483581543
0.004411458969116211
0.004312753677368164
0.004319190979003906
0.004582405090332031
0.004405975341796875
0.004347085952758789
0.004292488098144531
0.0043408870697021484
0.004315376281738281
0.004363298416137695
0.004316091537475586
0.0043163299560546875
0.004361867904663086
0.004335641860961914
0.00435638427734375
0.004392147064208984
0.004355430603027344
0.004335880279541016
0.004361152648925781
0.00445103645324707
0.004327058792114258
0.004369497299194336
0.004359245300292969
0.004301309585571289
0.004352092742919922
0.004384756088256836
0.004313230514526367
0.004337310791015625
0.004336357116699219
0.004305362701416016
0.0043201446533203125
0.004293918609619141
0.004385232925415039
0.004316568374633789
0.00431370735168457
0.004315614700317383
0.004325151443481445
0.0043125152587890625
0.004294395446777344
0.004317760467529297
0.0043010711669921875
0.004324674606323242
0.004330873489379883
0.00432276725769043
0.004378080368041992
0.004310131072998047
0.004297733306884766
0.004324674606323242
0.004353046417236328
0.0043408870697021484
0.004317760467529297
0.004315853118896484
0.004323244094848633
0.0043027400970458984
0.004598379135131836
0.0048847198486328125
0.004611968994140625
0.004569292068481445
0.005584001541137695
0.004616975784301758
0.00434565544128418
0.005191802978515625
0.004622697830200195
0.005487203598022461
0.0049326419830322266
0.004540681838989258
0.0045070648193359375
0.00491642951965332
0.00449681282043457
0.004385709762573242
0.004317283630371094
0.0042994022369384766
0.004392147064208984
0.0048007965087890625
0.0044023990631103516
0.005218029022216797
0.005150794982910156
0.004808187484741211
0.004729747772216797
0.005033969879150391
0.004534244537353516
0.004665851593017578
0.004704713821411133
0.0045166015625
0.0044956207275390625
0.005069732666015625
0.00473475456237793
0.004410266876220703
0.004318714141845703
0.00433349609375
0.004334211349487305
0.004328250885009766
0.004350423812866211
0.004355430603027344
0.004361629486083984
0.004352092742919922
0.004353523254394531
0.004378557205200195
0.004330158233642578
0.004321098327636719
0.004310131072998047
0.004319429397583008
0.004358530044555664
0.00433659553527832
0.004350900650024414
0.004355192184448242
0.004355192184448242
0.004361391067504883
0.004056215286254883
0.004052400588989258
0.004344940185546875
0.004342079162597656
0.004309415817260742
0.0043141841888427734
0.004388332366943359
0.004313230514526367
0.0043179988861083984
0.0043413639068603516
0.004320621490478516
0.00430607795715332
0.004305839538574219
0.004303693771362305
0.004311800003051758
0.0043315887451171875
0.00431370735168457
0.004323244094848633
0.0043277740478515625
0.0043184757232666016
0.004336118698120117
0.004330635070800781
0.004332542419433594
0.004323005676269531
0.004339694976806641
0.0043337345123291016
0.004317283630371094
0.004369258880615234
0.004416942596435547
0.004383563995361328
0.004323720932006836
0.004301548004150391
0.004291534423828125
0.004312038421630859
0.0043675899505615234
0.004812717437744141
0.004610538482666016
0.004534721374511719
0.004834175109863281
0.00870203971862793
0.004420042037963867
0.004365205764770508
0.004361629486083984
0.0044329166412353516
0.0043790340423583984
0.004324436187744141
0.005331754684448242
0.0043201446533203125
0.004329204559326172
0.0042896270751953125
0.004309654235839844
0.004311323165893555
0.004307985305786133
0.004269599914550781
0.0034105777740478516
0.003447294235229492
0.0035851001739501953
0.004302024841308594
0.005513429641723633
0.006054401397705078
0.006169319152832031
0.005883932113647461
0.006094694137573242
0.004845142364501953
0.0044705867767333984
0.006431102752685547
0.006409168243408203
0.00734257698059082
0.006439924240112305
0.007018327713012695
0.0069103240966796875
0.00624537467956543
0.00635981559753418
0.007017374038696289
0.0070683956146240234
0.006922245025634766
0.006211519241333008
0.005967855453491211
0.006377220153808594
0.00590968132019043
0.0062258243560791016
0.0064754486083984375
0.005808591842651367
0.0059261322021484375
0.005703449249267578
0.006133556365966797
0.006135225296020508
0.006167888641357422
0.006256818771362305
0.006201028823852539
0.006189107894897461
0.005562543869018555
0.005522251129150391
0.006004810333251953
0.006106138229370117
0.005556821823120117
0.003612041473388672
0.0036220550537109375
0.009995698928833008
0.0073642730712890625
0.016178607940673828
0.00702667236328125
0.007685422897338867
0.006713390350341797
0.007215738296508789
0.007279872894287109
0.006559848785400391
0.006054878234863281
0.006819963455200195
0.007574558258056641
0.006690502166748047
0.0070056915283203125
0.006675004959106445
0.006544351577758789
0.006543636322021484
0.0065381526947021484
0.006521940231323242
0.0062329769134521484
0.0057811737060546875
0.00462794303894043
0.005734920501708984
0.004931211471557617
0.005787372589111328
0.006145000457763672
0.0057032108306884766
0.009859800338745117
0.005620479583740234
0.004540920257568359
0.00477910041809082
0.006170511245727539
0.006319761276245117
0.006371736526489258
0.00605010986328125
0.005819082260131836
0.005483865737915039
0.006258487701416016
0.006474733352661133
0.005598545074462891
0.005330562591552734
0.005582332611083984
0.006400585174560547
0.004616498947143555
0.004691600799560547
0.005538463592529297
0.00452876091003418
0.005468606948852539
0.008476972579956055
0.005787849426269531
0.005497455596923828
0.006222724914550781
0.00628352165222168
0.006209611892700195
0.006043195724487305
0.01772332191467285
0.0052874088287353516
0.005834817886352539
0.006033420562744141
0.005512237548828125
0.005607128143310547
0.005489826202392578
0.005699634552001953
0.0058553218841552734
0.005372762680053711
0.0059320926666259766
0.005590915679931641
0.005565166473388672
0.006154537200927734
0.0060155391693115234
0.006134510040283203
0.006045818328857422
0.00572514533996582
0.005275249481201172
0.009729146957397461
0.0060613155364990234
0.005866527557373047
0.005494832992553711
0.0055582523345947266
0.005807638168334961
0.0056455135345458984
0.005676984786987305
0.004523515701293945
0.0052568912506103516
0.00545501708984375
0.004925727844238281
0.005676746368408203
0.006192207336425781
0.006291389465332031
0.006176471710205078
0.006275177001953125
0.006175041198730469
0.006178855895996094
0.005453824996948242
0.006133556365966797
0.0058863162994384766
0.006062030792236328
0.006249189376831055
0.006148815155029297
0.0062634944915771484
0.0062029361724853516
0.0060575008392333984
0.006253957748413086
0.006083965301513672
0.006055593490600586
0.005242586135864258
0.0062580108642578125
0.006261110305786133
0.006330013275146484
0.006230354309082031
0.006222963333129883
0.005747795104980469
0.005589962005615234
0.005513668060302734
0.006378650665283203
0.007286548614501953
0.005953550338745117
0.005766868591308594
0.0071582794189453125
0.00701904296875
0.0070476531982421875
0.006675243377685547
0.0071222782135009766
0.005800008773803711
0.007161378860473633
0.006756305694580078
0.007665395736694336
0.0059320926666259766
0.006570100784301758
0.00637507438659668
0.005917787551879883
0.0062198638916015625
0.0069637298583984375
0.006162166595458984
0.00598907470703125
0.005872488021850586
0.006259918212890625
0.006474733352661133
0.006106376647949219
0.005994319915771484
0.0060880184173583984
0.004153251647949219
0.0040743350982666016
0.0035037994384765625
0.0038993358612060547
0.004276752471923828
0.00577235221862793
0.005874156951904297
0.0059964656829833984
0.006524801254272461
0.009548664093017578
0.008380889892578125
0.004563808441162109
0.004971981048583984
0.004634857177734375
0.004838466644287109
0.004790782928466797
0.004612922668457031
0.00458836555480957
0.004715442657470703
0.004541158676147461
0.004467010498046875
0.004587888717651367
0.0045015811920166016
0.004508256912231445
0.004552364349365234
0.004358530044555664
0.004350900650024414
0.004377126693725586
0.00449824333190918
0.004367351531982422
0.0043942928314208984
0.004374980926513672
0.004354715347290039
0.004370450973510742
0.004338502883911133
0.004363536834716797
0.004375934600830078
0.004388570785522461
0.004364490509033203
0.004294395446777344
0.003610372543334961
0.004369258880615234
0.004323482513427734
0.004528045654296875
0.00441431999206543
0.0043239593505859375
0.004324913024902344
0.004340171813964844
0.004375457763671875
0.004355669021606445
0.004552602767944336
0.004390239715576172
0.004355669021606445
0.004580020904541016
0.004380702972412109
0.0043506622314453125
0.0043523311614990234
0.0043604373931884766
0.0043354034423828125
0.004354238510131836
0.0043833255767822266
0.004343271255493164
0.004361391067504883
0.0043582916259765625
0.004365205764770508
0.004347562789916992
0.00434112548828125
0.0043561458587646484
0.004358053207397461
0.004355907440185547
0.004347562789916992
0.0043277740478515625
0.0043680667877197266
0.004379749298095703
0.004347562789916992
0.004340648651123047
0.0043506622314453125
0.004357099533081055
0.004333972930908203
0.004353046417236328
0.004337310791015625
0.004372596740722656
0.0044040679931640625
0.004357099533081055
0.004351377487182617
0.004354000091552734
0.004352569580078125
0.004415988922119141
0.004336357116699219
0.004362344741821289
0.004339933395385742
0.004329204559326172
0.004377126693725586
0.004381895065307617
0.004372596740722656
0.004380226135253906
0.004339933395385742
0.004345893859863281
0.004393339157104492
0.0043182373046875
0.004366397857666016
0.004349231719970703
0.004500627517700195
0.004358053207397461
0.004357337951660156
0.004380226135253906
0.0043756961822509766
0.004345893859863281
0.004347801208496094
0.0043506622314453125
0.0043222904205322266
0.004309177398681641
0.004393815994262695
0.004362344741821289
0.004327297210693359
0.005015373229980469
0.00433039665222168
0.004361152648925781
0.004380464553833008
0.0043222904205322266
0.004330873489379883
0.0043370723724365234
0.0043182373046875
0.004314422607421875
0.004317045211791992
0.004309177398681641
0.00434112548828125
0.00434565544128418
0.00433802604675293
0.0043184757232666016
0.004340648651123047
0.004357576370239258
0.0043277740478515625
0.0043544769287109375
0.004326820373535156
0.00430750846862793
0.004325389862060547
0.004340648651123047
0.004341602325439453
0.0043599605560302734
0.0043604373931884766
0.004352569580078125
0.004385948181152344
0.004373788833618164
0.004381418228149414
0.0043506622314453125
0.004359722137451172
0.004361152648925781
0.004369258880615234
0.004369974136352539
0.0043332576751708984
0.004326820373535156
0.004311084747314453
0.004313468933105469
0.004292011260986328
0.004318714141845703
0.004312753677368164
0.004313230514526367
0.004329681396484375
0.00432896614074707
0.004323005676269531
0.004335165023803711
0.004306793212890625
0.004354953765869141
0.004336118698120117
0.004319429397583008
0.004315614700317383
0.004316568374633789
0.00431370735168457
0.004293203353881836
0.0042917728424072266
0.004343271255493164
0.004337310791015625
0.004323482513427734
0.004301309585571289
0.0043182373046875
0.0043141841888427734
0.0043010711669921875
0.0043146610260009766
0.00431513786315918
0.00429987907409668
0.004283905029296875
0.004336118698120117
0.004343271255493164
0.004325151443481445
0.004307985305786133
0.004535198211669922
0.00443720817565918
0.004358768463134766
0.004324674606323242
0.0043261051177978516
0.0043604373931884766
0.004676103591918945
0.004828214645385742
0.004385709762573242
0.0047762393951416016
0.004832029342651367
0.004500627517700195
0.004878044128417969
0.00452423095703125
0.004488468170166016
0.004694223403930664
0.004759788513183594
0.004418373107910156
0.004795551300048828
0.004430055618286133
0.004384756088256836
0.004820346832275391
0.0049059391021728516
0.005269527435302734
0.004806995391845703
0.004812002182006836
0.005150556564331055
0.005384206771850586
0.004670619964599609
0.005101442337036133
0.004689455032348633
0.004659891128540039
0.005051374435424805
0.0045757293701171875
0.004424333572387695
0.004445791244506836
0.004450798034667969
0.004433393478393555
0.00442051887512207
0.004510164260864258
0.004557132720947266
0.0044307708740234375
0.00452876091003418
0.004445552825927734
0.00453639030456543
0.0045166015625
0.004450321197509766
0.004554033279418945
0.004586458206176758
0.004414081573486328
0.004393577575683594
0.0044384002685546875
0.0045621395111083984
0.004456758499145508
0.00450897216796875
0.004544258117675781
0.004422664642333984
0.0044329166412353516
0.004575014114379883
0.00443267822265625
0.00453495979309082
0.0044405460357666016
0.0044040679931640625
0.0044155120849609375
0.004432201385498047
0.0045146942138671875
0.004478931427001953
0.004375457763671875
0.0043735504150390625
0.004343986511230469
0.00437474250793457
0.004346132278442383
0.004400968551635742
0.004385948181152344
0.004362821578979492
0.00437617301940918
0.004403352737426758
0.004336357116699219
0.0043179988861083984
0.0043413639068603516
0.00432586669921875
0.0045871734619140625
0.0043218135833740234
0.004284381866455078
0.004303455352783203
0.004311800003051758
0.00429534912109375
0.004301309585571289
0.0043125152587890625
0.004521608352661133
0.0043065547943115234
0.004313468933105469
0.004377603530883789
0.004431962966918945
0.004364013671875
0.004307746887207031
0.004311084747314453
0.004375934600830078
0.004430055618286133
0.004506826400756836
0.0043354034423828125
0.004318952560424805
0.004542827606201172
0.004319429397583008
0.004309415817260742
0.0043010711669921875
0.004319667816162109
0.004339694976806641
0.0043582916259765625
0.004329204559326172
0.004312276840209961
0.00433039665222168
0.004340410232543945
0.004359245300292969
0.004342794418334961
0.004338979721069336
0.00455474853515625
0.004406929016113281
0.004324197769165039
0.004341840744018555
0.004328250885009766
0.004343509674072266
0.004328012466430664
0.0043642520904541016
0.0043065547943115234
0.004324436187744141
0.004346132278442383
0.004328727722167969
0.004298210144042969
0.004297971725463867
0.004344463348388672
0.004360675811767578
0.004349708557128906
0.004336833953857422
0.004343986511230469
0.004361152648925781
0.0043866634368896484
0.004335165023803711
0.004353046417236328
0.00437474250793457
0.004327535629272461
0.004330635070800781
0.0043218135833740234
0.00432896614074707
0.004321575164794922
0.0043413639068603516
0.004319906234741211
0.004324674606323242
0.0043642520904541016
0.004357814788818359
0.004339933395385742
0.004322052001953125
0.0043447017669677734
0.00441288948059082
0.004576683044433594
0.00449061393737793
0.004301548004150391
0.00430750846862793
0.004363298416137695
0.004351139068603516
0.004325389862060547
0.0043561458587646484
0.004448652267456055
0.004464387893676758
0.00437617301940918
0.0044782161712646484
0.00439000129699707
0.0043315887451171875
0.004300355911254883
0.004314899444580078
0.004331111907958984
0.004327297210693359
0.0043277740478515625
0.004330635070800781
0.004342317581176758
0.0043523311614990234
0.004324436187744141
0.004345417022705078
0.004327058792114258
0.004337310791015625
0.0043714046478271484
0.004443168640136719
0.004746198654174805
0.005064725875854492
0.005524873733520508
0.00483393669128418
0.00472259521484375
0.005131244659423828
0.0043582916259765625
0.004309892654418945
0.004317522048950195
0.004317283630371094
0.00432133674621582
0.004302501678466797
0.004310131072998047
0.004325151443481445
0.004320621490478516
0.004332304000854492
0.004369258880615234
0.00431060791015625
0.0043032169342041016
0.0044307708740234375
0.0042955875396728516
0.004334449768066406
0.004344463348388672
0.004334926605224609
0.004311323165893555
0.004387855529785156
0.004359722137451172
0.004346370697021484
0.004303693771362305
0.004351377487182617
0.004393100738525391
0.004409074783325195
0.0044727325439453125
0.004425764083862305
0.004350185394287109
0.004417896270751953
0.00432896614074707
0.004323482513427734
0.004358053207397461
0.0043222904205322266
0.0043773651123046875
0.004327058792114258
0.0045053958892822266
0.004544258117675781
0.004477739334106445
0.00450897216796875
0.00453948974609375
0.004556179046630859
0.004560947418212891
0.004489898681640625
0.0044519901275634766
0.004363536834716797
0.00433349609375
0.0044515132904052734
0.004373788833618164
0.004335641860961914
0.004298210144042969
0.00481104850769043
0.0043430328369140625
0.004324197769165039
0.0043048858642578125
0.0043447017669677734
0.00429081916809082
0.004441976547241211
0.004340648651123047
0.004346132278442383
0.004316091537475586
0.004364728927612305
0.004509687423706055
0.004292964935302734
0.0043256282806396484
0.004282474517822266
0.0043222904205322266
0.0043566226959228516
0.0044629573822021484
0.004368305206298828
0.0043048858642578125
0.0043408870697021484
0.0043413639068603516
0.004311323165893555
0.00431060791015625
0.004362583160400391
0.004321098327636719
0.0043506622314453125
0.004310131072998047
0.004472494125366211
0.004454374313354492
0.004482269287109375
0.004518270492553711
0.004376888275146484
0.00446319580078125
0.004971504211425781
0.004385948181152344
0.0043032169342041016
0.004449605941772461
0.0043714046478271484
0.004351377487182617
0.0043065547943115234
0.0043027400970458984
0.0042989253997802734
0.004318952560424805
0.004358768463134766
0.00443267822265625
0.0045430660247802734
0.004463911056518555
0.004372835159301758
0.004346370697021484
0.004345893859863281
0.004327535629272461
0.004336833953857422
0.004312992095947266
0.004404783248901367
0.004475831985473633
0.004512786865234375
0.004408597946166992
0.004396915435791016
0.0044519901275634766
0.004365205764770508
0.004351377487182617
0.004537343978881836
0.004448652267456055
0.004452705383300781
0.0044515132904052734
0.004456043243408203
0.004374265670776367
0.0047528743743896484
0.004398345947265625
0.004362821578979492
0.004508018493652344
0.004393815994262695
0.0043659210205078125
0.004571676254272461
0.004570960998535156
0.004343271255493164
0.004327058792114258
0.004311323165893555
0.0043184757232666016
0.004365682601928711
0.004312992095947266
0.004308938980102539
0.0043277740478515625
0.004341602325439453
0.004328012466430664
0.00432896614074707
0.004408836364746094
0.004320859909057617
0.0043239593505859375
0.004331827163696289
0.004298686981201172
0.004362821578979492
0.004380702972412109
0.004340171813964844
0.004346609115600586
0.004311084747314453
0.004362344741821289
0.00432586669921875
0.004370450973510742
0.004361867904663086
0.004342555999755859
0.004340410232543945
0.004376411437988281
0.004309654235839844
0.004318952560424805
0.004346609115600586
0.004313230514526367
0.004328727722167969
0.004348039627075195
0.004303455352783203
0.0043010711669921875
0.004349470138549805
0.00432896614074707
0.004328012466430664
0.004323482513427734
0.0042955875396728516
0.004323244094848633
