0.0015234947204589844
0.0016329288482666016
0.0015461444854736328
0.0014493465423583984
0.0014317035675048828
0.001538991928100586
0.0015070438385009766
0.0013592243194580078
0.0015070438385009766
0.001470327377319336
0.0015299320220947266
0.0014600753784179688
0.0014789104461669922
0.0014624595642089844
0.0014526844024658203
0.0014531612396240234
0.0014765262603759766
0.001608133316040039
0.0014989376068115234
0.0014739036560058594
0.0015153884887695312
0.001514434814453125
0.001493215560913086
0.0014903545379638672
0.0015206336975097656
0.001535177230834961
0.0014996528625488281
0.0014681816101074219
0.001474142074584961
0.0014879703521728516
0.00144195556640625
0.0014407634735107422
0.0013833045959472656
0.0014574527740478516
0.0014607906341552734
0.001390695571899414
0.0013866424560546875
0.0014748573303222656
0.00146484375
0.0014812946319580078
0.0014781951904296875
0.00144195556640625
0.001463174819946289
0.0014798641204833984
0.0015707015991210938
0.0015113353729248047
0.001477956771850586
0.0014805793762207031
0.0013973712921142578
0.0014765262603759766
0.001516103744506836
0.0015971660614013672
0.0015158653259277344
0.0014529228210449219
0.001497030258178711
0.001447916030883789
0.0015120506286621094
0.001651763916015625
0.0015521049499511719
0.001485586166381836
0.0014836788177490234
0.001485586166381836
0.0014958381652832031
0.001455068588256836
0.001546621322631836
0.0015048980712890625
0.0015213489532470703
0.001581430435180664
0.001523733139038086
0.0014913082122802734
0.0014955997467041016
0.0014920234680175781
0.0015780925750732422
0.001461029052734375
0.0015964508056640625
0.0014715194702148438
0.0014848709106445312
0.001497030258178711
0.001485586166381836
0.0014286041259765625
0.0015218257904052734
0.001535177230834961
0.0016036033630371094
0.0014119148254394531
0.0014753341674804688
0.0014674663543701172
0.0014684200286865234
0.0014011859893798828
0.0014994144439697266
0.001386880874633789
0.0014963150024414062
0.001478433609008789
0.0014395713806152344
0.0014500617980957031
0.0014684200286865234
0.0015072822570800781
0.0015096664428710938
0.0015342235565185547
0.0015804767608642578
0.0014872550964355469
0.001584768295288086
0.001512289047241211
0.0014300346374511719
0.0014963150024414062
0.0014426708221435547
0.001478433609008789
0.0014901161193847656
0.0014979839324951172
0.0014853477478027344
0.0014786720275878906
0.0014615058898925781
0.0014882087707519531
0.0015594959259033203
0.001466512680053711
0.001489877700805664
0.001577615737915039
0.0015707015991210938
0.0014693737030029297
0.001453399658203125
0.0015976428985595703
0.0014998912811279297
0.0014247894287109375
0.0015676021575927734
0.001482248306274414
0.0015208721160888672
0.0014879703521728516
0.0014362335205078125
0.0014963150024414062
0.0014390945434570312
0.0014896392822265625
0.0015056133270263672
0.0014443397521972656
0.0014736652374267578
0.0015101432800292969
0.0014672279357910156
0.0014777183532714844
0.0015230178833007812
0.0014727115631103516
0.001567840576171875
0.001474618911743164
0.0016222000122070312
0.00151824951171875
0.001486063003540039
0.0014808177947998047
0.0015187263488769531
0.0014874935150146484
0.0016071796417236328
0.0014691352844238281
0.0014774799346923828
0.001501321792602539
0.00147247314453125
0.001497030258178711
0.0014870166778564453
0.0014810562133789062
0.0015218257904052734
0.0014600753784179688
0.0014772415161132812
0.0014948844909667969
0.0014934539794921875
0.0014824867248535156
0.0014410018920898438
0.0015552043914794922
0.0015206336975097656
0.0016551017761230469
0.0015900135040283203
0.001399993896484375
0.001470804214477539
0.0014758110046386719
0.0014312267303466797
0.0014264583587646484
0.001451253890991211
0.0014963150024414062
0.0014145374298095703
0.0014045238494873047
0.0013873577117919922
0.0014493465423583984
0.0013813972473144531
0.0014736652374267578
0.0015017986297607422
0.001596212387084961
0.0013942718505859375
0.0014629364013671875
0.0014376640319824219
0.0014767646789550781
0.001459360122680664
0.0014200210571289062
0.0014531612396240234
0.0015366077423095703
0.0014202594757080078
0.0015368461608886719
0.0013918876647949219
0.001483917236328125
0.0015444755554199219
0.0015535354614257812
0.0013952255249023438
0.0014944076538085938
0.0014896392822265625
0.0014603137969970703
0.0014185905456542969
0.0014853477478027344
0.0014727115631103516
0.0014805793762207031
0.0015060901641845703
0.0014789104461669922
0.0015032291412353516
0.001478433609008789
0.0013854503631591797
0.0014731884002685547
0.0014715194702148438
0.0015163421630859375
0.0014634132385253906
0.0013811588287353516
0.0015110969543457031
0.0014796257019042969
0.0014786720275878906
0.0014638900756835938
0.001514434814453125
0.0014946460723876953
0.0014693737030029297
0.0013964176177978516
0.001499176025390625
0.001474618911743164
0.0014698505401611328
0.0014483928680419922
0.0014035701751708984
0.0014810562133789062
0.0013751983642578125
0.001508474349975586
0.0016510486602783203
0.0015594959259033203
0.0014982223510742188
0.0014748573303222656
0.0015099048614501953
0.0015459060668945312
0.0015118122100830078
0.0016088485717773438
0.001523733139038086
0.0015430450439453125
0.001470804214477539
0.0014133453369140625
0.0015411376953125
0.0015418529510498047
0.0015273094177246094
0.0016727447509765625
0.0016734600067138672
0.0016856193542480469
0.0016050338745117188
0.0016660690307617188
0.001604318618774414
0.0016186237335205078
0.0015985965728759766
0.0016503334045410156
0.0017406940460205078
0.0015978813171386719
0.0016536712646484375
0.0017094612121582031
0.0016326904296875
0.0016872882843017578
0.0016255378723144531
0.0016937255859375
0.0016453266143798828
0.0016498565673828125
0.0015404224395751953
0.001638650894165039
0.0015974044799804688
0.0016317367553710938
0.0016353130340576172
0.0015475749969482422
0.001619100570678711
0.0014646053314208984
0.0015349388122558594
0.0015501976013183594
0.0015499591827392578
0.001605987548828125
0.001481771469116211
0.0015306472778320312
0.0015985965728759766
0.0015385150909423828
0.0017044544219970703
0.0015208721160888672
0.0015735626220703125
0.0015716552734375
0.001504659652709961
0.0016865730285644531
0.0014715194702148438
0.0016553401947021484
0.0016345977783203125
0.0016360282897949219
0.0016963481903076172
0.0015349388122558594
0.0015692710876464844
0.0014743804931640625
0.0015900135040283203
0.0014867782592773438
0.0016367435455322266
0.001638650894165039
0.0016260147094726562
0.0016121864318847656
0.0014607906341552734
0.0015537738800048828
0.0015251636505126953
0.0014638900756835938
0.001627206802368164
0.0014750957489013672
0.0016689300537109375
0.0015172958374023438
0.0013976097106933594
0.0016124248504638672
0.0013995170593261719
0.0015845298767089844
0.0015642642974853516
0.0016214847564697266
0.0016088485717773438
0.001476287841796875
0.0015752315521240234
0.0014667510986328125
0.0014979839324951172
0.001552581787109375
0.001468658447265625
0.0015537738800048828
0.001468658447265625
0.0015077590942382812
0.0014567375183105469
0.0022771358489990234
0.002074003219604492
0.0024709701538085938
0.0023403167724609375
0.0020132064819335938
0.0017452239990234375
0.0017900466918945312
0.0017001628875732422
0.0016274452209472656
0.0015070438385009766
0.0016684532165527344
0.0016052722930908203
0.0015075206756591797
0.0016298294067382812
0.0014450550079345703
0.0015256404876708984
0.0015134811401367188
0.0014548301696777344
0.0016179084777832031
0.0013878345489501953
0.0014913082122802734
0.001627206802368164
0.0014491081237792969
0.0016078948974609375
0.0014941692352294922
0.00156402587890625
0.0015392303466796875
0.0014576911926269531
0.0016207695007324219
0.0014448165893554688
0.0015616416931152344
0.0015666484832763672
0.0013856887817382812
0.001688241958618164
0.0014865398406982422
0.001659393310546875
0.0015339851379394531
0.0015594959259033203
0.0016260147094726562
0.0013852119445800781
0.0014863014221191406
0.0016367435455322266
0.001501321792602539
0.0015864372253417969
0.0014796257019042969
0.0016274452209472656
0.0016252994537353516
0.0016393661499023438
0.0015459060668945312
0.0014705657958984375
0.0015206336975097656
0.001495361328125
0.0015094280242919922
0.0015380382537841797
0.0015003681182861328
0.0015823841094970703
0.0014276504516601562
0.001636505126953125
0.001537322998046875
0.0014619827270507812
0.0015881061553955078
0.0014672279357910156
0.0015087127685546875
0.0015120506286621094
0.0014333724975585938
0.0015971660614013672
0.001444101333618164
0.0014393329620361328
0.0015411376953125
0.0014858245849609375
0.0014729499816894531
0.0014739036560058594
0.0014712810516357422
0.0015463829040527344
0.0014808177947998047
0.0014700889587402344
0.001455545425415039
0.0014176368713378906
0.00148773193359375
0.001399993896484375
0.0014464855194091797
0.0014944076538085938
0.0015666484832763672
0.0015559196472167969
0.0014257431030273438
0.0013852119445800781
0.0014905929565429688
0.0014162063598632812
0.0014011859893798828
0.0015177726745605469
0.0014586448669433594
0.0014579296112060547
0.0017206668853759766
0.0015139579772949219
0.0014688968658447266
0.0015773773193359375
0.001493215560913086
0.0015103816986083984
0.0014367103576660156
0.0013763904571533203
0.0013735294342041016
0.0014545917510986328
0.0014524459838867188
0.001386880874633789
0.0014417171478271484
0.0014438629150390625
0.0015420913696289062
0.0013799667358398438
0.0014035701751708984
0.0014066696166992188
0.0014421939849853516
0.0015518665313720703
0.0014646053314208984
0.0013804435729980469
0.0014693737030029297
0.0014309883117675781
0.0014331340789794922
0.0013875961303710938
0.0013861656188964844
0.001399993896484375
0.001390695571899414
0.001399993896484375
0.0014801025390625
0.0013821125030517578
0.0014812946319580078
0.0013952255249023438
0.0013799667358398438
0.0013861656188964844
0.0013844966888427734
0.001443624496459961
0.001535177230834961
0.001438140869140625
0.0014297962188720703
0.0014944076538085938
0.0014154911041259766
0.0013935565948486328
0.0014693737030029297
0.001383066177368164
0.001493692398071289
0.001474618911743164
0.0015001296997070312
0.0014605522155761719
0.0013759136199951172
0.001384735107421875
0.001383066177368164
0.0014781951904296875
0.0015773773193359375
0.0014832019805908203
0.0015947818756103516
0.0014429092407226562
0.0014684200286865234
0.001600503921508789
0.0015850067138671875
0.0013840198516845703
0.0014729499816894531
0.0013904571533203125
0.0014541149139404297
0.0014698505401611328
0.0014526844024658203
0.0014429092407226562
0.0015387535095214844
0.0014026165008544922
0.0015718936920166016
0.0014500617980957031
0.0014755725860595703
0.0015099048614501953
0.0014791488647460938
0.0015501976013183594
0.0015265941619873047
0.0014696121215820312
0.0014581680297851562
0.0014405250549316406
0.0014767646789550781
0.0014460086822509766
0.0013933181762695312
0.001444101333618164
0.0016231536865234375
0.001390695571899414
0.0014040470123291016
0.001405954360961914
0.0015537738800048828
0.001461029052734375
0.0013964176177978516
0.0014116764068603516
0.0013997554779052734
0.001436471939086914
0.0014569759368896484
0.0013937950134277344
0.001440286636352539
0.001436471939086914
0.0014693737030029297
0.0014071464538574219
0.0014128684997558594
0.0014004707336425781
0.0014090538024902344
0.0014214515686035156
0.0014832019805908203
0.0014922618865966797
0.0015027523040771484
0.0014252662658691406
0.0014469623565673828
0.0014448165893554688
0.0014505386352539062
0.0014798641204833984
0.0014925003051757812
0.0014853477478027344
0.0013856887817382812
0.0014829635620117188
0.0014595985412597656
0.0014047622680664062
0.0014081001281738281
0.0013997554779052734
0.0014104843139648438
0.001504659652709961
0.0015211105346679688
0.0014841556549072266
0.0015017986297607422
0.0015423297882080078
0.0014908313751220703
0.0014455318450927734
0.0014753341674804688
0.0014836788177490234
0.001463174819946289
0.0013952255249023438
0.0014498233795166016
0.0013871192932128906
0.0015082359313964844
0.0014374256134033203
0.0013885498046875
0.0015003681182861328
0.0015385150909423828
0.0014886856079101562
0.0015785694122314453
0.001512289047241211
0.0015788078308105469
0.0014712810516357422
0.0015234947204589844
0.001554250717163086
0.0014524459838867188
0.0014879703521728516
0.0014944076538085938
0.0015811920166015625
0.001577138900756836
0.0013952255249023438
0.0014958381652832031
0.0014653205871582031
0.0015091896057128906
0.0014834403991699219
0.0014653205871582031
0.0014934539794921875
0.0013773441314697266
0.0014328956604003906
0.0014634132385253906
0.0013921260833740234
0.0014917850494384766
0.0014867782592773438
0.0014066696166992188
0.0014796257019042969
0.0013885498046875
0.0014584064483642578
0.001445770263671875
0.0014791488647460938
0.0014967918395996094
0.0014264583587646484
0.0015797615051269531
0.0014622211456298828
0.0014734268188476562
0.0014944076538085938
0.001466989517211914
0.0015194416046142578
0.001531362533569336
0.00154876708984375
0.0015635490417480469
0.0015163421630859375
0.0015861988067626953
0.001706838607788086
0.001676321029663086
0.0016283988952636719
0.001596689224243164
0.0015668869018554688
0.0014984607696533203
0.0016062259674072266
0.0015630722045898438
0.0014760494232177734
0.001477956771850586
0.0014615058898925781
0.001470327377319336
0.0015587806701660156
0.0014629364013671875
0.0014853477478027344
0.0014500617980957031
0.001468658447265625
0.001512765884399414
0.001474618911743164
0.0015411376953125
0.0015931129455566406
0.001486063003540039
0.0014917850494384766
0.0014767646789550781
0.0016498565673828125
0.0015325546264648438
0.0015413761138916016
0.0015916824340820312
0.0015306472778320312
0.0016207695007324219
0.0015041828155517578
0.0014646053314208984
0.0015213489532470703
0.0016145706176757812
0.0015447139739990234
0.0015325546264648438
0.0015091896057128906
0.0014798641204833984
0.0015020370483398438
0.0015711784362792969
0.0014901161193847656
0.0014736652374267578
0.0015170574188232422
0.0015604496002197266
0.0014798641204833984
0.0014629364013671875
0.0014827251434326172
0.0014650821685791016
0.001466989517211914
0.0014917850494384766
0.0015108585357666016
0.0015416145324707031
0.001474142074584961
0.0015816688537597656
0.0014729499816894531
0.0014810562133789062
0.001483917236328125
0.001489400863647461
0.0015001296997070312
0.0015246868133544922
0.0014803409576416016
0.0014836788177490234
0.0014929771423339844
0.0014774799346923828
0.0014960765838623047
0.0015268325805664062
0.0014755725860595703
0.0014827251434326172
0.001478433609008789
0.001481771469116211
0.0013930797576904297
0.0013823509216308594
0.0013976097106933594
0.0014238357543945312
0.0015001296997070312
0.0015096664428710938
0.001493692398071289
0.001383066177368164
0.0013842582702636719
0.001405477523803711
0.0014073848724365234
0.0015022754669189453
0.0015225410461425781
0.0014886856079101562
0.001493215560913086
0.001390218734741211
0.00142669677734375
0.001402139663696289
0.001392364501953125
0.0013988018035888672
0.001445770263671875
0.0014653205871582031
0.001528024673461914
0.0014691352844238281
0.0014011859893798828
0.0014071464538574219
0.0014133453369140625
0.0015573501586914062
0.0014324188232421875
0.001608133316040039
0.001558065414428711
0.0014796257019042969
0.0014271736145019531
0.0014770030975341797
0.0014350414276123047
0.0014090538024902344
0.0015010833740234375
0.0014462471008300781
0.0014941692352294922
0.001435995101928711
0.0014231204986572266
0.0014128684997558594
0.0014801025390625
0.0014362335205078125
0.0014598369598388672
0.0014071464538574219
0.0014789104461669922
0.0013818740844726562
0.0014011859893798828
0.0014050006866455078
0.0013995170593261719
0.0014691352844238281
0.0013949871063232422
0.001466512680053711
0.0014126300811767578
0.0014421939849853516
0.0013856887817382812
0.0014557838439941406
0.001451253890991211
0.0014824867248535156
0.0015339851379394531
0.001378774642944336
0.001451730728149414
0.0015571117401123047
0.001428842544555664
0.0014448165893554688
0.0014963150024414062
0.0013887882232666016
0.0013806819915771484
0.0013926029205322266
0.0014679431915283203
0.001428842544555664
0.0014581680297851562
0.0014605522155761719
0.0014638900756835938
0.00152587890625
0.001394033432006836
0.0013942718505859375
0.0014617443084716797
0.0016818046569824219
0.001470327377319336
0.001384735107421875
0.001486063003540039
0.0015196800231933594
0.001377105712890625
0.0013804435729980469
0.0015065670013427734
0.0014646053314208984
0.0016245841979980469
0.0013720989227294922
0.0013756752014160156
0.0014684200286865234
0.0014679431915283203
0.0014469623565673828
0.0013968944549560547
0.0014340877532958984
0.0015273094177246094
0.0014133453369140625
0.0013937950134277344
0.0013866424560546875
0.0014989376068115234
0.0014116764068603516
0.0014045238494873047
0.0014355182647705078
0.0014929771423339844
0.0014929771423339844
0.0013926029205322266
0.0014410018920898438
0.0013949871063232422
0.0015108585357666016
0.0014777183532714844
0.001436471939086914
0.0014569759368896484
0.0014770030975341797
0.001489877700805664
0.0013849735260009766
0.0013861656188964844
0.0015337467193603516
0.001476287841796875
0.0014171600341796875
0.0014073848724365234
0.0014536380767822266
0.0014195442199707031
0.0014798641204833984
0.001386880874633789
0.001438140869140625
0.0014166831970214844
0.001491546630859375
0.0015485286712646484
0.0015692710876464844
0.0015385150909423828
0.0015246868133544922
0.0014748573303222656
0.0013968944549560547
0.0013768672943115234
0.0013821125030517578
0.001438140869140625
0.0013780593872070312
0.0014801025390625
0.0013704299926757812
0.0014729499816894531
0.0014820098876953125
0.0014677047729492188
0.0014874935150146484
0.0015437602996826172
0.0014524459838867188
0.001478433609008789
0.0014078617095947266
0.0014858245849609375
0.0014727115631103516
0.0014615058898925781
0.0013928413391113281
0.0014810562133789062
0.0014417171478271484
0.0015149116516113281
0.0014612674713134766
0.0014789104461669922
0.0014104843139648438
0.0016222000122070312
0.0014252662658691406
0.0013899803161621094
0.001466512680053711
0.001474142074584961
0.0014379024505615234
0.0013837814331054688
0.0014472007751464844
0.0014557838439941406
0.0014178752899169922
0.0013816356658935547
0.0014276504516601562
0.001455545425415039
0.0014476776123046875
0.0013780593872070312
0.001455068588256836
0.001478433609008789
0.0014333724975585938
0.0013768672943115234
0.0014264583587646484
0.001476287841796875
0.0014655590057373047
0.001398324966430664
0.0013797283172607422
0.001520395278930664
0.00141143798828125
0.0013828277587890625
0.0013849735260009766
0.0014874935150146484
0.0014719963073730469
0.001462697982788086
0.001397848129272461
0.001447439193725586
0.0014390945434570312
0.001455068588256836
0.0014867782592773438
0.0014982223510742188
0.0015463829040527344
0.0015196800231933594
0.0014328956604003906
0.0014882087707519531
0.0014412403106689453
0.0014460086822509766
0.0014591217041015625
0.0014829635620117188
0.0015177726745605469
0.0014672279357910156
0.0014662742614746094
0.0015077590942382812
0.0014803409576416016
0.0014727115631103516
0.0015418529510498047
0.0016040802001953125
0.0015151500701904297
0.0015361309051513672
0.0014841556549072266
0.0014734268188476562
0.0014717578887939453
0.0014624595642089844
0.0014495849609375
0.0015647411346435547
0.0014646053314208984
0.0014481544494628906
0.0014710426330566406
0.0014684200286865234
0.001535177230834961
0.0013821125030517578
0.0013849735260009766
0.001438140869140625
0.0014719963073730469
0.0014636516571044922
0.0014646053314208984
0.0014774799346923828
0.0014717578887939453
0.0014834403991699219
0.0014653205871582031
0.0014767646789550781
0.0014774799346923828
0.001455545425415039
0.0014772415161132812
0.0014605522155761719
0.0014927387237548828
0.001474618911743164
0.0014545917510986328
0.0014638900756835938
0.0014688968658447266
0.0014636516571044922
0.0014827251434326172
0.0014858245849609375
0.0014920234680175781
0.0015079975128173828
0.0014636516571044922
0.0014562606811523438
0.0013895034790039062
0.0014698505401611328
0.0014667510986328125
0.001401662826538086
0.0015118122100830078
0.0014486312866210938
0.0014786720275878906
0.0015764236450195312
0.0015459060668945312
0.001489877700805664
0.0016112327575683594
0.0015072822570800781
0.001476287841796875
0.0014863014221191406
0.0014832019805908203
0.0014743804931640625
0.0014843940734863281
0.0014564990997314453
0.0015299320220947266
0.0014786720275878906
0.0015048980712890625
0.0014345645904541016
0.0014941692352294922
0.0014753341674804688
0.0015568733215332031
0.0015120506286621094
0.0014805793762207031
0.0015971660614013672
0.0013928413391113281
0.0014481544494628906
0.0014233589172363281
0.0014164447784423828
0.001529693603515625
0.0013988018035888672
0.001558065414428711
0.0014677047729492188
0.0014841556549072266
0.0015206336975097656
0.001390695571899414
0.0013966560363769531
0.0013937950134277344
0.0014727115631103516
0.0014731884002685547
0.0014538764953613281
0.0013842582702636719
0.0014073848724365234
0.00140380859375
0.0014302730560302734
0.0014760494232177734
0.0013768672943115234
0.0014431476593017578
0.0015764236450195312
0.0014927387237548828
0.0014569759368896484
0.0013790130615234375
0.0014302730560302734
0.001461029052734375
0.0014040470123291016
0.0015215873718261719
0.0016644001007080078
0.0016961097717285156
0.0014700889587402344
0.0014846324920654297
0.0014750957489013672
0.0014829635620117188
0.001516580581665039
0.0014541149139404297
0.0015854835510253906
0.0016074180603027344
0.0014889240264892578
0.0014808177947998047
0.0014674663543701172
0.0013890266418457031
0.0015707015991210938
0.0014760494232177734
0.0014939308166503906
0.0014595985412597656
0.0013804435729980469
0.0014607906341552734
0.0014102458953857422
0.0013856887817382812
