0.008426666259765625
0.008356809616088867
0.008426666259765625
0.008261442184448242
0.008221626281738281
0.008275747299194336
0.008509635925292969
0.008206844329833984
0.008268117904663086
0.008213043212890625
0.008220672607421875
0.008071422576904297
0.007992744445800781
0.00796365737915039
0.008081436157226562
0.007776498794555664
0.00839996337890625
0.008241653442382812
0.008237600326538086
0.008336067199707031
0.008395910263061523
0.008268594741821289
0.008364439010620117
0.008424043655395508
0.008176326751708984
0.00824594497680664
0.008402824401855469
0.008145809173583984
0.008374929428100586
0.008400201797485352
0.008473873138427734
0.007961034774780273
0.008285760879516602
0.007960081100463867
0.008368730545043945
0.008154153823852539
0.008125782012939453
0.008080005645751953
0.008088350296020508
0.00796818733215332
0.008211135864257812
0.008103132247924805
0.00813436508178711
0.008411645889282227
0.008801937103271484
0.009070873260498047
0.008739471435546875
0.009175300598144531
0.010610103607177734
0.009125709533691406
0.008805036544799805
0.008896112442016602
0.008543252944946289
0.008856058120727539
0.008822917938232422
0.00869607925415039
0.008713483810424805
0.00863194465637207
0.00879359245300293
0.00863337516784668
0.008898019790649414
0.00846719741821289
0.008632659912109375
0.008393287658691406
0.008226394653320312
0.008425474166870117
0.00830078125
0.00863194465637207
0.008390665054321289
0.008446931838989258
0.008377552032470703
0.008724212646484375
0.00872945785522461
0.008467674255371094
0.008666515350341797
0.008523941040039062
0.008612394332885742
0.008470535278320312
0.008506298065185547
0.00850677490234375
0.008732080459594727
0.009003877639770508
0.008562564849853516
0.008433103561401367
0.008306503295898438
0.008694887161254883
0.008474349975585938
0.008310317993164062
0.008622884750366211
0.008449792861938477
0.008461713790893555
0.008707761764526367
0.008784294128417969
0.008684158325195312
0.008493423461914062
0.008434534072875977
0.00841975212097168
0.008574962615966797
0.00846099853515625
0.008401870727539062
0.008517265319824219
0.008704423904418945
0.008574247360229492
0.008656978607177734
0.008675575256347656
0.0087738037109375
0.008701086044311523
0.008896827697753906
0.008524179458618164
0.008343696594238281
0.0084686279296875
0.00865030288696289
0.008488178253173828
0.008636236190795898
0.008630990982055664
0.008580923080444336
0.008237600326538086
0.008246660232543945
0.008599519729614258
0.008341312408447266
0.008069753646850586
0.008286714553833008
0.008261680603027344
0.008394241333007812
0.008926630020141602
0.009194135665893555
0.008861780166625977
0.008514165878295898
0.008533000946044922
0.008504867553710938
0.008695840835571289
0.008587121963500977
0.008519887924194336
0.008360862731933594
0.008606195449829102
0.008556365966796875
0.008641958236694336
0.008417606353759766
0.008540868759155273
0.008302688598632812
0.008518457412719727
0.008407354354858398
0.008486509323120117
0.008280038833618164
0.008118152618408203
0.008301258087158203
0.008194923400878906
0.008307933807373047
0.008491039276123047
0.008275747299194336
0.008585929870605469
0.008269071578979492
0.008374214172363281
0.008267402648925781
0.008514881134033203
0.008383035659790039
0.008338451385498047
0.008308887481689453
0.00834202766418457
0.008329153060913086
0.008181333541870117
0.008186817169189453
0.008319854736328125
0.008293628692626953
0.008438348770141602
0.008332490921020508
0.008298873901367188
0.008175134658813477
0.007841348648071289
0.007980585098266602
0.007925748825073242
0.008002281188964844
0.007953643798828125
0.00785374641418457
0.008304119110107422
0.008021354675292969
0.00835871696472168
0.008236885070800781
0.008311986923217773
0.008266448974609375
0.008411645889282227
0.008306503295898438
0.008372068405151367
0.008222579956054688
0.00857234001159668
0.0083770751953125
0.008697032928466797
0.008562803268432617
0.008655309677124023
0.008572578430175781
0.008270025253295898
0.00835275650024414
0.0082855224609375
0.008289098739624023
0.008385419845581055
0.008514165878295898
0.008307933807373047
0.008367776870727539
0.00845789909362793
0.008350849151611328
0.008433341979980469
0.00831747055053711
0.008278846740722656
0.008377790451049805
0.00829935073852539
0.00853872299194336
0.008445501327514648
0.008291482925415039
0.008208513259887695
0.008332967758178711
0.008343935012817383
0.008487462997436523
0.008431673049926758
0.008410453796386719
0.00830221176147461
0.00838327407836914
0.00827479362487793
0.00827479362487793
0.008536100387573242
0.008451223373413086
0.008381128311157227
0.008407354354858398
0.00835561752319336
0.008606195449829102
0.008451461791992188
0.008445024490356445
0.008259296417236328
0.008365392684936523
0.008246421813964844
0.008428573608398438
0.00852513313293457
0.008424758911132812
0.00848841667175293
0.008324623107910156
0.00823664665222168
0.008450031280517578
0.008246421813964844
0.008448362350463867
0.008231639862060547
0.008156538009643555
0.008486747741699219
0.008369922637939453
0.008725404739379883
0.008472442626953125
0.008538961410522461
0.008310794830322266
0.008424043655395508
0.008037805557250977
0.008013010025024414
0.007997274398803711
0.008204221725463867
0.008311033248901367
0.008238792419433594
0.008486032485961914
0.008302688598632812
0.008249044418334961
0.008243799209594727
0.008462667465209961
0.008576631546020508
0.008523702621459961
0.008847236633300781
0.008672952651977539
0.009068965911865234
0.008605718612670898
0.008490562438964844
0.008901119232177734
0.008531570434570312
0.008598089218139648
0.008586406707763672
0.008532285690307617
0.008362293243408203
0.008289575576782227
0.008477210998535156
0.008045434951782227
0.008446931838989258
0.008432149887084961
0.008233785629272461
0.008335113525390625
0.008684158325195312
0.008647441864013672
0.008840322494506836
0.008856534957885742
0.008820533752441406
0.008458614349365234
0.008310556411743164
0.00821065902709961
0.008080244064331055
0.00811910629272461
0.008132457733154297
0.008249044418334961
0.00799703598022461
0.00793600082397461
0.007904529571533203
0.007810115814208984
0.008167743682861328
0.008235692977905273
0.007987499237060547
0.007760047912597656
0.007766246795654297
0.0077667236328125
0.008118152618408203
0.007771730422973633
0.008235931396484375
0.007766246795654297
0.00803232192993164
0.00800943374633789
0.00825810432434082
0.008100271224975586
0.008363723754882812
0.008106470108032227
0.00812673568725586
0.008120059967041016
0.008219242095947266
0.0082855224609375
0.008884906768798828
0.008942604064941406
0.009068727493286133
0.008651018142700195
0.00885009765625
0.008590221405029297
0.008711814880371094
0.008678913116455078
0.008495569229125977
0.008583545684814453
0.008472919464111328
0.008302450180053711
0.008635520935058594
0.009086847305297852
0.009032011032104492
0.009495258331298828
0.009368658065795898
0.008977890014648438
0.008847713470458984
0.008791923522949219
0.008604049682617188
0.008547306060791016
0.008416175842285156
0.008476972579956055
0.00847935676574707
0.008388996124267578
0.008495569229125977
0.008531332015991211
0.008601188659667969
0.008540630340576172
0.008590221405029297
0.008674383163452148
0.00846719741821289
0.008649826049804688
0.008435964584350586
0.008533239364624023
0.008871316909790039
0.008698463439941406
0.008722066879272461
0.008582830429077148
0.008720874786376953
0.008565425872802734
0.008276939392089844
0.008319854736328125
0.008228778839111328
0.00805807113647461
0.008105993270874023
0.009061813354492188
0.009453296661376953
0.008736371994018555
0.008527040481567383
0.008454561233520508
0.00841975212097168
0.008487701416015625
0.008514881134033203
0.009073734283447266
0.009374380111694336
0.00913858413696289
0.009158611297607422
0.009088993072509766
0.008906364440917969
0.009262323379516602
0.00895547866821289
0.008772611618041992
0.008868932723999023
0.008916139602661133
0.008986949920654297
0.008999824523925781
0.008843183517456055
0.008881807327270508
0.008678913116455078
0.008516788482666016
0.008471488952636719
0.008402585983276367
0.00840139389038086
0.008238554000854492
0.008346796035766602
0.008245468139648438
0.008304119110107422
0.008301973342895508
0.00818634033203125
0.008231163024902344
0.008481740951538086
0.008224725723266602
0.008268117904663086
0.008341312408447266
0.008300065994262695
0.008258342742919922
0.008094549179077148
0.008134841918945312
0.008215904235839844
0.008207559585571289
0.008157968521118164
0.008267641067504883
0.008214473724365234
0.008250713348388672
0.008336305618286133
0.008366823196411133
0.008469820022583008
0.008423328399658203
0.008374214172363281
0.008401155471801758
0.008294343948364258
0.008311986923217773
0.008442163467407227
0.008946418762207031
0.008523225784301758
0.008447885513305664
0.008433818817138672
0.008489131927490234
0.008316993713378906
0.008304834365844727
0.008401155471801758
0.008419513702392578
0.008773088455200195
0.008357048034667969
0.008326530456542969
0.008328676223754883
0.008401870727539062
0.00825643539428711
0.008112430572509766
0.008215188980102539
0.008182287216186523
0.008292675018310547
0.00813150405883789
0.008360624313354492
0.00845789909362793
0.008253097534179688
0.008328914642333984
0.008577346801757812
0.008322477340698242
0.008403778076171875
0.008389711380004883
0.008449316024780273
0.00838780403137207
0.00842595100402832
0.008535623550415039
0.008324384689331055
0.008342981338500977
0.008359670639038086
0.008229255676269531
0.008326292037963867
0.008297443389892578
0.008146047592163086
0.008237361907958984
0.008023262023925781
0.00794076919555664
0.008153438568115234
0.008040428161621094
0.00812077522277832
0.008661031723022461
0.008660554885864258
0.008829593658447266
0.008784770965576172
0.008548498153686523
0.008776426315307617
0.008515119552612305
0.008431673049926758
0.008294105529785156
0.008535146713256836
0.008391857147216797
0.0084228515625
0.008572578430175781
0.008414506912231445
0.008466958999633789
0.008372306823730469
0.008360624313354492
0.008500814437866211
0.008455276489257812
0.008595466613769531
0.008550405502319336
0.008402824401855469
0.008414506912231445
0.00845479965209961
0.00836038589477539
0.008516788482666016
0.008448600769042969
0.008485794067382812
0.008625984191894531
0.008494138717651367
0.008741378784179688
0.00841212272644043
0.008472204208374023
0.008477926254272461
0.008462190628051758
0.008623600006103516
0.008397817611694336
0.008401155471801758
0.008554220199584961
0.008477449417114258
0.008668661117553711
0.008533477783203125
0.008739948272705078
0.009044408798217773
0.008610248565673828
0.008701562881469727
0.00863957405090332
0.008497953414916992
0.008524179458618164
0.00847005844116211
0.008200645446777344
0.008467435836791992
0.008455991744995117
0.008446931838989258
0.00853276252746582
0.00854039192199707
0.008533000946044922
0.008530139923095703
0.008646011352539062
0.008390665054321289
0.008362293243408203
0.008322715759277344
0.008394479751586914
0.008408546447753906
0.008274555206298828
0.008400440216064453
0.008034467697143555
0.007929086685180664
0.008258581161499023
0.008107423782348633
0.008325815200805664
0.008173227310180664
0.008124351501464844
0.008266925811767578
0.007719755172729492
0.008223533630371094
0.008344888687133789
0.008266448974609375
0.008201360702514648
0.00826120376586914
0.00829005241394043
0.008315324783325195
0.008434057235717773
0.008343935012817383
0.008351802825927734
0.008254289627075195
0.008182287216186523
0.008441925048828125
0.00832056999206543
0.008234262466430664
0.008249282836914062
0.00829625129699707
0.008260488510131836
0.00827646255493164
0.008448600769042969
0.00821828842163086
0.008191347122192383
0.008541584014892578
0.008239030838012695
0.008368730545043945
0.008238792419433594
0.008310794830322266
0.008187532424926758
0.008414030075073242
0.008824348449707031
0.008422374725341797
0.008698225021362305
0.008337736129760742
0.008458614349365234
0.008428812026977539
0.008382320404052734
0.008224964141845703
0.008409261703491211
0.008268356323242188
0.008142709732055664
0.008321523666381836
0.008336544036865234
0.008330345153808594
0.008360624313354492
0.008205652236938477
0.008147001266479492
0.008111238479614258
0.007906198501586914
0.00809931755065918
0.007868766784667969
0.00824284553527832
0.0077855587005615234
0.008040189743041992
0.007969141006469727
0.007877349853515625
0.008313655853271484
0.007937908172607422
0.008065223693847656
0.008114099502563477
0.009737253189086914
0.009385824203491211
0.008516311645507812
0.008499860763549805
0.008422613143920898
0.00847482681274414
0.008768081665039062
0.008829832077026367
0.008567333221435547
0.008472919464111328
0.008623600006103516
0.008489131927490234
0.008397340774536133
0.008453130722045898
0.008309364318847656
0.008386850357055664
0.008261442184448242
0.00835561752319336
0.00824737548828125
0.008371591567993164
0.008226871490478516
0.008212804794311523
0.008348226547241211
0.008332252502441406
0.00840449333190918
0.00841069221496582
0.008663177490234375
0.008576393127441406
0.008563518524169922
0.008268356323242188
0.008724451065063477
0.009027481079101562
0.008972406387329102
0.008779287338256836
0.008625507354736328
0.008405447006225586
0.008503198623657227
0.008327245712280273
0.008616209030151367
0.008558511734008789
0.008447408676147461
0.008558034896850586
0.008629083633422852
0.008606672286987305
0.008772611618041992
0.008694648742675781
0.00873112678527832
0.008776187896728516
0.008770227432250977
0.008587121963500977
0.008569955825805664
0.008425474166870117
0.00817561149597168
0.008008480072021484
0.008143186569213867
0.008168697357177734
0.008090972900390625
0.008080244064331055
0.008020639419555664
0.00841069221496582
0.008103609085083008
0.00823521614074707
0.008524179458618164
0.00838613510131836
0.008492231369018555
0.008098363876342773
0.008424758911132812
0.008310794830322266
0.008393287658691406
0.00828695297241211
0.008356094360351562
0.008419513702392578
0.008149862289428711
0.008323192596435547
0.008217573165893555
0.008262395858764648
0.008320331573486328
0.008343935012817383
0.008253097534179688
0.00816798210144043
0.008323907852172852
0.008297920227050781
0.008296489715576172
0.008235931396484375
0.00818490982055664
0.008230209350585938
0.008176326751708984
0.008175849914550781
0.008226394653320312
0.00813436508178711
0.008285045623779297
0.007935762405395508
0.00813603401184082
0.00807046890258789
0.008142709732055664
0.007901430130004883
0.008097410202026367
0.007862091064453125
0.008227109909057617
0.008247852325439453
0.008016824722290039
0.007853269577026367
0.008301973342895508
0.008387327194213867
0.008285760879516602
0.008210182189941406
0.008168935775756836
0.008026361465454102
0.00800013542175293
0.008141279220581055
0.008071422576904297
0.007895708084106445
0.008260011672973633
0.008136987686157227
0.00803828239440918
0.007838964462280273
0.007965326309204102
0.007846832275390625
0.008178234100341797
0.008043050765991211
0.008334159851074219
0.008190631866455078
0.008250236511230469
0.008379936218261719
0.008368968963623047
0.008245468139648438
0.008412599563598633
0.008378982543945312
0.008253812789916992
0.008464336395263672
0.008403301239013672
0.008357048034667969
0.00805974006652832
0.007966279983520508
0.008157491683959961
0.008356809616088867
0.008217096328735352
0.008070230484008789
0.008098125457763672
0.008101463317871094
0.00821232795715332
0.008358001708984375
0.008231401443481445
0.008314132690429688
0.00804591178894043
0.00800633430480957
0.008295774459838867
0.00834345817565918
0.008311986923217773
0.008282899856567383
0.008430719375610352
0.0082244873046875
0.008300542831420898
0.008120059967041016
0.00811457633972168
0.008267402648925781
0.007880926132202148
0.007985115051269531
0.008074760437011719
0.008123636245727539
0.008147001266479492
0.008214950561523438
0.00858616828918457
0.008969783782958984
0.008438825607299805
0.008121252059936523
0.008869409561157227
0.008652210235595703
0.008828401565551758
0.008131265640258789
0.008432626724243164
0.00842738151550293
0.00867772102355957
0.008474111557006836
0.0085906982421875
0.008529901504516602
0.008505105972290039
0.008462905883789062
0.008396387100219727
0.00850367546081543
0.008358955383300781
0.008493185043334961
0.00840616226196289
0.008443355560302734
0.00840139389038086
0.008618593215942383
0.008645772933959961
0.008710384368896484
0.0085296630859375
0.008452892303466797
0.008610963821411133
0.008654356002807617
0.008864164352416992
0.008612632751464844
0.00847625732421875
0.008462190628051758
0.00850534439086914
0.008687496185302734
0.00851750373840332
0.008498907089233398
0.008580207824707031
0.008799076080322266
0.008687257766723633
0.008797883987426758
0.008608102798461914
0.008646249771118164
0.008495330810546875
0.008594989776611328
0.008517265319824219
0.008754253387451172
0.008420944213867188
0.008321762084960938
0.008252620697021484
0.008658170700073242
0.008873462677001953
0.008913278579711914
0.008711576461791992
0.008611917495727539
0.008450746536254883
0.008851766586303711
0.00904703140258789
0.008777379989624023
0.009015083312988281
0.008962392807006836
0.008661985397338867
0.008936643600463867
0.008547782897949219
0.008591413497924805
0.008481264114379883
0.008381366729736328
0.008385419845581055
0.008399009704589844
0.008555173873901367
0.008356094360351562
0.008379220962524414
0.008376598358154297
0.008732795715332031
0.009938955307006836
0.008675098419189453
0.008635759353637695
0.008570194244384766
0.008466958999633789
0.00868535041809082
0.008725643157958984
0.008750677108764648
0.008702516555786133
0.008700132369995117
0.008453130722045898
0.008499860763549805
0.00852656364440918
0.008566617965698242
0.008422136306762695
0.008428335189819336
0.008376836776733398
0.008331298828125
0.008490562438964844
0.00832819938659668
0.008414030075073242
0.008430957794189453
0.008409500122070312
0.008569002151489258
0.008453845977783203
0.008575916290283203
0.00842428207397461
0.008318662643432617
0.008342504501342773
0.00828862190246582
0.008325576782226562
0.008222341537475586
0.008149385452270508
0.008245706558227539
0.008116006851196289
0.008247852325439453
0.008036613464355469
0.008178234100341797
0.007951498031616211
0.00783085823059082
0.007769107818603516
0.007848024368286133
0.008118391036987305
0.007750988006591797
0.007807731628417969
0.007902383804321289
0.008235692977905273
0.008323907852172852
0.008193016052246094
0.008273601531982422
0.00823974609375
0.008283853530883789
0.008234262466430664
0.008234024047851562
0.008193492889404297
0.008142471313476562
0.008193731307983398
0.008244514465332031
0.008218050003051758
0.008225202560424805
0.008016824722290039
0.008028030395507812
0.008049726486206055
0.008399248123168945
0.008148193359375
0.008139848709106445
0.008455038070678711
0.008315563201904297
0.008668899536132812
0.008359909057617188
0.008450031280517578
0.008445262908935547
0.008201122283935547
0.008394002914428711
0.008573055267333984
0.008272171020507812
0.008454084396362305
0.008350610733032227
0.008514642715454102
0.008322000503540039
0.008582592010498047
0.008396625518798828
0.008328437805175781
0.008270263671875
0.008255243301391602
0.008330821990966797
0.008506536483764648
0.00853276252746582
0.008446693420410156
0.008636236190795898
0.008357763290405273
0.008427858352661133
0.008414506912231445
0.008437156677246094
0.008189201354980469
0.008275985717773438
0.008268117904663086
0.0084686279296875
0.008290529251098633
0.008340120315551758
0.008334636688232422
0.008405685424804688
0.008342742919921875
0.008779048919677734
0.008662939071655273
0.008605003356933594
0.008805274963378906
0.008582830429077148
0.008340835571289062
0.008279085159301758
0.008253097534179688
0.008251667022705078
0.008147716522216797
0.008319854736328125
0.0078122615814208984
0.007947444915771484
0.007760763168334961
0.007912635803222656
0.008160829544067383
0.007905244827270508
0.007968425750732422
0.007969141006469727
0.008287906646728516
0.008069276809692383
0.008239507675170898
0.00893855094909668
0.008265018463134766
0.00823211669921875
0.00829005241394043
0.008153676986694336
0.008214235305786133
0.008135318756103516
0.008009195327758789
0.008161067962646484
0.007982492446899414
0.008152008056640625
0.007911205291748047
0.00816655158996582
0.00801992416381836
0.00824427604675293
0.00826883316040039
0.008116960525512695
0.008182287216186523
0.008012771606445312
0.007970094680786133
0.00795435905456543
0.008083343505859375
0.008046627044677734
0.00801396369934082
0.008167266845703125
0.008141517639160156
0.008075952529907227
0.008132457733154297
0.008098363876342773
0.008044242858886719
0.00805807113647461
0.008103370666503906
0.008216142654418945
0.008067131042480469
0.0077381134033203125
0.008239030838012695
0.008669137954711914
0.008674383163452148
0.008235931396484375
0.00815892219543457
