17.612075276995235
17.60722200395245
17.60277244919066
17.592878047781912
17.592878047781912
17.572099554771086
17.572099554771086
17.572099554771086
17.572099554771086
17.572099554771086
17.572099554771086
17.572099554771086
17.32997446571685
17.32712006317528
17.316251588945512
17.281356588491363
17.281356588491363
17.28132634340701
17.10990524120298
16.59245239620849
16.59113939769043
16.590966651025084
15.55627924465985
15.525576672740787
15.525576672740787
15.525576672740787
15.52556568959551
15.518661589362836
15.514890581579657
15.51225693536556
15.511396683905012
15.511396683905012
15.476419092205559
15.44322607503295
15.440473037590298
15.42779399955354
15.369261850663811
15.359532934026404
15.356058726430788
15.356058726430788
15.353184894827908
15.280285009889955
15.28028457691212
15.078551294721997
15.069713100210612
14.918909818166092
14.867672844814422
14.422284481115339
14.422209675267052
14.42175655754052
14.42048877308491
14.4186114023617
14.4186114023617
14.4186114023617
14.416757904096603
14.416724243276189
14.416724243276189
14.403844060572261
14.401054305709803
14.401054305709803
13.977036008561878
13.96968471253289
13.96968471253289
13.96968471253289
13.96968471253289
13.969664935264097
13.957613742638513
13.957613742638513
13.957613742638513
13.773854096758134
13.770307823054985
13.769149088859601
13.769149088859601
13.708102331837278
13.702619344811358
13.702619344811358
13.702619344811358
13.524289233042484
13.139226865651281
13.134814053696328
13.134814053696328
13.12916253472284
12.986699896587602
12.986699896587602
12.986699896587602
12.747652877348008
12.747652877348008
12.747652877348008
12.747138844185821
12.744787514927296
12.744747763966732
12.725714955100639
12.674825581378485
12.138597826505436
12.127978495909282
12.076506136182594
12.076506136182594
12.076506136182594
12.076506136182594
12.07547658239555
11.383059500996412
11.171372053904358
11.171372053904358
11.171372053904358
11.171372053904358
11.168487310374049
11.157314571182262
11.157265690943248
11.155751719861422
11.152801650280145
11.152801650280145
11.152355020155449
11.152355020155449
11.152355020155449
11.152355020155449
11.152355020155449
11.134491233708557
11.127203930514954
11.127203930514954
11.127203930514954
11.127185653736474
10.680628091526343
10.609619058681139
10.609619058681139
10.609528181850227
10.604501929930226
9.30794537696138
9.305347855201003
9.303933494521228
9.302678562302923
9.302678562302923
9.302678562302923
9.302394661232347
9.299500488686425
9.299500488686425
9.296638118984855
9.295122451894642
9.295122451894642
9.29393105969314
9.291500670746771
9.291500670746771
9.290183316886697
9.26849305300568
8.832813216295314
8.82057500529006
8.782397448062088
8.733773192368664
8.733773192368664
8.727725423316302
8.727725423316302
8.723842880691379
8.723842880691379
8.722946487588652
8.722946487588652
8.722946487588652
8.677302796858509
8.487465622968028
8.48297604053477
8.48297604053477
8.48297604053477
8.481698846972813
8.481688720859388
8.480894314373819
8.466593389684816
8.464984649671159
8.397902482939465
8.229465244165548
8.229465244165548
8.021104530088486
7.950373800095912
7.950282486378189
7.950282486378189
7.950282486378189
7.950282486378189
7.948590885801966
7.8432310915987085
7.8432310915987085
7.842159368721012
7.82101744255699
7.803912518452476
7.659712406411604
7.541194074656287
7.252067836811413
7.252067836811413
7.251419617450541
7.247234902298077
7.247234902298077
7.2455710542741585
6.982342548001332
6.956326054924212
6.956326054924212
6.956326054924212
6.956326054924212
6.917684724926467
6.684978499474871
6.684978499474871
6.679271914123726
6.6743128053296275
6.673924220771601
6.673924220771601
6.673924220771601
6.62666273023982
6.506576196890975
6.503944689881813
6.503944689881813
6.495349052190951
6.491747723016834
6.491747723016834
6.491747723016834
6.491106594214013
6.304829937451782
6.304385220001672
6.304385220001672
6.304385220001672
6.278682369374664
6.278682369374664
6.278682369374664
6.278682369374664
6.278682369374664
6.278682369374664
6.278682369374664
6.113188093445258
6.066110532829473
6.057994035579041
6.057994035579041
6.057994035579041
6.050386270635121
6.048693136916171
6.048693136916171
6.048681955345856
6.048681955345856
6.048681955345856
6.048681955345856
6.019052843870945
6.003847027202159
5.907646361442399
5.901025509549527
5.900960823716813
5.891185447339257
5.842919694143951
5.569709945068608
5.569709945068608
5.569709945068608
5.568185636744493
5.567991764907259
5.566585241636643
5.566294779397808
5.566294779397808
5.564512231524985
5.563698420614617
5.555360828947679
5.551460731118574
5.551460731118574
5.547725118314601
5.538118425190403
5.503390620542721
5.459800627348022
5.4273656802033425
5.399623034448037
5.397184045684693
5.3142417746377255
5.2028027023041545
5.2028027023041545
5.2028027023041545
5.2028027023041545
5.2028027023041545
5.2028027023041545
5.2028027023041545
5.199432956693098
5.192233159617221
5.192233159617221
5.192233159617221
5.177867949957825
5.177867949957825
5.177867949957825
5.177867949957825
5.177867949957825
5.177867949957825
5.159579201555154
5.122006819889286
5.122006819889286
5.122006819889286
5.093216989026271
5.093216989026271
4.924369939647011
4.9209885033951295
4.918881261593754
4.9173396227756925
4.9173396227756925
4.915423460028755
4.9134389489948305
4.9134389489948305
4.871876248419028
4.855410903481044
4.830224857622611
4.830128744154166
4.830128744154166
4.779220975556154
4.7778702373188615
4.707246264333072
4.656077290708556
4.6451882577429515
4.644646360227085
4.644646360227085
4.644646360227085
4.644646360227085
4.642530735161429
4.642530735161429
4.642530735161429
4.626121924369187
4.617924272081488
4.574449559881806
4.572178318754961
4.5719942564313385
4.5719942564313385
4.5719942564313385
4.570864272990395
4.570864272990395
4.555852056330433
4.501359584822389
4.501359584822389
4.443190256598516
4.443190256598516
4.443190120493384
4.443190120493384
4.443190120493384
4.394408370341676
4.374538810340319
4.374293020428244
4.371883377277452
4.364187656593906
4.3378056277436166
4.334812681772906
4.334269743403738
4.333066251718616
4.32721029043725
4.32721029043725
4.323136733709859
4.323136733709859
4.323136733709859
4.291281884587267
4.291281884587267
4.291281884587267
4.291281884587267
4.291281884587267
4.278475274496209
4.112370755129259
3.9790692305112323
3.978955932542142
3.978955932542142
3.9772038820606817
3.9722564901952744
3.971931430210333
3.970892767628307
3.970892767628307
3.9694821800695586
3.9694821800695586
3.780494624344861
3.780494624344861
3.780494624344861
3.780494624344861
3.7802122588181852
3.776972530519263
3.776972530519263
3.776972530519263
3.776972530519263
3.7718039005726993
3.767156838428228
3.767156838428228
3.7660236206272977
3.765818128324792
3.7580703236271553
3.7580703236271553
3.7562756211112784
3.7561036713037304
3.753662590080687
3.753662590080687
3.753662590080687
3.753662590080687
3.753662590080687
3.7534059312330257
3.7473706650099636
3.7312666806296093
3.726792052743967
3.7107555819913287
3.7107555819913287
3.7107555819913287
3.7107555819913287
3.7107555819913287
3.6914142057334693
3.681951286844164
3.6801176309216928
3.679343912236913
3.679343912236913
3.663659719592477
3.514780165004886
3.4990464457027173
3.4990464457027173
3.4985839275771333
3.4985270159017148
3.4985270159017148
3.4971478083445753
3.4966238344005447
3.4963356373031758
3.4954915363982124
3.4954915363982124
3.491751983698535
3.491751983698535
3.481026379254594
3.481026379254594
3.481026379254594
3.481026379254594
3.4808963580967784
3.4757767973779785
3.471739407066053
3.471739407066053
3.4535922311506084
3.4535922311506084
3.4494788270297185
3.3647309898876756
3.3647309898876756
3.362581249878211
3.354719623950743
3.2869223598258763
3.2869223598258763
3.2869223598258763
3.2869223598258763
3.286656767804697
3.286656767804697
3.286656767804697
3.286656767804697
3.276026122688336
3.272203144052831
3.2683906658785524
3.2683906658785524
3.268230265247162
3.15556524223782
3.1319138567251876
3.1319138567251876
3.1149544956033175
3.1078294065893957
3.106690015129299
3.0972857898951567
3.0972857898951567
3.096677562447308
3.087803431833432
3.0695216833264283
3.0695216833264283
3.0586838377551295
3.0357591927712377
3.012909392383765
3.012909392383765
3.012909392383765
3.0129049996394563
3.012043656471235
2.995560178954321
2.9953952952453697
2.990791662684412
2.990791662684412
2.9873732613089423
2.9864128717687493
2.9864128717687493
2.9864128717687493
2.9864128717687493
2.9864128717687493
2.9864128717687493
2.981822251598441
2.981822251598441
2.972068022433149
2.972068022433149
2.972068022433149
2.9458543466508083
2.9458543466508083
2.9458543466508083
2.855505467499661
2.855505467499661
2.855505467499661
2.854581378413396
2.854581378413396
2.847222403045272
2.847222403045272
2.847222403045272
2.8369827254442086
2.836707225139726
2.8301622358787384
2.8301622358787384
2.812804498503077
2.7528399278897453
2.7478221228381265
2.7478221228381265
2.7478221228381265
2.747802221382525
2.747802221382525
2.747802221382525
2.740811542488281
2.740811542488281
2.7149005700561872
2.609331051421009
2.609331051421009
2.609331051421009
2.6051165533370444
2.603327570143051
2.603327570143051
2.603327570143051
2.603327570143051
2.573872000231475
2.5728999990559274
2.5728999990559274
2.567252812286526
2.567252812286526
2.5649575393489954
2.5649575393489954
2.5649575393489954
2.5649575393489954
2.563292532372092
2.5545310996188633
2.5545310996188633
2.5545310996188633
2.5545310996188633
2.5526087341446733
2.550088738670656
2.550088738670656
2.5482505179576123
2.533995247327809
2.533995247327809
2.527431677899422
2.527431677899422
2.522745956644453
2.522745956644453
2.519295999540976
2.519295999540976
2.519295999540976
2.519295999540976
2.5163447349366272
2.5163447349366272
2.5163447349366272
2.5163447349366272
2.5163447349366272
2.513909642072818
2.513322406512323
2.513322406512323
2.5102779177152286
2.5102779177152286
2.5076823115472138
2.5043396478255637
2.5038740021200496
2.499189160993076
2.499189160993076
2.499189160993076
2.499189160993076
2.497086255990798
2.497086255990798
2.4843649313418013
2.483960700906934
2.4762037837198783
2.4762037837198783
2.4756617899005917
2.4756617899005917
2.4756617899005917
2.4740925047769906
2.4740819129573026
2.4698491852178748
2.4698491852178748
2.4698491852178748
2.4698491852178748
2.4698491852178748
2.4696009144420223
2.4654126405877363
2.463021780985791
2.463021780985791
2.4605004577979592
2.46048063853965
2.439582190252519
2.439582190252519
2.4287874167154193
2.4285165366600374
2.426777181650081
2.42306921462734
2.4206680218280354
2.4100039348328828
2.4100039348328828
2.4025909320355154
2.4025909320355154
2.3990996094655195
2.384287530706011
2.384287530706011
2.381053288750511
2.3795108448133178
2.3772152715943093
2.3772152715943093
2.3720017817660946
2.3720017817660946
2.3444164357468082
2.3444164357468082
2.3425980015859054
2.3396191258550445
2.3396191258550445
2.3396191258550445
2.3384587517196316
2.3356964344239053
2.3356964344239053
2.318885362171173
2.318885362171173
2.318885362171173
2.3180473066856777
2.3180473066856777
2.3180473066856777
2.3180473066856777
2.3180473066856777
2.311388946977985
2.3104071823097314
2.308794938036119
2.3083527260632373
2.3083527260632373
2.3083527260632373
2.3002234896143854
2.3002234896143854
2.300054814245634
2.300054814245634
2.300054814245634
2.297253964325545
2.297253964325545
2.2627163430210473
2.2627163430210473
2.2627163430210473
2.256023926313862
2.253317625159095
2.253317625159095
2.253317625159095
2.252171176866785
2.252171176866785
2.252171176866785
2.236857378455138
2.2333663321142794
2.2333663321142794
2.2274681826798037
2.2269645010451953
2.2269645010451953
2.2269645010451953
2.226083791363866
2.225553303097705
2.225553303097705
2.225243181731944
2.2175552494985595
2.213521697508991
2.2005140063179063
2.2005140063179063
2.191761694282082
2.191761694282082
2.1863672113871253
2.1861209415714207
2.1861209415714207
2.1861209415714207
2.1861209415714207
2.184185583165476
2.1793585803683833
2.1661553104986204
2.1661553104986204
2.1658999104398866
2.1658999104398866
2.165712176921705
2.1652970586316016
2.1649136834113776
2.164859867299338
2.1636132517453
2.160249157719985
2.160249157719985
2.1581086858349003
2.1581086858349003
2.1576296792992693
2.148554761206764
2.148554761206764
2.148122413770217
2.1462718350770054
2.1462718350770054
2.13386531681196
2.1338407129179444
2.133787408588063
2.133787408588063
2.133490134381745
2.133490134381745
2.133490134381745
2.1286303918528375
2.1241021208905337
2.1241021208905337
2.123751573030596
2.123751573030596
2.123751573030596
2.123247512036958
2.1228617341529663
2.122826994229065
2.1220706425071647
2.1220706425071647
2.1220706425071647
2.1220706425071647
2.1220706425071647
2.121515823690679
2.120351491340827
2.120351491340827
2.114650416889077
2.114650416889077
2.114650416889077
2.114650416889077
2.114650416889077
2.114650416889077
2.1139670602275764
2.113146478399603
2.113120331356356
2.113120331356356
2.1110423679164043
2.109937650056146
2.109937650056146
2.1089095805243296
2.1089095805243296
2.1089095805243296
2.1089095805243296
2.1089095805243296
2.1089095805243296
2.1089095805243296
2.106652153207129
2.106652153207129
2.10501525537342
2.104930906142105
2.104930906142105
2.104930906142105
2.103015003589608
2.0995729458834482
2.0991314718697005
2.0991314718697005
2.098790066153157
2.091496134930736
2.091496134930736
2.0892460888705386
2.0886070569309148
2.0886070569309148
2.0886070569309148
2.0886070569309148
2.0886070569309148
2.0840101480290514
2.0840101480290514
2.082896154053092
2.082896154053092
2.081571726613298
2.081463215910798
2.081463215910798
2.081327944390601
2.081327944390601
2.081327944390601
2.081327944390601
2.0753938869623383
2.073520124576408
2.073520124576408
2.073233238362235
2.0729561331558806
2.0729561331558806
2.0660642268899423
2.0660642268899423
2.0660642268899423
2.0660642268899423
2.0660642268899423
2.0660642268899423
2.0660642268899423
2.0660642268899423
2.063195281096231
2.0624455245242217
2.0624455245242217
2.0624455245242217
2.0624455245242217
2.0624455245242217
2.0624455245242217
2.0624455245242217
2.061230920915449
2.061230920915449
2.061230920915449
2.061142409316254
2.061142409316254
2.060698715070366
2.05869098587846
2.05869098587846
2.05869098587846
2.0567706601483273
2.0567706601483273
2.0521851471373047
2.0521851471373047
2.0518685445940505
2.0518685445940505
2.051699329204432
2.051637789846332
2.051122736062837
2.050079215410001
2.050079215410001
2.050079215410001
2.050079215410001
2.050079215410001
2.049873822012337
2.0494071405718444
2.0494071405718444
2.0485557341375866
2.047405064008096
2.0434934314009254
2.0434934314009254
2.042659232296913
2.042659232296913
2.0426205712219776
2.0426205712219776
2.0425075358488023
2.0425075358488023
2.0425075358488023
2.0423572645045738
2.0418855261057622
2.04103262604162
2.04103262604162
2.040983035485727
2.0409086250641373
2.0403957392429675
2.0403957392429675
2.0403957392429675
2.0403957392429675
2.0403957392429675
2.0403957392429675
2.0403957392429675
2.0403957392429675
2.0403957392429675
2.0403957392429675
2.0403957392429675
2.0403957392429675
2.0399936612667346
2.0399936612667346
2.0399936612667346
2.035846655399574
2.035846655399574
2.0357249199859204
2.0357249199859204
2.0357249199859204
2.034720211210125
2.034720211210125
2.034720211210125
2.034720211210125
2.0345955186146263
2.034564319973171
2.034544923229518
2.034544923229518
2.034544923229518
2.034544923229518
2.034530063514527
2.034530063514527
2.0345286251773764
2.0345286251773764
2.0345286251773764
2.0345286251773764
2.034111160209722
2.034111160209722
2.034111160209722
2.0332443585150166
2.031589323796691
2.0315888085987943
2.0315888085987943
2.031457773155118
2.031457773155118
2.031457773155118
2.029913272785546
2.029913272785546
2.029913272785546
2.0279900234195125
2.0279900234195125
2.027952638563214
2.027952638563214
2.027952638563214
2.027952638563214
2.027952638563214
2.027952638563214
2.027952638563214
2.0273768976444124
2.0273768976444124
2.0273768976444124
2.0273768976444124
2.0273293719191123
2.027046191737316
2.0270172268862794
2.0270172268862794
2.0264573067165337
2.0264573067165337
2.0232522924501346
2.0229124470886646
2.0229124470886646
2.0229124470886646
2.0229124470886646
2.022911978471729
2.0227901074525683
2.0227361134063315
2.0227361134063315
2.022351062943848
2.022350019205394
2.0210977503134906
2.0210977503134906
2.0210977503134906
2.0210977503134906
2.0210977503134906
2.0210977503134906
2.0192431722021347
2.0192431722021347
2.0192431722021347
2.0186063032368793
2.018168129914013
2.018168129914013
2.018168129914013
2.018168129914013
2.018168129914013
2.018168129914013
2.018168129914013
2.018168129914013
2.018168129914013
2.018168129914013
2.0181412009432727
2.0180775395725448
2.0180775395725448
2.0180775395725448
2.0180775395725448
2.0180775395725448
2.0180775395725448
2.01739448044734
2.01739448044734
2.01739448044734
2.01739448044734
2.01739448044734
2.01739448044734
2.0173616709809004
2.0173616709809004
2.0173616709809004
2.017141377646233
2.017141377646233
2.017141377646233
2.017141377646233
2.017141377646233
2.017141377646233
2.017141377646233
2.017141377646233
2.017141377646233
2.017141377646233
2.017141377646233
2.017141377646233
2.017141377646233
2.017141377646233
2.017141377646233
2.017141377646233
2.017141377646233
2.017141377646233
2.017141377646233
2.0170574102611276
2.0170360079518233
2.0170360079518233
2.016992377719827
2.016992377719827
2.016992377719827
2.016992377719827
2.016992377719827
2.016992377719827
2.016992377719827
2.01698680851025
2.0169373569079703
2.0169373569079703
2.0169373569079703
2.0168497312387395
2.0168497312387395
2.0168497312387395
2.0168497312387395
2.0168497312387395
2.0168497312387395
2.0168497312387395
2.0168497312387395
2.0168497312387395
2.0168497312387395
2.0168199271621496
2.0159461915962424
2.0159461915962424
2.0159461915962424
2.0159461915962424
2.0159461915962424
2.0159461915962424
2.0159461915962424
2.015339867151834
2.0152440917599144
2.0152440917599144
2.0152440917599144
2.0152440917599144
2.0152440917599144
2.0148972871555166
2.0148972871555166
2.0148324628949545
2.0148324628949545
2.0148324628949545
2.0148324628949545
2.0148324628949545
2.0148324628949545
2.0148324628949545
2.0148324628949545
2.0148324628949545
2.0148324628949545
2.014729046974054
2.014729046974054
