17.15324795669545
17.15324795669545
16.956931988423143
16.956931988423143
16.956931988423143
16.956931988423143
16.956931988423143
16.956931988423143
16.956931988423143
16.956931988423143
16.956931988423143
16.956931988423143
14.721251186322856
14.721251186322856
14.721251186322856
14.721251186322856
14.721251186322856
14.721251186322856
14.721251186322856
14.721251186322856
14.721251186322856
14.721251186322856
14.721251186322856
14.721251186322856
14.721251186322856
14.721251186322856
14.721251186322856
14.721251186322856
14.721251186322856
14.721251186322856
14.721251186322856
14.721251186322856
14.721251186322856
14.721251186322856
14.721251186322856
14.721251186322856
14.721251186322856
14.721251186322856
14.721251186322856
14.721251186322856
14.721251186322856
14.721251186322856
14.721251186322856
14.721251186322856
14.721251186322856
14.721251186322856
14.721251186322856
14.721251186322856
14.721251186322856
14.721251186322856
14.721251186322856
14.721251186322856
14.721251186322856
14.721251186322856
14.721251186322856
13.876261513612265
13.876261513612265
13.876261513612265
13.876261513612265
13.876261513612265
13.876261513612265
13.876261513612265
13.876261513612265
13.876261513612265
13.876261513612265
13.876261513612265
13.876261513612265
13.876261513612265
13.876261513612265
13.876261513612265
13.876261513612265
13.876261513612265
13.876261513612265
13.357111603184867
13.357111603184867
13.357111603184867
13.357111603184867
13.357111603184867
13.357111603184867
13.357111603184867
13.357111603184867
13.357111603184867
13.357111603184867
13.357111603184867
13.357111603184867
13.357111603184867
13.357111603184867
13.357111603184867
13.357111603184867
13.069999429434713
13.069999429434713
13.069999429434713
13.069999429434713
12.96967129503278
12.96967129503278
12.96967129503278
12.96967129503278
12.96967129503278
12.96967129503278
12.96967129503278
12.96967129503278
12.96967129503278
12.96967129503278
12.96967129503278
12.96967129503278
12.96967129503278
12.96967129503278
12.96967129503278
12.96967129503278
12.96967129503278
12.96967129503278
11.602723434388754
11.602723434388754
11.602723434388754
11.602723434388754
11.602723434388754
11.602723434388754
11.602723434388754
11.602723434388754
11.602723434388754
11.602723434388754
11.602723434388754
11.602723434388754
11.602723434388754
11.602723434388754
11.602723434388754
11.602723434388754
11.602723434388754
11.602723434388754
10.890329888989204
10.890329888989204
10.890329888989204
10.890329888989204
10.890329888989204
10.890329888989204
10.890329888989204
10.890329888989204
10.890329888989204
10.890329888989204
10.890329888989204
10.890329888989204
10.890329888989204
10.890329888989204
10.890329888989204
10.890329888989204
10.890329888989204
10.890329888989204
10.890329888989204
10.890329888989204
10.890329888989204
10.890329888989204
10.890329888989204
10.890329888989204
10.890329888989204
10.890329888989204
10.890329888989204
10.890329888989204
10.890329888989204
10.890329888989204
10.890329888989204
10.890329888989204
10.890329888989204
10.890329888989204
10.890329888989204
10.890329888989204
10.890329888989204
10.890329888989204
10.890329888989204
10.890329888989204
10.890329888989204
10.890329888989204
10.890329888989204
10.890329888989204
10.890329888989204
10.890329888989204
10.890329888989204
10.890329888989204
10.890329888989204
10.890329888989204
10.890329888989204
10.890329888989204
10.890329888989204
10.890329888989204
10.890329888989204
10.890329888989204
10.890329888989204
10.890329888989204
10.890329888989204
10.890329888989204
10.879929141483323
10.879929141483323
10.879929141483323
10.879929141483323
10.879929141483323
10.879929141483323
10.879929141483323
10.879929141483323
10.879929141483323
10.879929141483323
10.879929141483323
10.879929141483323
10.879929141483323
10.879929141483323
10.879929141483323
10.879929141483323
10.879929141483323
10.879929141483323
10.879929141483323
10.879929141483323
10.879929141483323
10.879929141483323
10.879929141483323
10.879929141483323
10.879929141483323
10.879929141483323
10.879929141483323
10.46885218899675
10.46885218899675
10.46885218899675
10.46885218899675
10.46885218899675
10.46885218899675
10.46885218899675
10.46885218899675
10.46885218899675
10.46885218899675
10.46885218899675
10.46885218899675
9.00468296286962
9.00468296286962
9.00468296286962
9.00468296286962
8.800353059332211
8.800353059332211
8.800353059332211
8.800353059332211
8.800353059332211
8.800353059332211
8.800353059332211
8.800353059332211
8.800353059332211
8.800353059332211
8.800353059332211
8.800353059332211
8.800353059332211
8.800353059332211
8.800353059332211
8.800353059332211
8.800353059332211
8.800353059332211
8.800353059332211
8.800353059332211
8.800353059332211
8.800353059332211
8.800353059332211
8.800353059332211
8.800353059332211
8.800353059332211
8.800353059332211
8.800353059332211
8.800353059332211
8.800353059332211
8.800353059332211
8.800353059332211
8.800353059332211
8.800353059332211
8.800353059332211
8.800353059332211
8.800353059332211
8.800353059332211
8.800353059332211
8.800353059332211
8.800353059332211
8.800353059332211
8.800353059332211
8.800353059332211
8.800353059332211
8.800353059332211
8.800353059332211
8.800353059332211
8.800353059332211
8.800353059332211
8.800353059332211
8.800353059332211
8.800353059332211
8.800353059332211
8.800353059332211
8.800353059332211
8.580790518992774
8.580790518992774
8.580790518992774
8.580790518992774
8.580790518992774
8.580790518992774
8.580790518992774
8.580790518992774
8.048880367638944
8.048880367638944
8.048880367638944
8.048880367638944
8.048880367638944
8.048880367638944
8.048880367638944
8.048880367638944
8.048880367638944
8.048880367638944
8.048880367638944
8.048880367638944
8.048880367638944
8.048880367638944
8.048880367638944
8.048880367638944
8.048880367638944
8.048880367638944
8.048880367638944
8.048880367638944
8.048880367638944
7.861120115004436
7.861120115004436
7.861120115004436
7.861120115004436
7.4482465051685836
5.713619927227555
5.713619927227555
5.713619927227555
5.713619927227555
5.713619927227555
5.713619927227555
5.713619927227555
5.713619927227555
5.713619927227555
5.713619927227555
5.713619927227555
5.713619927227555
5.713619927227555
5.713619927227555
5.713619927227555
5.713619927227555
5.713619927227555
5.713619927227555
5.713619927227555
5.713619927227555
5.713619927227555
5.713619927227555
5.713619927227555
5.713619927227555
5.713619927227555
5.713619927227555
5.558837697678907
5.558837697678907
5.558837697678907
5.558837697678907
5.558837697678907
5.558837697678907
5.558837697678907
5.558837697678907
5.558837697678907
5.558837697678907
5.558837697678907
5.558837697678907
5.558837697678907
5.558837697678907
5.558837697678907
5.558837697678907
5.558837697678907
5.558837697678907
5.558837697678907
5.558837697678907
5.558837697678907
5.558837697678907
5.558837697678907
5.558837697678907
5.558837697678907
5.558837697678907
5.558837697678907
5.558837697678907
5.558837697678907
5.558837697678907
5.558837697678907
5.558837697678907
5.558837697678907
5.558837697678907
5.558837697678907
5.558837697678907
5.558837697678907
5.558837697678907
5.558837697678907
5.558837697678907
5.558837697678907
5.558837697678907
5.558837697678907
5.558837697678907
5.558837697678907
5.558837697678907
5.558837697678907
5.558837697678907
5.558837697678907
5.558837697678907
5.558837697678907
5.558837697678907
5.558837697678907
5.558837697678907
5.558837697678907
5.558837697678907
5.558837697678907
5.558837697678907
5.558837697678907
5.558837697678907
5.558837697678907
5.558837697678907
5.558837697678907
5.558837697678907
5.558837697678907
5.558837697678907
5.558837697678907
5.558837697678907
5.558837697678907
5.558837697678907
5.558837697678907
5.558837697678907
5.558837697678907
5.558837697678907
5.558837697678907
5.558837697678907
5.558837697678907
5.558837697678907
5.558837697678907
5.558837697678907
5.558837697678907
5.558837697678907
5.558837697678907
5.558837697678907
5.558837697678907
5.558837697678907
5.558837697678907
5.558837697678907
5.558837697678907
5.558837697678907
5.558837697678907
5.558837697678907
5.558837697678907
5.558837697678907
5.558837697678907
5.558837697678907
5.558837697678907
5.558837697678907
5.558837697678907
5.558837697678907
5.558837697678907
5.558837697678907
5.558837697678907
5.558837697678907
5.558837697678907
5.558837697678907
5.558837697678907
5.558837697678907
5.558837697678907
5.558837697678907
5.558837697678907
5.558837697678907
5.558837697678907
5.558837697678907
5.558837697678907
5.558837697678907
5.558837697678907
5.558837697678907
4.850650513060586
4.850650513060586
4.850650513060586
4.850650513060586
4.850650513060586
4.850650513060586
4.850650513060586
4.850650513060586
4.850650513060586
4.850650513060586
4.850650513060586
4.850650513060586
4.850650513060586
4.850650513060586
4.850650513060586
4.850650513060586
4.850650513060586
4.850650513060586
4.850650513060586
4.850650513060586
4.850650513060586
4.850650513060586
4.850650513060586
4.850650513060586
4.850650513060586
4.850650513060586
4.850650513060586
4.850650513060586
4.850650513060586
4.850650513060586
4.850650513060586
4.850650513060586
4.850650513060586
4.850650513060586
4.521483751353486
4.521483751353486
4.521483751353486
4.521483751353486
4.521483751353486
4.521483751353486
4.521483751353486
4.521483751353486
4.521483751353486
4.521483751353486
4.521483751353486
4.521483751353486
4.521483751353486
4.521483751353486
4.521483751353486
4.521483751353486
4.521483751353486
4.521483751353486
4.521483751353486
4.521483751353486
4.521483751353486
4.521483751353486
4.521483751353486
4.521483751353486
4.521483751353486
3.518848880819373
3.518848880819373
3.518848880819373
3.518848880819373
3.518848880819373
3.518848880819373
3.518848880819373
3.518848880819373
3.518848880819373
3.518848880819373
3.518848880819373
3.518848880819373
3.518848880819373
3.518848880819373
3.518848880819373
3.518848880819373
3.518848880819373
3.518848880819373
3.518848880819373
3.518848880819373
3.518848880819373
3.518848880819373
3.518848880819373
3.518848880819373
3.518848880819373
3.518848880819373
3.518848880819373
3.518848880819373
3.518848880819373
3.518848880819373
3.518848880819373
3.518848880819373
3.518848880819373
3.518848880819373
3.518848880819373
3.518848880819373
3.518848880819373
3.518848880819373
3.518848880819373
3.518848880819373
3.518848880819373
3.518848880819373
3.518848880819373
3.518848880819373
3.518848880819373
3.518848880819373
3.518848880819373
3.518848880819373
3.518848880819373
3.518848880819373
3.4896151930559824
3.4896151930559824
3.4896151930559824
3.4896151930559824
3.4896151930559824
3.4896151930559824
3.4896151930559824
3.4896151930559824
3.4896151930559824
3.4896151930559824
3.4896151930559824
3.4896151930559824
3.4896151930559824
3.4896151930559824
3.4896151930559824
3.4896151930559824
3.4896151930559824
3.4896151930559824
3.4896151930559824
3.4896151930559824
3.4896151930559824
3.4896151930559824
3.4896151930559824
3.4896151930559824
3.4896151930559824
3.4896151930559824
3.4896151930559824
3.4896151930559824
3.4896151930559824
3.4896151930559824
3.4896151930559824
3.4896151930559824
3.4896151930559824
3.4896151930559824
3.4896151930559824
3.4896151930559824
3.4896151930559824
3.4896151930559824
3.4896151930559824
3.4896151930559824
3.4896151930559824
3.4896151930559824
3.4896151930559824
3.4896151930559824
3.4896151930559824
3.4896151930559824
3.4896151930559824
3.4896151930559824
3.4896151930559824
3.4896151930559824
3.4896151930559824
3.4896151930559824
3.4896151930559824
3.4896151930559824
3.4896151930559824
3.4896151930559824
3.4896151930559824
3.4896151930559824
3.4896151930559824
3.4896151930559824
3.4896151930559824
3.4896151930559824
3.4896151930559824
3.4896151930559824
3.4896151930559824
3.4896151930559824
3.4896151930559824
3.4896151930559824
3.4896151930559824
3.4896151930559824
3.4896151930559824
3.4896151930559824
3.4266310444085875
3.4266310444085875
3.4266310444085875
3.4266310444085875
3.4266310444085875
3.4266310444085875
3.4266310444085875
3.4266310444085875
3.4266310444085875
3.4266310444085875
3.4266310444085875
3.4266310444085875
3.4266310444085875
3.4266310444085875
3.4266310444085875
3.4266310444085875
3.4266310444085875
3.3950874492013803
3.3950874492013803
3.3950874492013803
3.3950874492013803
3.3950874492013803
3.3950874492013803
3.3950874492013803
3.3950874492013803
3.3950874492013803
3.3950874492013803
3.3950874492013803
3.234531575278016
3.234531575278016
3.234531575278016
3.234531575278016
3.234531575278016
3.234531575278016
3.234531575278016
3.234531575278016
3.234531575278016
3.1130934246536803
3.1130934246536803
3.1130934246536803
3.0688270781765823
3.0688270781765823
2.749223048672235
2.749223048672235
2.749223048672235
2.5611945746267004
2.5611945746267004
2.5611945746267004
2.5611945746267004
2.5611945746267004
2.5611945746267004
2.5611945746267004
2.5611945746267004
2.5611945746267004
2.5611945746267004
2.5611945746267004
2.5611945746267004
2.5611945746267004
2.5611945746267004
2.5611945746267004
2.5611945746267004
2.5611945746267004
2.5611945746267004
2.5611945746267004
2.5611945746267004
2.5611945746267004
2.5611945746267004
2.5611945746267004
2.5611945746267004
2.5611945746267004
2.5611945746267004
2.5611945746267004
2.5611945746267004
2.5611945746267004
2.5611945746267004
2.5611945746267004
2.5611945746267004
2.5611945746267004
2.5611945746267004
2.5611945746267004
2.5611945746267004
2.5611945746267004
2.5611945746267004
2.5611945746267004
2.5611945746267004
2.5611945746267004
2.5611945746267004
2.5611945746267004
2.5611945746267004
2.5611945746267004
2.5611945746267004
2.5611945746267004
2.5611945746267004
2.5611945746267004
2.5611945746267004
2.5611945746267004
2.5611945746267004
2.5611945746267004
2.5611945746267004
2.5611945746267004
2.5611945746267004
2.5611945746267004
2.5611945746267004
2.5611945746267004
2.5611945746267004
2.5611945746267004
2.5611945746267004
2.5611945746267004
2.5611945746267004
2.5611945746267004
2.5611945746267004
2.5611945746267004
2.5611945746267004
2.5611945746267004
2.5611945746267004
2.5611945746267004
2.5611945746267004
2.5611945746267004
2.5611945746267004
2.5611945746267004
2.5611945746267004
2.5611945746267004
2.5611945746267004
2.5611945746267004
2.5611945746267004
2.5611945746267004
2.5611945746267004
2.5611945746267004
2.5611945746267004
2.5096269028745546
2.5096269028745546
2.5096269028745546
2.5096269028745546
2.5096269028745546
2.5096269028745546
2.5096269028745546
2.5096269028745546
2.5096269028745546
2.5096269028745546
2.5096269028745546
2.5096269028745546
2.5096269028745546
2.5096269028745546
2.5096269028745546
2.5096269028745546
2.5096269028745546
2.5096269028745546
2.5096269028745546
2.5096269028745546
2.5096269028745546
2.5096269028745546
2.5096269028745546
2.5096269028745546
2.5096269028745546
2.5096269028745546
2.5096269028745546
2.5096269028745546
2.5096269028745546
2.5096269028745546
2.5096269028745546
2.5096269028745546
2.5096269028745546
2.5096269028745546
2.2421272384746445
2.2421272384746445
2.2421272384746445
2.2421272384746445
2.2421272384746445
2.2421272384746445
2.2421272384746445
2.2421272384746445
2.2421272384746445
2.2421272384746445
2.2421272384746445
2.2421272384746445
2.2421272384746445
2.2421272384746445
2.2421272384746445
2.2421272384746445
2.2421272384746445
2.2421272384746445
2.2421272384746445
2.2421272384746445
2.2421272384746445
2.2421272384746445
2.2421272384746445
2.2421272384746445
2.2421272384746445
2.2421272384746445
2.2421272384746445
2.2421272384746445
2.2421272384746445
2.2421272384746445
2.2421272384746445
2.2421272384746445
2.2421272384746445
2.2421272384746445
2.0716271227403666
2.0716271227403666
2.0716271227403666
2.0716271227403666
2.0716271227403666
2.0716271227403666
2.0716271227403666
2.0716271227403666
2.0716271227403666
2.0716271227403666
2.0716271227403666
2.0716271227403666
2.0716271227403666
2.0716271227403666
2.0716271227403666
2.0716271227403666
2.0716271227403666
2.0716271227403666
2.0716271227403666
2.0716271227403666
2.0716271227403666
2.0716271227403666
2.0716271227403666
2.0716271227403666
2.0716271227403666
2.0716271227403666
2.0716271227403666
2.0716271227403666
2.0716271227403666
2.0716271227403666
2.0716271227403666
2.0716271227403666
2.0716271227403666
2.0716271227403666
2.0716271227403666
2.0716271227403666
2.0716271227403666
2.0409501596343524
2.0409501596343524
2.0409501596343524
2.0409501596343524
2.0409501596343524
2.0409501596343524
2.0409501596343524
2.0409501596343524
2.0409501596343524
2.0409501596343524
2.0409501596343524
2.0409501596343524
2.0409501596343524
2.0409501596343524
2.0409501596343524
2.0409501596343524
2.0409501596343524
2.0409501596343524
1.7336963472491256
1.7336963472491256
1.7336963472491256
1.7336963472491256
1.7336963472491256
1.7336963472491256
1.7336963472491256
1.7336963472491256
1.7336963472491256
1.627610375674326
1.627610375674326
1.627610375674326
1.627610375674326
1.627610375674326
1.627610375674326
1.627610375674326
1.627610375674326
1.627610375674326
1.627610375674326
1.627610375674326
1.627610375674326
1.4950507042642194
1.4950507042642194
1.4950507042642194
1.4950507042642194
1.4950507042642194
1.4950507042642194
1.4950507042642194
1.4950507042642194
1.4950507042642194
1.4950507042642194
1.4950507042642194
1.4950507042642194
1.4950507042642194
1.4950507042642194
1.4950507042642194
1.4950507042642194
1.4950507042642194
1.4950507042642194
1.4950507042642194
1.4950507042642194
1.4950507042642194
1.4950507042642194
1.4950507042642194
1.4950507042642194
1.4950507042642194
1.4950507042642194
1.4950507042642194
1.4950507042642194
1.4950507042642194
1.4950507042642194
1.4950507042642194
1.4950507042642194
1.4950507042642194
1.4950507042642194
1.4950507042642194
1.4950507042642194
1.4950507042642194
1.4950507042642194
1.4950507042642194
1.4950507042642194
1.4950507042642194
1.4950507042642194
1.4950507042642194
1.4950507042642194
1.4950507042642194
1.4950507042642194
1.4950507042642194
1.4950507042642194
1.390518294292498
1.390518294292498
1.390518294292498
1.390518294292498
1.390518294292498
1.390518294292498
1.390518294292498
1.390518294292498
1.390518294292498
1.390518294292498
1.390518294292498
1.390518294292498
1.390518294292498
1.390518294292498
1.390518294292498
1.390518294292498
1.390518294292498
1.390518294292498
1.390518294292498
1.390518294292498
1.390518294292498
1.390518294292498
1.390518294292498
1.390518294292498
1.390518294292498
1.390518294292498
1.390518294292498
1.390518294292498
1.390518294292498
1.390518294292498
1.390518294292498
1.390518294292498
