0.014740943908691406
0.014644384384155273
0.0147247314453125
0.01472783088684082
0.014686822891235352
0.014712095260620117
0.014689207077026367
0.014634847640991211
0.014703512191772461
0.014707088470458984
0.01513361930847168
0.014698028564453125
0.014670372009277344
0.014878988265991211
0.014716148376464844
0.014690399169921875
0.014636516571044922
0.014684915542602539
0.014749526977539062
0.014683008193969727
0.014719486236572266
0.014688968658447266
0.014714241027832031
0.014688968658447266
0.014643192291259766
0.014691829681396484
0.01468348503112793
0.01465916633605957
0.014612913131713867
0.015616655349731445
0.015417337417602539
0.01665496826171875
0.015055656433105469
0.014645099639892578
0.014673709869384766
0.014676570892333984
0.014617443084716797
0.014647722244262695
0.01464533805847168
0.014642000198364258
0.014562845230102539
0.014667034149169922
0.015352964401245117
0.014655113220214844
0.016219615936279297
0.01700735092163086
0.01711249351501465
0.014578819274902344
0.014667987823486328
0.014709949493408203
0.014671564102172852
0.014597892761230469
0.014666318893432617
0.014684438705444336
0.014625072479248047
0.014723777770996094
0.014682292938232422
0.01471567153930664
0.014591455459594727
0.014628887176513672
0.014563560485839844
0.014639854431152344
0.014658212661743164
0.014609098434448242
0.01461482048034668
0.014628171920776367
0.014590024948120117
0.014635562896728516
0.014629125595092773
0.014714479446411133
0.014586925506591797
0.015373706817626953
0.015056848526000977
0.014614582061767578
0.014600753784179688
0.014566183090209961
0.014924287796020508
0.014855146408081055
0.014583110809326172
0.014576911926269531
0.014888525009155273
0.015748023986816406
0.014748334884643555
0.014645099639892578
0.014689445495605469
0.01481485366821289
0.014593362808227539
0.014663219451904297
0.014636754989624023
0.01464700698852539
0.014662981033325195
0.014642715454101562
0.014798164367675781
0.014629364013671875
0.014610528945922852
0.014616966247558594
0.014699935913085938
0.014667510986328125
0.014657258987426758
0.014661788940429688
0.01465296745300293
0.014658927917480469
0.015526533126831055
0.014640092849731445
0.014633417129516602
0.014615535736083984
0.014616012573242188
0.014667510986328125
0.01460576057434082
0.014616012573242188
0.01458740234375
0.014680862426757812
0.01536250114440918
0.014730453491210938
0.014620542526245117
0.014654159545898438
0.014672040939331055
0.015180587768554688
0.014671087265014648
0.014703512191772461
0.014676570892333984
0.014646768569946289
0.014615058898925781
0.014647722244262695
0.014630556106567383
0.014582395553588867
0.014654874801635742
0.01473855972290039
0.014687776565551758
0.014606237411499023
0.01465606689453125
0.015247106552124023
0.015379905700683594
0.0146331787109375
0.014666557312011719
0.014689922332763672
0.014644145965576172
0.014620304107666016
0.014634132385253906
0.014650344848632812
0.015432596206665039
0.01475214958190918
0.01459050178527832
0.01464223861694336
0.014663457870483398
0.014625787734985352
0.014675140380859375
0.014657974243164062
0.01457524299621582
0.015358209609985352
0.015157222747802734
0.015399932861328125
0.015275239944458008
0.015348196029663086
0.014687538146972656
0.014640331268310547
0.01459646224975586
0.014580011367797852
0.014624595642089844
0.014542341232299805
0.014611005783081055
0.014688491821289062
0.01471853256225586
0.014609098434448242
0.014595746994018555
0.014652729034423828
0.014633893966674805
0.014683008193969727
0.015363693237304688
0.015265226364135742
0.014712095260620117
0.01465463638305664
0.014611959457397461
0.014620065689086914
0.014664649963378906
0.014565229415893555
0.014620780944824219
0.014640569686889648
0.014646530151367188
0.01462554931640625
0.014529228210449219
0.014621496200561523
0.014657974243164062
0.014605283737182617
0.014583826065063477
0.014609098434448242
0.014677286148071289
0.014600038528442383
0.014614343643188477
0.014636039733886719
0.01463007926940918
0.014631986618041992
0.014602899551391602
0.014655113220214844
0.01466989517211914
0.014592409133911133
0.014639854431152344
0.014597892761230469
0.014691829681396484
0.01466226577758789
0.014627456665039062
0.014619112014770508
0.014646053314208984
0.014665842056274414
0.014607906341552734
0.014606714248657227
0.014614343643188477
0.014649152755737305
0.014600753784179688
0.014620065689086914
0.01470494270324707
0.014595508575439453
0.014672040939331055
0.014656782150268555
0.014636516571044922
0.014610052108764648
0.014584541320800781
0.0146331787109375
0.014635562896728516
0.014609336853027344
0.014678001403808594
0.01465153694152832
0.014647960662841797
0.014629840850830078
0.014722585678100586
0.014711380004882812
0.014683246612548828
0.014591455459594727
0.014650821685791016
0.014633417129516602
0.015528440475463867
0.014667510986328125
0.014688730239868164
0.014724493026733398
0.014611244201660156
0.014603614807128906
0.014615058898925781
0.01466059684753418
0.01462554931640625
0.014602899551391602
0.01466226577758789
0.01466822624206543
0.014612197875976562
0.014630556106567383
0.014687299728393555
0.014747142791748047
0.01462864875793457
0.015254735946655273
0.014980554580688477
0.01462864875793457
0.014644861221313477
0.014635324478149414
0.01442718505859375
0.014673471450805664
0.014631509780883789
0.014662504196166992
0.014669418334960938
0.01469564437866211
0.014600753784179688
0.014597654342651367
0.014643669128417969
0.014629602432250977
0.014625072479248047
0.01519775390625
0.014693021774291992
0.01466059684753418
0.014676570892333984
0.01470494270324707
0.014638185501098633
0.014635086059570312
0.014615535736083984
0.014627695083618164
0.014597892761230469
0.014658689498901367
0.014649152755737305
0.014595270156860352
0.014673471450805664
0.014604806900024414
0.014593124389648438
0.014630556106567383
0.014733314514160156
0.014654397964477539
0.014657258987426758
0.014629602432250977
0.014573812484741211
0.01461172103881836
0.014614343643188477
0.014667272567749023
0.014659881591796875
0.01467275619506836
0.014640092849731445
0.01466226577758789
0.014650106430053711
0.014695405960083008
0.014636754989624023
0.014619588851928711
0.014591693878173828
0.01462411880493164
0.01462864875793457
0.014628410339355469
0.015541315078735352
0.01483154296875
0.01468968391418457
0.014729738235473633
0.014634132385253906
0.014670133590698242
0.014674901962280273
0.014727115631103516
0.014684915542602539
0.014680862426757812
0.014620065689086914
0.014637947082519531
0.014730215072631836
0.014574527740478516
0.014582633972167969
0.014655351638793945
0.014627456665039062
0.014709949493408203
0.01461172103881836
0.014600992202758789
0.014635324478149414
0.014614343643188477
0.01461029052734375
0.01517176628112793
0.014660358428955078
0.014580011367797852
0.014556884765625
0.014630317687988281
0.014650821685791016
0.014558553695678711
0.014577150344848633
0.01460576057434082
0.014636993408203125
0.014564275741577148
0.014637947082519531
0.01459360122680664
0.014654874801635742
0.014602899551391602
0.014548778533935547
0.014577150344848633
0.014621734619140625
0.014599323272705078
0.014577627182006836
0.01462554931640625
0.014620780944824219
0.014555692672729492
0.015420198440551758
0.015084981918334961
0.014600038528442383
0.014603614807128906
0.014631271362304688
0.014702320098876953
0.014622926712036133
0.015186309814453125
0.014810800552368164
0.014592647552490234
0.014612436294555664
0.014580249786376953
0.014582395553588867
0.014601707458496094
0.01462411880493164
0.014508724212646484
0.014612197875976562
0.014629602432250977
0.015376567840576172
0.01459646224975586
0.014626741409301758
0.014593124389648438
0.014556884765625
0.014562606811523438
0.014587640762329102
0.01467275619506836
0.014683961868286133
0.01459360122680664
0.014679431915283203
0.01463937759399414
0.014615535736083984
0.01457524299621582
0.014536142349243164
0.014584541320800781
0.014581918716430664
0.014604330062866211
0.014614582061767578
0.014626264572143555
0.014648675918579102
0.014599084854125977
0.014634132385253906
0.015531063079833984
0.01501154899597168
0.014634847640991211
0.014579534530639648
0.013825416564941406
0.01464986801147461
0.014592170715332031
0.014629125595092773
0.014673471450805664
0.014647722244262695
0.014964818954467773
0.014740705490112305
0.014655351638793945
0.01462864875793457
0.014563798904418945
0.014655590057373047
0.014629602432250977
0.014626741409301758
0.014640331268310547
0.014657020568847656
0.01467275619506836
0.014691352844238281
0.014641761779785156
0.014611005783081055
0.014618873596191406
0.014676094055175781
0.0146026611328125
0.01466512680053711
0.014655351638793945
0.014586925506591797
0.014718770980834961
0.014651298522949219
0.014712333679199219
0.014697551727294922
0.014651298522949219
0.014654874801635742
0.014649629592895508
0.014597415924072266
0.014601945877075195
0.01457977294921875
0.014602899551391602
0.014695882797241211
0.014718294143676758
0.014632940292358398
0.014650106430053711
0.014588117599487305
0.014610052108764648
0.014713287353515625
0.014664649963378906
0.014602899551391602
0.014560461044311523
0.014634132385253906
0.014599800109863281
0.01463460922241211
0.014661550521850586
0.014645576477050781
0.014660120010375977
0.014612913131713867
0.014616250991821289
0.014657020568847656
0.014657258987426758
0.014631271362304688
0.014635086059570312
0.014665365219116211
0.014667987823486328
0.01462101936340332
0.014799118041992188
0.014787912368774414
0.014726877212524414
0.015154838562011719
0.014649391174316406
0.014610528945922852
0.014579534530639648
0.014533519744873047
0.014647483825683594
0.014678478240966797
0.014642000198364258
0.014552831649780273
0.014594316482543945
0.014641046524047852
0.01459646224975586
0.01458597183227539
0.01463460922241211
0.014654397964477539
0.014654397964477539
0.014560937881469727
0.01463007926940918
0.014655351638793945
0.014582395553588867
0.014597892761230469
0.014576911926269531
0.014695167541503906
0.014597177505493164
0.014556646347045898
0.014660835266113281
0.014669656753540039
0.014604330062866211
0.01459646224975586
0.014629840850830078
0.014621734619140625
0.014595985412597656
0.01517176628112793
0.014584779739379883
0.014630794525146484
0.014591217041015625
0.014617681503295898
0.014616250991821289
0.01462554931640625
0.014634847640991211
0.014573335647583008
0.014612913131713867
0.014614105224609375
0.014593839645385742
0.01466226577758789
0.01465296745300293
0.014668464660644531
0.014510631561279297
0.01463007926940918
0.014670848846435547
0.014624595642089844
0.014594078063964844
0.014548540115356445
0.014615535736083984
0.014606237411499023
0.014636993408203125
0.014631509780883789
0.014608144760131836
0.014641284942626953
0.015223026275634766
0.014554500579833984
0.014581918716430664
0.014575958251953125
0.014587163925170898
0.014620542526245117
0.014592885971069336
0.014615535736083984
0.014538288116455078
0.014642953872680664
0.014651298522949219
0.01459646224975586
0.014550447463989258
0.014595508575439453
0.014587640762329102
0.014605522155761719
0.014533519744873047
0.014599323272705078
0.014616727828979492
0.014572381973266602
0.014624357223510742
0.014623403549194336
0.014641523361206055
0.014556884765625
0.014606475830078125
0.014612436294555664
0.01467752456665039
0.014632463455200195
0.014588594436645508
0.01465606689453125
0.014648914337158203
0.01460409164428711
0.014600276947021484
0.014597177505493164
0.015203237533569336
0.01454019546508789
0.014572858810424805
0.014587879180908203
0.014606952667236328
0.014601469039916992
0.014593362808227539
0.014624357223510742
0.014616727828979492
0.014536857604980469
0.014585494995117188
0.015543937683105469
0.015314817428588867
0.014659404754638672
0.01457357406616211
0.014611244201660156
0.014606475830078125
0.01453852653503418
0.014580965042114258
0.014543294906616211
0.014606714248657227
0.014594316482543945
0.01465153694152832
0.014678955078125
0.014557838439941406
0.014592647552490234
0.014607667922973633
0.014633655548095703
0.01464223861694336
0.014585733413696289
0.014600992202758789
0.014615297317504883
0.014613866806030273
0.014565229415893555
0.014578580856323242
0.014592647552490234
0.014585256576538086
0.014584779739379883
0.014594554901123047
0.014988183975219727
0.014639854431152344
0.014592170715332031
0.014629364013671875
0.01463937759399414
0.014614343643188477
0.014542818069458008
0.014586925506591797
0.014663219451904297
0.014607906341552734
0.014625787734985352
0.014617681503295898
0.014570236206054688
0.014592170715332031
0.014561891555786133
0.014582395553588867
0.014593124389648438
0.014575958251953125
0.014629364013671875
0.014632701873779297
0.014620780944824219
0.014608144760131836
0.014533519744873047
0.014614582061767578
0.014623403549194336
0.014566183090209961
0.014604330062866211
0.015322446823120117
0.015397071838378906
0.01504373550415039
0.014561891555786133
0.014648914337158203
0.01465463638305664
0.014565706253051758
0.014606475830078125
0.014612674713134766
0.014606237411499023
0.014623641967773438
0.01456141471862793
0.014629840850830078
0.014653444290161133
0.014623880386352539
0.014616250991821289
0.014625072479248047
0.014554023742675781
0.01459956169128418
0.01456308364868164
0.014613151550292969
0.014579057693481445
0.014579534530639648
0.014531135559082031
0.014593124389648438
0.014566421508789062
0.014530181884765625
0.014556884765625
0.014590978622436523
0.014656543731689453
0.01454782485961914
0.01454472541809082
0.015345573425292969
0.014579057693481445
0.014606714248657227
0.014603376388549805
0.014592647552490234
0.01459503173828125
0.014564037322998047
0.01459646224975586
0.014636516571044922
0.014624834060668945
0.01451563835144043
0.014595985412597656
0.014567375183105469
0.014570474624633789
0.014555692672729492
0.014590263366699219
0.014607667922973633
0.014619112014770508
0.014544010162353516
0.01465153694152832
0.01473855972290039
0.014559030532836914
0.01458287239074707
0.015021324157714844
0.01464533805847168
0.015319108963012695
0.01490640640258789
0.016791820526123047
0.015068292617797852
0.014993429183959961
0.014713525772094727
0.016524076461791992
0.01689887046813965
0.014632463455200195
0.014593124389648438
0.015569448471069336
0.015377998352050781
0.015266180038452148
0.014831304550170898
0.015446901321411133
0.030735492706298828
0.0306551456451416
0.030621051788330078
0.014671802520751953
0.0145721435546875
0.014780998229980469
0.014614343643188477
0.014603376388549805
0.014606714248657227
0.014623403549194336
0.01455998420715332
0.0146331787109375
0.014662742614746094
0.014635086059570312
0.014574766159057617
0.014601707458496094
0.014598369598388672
0.014577388763427734
0.014623880386352539
0.014626264572143555
0.014638423919677734
0.014624357223510742
0.014642715454101562
0.014647960662841797
0.01593613624572754
0.014667034149169922
0.014633893966674805
0.014694452285766602
0.014636754989624023
0.014586448669433594
0.014626026153564453
0.014704227447509766
0.014597654342651367
0.01522374153137207
0.01542353630065918
0.014623880386352539
0.014659881591796875
0.01461935043334961
0.014597654342651367
0.014588356018066406
0.014563322067260742
0.014571905136108398
0.014624595642089844
0.014655351638793945
0.014611005783081055
0.014601707458496094
0.014633893966674805
0.014599800109863281
0.015428304672241211
0.014594793319702148
0.014617204666137695
0.01458287239074707
0.014621496200561523
0.014582633972167969
0.014574527740478516
0.014653205871582031
0.014611005783081055
0.014624357223510742
0.014595985412597656
0.01463007926940918
0.014628410339355469
0.014565467834472656
0.014633655548095703
0.014574289321899414
0.014580011367797852
0.014624834060668945
0.014681816101074219
0.01463627815246582
0.014575958251953125
0.01467442512512207
0.014631509780883789
0.014555931091308594
0.01459813117980957
0.014871597290039062
0.015512466430664062
0.015300750732421875
0.01465749740600586
0.01455998420715332
0.014617443084716797
0.014584064483642578
0.014524698257446289
0.014583826065063477
0.014617204666137695
0.014592647552490234
0.014551639556884766
0.014600038528442383
0.014609575271606445
0.014591455459594727
0.014648675918579102
0.014588356018066406
0.01462244987487793
0.01461482048034668
0.014545440673828125
0.01458430290222168
0.014583110809326172
0.014592170715332031
0.014800071716308594
0.014628410339355469
0.014620542526245117
0.014585256576538086
0.01461029052734375
0.014559268951416016
0.01462554931640625
0.014569997787475586
0.014571428298950195
0.014620542526245117
0.014554500579833984
0.014564275741577148
0.01460576057434082
0.014586448669433594
0.014636754989624023
0.015337467193603516
0.015201568603515625
0.015230178833007812
0.014701128005981445
0.014572620391845703
0.014568567276000977
0.014626741409301758
0.0146331787109375
0.014739751815795898
0.014625310897827148
0.014633655548095703
0.01464533805847168
0.014542102813720703
0.01455235481262207
0.014641284942626953
0.014531850814819336
0.014580488204956055
0.014558076858520508
0.014571189880371094
0.014624357223510742
0.014533281326293945
0.014566421508789062
0.014551639556884766
0.01458883285522461
0.01451730728149414
0.014532089233398438
0.014651775360107422
0.014591455459594727
0.014547348022460938
0.014554023742675781
0.01455378532409668
0.014573097229003906
0.014531612396240234
0.016648054122924805
0.01610541343688965
0.014580249786376953
0.01456451416015625
0.014570236206054688
0.014645814895629883
0.014563798904418945
0.01457071304321289
0.014642715454101562
0.014610528945922852
0.014609575271606445
0.014535188674926758
0.014612436294555664
0.014592885971069336
0.014604568481445312
0.014656543731689453
0.014617681503295898
0.014648199081420898
0.015397310256958008
0.01484227180480957
0.014568328857421875
0.01454472541809082
0.014612436294555664
0.014635086059570312
0.014670133590698242
0.014625072479248047
0.014551639556884766
0.014562129974365234
0.014554023742675781
0.016035795211791992
0.01451563835144043
0.014539480209350586
0.01460886001586914
0.014615058898925781
0.014592647552490234
0.014574527740478516
0.014693737030029297
0.014574050903320312
0.014599323272705078
0.014595985412597656
0.014707803726196289
0.014609575271606445
0.014572858810424805
0.015328407287597656
0.014640331268310547
0.014612913131713867
0.01455545425415039
0.014620542526245117
0.015059471130371094
0.014623165130615234
0.014692068099975586
0.01502680778503418
0.014866352081298828
0.014592885971069336
0.014561176300048828
0.014585733413696289
0.01461935043334961
0.014547109603881836
0.014525413513183594
0.014580488204956055
0.014601469039916992
0.014570236206054688
0.014605045318603516
0.014562845230102539
0.015050649642944336
0.014560937881469727
0.014561891555786133
0.01455068588256836
0.014589071273803711
0.014487981796264648
0.014625787734985352
0.014620304107666016
0.014594554901123047
0.01459360122680664
0.014957904815673828
0.014598369598388672
0.014597415924072266
0.014566421508789062
0.014543294906616211
0.01454305648803711
0.014556407928466797
0.01460719108581543
0.01459503173828125
0.014568328857421875
0.014564990997314453
0.014535903930664062
0.01452946662902832
0.014600038528442383
0.014603614807128906
0.014505624771118164
0.014538049697875977
0.014544010162353516
0.014599084854125977
0.014541149139404297
0.014518499374389648
0.014563322067260742
0.01454615592956543
0.014507055282592773
0.014551877975463867
0.014580249786376953
0.014600038528442383
0.014554023742675781
0.014561891555786133
0.015284299850463867
0.014876365661621094
0.014530420303344727
0.014529705047607422
0.014579296112060547
0.014588594436645508
0.014539003372192383
0.01456308364868164
0.014520645141601562
0.01457071304321289
0.014545440673828125
0.014557600021362305
0.01454305648803711
0.014555931091308594
0.015280485153198242
0.015316247940063477
0.015298128128051758
0.015228509902954102
0.01532888412475586
0.015278339385986328
0.015368223190307617
0.015282869338989258
0.015185832977294922
0.015054464340209961
0.014606714248657227
0.014542818069458008
0.014549970626831055
0.014501333236694336
0.014538764953613281
0.014553546905517578
0.014526128768920898
0.014620780944824219
0.014585256576538086
0.015322208404541016
0.014830589294433594
0.015239953994750977
0.014569282531738281
0.01471257209777832
0.014641046524047852
0.014592885971069336
0.014575719833374023
0.016858577728271484
0.017645597457885742
0.015498638153076172
0.01461935043334961
0.016420364379882812
0.01656961441040039
0.016391754150390625
0.016435861587524414
0.014613866806030273
0.014610767364501953
0.014905691146850586
0.01479339599609375
0.014551162719726562
0.014610767364501953
0.014513492584228516
0.01450490951538086
0.014529228210449219
0.014617204666137695
0.01457357406616211
0.014531135559082031
0.01457071304321289
0.01462697982788086
0.014543533325195312
0.014623641967773438
0.014567375183105469
