17.938079173632442
17.904239912577886
17.661085428853053
17.238016117977054
16.798524488977836
16.798524488977836
16.798524488977836
15.771807246384176
15.771807246384176
15.771807246384176
15.771807246384176
15.771807246384176
15.771807246384176
15.771807246384176
15.771807246384176
15.771807246384176
15.771807246384176
15.771807246384176
15.771807246384176
15.530815124914266
15.530815124914266
15.530815124914266
15.530815124914266
15.037249400421494
15.037249400421494
15.037249400421494
14.10386039415604
14.10386039415604
14.10386039415604
14.10386039415604
14.10386039415604
14.10386039415604
14.10386039415604
14.10386039415604
14.10386039415604
14.10386039415604
13.990560827091922
13.990560827091922
13.990560827091922
13.941184152808216
13.852077011221768
13.71888047167146
13.71888047167146
13.71888047167146
13.71888047167146
13.71888047167146
13.15245604254818
13.15245604254818
13.15245604254818
13.15245604254818
13.15245604254818
13.15245604254818
13.046589789887262
12.855359496008273
12.855359496008273
12.855359496008273
12.541931924014797
12.145362930511787
12.145362930511787
11.860683863174543
11.860683863174543
11.764815585941442
10.660645934019072
10.660645934019072
10.660645934019072
10.660645934019072
10.660645934019072
9.579087959980116
9.579087959980116
9.579087959980116
9.579087959980116
9.579087959980116
9.579087959980116
9.419349159922612
9.151122729873368
9.151122729873368
9.151122729873368
9.151122729873368
9.151122729873368
8.660932599916656
8.30978444199935
8.30978444199935
8.30978444199935
8.169910872278091
8.169910872278091
8.169910872278091
8.00409747994397
8.00409747994397
8.00409747994397
8.00409747994397
8.00409747994397
8.00409747994397
8.00409747994397
8.00409747994397
8.00409747994397
8.00409747994397
7.964535246075428
7.964535246075428
7.964535246075428
7.885362540046369
7.8842295597791665
7.8842295597791665
7.8842295597791665
7.8842295597791665
7.706243478945797
7.706243478945797
7.539308984229365
7.539308984229365
7.373590357476818
7.305398629815603
7.305398629815603
7.164083174299051
7.164083174299051
7.164083174299051
7.060147848836166
7.026872909420646
7.026872909420646
6.18700632878784
6.18700632878784
6.18700632878784
6.18700632878784
5.806364024544312
5.806364024544312
5.806364024544312
5.806364024544312
5.806364024544312
5.715666683464558
5.715666683464558
5.715666683464558
5.558495511884097
5.558495511884097
5.558495511884097
5.338736313998318
5.338736313998318
5.338736313998318
5.338736313998318
5.338736313998318
5.338736313998318
5.338736313998318
5.338736313998318
5.338736313998318
5.338736313998318
5.338736313998318
5.338736313998318
5.338736313998318
5.338736313998318
5.281601718968577
5.281601718968577
5.281601718968577
5.261373026478566
5.261373026478566
5.261373026478566
5.261373026478566
5.246825491608089
5.246825491608089
5.246825491608089
5.121083785550564
5.121083785550564
5.015054513166874
5.015054513166874
4.941425196559582
4.941425196559582
4.809502745077872
4.56913976883035
4.56913976883035
4.56913976883035
4.56913976883035
4.56913976883035
4.56913976883035
4.564369662002708
4.564369662002708
4.48923268910573
4.486059612201647
4.230894375449118
4.230894375449118
4.230894375449118
4.00315403365834
4.00315403365834
4.00315403365834
3.8837540491274254
3.8837540491274254
3.8837540491274254
3.8837540491274254
3.8837540491274254
3.780429126034914
3.780429126034914
3.305956505354505
3.305956505354505
3.305956505354505
3.305956505354505
3.305956505354505
3.305956505354505
3.305956505354505
3.305956505354505
3.1816748086791833
3.1816748086791833
3.1816748086791833
3.1816748086791833
3.1816748086791833
3.1507034524041266
3.1507034524041266
3.1507034524041266
3.1507034524041266
3.1507034524041266
2.90767923592092
2.90767923592092
2.90767923592092
2.90767923592092
2.90767923592092
2.90767923592092
2.90767923592092
2.90767923592092
2.90767923592092
2.90767923592092
2.90767923592092
2.90767923592092
2.90767923592092
2.90767923592092
2.90767923592092
2.90767923592092
2.90767923592092
2.90767923592092
2.90767923592092
2.90767923592092
2.90767923592092
2.90767923592092
2.90767923592092
2.90767923592092
2.90767923592092
2.90767923592092
2.897691597670324
2.897691597670324
2.883462029836849
2.883462029836849
2.883462029836849
2.779104702597813
2.779104702597813
2.624117657041648
2.4716315541712035
2.1532303238542845
2.1532303238542845
2.1532303238542845
2.1532303238542845
2.1532303238542845
2.1532303238542845
2.1532303238542845
2.1532303238542845
2.1532303238542845
2.1532303238542845
2.1532303238542845
2.1532303238542845
2.1532303238542845
2.1532303238542845
2.1532303238542845
2.1532303238542845
2.1532303238542845
2.1532303238542845
2.0887995721008643
2.0887995721008643
2.0887995721008643
2.0887995721008643
2.0887995721008643
2.0866686844985125
2.0866686844985125
2.0299034462539147
2.0299034462539147
2.0299034462539147
1.9938817021037423
1.9938817021037423
1.9938817021037423
1.9938817021037423
1.9938817021037423
1.9938817021037423
1.9938817021037423
1.9938817021037423
1.9938817021037423
1.950315950612282
1.950315950612282
1.796117443354305
1.796117443354305
1.796117443354305
1.796117443354305
1.796117443354305
1.796117443354305
1.6820080142825198
1.6820080142825198
1.6820080142825198
1.6820080142825198
1.6820080142825198
1.6820080142825198
1.6820080142825198
1.6820080142825198
1.6820080142825198
1.6820080142825198
1.6820080142825198
1.6820080142825198
1.6820080142825198
1.6459157215508498
1.6459157215508498
1.5833487509572528
1.5833487509572528
1.5833487509572528
1.558962955898302
1.3556125884331962
1.3556125884331962
1.3556125884331962
1.3556125884331962
1.3556125884331962
1.3556125884331962
1.3556125884331962
1.3556125884331962
1.3556125884331962
1.3556125884331962
1.3556125884331962
1.3556125884331962
1.3556125884331962
1.3556125884331962
1.3556125884331962
1.3556125884331962
1.3556125884331962
1.3556125884331962
1.3556125884331962
1.3556125884331962
1.3556125884331962
1.331009792859259
1.331009792859259
1.3062116273128552
1.3062116273128552
1.3062116273128552
1.305736680710588
1.2991947679994205
1.2749264882505784
0.8223803894088348
0.8223803894088348
0.8223803894088348
0.8223803894088348
0.8223803894088348
0.8223803894088348
0.8223803894088348
0.8223803894088348
0.8223803894088348
0.8223803894088348
0.8223803894088348
0.8223803894088348
0.8223803894088348
0.8223803894088348
0.8223803894088348
0.8223803894088348
0.8223803894088348
0.8223803894088348
0.8223803894088348
0.8223803894088348
0.8223803894088348
0.8223803894088348
0.8223803894088348
0.8223803894088348
0.8223803894088348
0.8223803894088348
0.8223803894088348
0.8223803894088348
0.8223803894088348
0.8223803894088348
0.8223803894088348
0.8223803894088348
0.8223803894088348
0.8223803894088348
0.8223803894088348
0.8223803894088348
0.8223803894088348
0.8223803894088348
0.8223803894088348
0.8223803894088348
0.8215884388961925
0.8092546041009676
0.8092546041009676
0.8092546041009676
0.8092546041009676
0.8092546041009676
0.5094661893139332
0.5094661893139332
0.5094661893139332
0.5094661893139332
0.5094661893139332
0.5094661893139332
0.5094661893139332
0.34024985053678236
0.34024985053678236
0.34024985053678236
0.34024985053678236
0.34024985053678236
0.34024985053678236
0.34024985053678236
0.34024985053678236
0.34024985053678236
0.34024985053678236
0.34024985053678236
0.34024985053678236
0.34024985053678236
0.34024985053678236
0.34024985053678236
0.34024985053678236
0.34024985053678236
0.34024985053678236
0.34024985053678236
0.34024985053678236
0.34024985053678236
0.34024985053678236
0.34024985053678236
0.34024985053678236
0.34024985053678236
0.34024985053678236
0.34024985053678236
0.2923630777124657
0.2923630777124657
0.2923630777124657
0.2923630777124657
0.2923630777124657
0.2923630777124657
0.2923630777124657
0.2923630777124657
0.2923630777124657
0.25380173413495655
0.25380173413495655
0.25380173413495655
0.25380173413495655
0.25380173413495655
0.25380173413495655
0.25380173413495655
0.25380173413495655
0.25380173413495655
0.25380173413495655
0.25380173413495655
0.25380173413495655
0.25380173413495655
0.25380173413495655
0.25380173413495655
0.25380173413495655
0.23509144448218677
0.2326078483361087
0.2326078483361087
0.2326078483361087
0.2326078483361087
0.2326078483361087
0.2326078483361087
0.2218037282759262
0.21344384691622764
0.19060516104876513
0.19060516104876513
0.18984821781788952
0.18984821781788952
0.1874318257172085
0.18077081810525897
0.18077081810525897
0.17202952011311012
0.1690041536011293
0.1624796433143807
0.1624796433143807
0.1624796433143807
0.1572703054992175
0.1572703054992175
0.1572703054992175
0.1572703054992175
0.1572703054992175
0.1572703054992175
0.1572703054992175
0.1572703054992175
0.1572703054992175
0.1572703054992175
0.1572703054992175
0.15373126715463314
0.1334133105613411
0.1334133105613411
0.1334133105613411
0.1334133105613411
0.1334133105613411
0.1334133105613411
0.1334133105613411
0.1334133105613411
0.13059342274742392
0.0914728413042667
0.0914728413042667
0.0914728413042667
0.0914728413042667
0.0914728413042667
0.0914728413042667
0.0914728413042667
0.0914728413042667
0.0914728413042667
0.0914728413042667
0.0914728413042667
0.0914728413042667
0.0914728413042667
0.0914728413042667
0.0914728413042667
0.0914728413042667
0.0914728413042667
0.0914728413042667
0.0914728413042667
0.0914728413042667
0.0914728413042667
0.0914728413042667
0.0914728413042667
0.0914728413042667
0.0914728413042667
0.0914728413042667
0.0914728413042667
0.0914728413042667
0.0914728413042667
0.0869369481717257
0.0869369481717257
0.0869369481717257
0.0869369481717257
0.08519619533223022
0.08519619533223022
0.08519619533223022
0.08193422195771305
0.08193422195771305
0.08193422195771305
0.08193422195771305
0.07937566255543516
0.07937566255543516
0.07937566255543516
0.07825553792616802
0.07825553792616802
0.07825553792616802
0.07825553792616802
0.07813571104117045
0.07813571104117045
0.07813571104117045
0.07803057133389757
0.07682043482217793
0.07541491767691966
0.07397342128706441
0.07397342128706441
0.07397342128706441
0.04674100389074454
0.04674100389074454
0.04674100389074454
0.04674100389074454
0.04674100389074454
0.04674100389074454
0.04610622395968278
0.04610622395968278
0.04610622395968278
0.04610622395968278
0.04610622395968278
0.04268817144590642
0.04268817144590642
0.04268817144590642
0.04268817144590642
0.04268817144590642
0.04268817144590642
0.04076522436911034
0.04064983876988748
0.04064983876988748
0.040128349461298285
0.04006077103563044
0.04006077103563044
0.04006077103563044
0.03783217028407293
0.03783217028407293
0.03774729866746185
0.03774729866746185
0.033102507405843085
0.033102507405843085
0.033102507405843085
0.03263571287272882
0.030657989487682613
0.030657989487682613
0.030657989487682613
0.030657989487682613
0.030657989487682613
0.030657989487682613
0.029410132473302042
0.029410132473302042
0.02868309069681274
0.02868309069681274
0.02868309069681274
0.02868309069681274
0.02868309069681274
0.02827793577577964
0.02827793577577964
0.02746728498035722
0.02726533864348113
0.02726533864348113
0.026323559500703198
0.02063949473674498
0.02063949473674498
0.02063949473674498
0.02063949473674498
0.02063949473674498
0.02063949473674498
0.02063949473674498
0.02063949473674498
0.02063949473674498
0.02063949473674498
0.02063949473674498
0.02063949473674498
0.02063949473674498
0.02063949473674498
0.02063949473674498
0.02063949473674498
0.02063420227209889
0.02063420227209889
0.02040583603463375
0.02040583603463375
0.02040583603463375
0.02040583603463375
0.02040583603463375
0.01844956522484864
0.01844956522484864
0.01844956522484864
0.01844956522484864
0.01844956522484864
0.01844956522484864
0.01844956522484864
0.01844151874229638
0.017041029142458086
0.017041029142458086
0.017041029142458086
0.017041029142458086
0.016566833639203082
0.016402742765905032
0.016265307292886888
0.016265307292886888
0.01612732918228943
0.015846126892054002
0.015846126892054002
0.015714345109465455
0.015714345109465455
0.015370581733261446
0.015370581733261446
0.015370581733261446
0.01485764911307541
0.013023594631057733
0.013023594631057733
0.013023594631057733
0.013015485268148552
0.013015485268148552
0.0130122211067345
0.01219331917332056
0.01219331917332056
0.01219331917332056
0.01219331917332056
0.01219331917332056
0.01219331917332056
0.011228748948507672
0.011228748948507672
0.011228748948507672
0.011228748948507672
0.011228748948507672
0.011228748948507672
0.011057970015027507
0.011057970015027507
0.00846837489864427
0.00846837489864427
0.00846837489864427
0.00846837489864427
0.00846837489864427
0.00846837489864427
0.00846837489864427
0.0075237848441176425
0.0075237848441176425
0.0075237848441176425
0.0075237848441176425
0.0075237848441176425
0.0075237848441176425
0.0075237848441176425
0.0075237848441176425
0.0075237848441176425
0.0075237848441176425
0.0075237848441176425
0.0075237848441176425
0.0075237848441176425
0.0075237848441176425
0.0075237848441176425
0.0075237848441176425
0.0075237848441176425
0.0075237848441176425
0.0075237848441176425
0.0075237848441176425
0.0075237848441176425
0.0075237848441176425
0.0075237848441176425
0.0075237848441176425
0.0075237848441176425
0.0075237848441176425
0.0075237848441176425
0.0075237848441176425
0.0075237848441176425
0.0075237848441176425
0.0075237848441176425
0.0075237848441176425
0.0075237848441176425
0.0075237848441176425
0.0075237848441176425
0.007341345749498629
0.007341345749498629
0.007313302277250244
0.007313302277250244
0.0071470960786506055
0.0071470960786506055
0.0071470960786506055
0.0071470960786506055
0.0071470960786506055
0.0071470960786506055
0.0064188684083603675
0.0064188684083603675
0.0064188684083603675
0.0064188684083603675
0.0064188684083603675
0.0064188684083603675
0.0064188684083603675
0.0064188684083603675
0.005828209428759834
0.005828209428759834
0.005828209428759834
0.005544595136711905
0.005544595136711905
0.005544595136711905
0.005544595136711905
0.005544595136711905
0.005544595136711905
0.005544595136711905
0.005544595136711905
0.004716800767536
0.004716800767536
0.004716800767536
0.004716800767536
0.004716800767536
0.004716800767536
0.004716800767536
0.004716800767536
0.004716800767536
0.004716800767536
0.004716800767536
0.004716800767536
0.004716800767536
0.004716800767536
0.004716800767536
0.004716800767536
0.004716800767536
0.004716800767536
0.004716800767536
0.004716800767536
0.004716800767536
0.004716800767536
0.004619606345567462
0.004619606345567462
0.004619606345567462
0.004619606345567462
0.004619606345567462
0.004619606345567462
0.004439990394356386
0.004439990394356386
0.004439990394356386
0.004439990394356386
0.004439990394356386
0.004439990394356386
0.004439990394356386
0.004439990394356386
0.004439990394356386
0.004439990394356386
0.004439990394356386
0.004346322111590695
0.004051068386569767
0.004051068386569767
0.004051068386569767
0.003962693157099295
0.003781182527486493
0.003453869682580546
0.003453869682580546
0.003453869682580546
0.003453869682580546
0.003453869682580546
0.003453869682580546
0.003453869682580546
0.003453869682580546
0.003453869682580546
0.003436257071740556
0.003436257071740556
0.003436257071740556
0.0034235986435184884
0.003238219551626287
0.003238219551626287
0.003238219551626287
0.003238219551626287
0.003238219551626287
0.003238219551626287
0.0031290221586992573
0.0031290221586992573
0.0031290221586992573
0.0031290221586992573
0.0031290221586992573
0.0029032471995122933
0.0029032471995122933
0.0029032471995122933
0.0029032471995122933
0.002555416628062801
0.002555416628062801
0.002555416628062801
0.002555416628062801
0.002555416628062801
0.002555416628062801
0.002555416628062801
0.002457302934409711
0.002457302934409711
0.002457302934409711
0.002457302934409711
0.002253215791764518
0.002253215791764518
0.002253215791764518
0.002152245553222798
0.0018937681164317155
0.0018937681164317155
0.0018937681164317155
0.0018937681164317155
0.0018937681164317155
0.0018937681164317155
0.0018937681164317155
0.0017450583806066788
0.0017450583806066788
0.0017450583806066788
0.0016369917545304702
0.0016369917545304702
0.0016369917545304702
0.0015738799223967703
0.0015620897947741241
0.0015586592821961176
0.0015426737651438316
0.0015426737651438316
0.001533131651736852
0.001446015334124695
0.001446015334124695
0.001446015334124695
0.001446015334124695
0.001446015334124695
0.001446015334124695
0.001446015334124695
0.001446015334124695
0.001446015334124695
0.001446015334124695
0.001446015334124695
0.0014319266809756925
0.0014056301369969049
0.0014056301369969049
0.0013851510080904461
0.0013851510080904461
0.0013212657248296011
0.0013212657248296011
0.0013212657248296011
0.0013212657248296011
0.0013170910034467909
0.0013170910034467909
0.0012698578809100525
0.0012028065678286737
0.0009040110030476001
0.0009040110030476001
0.0009040110030476001
0.0009040110030476001
0.0009040110030476001
0.0009040110030476001
0.0009040110030476001
0.0009040110030476001
0.0009040110030476001
0.0009040110030476001
0.0009040110030476001
0.0009040110030476001
0.0009040110030476001
0.0009040110030476001
0.0009040110030476001
0.0009040110030476001
0.0009040110030476001
0.0009040110030476001
0.0009040110030476001
0.0009040110030476001
0.000878405165710916
0.0008376595684573829
0.0008376595684573829
0.0008009699424853522
0.0007302505900064205
0.0007302505900064205
0.0007302505900064205
0.0007302505900064205
0.0007302505900064205
0.0007014170698091959
0.0007014170698091959
0.0007014170698091959
0.0007014170698091959
0.0006142884162905204
0.0006142884162905204
0.0006142884162905204
0.0006142884162905204
0.0006142884162905204
0.0005902968660329577
0.0005902968660329577
0.0005902968660329577
0.0005902968660329577
0.0005902968660329577
0.0005902968660329577
0.0005902968660329577
0.0005902968660329577
0.0005902968660329577
0.0005902968660329577
0.0005868214323463405
0.0005868214323463405
0.0005826289048691535
0.0005826289048691535
0.0005826289048691535
0.0005755115390968513
0.00038961683275218206
0.00038961683275218206
0.00038961683275218206
0.00038961683275218206
0.00038961683275218206
0.00038961683275218206
0.00038961683275218206
0.00038961683275218206
0.00038961683275218206
0.00038961683275218206
0.00038961683275218206
0.00038961683275218206
0.00038961683275218206
0.00038961683275218206
0.00038961683275218206
0.00038961683275218206
0.00038961683275218206
0.00038961683275218206
0.00038961683275218206
0.00038961683275218206
0.00038961683275218206
0.00038961683275218206
0.00038961683275218206
0.00038961683275218206
0.00038961683275218206
0.00038961683275218206
0.00038961683275218206
0.00038961683275218206
0.00038961683275218206
0.00038961683275218206
0.0003836080845083245
0.0003815078664750615
0.00038026465449547686
0.00036949819644149784
0.00036949819644149784
0.0003622753834555681
0.0003622753834555681
0.0003566134271153487
0.0003566134271153487
0.000330253959980098
0.000319258370559794
0.000319258370559794
0.000319258370559794
0.000319258370559794
0.000319258370559794
0.0003103749066681871
0.0003103749066681871
0.0003103749066681871
0.0002789278759749436
0.0002789278759749436
0.0002789278759749436
0.0002789278759749436
0.00026879388345690813
0.00026879388345690813
0.00026879388345690813
0.00026879388345690813
0.00026879388345690813
0.00026446806754876206
0.00026446806754876206
0.00025581924371564924
0.00025581924371564924
0.00025581924371564924
0.0002487155150774356
0.0002487155150774356
0.0002485261170868114
0.0002485261170868114
0.00024443950699648553
0.00024443950699648553
0.00024443950699648553
0.00024443950699648553
0.00024201168710646925
0.00024201168710646925
0.00024030649452555508
0.00023713332286234845
0.0002291003096175359
0.0002291003096175359
0.0002291003096175359
0.00022472477845525418
0.00022472477845525418
0.00021810363883645323
0.00021810363883645323
0.00021810363883645323
0.00021810363883645323
0.00021810363883645323
0.00020759268491588045
0.00017449387794243876
0.00017449387794243876
0.00017449387794243876
0.00017449387794243876
0.00017449387794243876
