5.99439861775752
5.99439861775752
5.99439861775752
5.441112179329128
5.441112179329128
5.441112179329128
5.3501030213653085
5.232210237612321
5.232210237612321
5.231675033518103
5.074658998671369
5.074658998671369
4.879096817547364
4.879096817547364
3.7135406261541064
3.7135406261541064
3.7135406261541064
3.7135406261541064
3.7135406261541064
3.7135406261541064
3.7135406261541064
3.6095891941167437
3.6095891941167437
3.6095891941167437
3.6095891941167437
3.4661132900264597
3.4661132900264597
3.4661132900264597
3.4041613122617314
3.4041613122617314
3.4041613122617314
3.4041613122617314
3.4041613122617314
3.3359958177637132
3.3359958177637132
3.3359958177637132
3.2330977329485613
3.2330977329485613
3.2330977329485613
3.2330977329485613
3.2330977329485613
3.2330977329485613
3.2330977329485613
3.2330977329485613
3.2330977329485613
3.2330977329485613
3.1094257509821404
3.0361443840173017
3.0361443840173017
3.0361443840173017
2.9975723769158193
2.9975723769158193
2.9665696684914202
2.9665696684914202
2.9665696684914202
2.9665696684914202
2.9665696684914202
2.9665696684914202
2.9665696684914202
2.9665696684914202
2.326951178122542
2.326951178122542
2.326951178122542
2.326951178122542
2.326951178122542
2.326951178122542
2.326951178122542
2.326951178122542
2.326951178122542
2.326951178122542
2.326951178122542
2.326951178122542
2.326951178122542
2.326951178122542
2.326951178122542
2.326951178122542
2.3123597971131176
2.3123597971131176
2.3123597971131176
2.3123597971131176
2.16065172137289
2.16065172137289
2.16065172137289
2.16065172137289
2.16065172137289
2.16065172137289
2.16065172137289
2.16065172137289
2.0699156062407376
2.0699156062407376
2.0699156062407376
2.0699156062407376
2.048607455350915
1.6938611340766272
1.6938611340766272
1.6938611340766272
1.4605760639026641
1.4605760639026641
1.4605760639026641
1.4605760639026641
1.4605760639026641
1.4605760639026641
1.4605760639026641
1.4605760639026641
1.4605760639026641
1.4605760639026641
1.2454802777783556
1.2454802777783556
1.2454802777783556
1.2454802777783556
1.2454802777783556
1.2454802777783556
1.2454802777783556
1.2454802777783556
1.2190321238941308
1.2190321238941308
1.2190321238941308
1.2190321238941308
1.2190321238941308
1.2190321238941308
1.2190321238941308
1.2190321238941308
1.2099030621903317
1.2099030621903317
1.2099030621903317
1.2099030621903317
1.2099030621903317
1.2099030621903317
1.1926419795646233
1.067313947381237
1.067313947381237
1.067313947381237
1.067313947381237
1.0507569346331813
1.0507569346331813
0.9994446226360374
0.9994446226360374
0.9994446226360374
0.9994446226360374
0.9994446226360374
0.9994446226360374
0.9256112101314464
0.9256112101314464
0.8592840765910381
0.8592840765910381
0.8592840765910381
0.8592840765910381
0.8592840765910381
0.8592840765910381
0.8592840765910381
0.8569577625435727
0.7760597923371293
0.7760597923371293
0.7760597923371293
0.7760597923371293
0.7578157427944738
0.7578157427944738
0.7578157427944738
0.7578157427944738
0.7578157427944738
0.7578157427944738
0.7578157427944738
0.7578157427944738
0.7578157427944738
0.7578157427944738
0.7578157427944738
0.7578157427944738
0.7578157427944738
0.7578157427944738
0.7578157427944738
0.7578157427944738
0.7549925393584296
0.6603814024282073
0.6603814024282073
0.6603814024282073
0.6603814024282073
0.6603814024282073
0.6557796418398212
0.6493909559685171
0.6170698142049282
0.6170698142049282
0.5570030020817356
0.5570030020817356
0.5570030020817356
0.5570030020817356
0.5240567394348581
0.5240567394348581
0.5240567394348581
0.5240567394348581
0.5240567394348581
0.5240567394348581
0.5240567394348581
0.5240567394348581
0.5240567394348581
0.5240567394348581
0.5240567394348581
0.5240567394348581
0.5240567394348581
0.5240567394348581
0.5240567394348581
0.5240567394348581
0.5240567394348581
0.5240567394348581
0.5240567394348581
0.5240567394348581
0.5240567394348581
0.5240567394348581
0.5240567394348581
0.5240567394348581
0.5092964395369179
0.5092964395369179
0.5092964395369179
0.4985394373361096
0.4985394373361096
0.4985394373361096
0.38930483662621995
0.38930483662621995
0.38930483662621995
0.38930483662621995
0.38930483662621995
0.38930483662621995
0.38930483662621995
0.38930483662621995
0.38930483662621995
0.38930483662621995
0.38930483662621995
0.38930483662621995
0.38930483662621995
0.38930483662621995
0.38930483662621995
0.38930483662621995
0.38930483662621995
0.38930483662621995
0.38930483662621995
0.38930483662621995
0.38930483662621995
0.38930483662621995
0.38930483662621995
0.38930483662621995
0.38930483662621995
0.38930483662621995
0.38930483662621995
0.38930483662621995
0.38930483662621995
0.38930483662621995
0.36526911154312813
0.36526911154312813
0.36526911154312813
0.36526911154312813
0.36526911154312813
0.36526911154312813
0.36526911154312813
0.36526911154312813
0.36526911154312813
0.3617732044306017
0.3617732044306017
0.3617732044306017
0.3617732044306017
0.35002808136618313
0.32959144205926094
0.32959144205926094
0.32959144205926094
0.32959144205926094
0.3148078094067337
0.3148078094067337
0.3148078094067337
0.3148078094067337
0.3148078094067337
0.3081024317469776
0.3081024317469776
0.3081024317469776
0.301973002596462
0.301973002596462
0.2793609548596869
0.2793609548596869
0.2642354008743517
0.2429781943549223
0.2429781943549223
0.2429781943549223
0.2429781943549223
0.2429781943549223
0.2429781943549223
0.2429781943549223
0.22639649549290297
0.22639649549290297
0.22639649549290297
0.22639649549290297
0.22639649549290297
0.2157632596701795
0.2157632596701795
0.2153971660577021
0.2153971660577021
0.2153971660577021
0.18127471268075368
0.18127471268075368
0.18127471268075368
0.18127471268075368
0.18127471268075368
0.18127471268075368
0.18127471268075368
0.18127471268075368
0.18127471268075368
0.17891149970291664
0.17891149970291664
0.16736076430515467
0.16736076430515467
0.16633164692559887
0.16633164692559887
0.16633164692559887
0.16083218088906293
0.16083218088906293
0.16083218088906293
0.15213605235336658
0.15213605235336658
0.15213605235336658
0.15213605235336658
0.15213605235336658
0.15213605235336658
0.14555516188201878
0.14447075969361478
0.14447075969361478
0.14447075969361478
0.14447075969361478
0.14447075969361478
0.14447075969361478
0.1363499983172396
0.1363499983172396
0.1363499983172396
0.1363499983172396
0.1363499983172396
0.1363499983172396
0.1363499983172396
0.1344033496599195
0.12011401296772561
0.12011401296772561
0.12011401296772561
0.12011401296772561
0.12011401296772561
0.12011401296772561
0.1155126044913466
0.1155126044913466
0.1155126044913466
0.1155126044913466
0.1155126044913466
0.10513767247015338
0.10513767247015338
0.10513767247015338
0.10513767247015338
0.10513767247015338
0.10513767247015338
0.10513767247015338
0.10513767247015338
0.10513767247015338
0.10513767247015338
0.10513767247015338
0.10513767247015338
0.10513767247015338
0.10513767247015338
0.10255113454775255
0.10255113454775255
0.10255113454775255
0.10255113454775255
0.10255113454775255
0.10255113454775255
0.10255113454775255
0.09375649850199252
0.09375649850199252
0.09375649850199252
0.09375649850199252
0.09375649850199252
0.09375649850199252
0.09375649850199252
0.09351516162957552
0.08952662845125658
0.08952662845125658
0.08952662845125658
0.08952662845125658
0.08933852922822894
0.08818194724081962
0.08818194724081962
0.08500177194032688
0.08500177194032688
0.08500177194032688
0.08287377396250761
0.08287377396250761
0.07934687986836408
0.07934687986836408
0.07934687986836408
0.07934687986836408
0.07693318672448868
0.07693318672448868
0.07693318672448868
0.07693318672448868
0.07693318672448868
0.07330769045519858
0.07330769045519858
0.07129760659282525
0.07129760659282525
0.07129760659282525
0.07129760659282525
0.06885669630120717
0.06545491610706478
0.06545491610706478
0.06037794998967527
0.06037794998967527
0.06037794998967527
0.06037794998967527
0.0537248191627242
0.0537248191627242
0.0537248191627242
0.0537248191627242
0.0537248191627242
0.0537248191627242
0.0537248191627242
0.0537248191627242
0.0537248191627242
0.0537248191627242
0.0537248191627242
0.05175645253786243
0.04979194484448968
0.04845499731966996
0.04845499731966996
0.04845499731966996
0.04845499731966996
0.04845499731966996
0.04845499731966996
0.04845499731966996
0.04845499731966996
0.04845499731966996
0.04845499731966996
0.04845499731966996
0.04845499731966996
0.04845499731966996
0.04845499731966996
0.03499103816927729
0.03499103816927729
0.03499103816927729
0.03499103816927729
0.03499103816927729
0.03499103816927729
0.03499103816927729
0.03499103816927729
0.03499103816927729
0.0320162371107493
0.0320162371107493
0.0320162371107493
0.0320162371107493
0.0320162371107493
0.0320162371107493
0.0320162371107493
0.0320162371107493
0.0320162371107493
0.0320162371107493
0.0320162371107493
0.029903129648605642
0.028983655925557628
0.028983655925557628
0.028983655925557628
0.028983655925557628
0.028983655925557628
0.028983655925557628
0.0284036622541457
0.026798094888572876
0.026798094888572876
0.026798094888572876
0.02524661719709087
0.02524661719709087
0.024981801142828886
0.024981801142828886
0.024981801142828886
0.024981801142828886
0.024981801142828886
0.024981801142828886
0.024981801142828886
0.024981801142828886
0.024981801142828886
0.023933385887044523
0.023933385887044523
0.023283328759443833
0.023283328759443833
0.023283328759443833
0.023283328759443833
0.023283328759443833
0.023283328759443833
0.023283328759443833
0.023283328759443833
0.023283328759443833
0.023283328759443833
0.023283328759443833
0.023283328759443833
0.023283328759443833
0.023283328759443833
0.023011749279646665
0.023011749279646665
0.023011749279646665
0.020679441393504305
0.020679441393504305
0.020679441393504305
0.019850659748268384
0.019850659748268384
0.019850659748268384
0.019850659748268384
0.019850659748268384
0.019850659748268384
0.019850659748268384
0.019850659748268384
0.019591277045421407
0.019591277045421407
0.019591277045421407
0.019591277045421407
0.019591277045421407
0.019591277045421407
0.019591277045421407
0.01830089996783002
0.01830089996783002
0.01830089996783002
0.01830089996783002
0.01830089996783002
0.01830089996783002
0.01830089996783002
0.01830089996783002
0.01830089996783002
0.01830089996783002
0.01830089996783002
0.01830089996783002
0.018215054727981794
0.013460354906342786
0.013460354906342786
0.013460354906342786
0.013460354906342786
0.013460354906342786
0.013460354906342786
0.013460354906342786
0.013460354906342786
0.013460354906342786
0.013460354906342786
0.013460354906342786
0.013460354906342786
0.013460354906342786
0.013460354906342786
0.013353399477686878
0.013353399477686878
0.013353399477686878
0.013353399477686878
0.013353399477686878
0.013348315511276354
0.013348315511276354
0.012892495173346674
0.012892495173346674
0.012892495173346674
0.012892495173346674
0.012892495173346674
0.012892495173346674
0.012892495173346674
0.012892495173346674
0.012892495173346674
0.010974570042080245
0.010974570042080245
0.010974570042080245
0.010974570042080245
0.010974570042080245
0.010974570042080245
0.010974570042080245
0.010974570042080245
0.010974570042080245
0.010974570042080245
0.010974570042080245
0.010520032868225115
0.010520032868225115
0.010520032868225115
0.010520032868225115
0.010270832311942257
0.010194607644361753
0.010194607644361753
0.009454484016696796
0.009279115615598243
0.009176352057043147
0.008151580515871615
0.008151580515871615
0.008151580515871615
0.008151580515871615
0.008151580515871615
0.008151580515871615
0.007116397607980218
0.007116397607980218
0.007116397607980218
0.007116397607980218
0.007116397607980218
0.00645938655092948
0.00645938655092948
0.00645938655092948
0.00645938655092948
0.00645938655092948
0.006258707052900547
0.005979408335164749
0.005979408335164749
0.005979408335164749
0.005979408335164749
0.005979408335164749
0.005979408335164749
0.005979408335164749
0.005979408335164749
0.005979408335164749
0.005915063593374015
0.005915063593374015
0.004987186438036417
0.004987186438036417
0.004987186438036417
0.004987186438036417
0.004924637471365401
0.004924637471365401
0.004924637471365401
0.004924637471365401
0.004924637471365401
0.004924637471365401
0.004924637471365401
0.004880136744137786
0.004880136744137786
0.004505679319141365
0.004505679319141365
0.004505679319141365
0.004441845147628243
0.004441845147628243
0.004441845147628243
0.0041524653560109925
0.0041524653560109925
0.0041524653560109925
0.0041524653560109925
0.003518237727231366
0.003518237727231366
0.003518237727231366
0.003518237727231366
0.003518237727231366
0.003518237727231366
0.003518237727231366
0.003518237727231366
0.003518237727231366
0.003518237727231366
0.003518237727231366
0.003518237727231366
0.003382253614581998
0.003382253614581998
0.003382253614581998
0.003382253614581998
0.003382253614581998
0.003382253614581998
0.0033063693759665114
0.0033063693759665114
0.0033063693759665114
0.0033063693759665114
0.003169775567155142
0.003050218073465061
0.003050218073465061
0.003050218073465061
0.003050218073465061
0.0024838589028490787
0.0024838589028490787
0.0024838589028490787
0.0024838589028490787
0.0024838589028490787
0.0024838589028490787
0.0024838589028490787
0.0024838589028490787
0.0024838589028490787
0.0024838589028490787
0.0024838589028490787
0.0024838589028490787
0.0024838589028490787
0.0024838589028490787
0.0024838589028490787
0.0024838589028490787
0.0024838589028490787
0.0024838589028490787
0.0024838589028490787
0.0024838589028490787
0.0024838589028490787
0.0024838589028490787
0.0024838589028490787
0.002397254190512399
0.0023253625401906675
0.0023253625401906675
0.0023253625401906675
0.002171820545907366
0.001817204361294955
0.001817204361294955
0.001817204361294955
0.001817204361294955
0.001817204361294955
0.001817204361294955
0.001817204361294955
0.001817204361294955
0.001817204361294955
0.001817204361294955
0.001817204361294955
0.001817204361294955
0.001817204361294955
0.001817204361294955
0.001817204361294955
0.0017965330923637168
0.0017965330923637168
0.0017965330923637168
0.0017965330923637168
0.0017965330923637168
0.0017965330923637168
0.0017965330923637168
0.0017965330923637168
0.0017965330923637168
0.0017965330923637168
0.0017965330923637168
0.0017965330923637168
0.001779493047262548
0.001779493047262548
0.001779493047262548
0.001779493047262548
0.001779493047262548
0.0015378450548162448
0.0015378450548162448
0.0015378450548162448
0.0015378450548162448
0.0015378450548162448
0.001507895126163561
0.001507895126163561
0.0014706429336115434
0.0014706429336115434
0.0014706429336115434
0.0014706429336115434
0.0014706429336115434
0.0014706429336115434
0.0014706429336115434
0.0014706429336115434
0.0014706429336115434
0.0014689673185763752
0.0014689673185763752
0.0014689673185763752
0.00126457229115573
0.00126457229115573
0.00126457229115573
0.00126457229115573
0.001178082664189617
0.0011676362109582783
0.0011676362109582783
0.0011676362109582783
0.0011676362109582783
0.0011676362109582783
0.001163657525154349
0.001163657525154349
0.001163657525154349
0.001040767420185773
0.001040767420185773
0.001040767420185773
0.001040767420185773
0.001040767420185773
0.001040767420185773
0.0009685798897081099
0.0009685798897081099
0.0008771016527759912
0.0008771016527759912
0.0008760703330743524
0.0008760703330743524
0.0008760703330743524
0.0008760703330743524
0.0008760703330743524
0.0008760703330743524
0.0007983040201082758
0.0007983040201082758
0.0007983040201082758
0.0007983040201082758
0.0007637601163992258
0.0007637601163992258
0.0007050352810580307
0.0007050352810580307
0.0006536895902193862
0.0006536895902193862
0.0006536895902193862
0.0006536895902193862
0.0006536895902193862
0.0006536895902193862
0.0006536895902193862
0.0006536895902193862
0.0006536895902193862
0.0006536895902193862
0.0006536895902193862
0.0006536895902193862
0.0006536895902193862
0.0006536895902193862
0.0006536895902193862
0.0006536895902193862
0.0006016362590024471
0.0006016362590024471
0.0005467080187386841
0.0005467080187386841
0.0005467080187386841
0.0005467080187386841
0.0005467080187386841
0.0005467080187386841
0.0005467080187386841
0.0005467080187386841
0.0005467080187386841
0.0005440587989831158
0.0005440587989831158
0.00048734742452083424
0.00048734742452083424
0.00048734742452083424
0.00048734742452083424
0.0004032229066126547
0.0004032229066126547
0.0004032229066126547
0.0004032229066126547
0.00038423918491403697
0.00038423918491403697
0.00038423918491403697
0.00038423918491403697
0.00038423918491403697
0.00038423918491403697
0.00038423918491403697
0.00038423918491403697
0.00038423918491403697
0.00038423918491403697
0.00038423918491403697
0.00038423918491403697
0.00038423918491403697
0.00038423918491403697
0.00038423918491403697
0.00038423918491403697
0.00037015549260388525
0.00035696640501470256
0.00035696640501470256
0.00035696640501470256
0.00035696640501470256
0.00035696640501470256
0.00035696640501470256
0.00035696640501470256
0.00035696640501470256
0.00035696640501470256
0.00035696640501470256
0.00035696640501470256
0.00035696640501470256
0.00035696640501470256
0.00035696640501470256
0.00035696640501470256
0.00035696640501470256
0.00035696640501470256
0.00035696640501470256
0.00035696640501470256
0.00035696640501470256
0.00035696640501470256
0.0003368232559139983
0.0003368232559139983
0.0003199417566754903
0.0003199417566754903
0.0003199417566754903
0.0003199417566754903
0.0003199417566754903
0.0003199417566754903
0.0003199417566754903
0.0003196018177433757
0.0003196018177433757
0.0003196018177433757
0.0003196018177433757
0.00026286524808227796
0.00026286524808227796
0.00026286524808227796
0.00026286524808227796
0.00026286524808227796
0.00026286524808227796
0.00026286524808227796
0.00026286524808227796
0.00026286524808227796
0.00026286524808227796
0.00026286524808227796
0.00026286524808227796
0.000260052588270554
0.0002441037868798901
0.0002441037868798901
0.00023643652875904309
0.00019652472794362552
0.00019652472794362552
0.00019652472794362552
0.00019652472794362552
0.00019652472794362552
0.00019652472794362552
0.00019652472794362552
0.00019652472794362552
0.00019652472794362552
0.00019652472794362552
0.00019652472794362552
0.00018820209649561548
0.00018380213974467097
0.00018380213974467097
0.00018380213974467097
0.00018380213974467097
0.00017328045679221304
0.00017328045679221304
0.00014884448204455225
0.00014884448204455225
0.00014884448204455225
0.00014884448204455225
0.00014884448204455225
0.00014884448204455225
0.00014884448204455225
0.00014884448204455225
0.00014884448204455225
0.00014884448204455225
0.00014884448204455225
0.0001434932339741124
0.0001434932339741124
0.00014284721991231208
0.00014284721991231208
0.00014284721991231208
0.00014284721991231208
0.00014284721991231208
0.00014284721991231208
0.00014284721991231208
0.00014284721991231208
0.00013200940596647115
0.00013200940596647115
0.00013200940596647115
0.00013200940596647115
0.00013200940596647115
0.00013200940596647115
0.00013200940596647115
0.00011346914207166492
0.00011346914207166492
0.00011346914207166492
0.00011346914207166492
0.00011346914207166492
0.00011346914207166492
0.00011346914207166492
0.00011346914207166492
0.00011092934012069122
9.687981312467286e-05
9.687981312467286e-05
9.687981312467286e-05
9.687981312467286e-05
9.687981312467286e-05
9.687981312467286e-05
9.687981312467286e-05
9.687981312467286e-05
9.687981312467286e-05
9.411088527855327e-05
9.411088527855327e-05
9.411088527855327e-05
9.411088527855327e-05
8.95500664910287e-05
8.95500664910287e-05
8.95500664910287e-05
8.95500664910287e-05
8.225344440049298e-05
8.225344440049298e-05
8.225344440049298e-05
8.225344440049298e-05
8.225344440049298e-05
8.225344440049298e-05
7.182781903480873e-05
7.182781903480873e-05
7.182781903480873e-05
7.182781903480873e-05
7.182781903480873e-05
7.182781903480873e-05
7.182781903480873e-05
5.07050775375717e-05
5.07050775375717e-05
5.07050775375717e-05
5.07050775375717e-05
5.07050775375717e-05
5.07050775375717e-05
5.07050775375717e-05
5.07050775375717e-05
5.07050775375717e-05
5.07050775375717e-05
5.07050775375717e-05
5.07050775375717e-05
5.07050775375717e-05
5.07050775375717e-05
5.07050775375717e-05
5.07050775375717e-05
4.529091783211925e-05
4.529091783211925e-05
4.529091783211925e-05
4.529091783211925e-05
4.529091783211925e-05
4.529091783211925e-05
4.529091783211925e-05
4.529091783211925e-05
4.4938039685860076e-05
4.4938039685860076e-05
4.4938039685860076e-05
4.4938039685860076e-05
4.4938039685860076e-05
4.4938039685860076e-05
4.4938039685860076e-05
4.4938039685860076e-05
4.4938039685860076e-05
3.808257094917167e-05
3.808257094917167e-05
3.244771989585615e-05
3.244771989585615e-05
3.244771989585615e-05
3.244771989585615e-05
3.244771989585615e-05
