13.616836704068817
13.616836704068817
12.294361257494437
12.294361257494437
12.294361257494437
12.294361257494437
12.294361257494437
12.294361257494437
11.573078035756094
11.388787920953305
11.388787920953305
11.388787920953305
11.388787920953305
11.388787920953305
11.388787920953305
11.388787920953305
11.388787920953305
11.276539973561267
11.276539973561267
10.843733297044743
10.843733297044743
10.843733297044743
10.843733297044743
10.843733297044743
10.843733297044743
10.843733297044743
10.843733297044743
10.807262977474462
10.77934035925539
10.579330047128739
10.579330047128739
10.579330047128739
10.567099461530539
10.567099461530539
10.567099461530539
10.510874455285858
10.510874455285858
10.510874455285858
10.510874455285858
10.510874455285858
10.268268139183114
10.268268139183114
10.268268139183114
10.268268139183114
9.911821887395263
9.911821887395263
9.837425442211707
9.837425442211707
9.837425442211707
9.837425442211707
9.837425442211707
9.837425442211707
9.6818627685272
9.465240438311476
9.465240438311476
9.465240438311476
9.465240438311476
9.465240438311476
9.465240438311476
9.271095756315773
8.813544237538395
8.813544237538395
8.813544237538395
8.813544237538395
8.73769054229551
8.73769054229551
8.73769054229551
8.544038911078353
8.544038911078353
8.544038911078353
8.315395323184216
8.315395323184216
7.529651298007472
7.529651298007472
7.529651298007472
7.529651298007472
7.529651298007472
7.529651298007472
7.529651298007472
7.529651298007472
7.529651298007472
7.529651298007472
7.529651298007472
7.529651298007472
7.529651298007472
7.529651298007472
7.529651298007472
7.529651298007472
7.529651298007472
7.529651298007472
7.529651298007472
7.529651298007472
7.529651298007472
7.529651298007472
7.529651298007472
7.529651298007472
7.529651298007472
7.522796578657875
7.522796578657875
7.522796578657875
7.522796578657875
7.522796578657875
7.522796578657875
7.522796578657875
7.516177190070152
6.914273916004348
6.914273916004348
6.914273916004348
6.914273916004348
6.914273916004348
6.914273916004348
6.914273916004348
6.810323999954996
6.810323999954996
6.79306104833708
6.725980856660115
6.725980856660115
6.725980856660115
6.725980856660115
6.725980856660115
6.725980856660115
6.725980856660115
6.725980856660115
6.725980856660115
6.725980856660115
6.725104315449585
6.580337787258465
6.580337787258465
6.580337787258465
6.580337787258465
6.580337787258465
6.580337787258465
6.580337787258465
5.032444747328924
5.032444747328924
5.032444747328924
5.032444747328924
5.032444747328924
5.032444747328924
5.032444747328924
5.032444747328924
5.032444747328924
5.032444747328924
5.032444747328924
5.032444747328924
5.032444747328924
5.032444747328924
5.032444747328924
5.032444747328924
5.032444747328924
5.032444747328924
5.032444747328924
5.032444747328924
5.032444747328924
5.032444747328924
5.032444747328924
5.032444747328924
5.032444747328924
5.032444747328924
5.032444747328924
5.032444747328924
5.032444747328924
5.032444747328924
5.032444747328924
5.032444747328924
5.032444747328924
5.032444747328924
5.032444747328924
5.032444747328924
5.032444747328924
5.032444747328924
5.032444747328924
5.032444747328924
5.032444747328924
5.032444747328924
5.032444747328924
5.032444747328924
5.032444747328924
5.032444747328924
5.032444747328924
4.978344761827799
4.978344761827799
4.978344761827799
4.978344761827799
4.978344761827799
4.978344761827799
4.978344761827799
4.978344761827799
4.978344761827799
4.978344761827799
4.707697236491519
4.707697236491519
4.707697236491519
4.707697236491519
3.625569233988415
3.625569233988415
3.625569233988415
3.625569233988415
3.625569233988415
3.625569233988415
3.625569233988415
3.625569233988415
3.625569233988415
3.625569233988415
3.625569233988415
3.625569233988415
3.625569233988415
3.625569233988415
3.625569233988415
3.625569233988415
3.625569233988415
3.625569233988415
3.625569233988415
3.625569233988415
3.625569233988415
3.625569233988415
3.625569233988415
3.625569233988415
3.417768882899992
3.417768882899992
3.417768882899992
3.417768882899992
3.417768882899992
3.417768882899992
3.417768882899992
3.417768882899992
3.417768882899992
3.4038825951210043
3.4038825951210043
3.4038825951210043
3.4038825951210043
3.4038825951210043
3.4038825951210043
3.4038825951210043
3.4038825951210043
3.4038825951210043
3.4038825951210043
3.4038825951210043
3.1996505391905075
3.1996505391905075
3.1996505391905075
3.1996505391905075
3.1996505391905075
3.1996505391905075
3.1996505391905075
3.1996505391905075
3.1996505391905075
3.1996505391905075
3.1996505391905075
3.1996505391905075
3.1996505391905075
3.1996505391905075
3.1996505391905075
3.1996505391905075
3.1996505391905075
3.1996505391905075
3.1996505391905075
3.1996505391905075
3.1996505391905075
3.1996505391905075
3.1996505391905075
3.1996505391905075
3.1996505391905075
3.1996505391905075
3.1230278986557494
3.1230278986557494
3.1230278986557494
3.1230278986557494
3.1230278986557494
3.1230278986557494
3.1230278986557494
3.1230278986557494
3.1230278986557494
3.1230278986557494
3.1230278986557494
3.1230278986557494
3.1230278986557494
3.0473827451731665
3.0473827451731665
3.0473827451731665
3.0473827451731665
3.0473827451731665
2.9354178509998334
2.9354178509998334
2.9354178509998334
2.9354178509998334
2.9354178509998334
2.9354178509998334
2.9354178509998334
2.9155390103815293
2.9155390103815293
2.740941083303234
2.740941083303234
2.740941083303234
2.740941083303234
2.740941083303234
2.701744089547013
2.701744089547013
2.701744089547013
2.689474781252571
2.689474781252571
2.68476015092574
2.540824004423648
2.540824004423648
2.540824004423648
2.540824004423648
2.540824004423648
2.540824004423648
2.540824004423648
2.540824004423648
2.4414967840234922
2.4414967840234922
2.4414967840234922
2.4414967840234922
2.4414967840234922
2.4414967840234922
2.4414967840234922
2.4414967840234922
2.4414967840234922
2.4414967840234922
2.4414967840234922
2.4412274430069303
2.3336401155914075
2.3336401155914075
2.3336401155914075
2.3336401155914075
2.315343369555741
2.315343369555741
2.315343369555741
2.315343369555741
2.315343369555741
2.315343369555741
2.315343369555741
2.315343369555741
2.315343369555741
2.315343369555741
2.315343369555741
2.315343369555741
2.315343369555741
2.315343369555741
2.315343369555741
2.315343369555741
2.315343369555741
2.315343369555741
2.296952229774071
2.296952229774071
2.296952229774071
2.2060581077180927
2.2060581077180927
2.2060581077180927
2.2060581077180927
2.2060581077180927
2.2060581077180927
2.2060581077180927
2.2060581077180927
2.2060581077180927
2.2060581077180927
2.2060581077180927
2.2060581077180927
2.2060581077180927
2.2060581077180927
2.2060581077180927
2.2060581077180927
2.2060581077180927
2.1042243695190663
2.1042243695190663
2.1042243695190663
2.1042243695190663
2.1042243695190663
2.0467962437558143
2.0467962437558143
2.0467962437558143
2.0467962437558143
2.0467962437558143
2.0467962437558143
2.0467962437558143
2.0467962437558143
2.0467962437558143
2.0088162656751933
2.0088162656751933
2.0088162656751933
2.0088162656751933
2.0088162656751933
2.0088162656751933
2.0088162656751933
2.0088162656751933
2.0088162656751933
1.907034152320037
1.907034152320037
1.8997459695271246
1.6954067583120533
1.6954067583120533
1.6954067583120533
1.6954067583120533
1.6954067583120533
1.6954067583120533
1.6954067583120533
1.6954067583120533
1.5991191124060578
1.5991191124060578
1.5991191124060578
1.5991191124060578
1.5991191124060578
1.5991191124060578
1.5991191124060578
1.5251429917819337
1.5251429917819337
1.5251429917819337
1.5251429917819337
1.5251429917819337
1.5251429917819337
1.5251429917819337
1.5251429917819337
1.5251429917819337
1.5251429917819337
1.5251429917819337
1.5251429917819337
1.5251429917819337
1.5251429917819337
1.5251429917819337
1.5251429917819337
1.5251429917819337
1.5251429917819337
1.5251429917819337
1.5251429917819337
1.5251429917819337
1.5251429917819337
1.5251429917819337
1.5251429917819337
1.5251429917819337
1.5251429917819337
1.5251429917819337
1.5251429917819337
1.5251429917819337
1.5251429917819337
1.5251429917819337
1.5251429917819337
1.5251429917819337
1.5251429917819337
1.5251429917819337
1.5251429917819337
1.5251429917819337
1.5251429917819337
1.5251429917819337
1.5251429917819337
1.5251429917819337
1.5251429917819337
1.5251429917819337
1.5184773795539925
1.5184773795539925
1.5184773795539925
1.46888526924824
1.46888526924824
1.46888526924824
1.46888526924824
1.46888526924824
1.46888526924824
1.46888526924824
1.46888526924824
1.46888526924824
1.46888526924824
1.46888526924824
1.46888526924824
1.46888526924824
1.46888526924824
1.46888526924824
1.46888526924824
1.46888526924824
1.46888526924824
1.46888526924824
1.46888526924824
1.46888526924824
1.46888526924824
1.46888526924824
1.366196533280437
1.2598910581305347
1.2598910581305347
1.2598910581305347
1.2598910581305347
1.2598910581305347
1.2598910581305347
1.2598910581305347
1.2261952620170078
1.2226067937847063
1.2226067937847063
1.2226067937847063
1.2225056214659418
1.2225056214659418
1.2225056214659418
1.221972014066587
1.221972014066587
1.221972014066587
1.221972014066587
1.221972014066587
1.221972014066587
1.1609496499040404
1.1609496499040404
1.1609496499040404
1.1609496499040404
1.1609496499040404
1.1609496499040404
1.1609496499040404
1.1609496499040404
1.1609496499040404
1.1609496499040404
1.1609496499040404
1.1609496499040404
1.125858588195264
1.125858588195264
1.125858588195264
1.125858588195264
1.125858588195264
1.125858588195264
1.0968537988262241
1.0968537988262241
1.0968537988262241
1.0968537988262241
1.0968537988262241
1.0968537988262241
1.0968537988262241
1.0968537988262241
1.0968537988262241
1.0968537988262241
1.0968537988262241
1.0968537988262241
1.0968537988262241
1.0968537988262241
1.0968537988262241
1.0968537988262241
1.0968537988262241
1.0968537988262241
1.0968537988262241
1.0968537988262241
1.058815230374151
1.058815230374151
1.058815230374151
1.058815230374151
1.058815230374151
1.058815230374151
1.058815230374151
1.013516946015244
1.013516946015244
1.013516946015244
1.013516946015244
1.0017278714791829
1.0017278714791829
0.9985854340250384
0.9985854340250384
0.9780308515538252
0.9780308515538252
0.923827713966979
0.923827713966979
0.923827713966979
0.923827713966979
0.923827713966979
0.9202057623420998
0.9202057623420998
0.888751831330957
0.888751831330957
0.888751831330957
0.888751831330957
0.888751831330957
0.8596784232099139
0.8558606786998268
0.8558606786998268
0.8558606786998268
0.8558606786998268
0.8558606786998268
0.8558606786998268
0.8558606786998268
0.8558606786998268
0.8558606786998268
0.8558606786998268
0.8558606786998268
0.8558606786998268
0.8558606786998268
0.8558606786998268
0.8558606786998268
0.8505678396119407
0.8505678396119407
0.8505678396119407
0.8505678396119407
0.8505678396119407
0.8505678396119407
0.8297020408250049
0.8297020408250049
0.8297020408250049
0.8297020408250049
0.8297020408250049
0.8297020408250049
0.8297020408250049
0.8207465850158755
0.8145029051240371
0.8145029051240371
0.8145029051240371
0.8145029051240371
0.8047471923101384
0.7508829323985609
0.7508829323985609
0.7508829323985609
0.7508829323985609
0.7508829323985609
0.7508829323985609
0.7508829323985609
0.7508829323985609
0.7508829323985609
0.7508829323985609
0.7508829323985609
0.7508829323985609
0.7508829323985609
0.7508829323985609
0.7508829323985609
0.7508829323985609
0.7508829323985609
0.7508829323985609
0.7508829323985609
0.7443973003519133
0.7443973003519133
0.7443973003519133
0.7443973003519133
0.7443973003519133
0.7443973003519133
0.7342980745702761
0.7342980745702761
0.7342980745702761
0.7342980745702761
0.7342980745702761
0.7342980745702761
0.7342980745702761
0.7342980745702761
0.7342980745702761
0.7342980745702761
0.7342980745702761
0.7153355473053011
0.7153355473053011
0.7153355473053011
0.7153355473053011
0.7153355473053011
0.7153355473053011
0.7107891501257626
0.7025569567330265
0.6879310782603767
0.6879310782603767
0.6879310782603767
0.6879310782603767
0.6879310782603767
0.6879310782603767
0.6879310782603767
0.6879310782603767
0.6879310782603767
0.6344180416668905
0.6344180416668905
0.6344180416668905
0.6344180416668905
0.6344180416668905
0.6344180416668905
0.6344180416668905
0.6344180416668905
0.6344180416668905
0.6344180416668905
0.6344180416668905
0.6344180416668905
0.6344180416668905
0.6344180416668905
0.6344180416668905
0.6344180416668905
0.6297078114982284
0.6297078114982284
0.5751810549153547
0.5751810549153547
0.5751810549153547
0.5751810549153547
0.5751810549153547
0.5751810549153547
0.5751810549153547
0.5733035070022439
0.5733035070022439
0.5733035070022439
0.5733035070022439
0.5733035070022439
0.5733035070022439
0.5733035070022439
0.5733035070022439
0.5733035070022439
0.5733035070022439
0.5733035070022439
0.5733035070022439
0.535113468351625
0.535113468351625
0.535113468351625
0.535113468351625
0.535113468351625
0.535113468351625
0.535113468351625
0.535113468351625
0.535113468351625
0.47549028552079164
0.47549028552079164
0.47549028552079164
0.47549028552079164
0.47549028552079164
0.47549028552079164
0.47549028552079164
0.47549028552079164
0.47549028552079164
0.47549028552079164
0.47549028552079164
0.47549028552079164
0.47549028552079164
0.47549028552079164
0.47549028552079164
0.47549028552079164
0.47549028552079164
0.47549028552079164
0.47549028552079164
0.4724029602657893
0.46002475069663973
0.46002475069663973
0.46002475069663973
0.46002475069663973
0.46002475069663973
0.46002475069663973
0.46002475069663973
0.46002475069663973
0.46002475069663973
0.46002475069663973
0.46002475069663973
0.46002475069663973
0.46002475069663973
0.46002475069663973
0.46002475069663973
0.46002475069663973
0.46002475069663973
0.46002475069663973
0.46002475069663973
0.46002475069663973
0.46002475069663973
0.4534399191327907
0.4534399191327907
0.4534399191327907
0.45190162817683444
0.4476262647726088
0.4476262647726088
0.44127094654346166
0.44127094654346166
0.44127094654346166
0.44127094654346166
0.44127094654346166
0.44127094654346166
0.44127094654346166
0.44127094654346166
0.44127094654346166
0.44127094654346166
0.44127094654346166
0.44127094654346166
0.44127094654346166
0.44127094654346166
0.44127094654346166
0.44127094654346166
0.44127094654346166
0.44127094654346166
0.44127094654346166
0.4344835847858377
0.43117277138527044
0.4217555485704523
0.4217555485704523
0.4217555485704523
0.4217555485704523
0.4217555485704523
0.4217555485704523
0.4217555485704523
0.4217555485704523
0.42023604266343995
0.42023604266343995
0.42023604266343995
0.37983842870056606
0.37983842870056606
0.37983842870056606
0.37983842870056606
0.37983842870056606
0.37983842870056606
0.37983842870056606
0.37983842870056606
0.37983842870056606
0.37983842870056606
0.37983842870056606
0.37983842870056606
0.37983842870056606
0.37983842870056606
0.37983842870056606
0.37448090432017267
0.37448090432017267
0.37448090432017267
0.37448090432017267
0.37448090432017267
0.37448090432017267
0.37448090432017267
0.37448090432017267
0.37448090432017267
0.37448090432017267
0.37448090432017267
0.37448090432017267
0.37448090432017267
0.37448090432017267
0.37448090432017267
0.35873088367352324
0.35873088367352324
0.35873088367352324
0.35873088367352324
0.35873088367352324
0.3580969996685113
0.3580969996685113
0.3580969996685113
0.3580969996685113
0.3580969996685113
0.3580969996685113
0.3580969996685113
0.3580969996685113
0.3580969996685113
0.34717569677869164
0.34717569677869164
0.34717569677869164
0.34717569677869164
0.32933173326983933
0.32933173326983933
0.3245808241828314
0.31880739918287304
0.31880739918287304
0.31880739918287304
0.31880739918287304
0.31880739918287304
0.307780687482861
0.307780687482861
0.307780687482861
0.307780687482861
0.307780687482861
0.307780687482861
0.307780687482861
0.307780687482861
0.28753240232826016
0.28753240232826016
0.2706264147959203
0.2706264147959203
0.2706264147959203
0.2706264147959203
0.2706264147959203
0.2706264147959203
0.2706264147959203
0.2706264147959203
0.2706264147959203
0.2706264147959203
0.2706264147959203
0.2706264147959203
0.2706264147959203
0.2706264147959203
0.2706264147959203
0.2706264147959203
0.2706264147959203
0.2706264147959203
0.2706264147959203
0.2706264147959203
0.2706264147959203
0.2706264147959203
0.2706264147959203
0.2706264147959203
0.2706264147959203
0.2706264147959203
0.2706264147959203
0.2706264147959203
0.2706264147959203
0.2706264147959203
0.26961754712723973
0.26961754712723973
0.26961754712723973
0.26961754712723973
0.26961754712723973
0.26961754712723973
0.26961754712723973
0.26961754712723973
0.26961754712723973
0.2685942946580653
0.2685942946580653
0.2685942946580653
0.2685942946580653
0.26490154650111464
0.26490154650111464
0.26490154650111464
0.26165673144792834
0.26165673144792834
0.26165673144792834
0.26165673144792834
0.26165673144792834
0.26165673144792834
0.26165673144792834
0.26165673144792834
0.26165673144792834
0.26165673144792834
0.26165673144792834
0.26165673144792834
0.26165673144792834
0.26165673144792834
0.26165673144792834
0.26165673144792834
0.26165673144792834
0.26165673144792834
0.26165673144792834
0.26165673144792834
0.26165673144792834
0.26165673144792834
0.26165673144792834
0.26165673144792834
0.26075810789434684
0.2595718662847588
0.2595718662847588
0.2595718662847588
0.2595718662847588
0.2595718662847588
0.25826365778082305
0.25826365778082305
0.25826365778082305
0.24898813734222358
0.24898813734222358
0.24898813734222358
0.24898813734222358
0.24898813734222358
0.24898813734222358
0.24898813734222358
0.24898813734222358
0.24898813734222358
0.24898813734222358
0.24898813734222358
0.24708294188900481
0.21107306442100082
0.21107306442100082
0.21107306442100082
0.21107306442100082
0.21107306442100082
0.21107306442100082
0.21107306442100082
0.21107306442100082
0.21107306442100082
0.21107306442100082
0.21107306442100082
0.21107306442100082
0.21107306442100082
0.21107306442100082
0.21107306442100082
0.20916828762845796
0.20916828762845796
0.20916828762845796
0.20916828762845796
0.20916828762845796
0.207472343065227
0.207472343065227
0.2065904105510299
0.20141729337296255
0.20141729337296255
0.1983282920838505
0.1983282920838505
0.1983282920838505
0.1983282920838505
0.1983282920838505
0.1983282920838505
0.1983282920838505
0.1983282920838505
0.1983282920838505
0.1983282920838505
0.1983282920838505
0.1983282920838505
0.1983282920838505
0.1983282920838505
0.19070300072115032
0.19070300072115032
0.18153491343087325
0.18153491343087325
0.18153491343087325
0.18153491343087325
0.18153491343087325
0.17637452700095224
0.17637452700095224
0.17637452700095224
0.17637452700095224
0.17637452700095224
0.17637452700095224
0.17637452700095224
0.17637452700095224
0.17637452700095224
0.17637452700095224
0.17637452700095224
0.17637452700095224
0.17637452700095224
0.17637452700095224
0.17637452700095224
0.1681063534828411
0.1681063534828411
0.15678745192177246
0.15678745192177246
0.15678745192177246
0.15678745192177246
0.15678745192177246
