0.0030553340911865234
0.003267526626586914
0.0032548904418945312
0.003094911575317383
0.0031065940856933594
0.003030061721801758
0.003039121627807617
0.0031578540802001953
0.0032701492309570312
0.0030701160430908203
0.003147602081298828
0.0030879974365234375
0.0031692981719970703
0.0030333995819091797
0.003082752227783203
0.0031249523162841797
0.0030679702758789062
0.0030727386474609375
0.0028045177459716797
0.002982616424560547
0.0030298233032226562
0.002942323684692383
0.0028314590454101562
0.002920389175415039
0.002892017364501953
0.0028095245361328125
0.002694845199584961
0.002758502960205078
0.0027997493743896484
0.0028197765350341797
0.0028383731842041016
0.0028984546661376953
0.00279998779296875
0.0027098655700683594
0.0028073787689208984
0.002807140350341797
0.0027616024017333984
0.0028142929077148438
0.002838134765625
0.002880573272705078
0.0028433799743652344
0.0028443336486816406
0.0027997493743896484
0.0028595924377441406
0.0027179718017578125
0.002799510955810547
0.0028302669525146484
0.0028307437896728516
0.0028798580169677734
0.0028786659240722656
0.0028460025787353516
0.002849102020263672
0.0028154850006103516
0.0028336048126220703
0.0028257369995117188
0.002819061279296875
0.0028192996978759766
0.002832651138305664
0.0028345584869384766
0.002826690673828125
0.0028352737426757812
0.002833127975463867
0.002756834030151367
0.002759218215942383
0.002785921096801758
0.0028612613677978516
0.002804279327392578
0.002933979034423828
0.0027265548706054688
0.002718210220336914
0.0027091503143310547
0.0027205944061279297
0.0027031898498535156
0.0028464794158935547
0.002816915512084961
0.0028078556060791016
0.0028820037841796875
0.0028045177459716797
0.0028367042541503906
0.0028400421142578125
0.0028243064880371094
0.002741575241088867
0.0027954578399658203
0.0028715133666992188
0.0028285980224609375
0.002784252166748047
0.0030107498168945312
0.0028104782104492188
0.002781391143798828
0.002774953842163086
0.0027773380279541016
0.0028526782989501953
0.0027937889099121094
0.0027611255645751953
0.0027909278869628906
0.0028073787689208984
0.002896547317504883
0.0027015209197998047
0.0027632713317871094
0.002683877944946289
0.0027167797088623047
0.0028219223022460938
0.0027010440826416016
0.0027441978454589844
0.0027103424072265625
0.0026946067810058594
0.0028142929077148438
0.00270843505859375
0.0027086734771728516
0.0027217864990234375
0.002750873565673828
0.003049612045288086
0.0026769638061523438
0.0027990341186523438
0.0027811527252197266
0.0027205944061279297
0.0027260780334472656
0.002816438674926758
0.0027937889099121094
0.0029001235961914062
0.002811431884765625
0.0028069019317626953
0.002810955047607422
0.0027921199798583984
0.0028030872344970703
0.002800464630126953
0.0028171539306640625
0.002834320068359375
0.0028111934661865234
0.002854585647583008
0.0027964115142822266
0.002843141555786133
0.0028619766235351562
0.0028197765350341797
0.002788066864013672
0.002837657928466797
0.0028257369995117188
0.002822399139404297
0.0028395652770996094
0.0028228759765625
0.002900838851928711
0.002913236618041992
0.0028693675994873047
0.002934694290161133
0.0029582977294921875
0.002881288528442383
0.003015756607055664
0.0029706954956054688
0.0029778480529785156
0.00293731689453125
0.0030901432037353516
0.003357410430908203
0.0032274723052978516
0.003092527389526367
0.0028786659240722656
0.002946138381958008
0.0030219554901123047
0.003042459487915039
0.0029540061950683594
0.0028884410858154297
0.0030193328857421875
0.003034830093383789
0.002980947494506836
0.002843618392944336
0.0029850006103515625
0.003031492233276367
0.003052949905395508
0.002893209457397461
0.002911090850830078
0.002953052520751953
0.0028924942016601562
0.002707958221435547
0.0028836727142333984
0.002900838851928711
0.0029594898223876953
0.002822399139404297
0.0030150413513183594
0.0030617713928222656
0.0030732154846191406
0.0028803348541259766
0.0029230117797851562
0.0029959678649902344
0.0030667781829833984
0.0028960704803466797
0.0030231475830078125
0.003035306930541992
0.0030853748321533203
0.003039121627807617
0.002911090850830078
0.0030019283294677734
0.002916574478149414
0.002942323684692383
0.0028793811798095703
0.0028586387634277344
0.0028297901153564453
0.0028121471405029297
0.002816438674926758
0.0028612613677978516
0.002819061279296875
0.0028448104858398438
0.0028307437896728516
0.0029010772705078125
0.002857685089111328
0.0028121471405029297
0.002836465835571289
0.002828359603881836
0.002864360809326172
0.0028553009033203125
0.002882719039916992
0.0028924942016601562
0.003003358840942383
0.0029077529907226562
0.002859830856323242
0.0029108524322509766
0.0028634071350097656
0.0028600692749023438
0.002804994583129883
0.002834320068359375
0.0029380321502685547
0.002906322479248047
0.002858400344848633
0.002842426300048828
0.0028090476989746094
0.0028083324432373047
0.0027799606323242188
0.002774953842163086
0.0028672218322753906
0.002791881561279297
0.0028150081634521484
0.0028536319732666016
0.0028166770935058594
0.0028417110443115234
0.002760171890258789
0.0027959346771240234
0.0027985572814941406
0.0029811859130859375
0.0028400421142578125
0.002830028533935547
0.0028028488159179688
0.0027887821197509766
0.002846240997314453
0.002811431884765625
0.002822399139404297
0.0028429031372070312
0.002892017364501953
0.0028057098388671875
0.0029401779174804688
0.002869844436645508
0.0028448104858398438
0.0028548240661621094
0.002828359603881836
0.0028922557830810547
0.002942323684692383
0.002843618392944336
0.002852916717529297
0.0029065608978271484
0.0030031204223632812
0.002927064895629883
0.0028839111328125
0.0028676986694335938
0.0028960704803466797
0.002855539321899414
0.0029418468475341797
0.002893209457397461
0.0028619766235351562
0.0028448104858398438
0.002878427505493164
0.0028717517852783203
0.0028123855590820312
0.0028324127197265625
0.0028581619262695312
0.0028603076934814453
0.002830028533935547
0.0029435157775878906
0.002842426300048828
0.0028471946716308594
0.0028276443481445312
0.002904653549194336
0.0029315948486328125
0.002996683120727539
0.0029129981994628906
0.0029556751251220703
0.0028579235076904297
0.002981424331665039
0.0029022693634033203
0.0031104087829589844
0.002888917922973633
0.0029714107513427734
0.0028839111328125
0.002933502197265625
0.002887248992919922
0.0028791427612304688
0.002905130386352539
0.0028214454650878906
0.0028319358825683594
0.0028367042541503906
0.002826213836669922
0.002844572067260742
0.002853870391845703
0.0028486251831054688
0.0028290748596191406
0.002857685089111328
0.002870321273803711
0.0029058456420898438
0.002919912338256836
0.0028486251831054688
0.002844572067260742
0.002866506576538086
0.002912282943725586
0.0029077529907226562
0.0029449462890625
0.0028204917907714844
0.002843141555786133
0.002920389175415039
0.002827167510986328
0.0028095245361328125
0.0028264522552490234
0.0028150081634521484
0.0029706954956054688
0.002936840057373047
0.0029714107513427734
0.0029828548431396484
0.0028371810913085938
0.002895832061767578
0.002930164337158203
0.0029935836791992188
0.0030956268310546875
0.002984762191772461
0.0030977725982666016
0.003171205520629883
0.003153085708618164
0.0030012130737304688
0.002997875213623047
0.0031392574310302734
0.0030431747436523438
0.0030837059020996094
0.0028922557830810547
0.0028858184814453125
0.002919912338256836
0.002955913543701172
0.0028057098388671875
0.0028586387634277344
0.0029296875
0.0028913021087646484
0.0028679370880126953
0.00289154052734375
0.002929210662841797
0.002831697463989258
0.002804279327392578
0.0030095577239990234
0.0030815601348876953
0.003043651580810547
0.003141641616821289
0.0031304359436035156
0.0031065940856933594
0.0030732154846191406
0.002985239028930664
0.003033876419067383
0.0029397010803222656
0.0030362606048583984
0.0030493736267089844
0.0030477046966552734
0.0029726028442382812
0.0030443668365478516
0.0030226707458496094
0.003137350082397461
0.002979755401611328
0.003035306930541992
0.0031630992889404297
0.0030291080474853516
0.003131389617919922
0.0030426979064941406
0.0030393600463867188
0.00304412841796875
0.003164052963256836
0.003130197525024414
0.0029866695404052734
0.003200054168701172
0.003247499465942383
0.0032765865325927734
0.0031659603118896484
0.0029752254486083984
0.0030722618103027344
0.0032455921173095703
0.0030782222747802734
0.0031163692474365234
0.0028450489044189453
0.003253936767578125
0.0033233165740966797
0.0035185813903808594
0.003609895706176758
0.0036046504974365234
0.0036101341247558594
0.003578662872314453
0.0035858154296875
0.0036377906799316406
0.0036003589630126953
0.003325939178466797
0.003430604934692383
0.003560304641723633
0.0033402442932128906
0.003178119659423828
0.0032494068145751953
0.0029790401458740234
0.003066539764404297
0.0031414031982421875
0.003206491470336914
0.0030930042266845703
0.002821683883666992
0.0031676292419433594
0.003000974655151367
0.003000974655151367
0.002780437469482422
0.0030477046966552734
0.0031087398529052734
0.0032379627227783203
0.0028858184814453125
0.0026960372924804688
0.0027990341186523438
0.0028765201568603516
0.0028426647186279297
0.0029382705688476562
0.00279998779296875
0.0028138160705566406
0.0027854442596435547
0.0029153823852539062
0.002892017364501953
0.0028464794158935547
0.0026886463165283203
0.0027344226837158203
0.002811908721923828
0.0027627944946289062
0.002773761749267578
0.0029096603393554688
0.002900362014770508
0.002821207046508789
0.0028815269470214844
0.0028030872344970703
0.002812623977661133
0.0028111934661865234
0.0028421878814697266
0.002883434295654297
0.0027909278869628906
0.002870321273803711
0.0028133392333984375
0.002804994583129883
0.002797365188598633
0.002872943878173828
0.002779722213745117
0.0029060840606689453
0.0028123855590820312
0.0027022361755371094
0.0026865005493164062
0.002858877182006836
0.0026710033416748047
0.002756357192993164
0.002785921096801758
0.002810955047607422
0.0027685165405273438
0.002793550491333008
0.002773761749267578
0.002752065658569336
0.002856016159057617
0.0027649402618408203
0.002820730209350586
0.0028340816497802734
0.002843141555786133
0.002783536911010742
0.0028679370880126953
0.0027658939361572266
0.0028350353240966797
0.0027663707733154297
0.002741575241088867
0.0027589797973632812
0.002876758575439453
0.0028009414672851562
0.0027103424072265625
0.0028345584869384766
0.0027723312377929688
0.002789735794067383
0.002815723419189453
0.0028362274169921875
0.002919912338256836
0.002698659896850586
0.002851247787475586
0.0028543472290039062
0.0027437210083007812
0.0029006004333496094
0.0028007030487060547
0.002762317657470703
0.002759695053100586
0.0027620792388916016
0.0027923583984375
0.002800464630126953
0.002852201461791992
0.0028476715087890625
0.0028078556060791016
0.002759218215942383
0.0027773380279541016
0.002886056900024414
0.0027396678924560547
0.0027649402618408203
0.002757549285888672
0.0027725696563720703
0.002768993377685547
0.0028727054595947266
0.002794504165649414
0.0027701854705810547
0.002776622772216797
0.002813577651977539
0.0027549266815185547
0.002745389938354492
0.0027608871459960938
0.0028862953186035156
0.0029010772705078125
0.002906322479248047
0.002858877182006836
0.002991914749145508
0.003184080123901367
0.0029888153076171875
0.002995014190673828
0.002931356430053711
0.0028333663940429688
0.0028526782989501953
0.0029604434967041016
0.0029458999633789062
0.0028429031372070312
0.0029065608978271484
0.0028204917907714844
0.002837657928466797
0.0029332637786865234
0.0028226375579833984
0.002863168716430664
0.002966165542602539
0.002946615219116211
0.002883434295654297
0.0028722286224365234
0.0028696060180664062
0.0029311180114746094
0.0029625892639160156
0.002934694290161133
0.0029087066650390625
0.002954244613647461
0.002981901168823242
0.002837657928466797
0.0029516220092773438
0.0027937889099121094
0.0028481483459472656
0.0029115676879882812
0.0028679370880126953
0.002841949462890625
0.0028600692749023438
0.0028798580169677734
0.0028183460235595703
0.002874135971069336
0.002813577651977539
0.002841949462890625
0.0028421878814697266
0.002843618392944336
0.002878427505493164
0.002795696258544922
0.0028777122497558594
0.002812623977661133
0.0029091835021972656
0.0027875900268554688
0.002800464630126953
0.0027687549591064453
0.002850770950317383
0.002908945083618164
0.002776622772216797
0.0028007030487060547
0.002757549285888672
0.002780437469482422
0.002875804901123047
0.0027649402618408203
0.002795696258544922
0.0029337406158447266
0.0028197765350341797
0.002802133560180664
0.002882242202758789
0.0027496814727783203
0.002850770950317383
0.002736806869506836
0.0028493404388427734
0.0028526782989501953
0.002951383590698242
0.0028603076934814453
0.002760648727416992
0.002866029739379883
0.002817869186401367
0.002839803695678711
0.0027475357055664062
0.0028471946716308594
0.0028111934661865234
0.0028722286224365234
0.00283050537109375
0.0027763843536376953
0.0028760433197021484
0.0027616024017333984
0.0028617382049560547
0.002746105194091797
0.0028162002563476562
0.0027205944061279297
0.002916097640991211
0.002739429473876953
0.002791166305541992
0.0028269290924072266
0.002920389175415039
0.0028471946716308594
0.0027298927307128906
0.0028378963470458984
0.002803802490234375
0.0029349327087402344
0.0027854442596435547
0.002834320068359375
0.0028047561645507812
0.002869844436645508
0.0027914047241210938
0.0028085708618164062
0.0028696060180664062
0.0028340816497802734
0.00299835205078125
0.0027971267700195312
0.00287628173828125
0.002797842025756836
0.002832651138305664
0.002813577651977539
0.0028481483459472656
0.002820730209350586
0.0028836727142333984
0.0029859542846679688
0.0027992725372314453
0.0028700828552246094
0.002833127975463867
0.002973318099975586
0.0028896331787109375
0.0029535293579101562
0.003020763397216797
0.0028417110443115234
0.002830982208251953
0.002797842025756836
0.0029964447021484375
0.0027904510498046875
0.002860546112060547
0.002804994583129883
0.0028104782104492188
0.0028655529022216797
0.0030562877655029297
0.0031480789184570312
0.0032448768615722656
0.003261089324951172
0.003304719924926758
0.002978801727294922
0.003020763397216797
0.0030660629272460938
0.0030171871185302734
0.002778768539428711
0.002871274948120117
0.002889871597290039
0.002909421920776367
0.0027618408203125
0.002921581268310547
0.0028994083404541016
0.002877950668334961
0.002829313278198242
0.0029096603393554688
0.002977609634399414
0.0029010772705078125
0.0028553009033203125
0.0030546188354492188
0.0029582977294921875
0.00299835205078125
0.0029032230377197266
0.0028955936431884766
0.0031304359436035156
0.0033578872680664062
0.0035552978515625
0.0034198760986328125
0.0032758712768554688
0.0031480789184570312
0.003207683563232422
0.0032241344451904297
0.003010988235473633
0.002899169921875
0.0031213760375976562
0.0030944347381591797
0.002967357635498047
0.0028820037841796875
0.002897500991821289
0.002991914749145508
0.0028612613677978516
0.00279998779296875
0.002849102020263672
0.0028085708618164062
0.002837657928466797
0.002871990203857422
0.0028531551361083984
0.002878427505493164
0.002864360809326172
0.002870798110961914
0.0029327869415283203
0.0029668807983398438
0.0028290748596191406
0.0029344558715820312
0.0028367042541503906
0.0028810501098632812
0.002849578857421875
0.0029306411743164062
0.002893209457397461
0.0029802322387695312
0.0028192996978759766
0.002947092056274414
0.002903461456298828
0.0030486583709716797
0.0029320716857910156
0.0030167102813720703
0.0029518604278564453
0.0030350685119628906
0.003172636032104492
0.0031037330627441406
0.0031223297119140625
0.0030586719512939453
0.0031495094299316406
0.0030145645141601562
0.0030057430267333984
0.0030934810638427734
0.0030660629272460938
0.002911806106567383
0.002910614013671875
0.002824068069458008
0.0030443668365478516
0.00295257568359375
0.0029745101928710938
0.003062725067138672
0.003217458724975586
0.003106832504272461
0.002954721450805664
0.002966642379760742
0.0029561519622802734
0.0031452178955078125
0.002897500991821289
0.0029311180114746094
0.0029785633087158203
0.002979755401611328
0.003000497817993164
0.0029058456420898438
0.0029137134552001953
0.0028727054595947266
0.0030965805053710938
0.003001689910888672
0.0030782222747802734
0.002860546112060547
0.003071308135986328
0.0029151439666748047
0.002945423126220703
0.002830982208251953
0.0029180049896240234
0.0029134750366210938
0.0028810501098632812
0.002860546112060547
0.002924203872680664
0.0029783248901367188
0.002869129180908203
0.002827167510986328
0.003112316131591797
0.0029680728912353516
0.0030264854431152344
0.0028510093688964844
0.003002166748046875
0.002971649169921875
0.0029556751251220703
0.002846240997314453
0.0030617713928222656
0.0028862953186035156
0.0029134750366210938
0.002748727798461914
0.002997159957885742
0.002918243408203125
0.0029485225677490234
0.0027539730072021484
0.0029087066650390625
0.0028951168060302734
0.002895355224609375
0.002907991409301758
0.0029044151306152344
0.002908945083618164
0.0028755664825439453
0.002759218215942383
0.0030333995819091797
0.0028972625732421875
0.0028629302978515625
0.0028634071350097656
0.002975940704345703
0.002911806106567383
0.0029168128967285156
0.0029261112213134766
0.0029854774475097656
0.0029866695404052734
0.0028426647186279297
0.002815723419189453
0.0029163360595703125
0.0029571056365966797
0.0029866695404052734
0.0030078887939453125
0.0029625892639160156
0.002995729446411133
0.003011465072631836
0.002933025360107422
0.0028524398803710938
0.002941131591796875
0.002841472625732422
0.0028450489044189453
0.002920866012573242
0.002800464630126953
0.0028977394104003906
0.0027594566345214844
0.0028541088104248047
0.002866029739379883
0.0028219223022460938
0.002827882766723633
0.002821683883666992
0.0028634071350097656
0.0027773380279541016
0.0028390884399414062
0.0028264522552490234
0.0027513504028320312
0.0026886463165283203
0.002819538116455078
0.002758026123046875
0.0028302669525146484
0.0027031898498535156
0.0027778148651123047
0.002707958221435547
0.002687215805053711
0.002794504165649414
0.002754688262939453
0.0027472972869873047
0.002764463424682617
0.0027790069580078125
0.0027647018432617188
0.0028548240661621094
0.002750396728515625
0.0027458667755126953
0.002750873565673828
0.0027475357055664062
0.002752542495727539
0.0027832984924316406
0.002677440643310547
0.0026924610137939453
0.0026738643646240234
0.0027980804443359375
0.0027811527252197266
0.0028076171875
0.0027136802673339844
0.0028259754180908203
0.002790212631225586
0.0028214454650878906
0.0027608871459960938
0.002757549285888672
0.002836465835571289
0.00279998779296875
0.0027811527252197266
0.0028352737426757812
0.002847909927368164
0.0028100013732910156
0.0028247833251953125
0.0027544498443603516
0.002910137176513672
0.0028429031372070312
0.0028717517852783203
0.0028693675994873047
0.002812623977661133
0.002851247787475586
0.0027794837951660156
0.0028450489044189453
0.002951383590698242
0.0028295516967773438
0.002877950668334961
0.002958059310913086
0.002889394760131836
0.0028264522552490234
0.002984762191772461
0.002788543701171875
0.002897500991821289
0.0028285980224609375
0.0028743743896484375
0.0029485225677490234
0.0028200149536132812
0.0029404163360595703
0.0028581619262695312
0.002826690673828125
0.002868175506591797
0.002877950668334961
0.0028052330017089844
0.0028562545776367188
0.002775430679321289
0.0028383731842041016
0.0028867721557617188
0.002831697463989258
0.0029370784759521484
0.0028047561645507812
0.0028829574584960938
0.0027740001678466797
0.002855539321899414
0.002950429916381836
0.002866983413696289
0.0028641223907470703
0.002836942672729492
0.0028405189514160156
0.002896547317504883
0.0027718544006347656
0.0028655529022216797
0.0028727054595947266
0.0028307437896728516
0.0028612613677978516
0.0028905868530273438
0.0028371810913085938
0.002809762954711914
0.0029230117797851562
0.002883434295654297
0.002907276153564453
0.0028922557830810547
0.0030193328857421875
0.0028934478759765625
0.0029947757720947266
0.0028464794158935547
0.0029325485229492188
0.002859830856323242
0.0028421878814697266
0.0027871131896972656
0.0029447078704833984
0.002804994583129883
0.0028150081634521484
0.0028367042541503906
0.0028400421142578125
0.002796173095703125
0.0027930736541748047
0.002804279327392578
0.002874135971069336
0.0028429031372070312
0.0027837753295898438
0.0027577877044677734
0.0026662349700927734
0.002885580062866211
0.002673625946044922
0.002750396728515625
0.0028333663940429688
0.002838134765625
0.002808094024658203
0.002732992172241211
0.002809762954711914
0.0027327537536621094
0.002780437469482422
0.002736330032348633
0.0028116703033447266
0.0027608871459960938
0.0028471946716308594
0.0028183460235595703
0.0028192996978759766
0.002777576446533203
0.00281524658203125
0.0027840137481689453
0.002775907516479492
0.0028023719787597656
0.0027997493743896484
0.0028009414672851562
0.0027513504028320312
0.0028433799743652344
0.002752542495727539
0.0027685165405273438
0.002773284912109375
0.002796173095703125
0.00283050537109375
0.0028624534606933594
0.0028073787689208984
0.0028336048126220703
0.002820730209350586
0.0027942657470703125
0.002832651138305664
0.0028090476989746094
0.0028464794158935547
0.0027446746826171875
0.002778768539428711
0.0027892589569091797
0.0027663707733154297
0.0027642250061035156
0.0027642250061035156
0.0027527809143066406
0.002751588821411133
0.00278472900390625
0.0026841163635253906
0.002821207046508789
0.0026853084564208984
0.002681732177734375
0.0026879310607910156
0.0026810169219970703
0.002744913101196289
0.002724170684814453
0.0027484893798828125
0.002736806869506836
