16.325380529925265
16.325380529925265
16.325380529925265
16.325380529925265
16.325380529925265
15.797011665259493
15.797011665259493
15.797011665259493
15.797011665259493
15.340089926882621
15.340089926882621
14.803565192973632
14.803565192973632
14.803565192973632
14.753011115749256
14.753011115749256
14.753011115749256
14.753011115749256
13.775552936349323
13.775552936349323
13.775552936349323
13.775552936349323
13.775552936349323
13.775552936349323
13.775552936349323
13.775552936349323
13.775552936349323
13.58130750841503
12.630120876114244
12.630120876114244
12.630120876114244
12.630120876114244
12.630120876114244
12.630120876114244
12.630120876114244
12.630120876114244
11.474573784729895
11.474573784729895
11.474573784729895
11.474573784729895
11.474573784729895
11.474573784729895
11.039486959827094
11.039486959827094
11.039486959827094
10.984483747882155
10.984483747882155
10.984483747882155
10.954790419476058
10.954790419476058
10.954790419476058
10.954790419476058
10.954790419476058
9.502561126164387
9.502561126164387
9.502561126164387
9.502561126164387
9.502561126164387
9.502561126164387
9.502561126164387
9.502561126164387
9.502561126164387
9.328631883215783
9.328631883215783
9.328631883215783
9.328631883215783
9.328631883215783
9.19118580790449
8.75795219561769
8.75795219561769
8.75795219561769
8.75795219561769
8.592412336045376
8.5720008246087
8.5720008246087
8.5720008246087
8.28758653479068
7.756599492867782
7.756599492867782
7.756599492867782
7.756599492867782
7.35135711428584
7.35135711428584
7.35135711428584
7.35135711428584
7.35135711428584
7.317401971088623
7.317401971088623
7.301519514380809
7.255457274789379
7.18483037816352
7.038995416286458
7.038995416286458
5.676148374010861
5.676148374010861
5.139708914989303
5.139708914989303
5.139708914989303
5.139708914989303
5.139708914989303
5.139708914989303
5.139708914989303
5.139708914989303
5.139708914989303
5.139708914989303
5.139708914989303
5.139708914989303
5.139708914989303
5.139708914989303
5.139708914989303
5.139708914989303
5.139708914989303
5.139708914989303
5.139708914989303
5.139708914989303
5.139708914989303
5.139708914989303
5.139708914989303
5.139708914989303
5.139708914989303
5.139708914989303
5.139708914989303
5.139708914989303
5.139708914989303
5.139708914989303
5.139708914989303
5.064350702307294
5.064350702307294
5.064350702307294
5.010093100214345
4.744696019115821
4.744696019115821
4.744696019115821
4.744696019115821
4.744696019115821
4.744696019115821
4.744696019115821
4.690933667935706
4.690933667935706
4.690933667935706
4.690933667935706
4.690933667935706
4.690933667935706
4.690933667935706
4.690933667935706
4.690933667935706
4.690933667935706
4.690933667935706
4.690933667935706
4.690933667935706
4.690933667935706
4.690933667935706
4.654140664781401
4.654140664781401
4.654140664781401
4.654140664781401
4.654140664781401
4.635851965035084
4.635851965035084
4.080328437537155
4.080328437537155
4.080328437537155
4.080328437537155
4.080328437537155
4.080328437537155
4.080328437537155
4.080328437537155
4.080328437537155
4.080328437537155
4.080328437537155
4.080328437537155
4.080328437537155
4.080328437537155
4.080328437537155
4.080328437537155
4.080328437537155
4.080328437537155
4.080328437537155
4.020287274359585
4.020287274359585
3.973116298580905
3.973116298580905
3.973116298580905
3.973116298580905
3.973116298580905
3.973116298580905
3.973116298580905
3.973116298580905
3.973116298580905
3.9200772324172455
3.8305590522077395
3.8305590522077395
3.8305590522077395
3.8305590522077395
3.8305590522077395
3.8305590522077395
3.8305590522077395
3.8305590522077395
3.8305590522077395
3.8305590522077395
3.8305590522077395
3.8305590522077395
3.8305590522077395
3.8305590522077395
3.8305590522077395
3.8305590522077395
3.8305590522077395
3.8305590522077395
3.8305590522077395
3.8305590522077395
3.8305590522077395
3.8305590522077395
3.7408629502196433
3.7408629502196433
3.7408629502196433
3.7213921118815527
3.7213921118815527
3.7213921118815527
3.6828177696733135
3.6828177696733135
3.6828177696733135
3.6828177696733135
3.6828177696733135
3.666314455799
3.585668879627587
3.585668879627587
3.585668879627587
3.585668879627587
3.585668879627587
3.585668879627587
3.4890777495175485
3.4890777495175485
3.4890777495175485
3.4890777495175485
3.4890777495175485
3.443071133294513
3.289001833417668
3.289001833417668
3.289001833417668
3.289001833417668
3.289001833417668
3.289001833417668
3.289001833417668
3.219950251250072
3.219950251250072
3.1884337354274983
3.1884337354274983
3.1884337354274983
3.1884337354274983
3.1884337354274983
3.1884337354274983
3.1884337354274983
3.1581876654423695
3.1581876654423695
3.1581876654423695
3.061062994264784
3.0269254979356965
3.0269254979356965
3.0269254979356965
2.5611752968467982
2.5611752968467982
2.5611752968467982
2.5611752968467982
2.5611752968467982
2.5611752968467982
2.5611752968467982
2.5611752968467982
2.4392295468652634
2.4392295468652634
2.4001951974097757
2.4001951974097757
2.3937664399624516
2.3937664399624516
2.3937664399624516
2.3933591836488723
2.3933591836488723
2.3276274465450264
2.1034481660649114
2.1034481660649114
2.1034481660649114
2.1034481660649114
2.1034481660649114
2.1034481660649114
2.1034481660649114
2.1034481660649114
1.9488764238195166
1.9488764238195166
1.9488764238195166
1.9488764238195166
1.9488764238195166
1.9488764238195166
1.9488764238195166
1.9488764238195166
1.9488764238195166
1.9488764238195166
1.9488764238195166
1.9488764238195166
1.92545791712066
1.92545791712066
1.92545791712066
1.9147162528573318
1.8776061462015399
1.8776061462015399
1.80062566967068
1.80062566967068
1.80062566967068
1.7871918505225253
1.7849959970316398
1.7849814642820263
1.7849814642820263
1.7849814642820263
1.7849814642820263
1.7675966711566744
1.7675966711566744
1.7675966711566744
1.7675966711566744
1.7321805456446633
1.7321805456446633
1.7321805456446633
1.7321805456446633
1.7321805456446633
1.7321805456446633
1.7321805456446633
1.710307705636538
1.710307705636538
1.710307705636538
1.710307705636538
1.710307705636538
1.710307705636538
1.710307705636538
1.6777955100821984
1.6777955100821984
1.649890515474123
1.649890515474123
1.6437421378545203
1.6437421378545203
1.5205105895300441
1.5205105895300441
1.5205105895300441
1.5205105895300441
1.5205105895300441
1.5205105895300441
1.5205105895300441
1.5205105895300441
1.5205105895300441
1.5205105895300441
1.5205105895300441
1.5205105895300441
1.5205105895300441
1.5205105895300441
1.5205105895300441
1.5205105895300441
1.5205105895300441
1.5205105895300441
1.4838384258121629
1.4582755655956383
1.4582755655956383
1.4582755655956383
1.3970560313097877
1.3970560313097877
1.3970560313097877
1.3878510063533902
1.3878510063533902
1.2447011777442647
1.2447011777442647
1.2447011777442647
1.2447011777442647
1.213868835530441
1.213868835530441
1.213868835530441
1.213868835530441
1.1886299079708387
1.1886299079708387
1.1886299079708387
1.1833184348326498
1.1833184348326498
1.1833184348326498
1.1833184348326498
1.1833184348326498
1.1833184348326498
1.1833184348326498
1.1833184348326498
1.1833184348326498
1.1781629239851021
1.1781629239851021
1.1739885873526568
1.1739885873526568
1.1739885873526568
1.1739885873526568
1.1739885873526568
1.1736936341758373
1.161105533547257
1.161105533547257
1.161105533547257
1.161105533547257
1.161105533547257
1.1353263359120085
1.1353263359120085
1.1353263359120085
1.1353263359120085
1.1353263359120085
1.1353263359120085
1.1304987047476267
1.123296232367732
1.123296232367732
1.123296232367732
1.123296232367732
1.113570372771136
1.113570372771136
1.113570372771136
1.113570372771136
1.113570372771136
1.113570372771136
0.9273448575510344
0.8993971828577756
0.8993971828577756
0.8993971828577756
0.8049674529356636
0.8049674529356636
0.8049674529356636
0.8049674529356636
0.8049674529356636
0.7884023230557844
0.7884023230557844
0.7884023230557844
0.7884023230557844
0.7785956355077843
0.6655747741103717
0.6655747741103717
0.6655747741103717
0.6655747741103717
0.6655747741103717
0.6629966132976399
0.6629966132976399
0.5711113516551194
0.5711113516551194
0.5711113516551194
0.5711113516551194
0.5711113516551194
0.5711113516551194
0.5711113516551194
0.5711113516551194
0.5711113516551194
0.5711113516551194
0.5711113516551194
0.5711113516551194
0.5711113516551194
0.5711113516551194
0.5711113516551194
0.5374653660602036
0.5374653660602036
0.46118891054735656
0.46118891054735656
0.46118891054735656
0.46118891054735656
0.46118891054735656
0.46118891054735656
0.4338050400587079
0.4338050400587079
0.43206984699296314
0.43206984699296314
0.43206984699296314
0.43206984699296314
0.43206984699296314
0.43206984699296314
0.4078829975204954
0.4078829975204954
0.4078829975204954
0.4078829975204954
0.4078829975204954
0.4078829975204954
0.4078829975204954
0.34808443466815575
0.34808443466815575
0.34808443466815575
0.33872100950776485
0.33872100950776485
0.33872100950776485
0.33872100950776485
0.33872100950776485
0.33872100950776485
0.33872100950776485
0.31362906988958983
0.31362906988958983
0.31362906988958983
0.31362906988958983
0.31362906988958983
0.31362906988958983
0.31362906988958983
0.3083352893854716
0.3083352893854716
0.3083352893854716
0.3083352893854716
0.3083352893854716
0.3083352893854716
0.3083352893854716
0.2914638452473639
0.2849895932778317
0.2638755000197648
0.2638755000197648
0.2638755000197648
0.2623423673262373
0.25973083863718216
0.23945017052343331
0.23945017052343331
0.23945017052343331
0.23415970727345936
0.2319350232677273
0.22941528137923228
0.22941528137923228
0.22941528137923228
0.21943685220620424
0.21839276547456166
0.21839276547456166
0.21402972313615365
0.21402972313615365
0.21402972313615365
0.21402972313615365
0.20633647699453306
0.20633647699453306
0.20633647699453306
0.20633647699453306
0.20633647699453306
0.20633647699453306
0.20633647699453306
0.20633647699453306
0.20633647699453306
0.20633647699453306
0.20633647699453306
0.20575465711269914
0.20033267187331205
0.19986163125145495
0.19986163125145495
0.19986163125145495
0.19986163125145495
0.19986163125145495
0.19179648576900377
0.19179648576900377
0.17928285691704815
0.17928285691704815
0.17928285691704815
0.17894952164155953
0.16683184874629475
0.16683184874629475
0.16349961048474526
0.16349961048474526
0.16349961048474526
0.15537174837189127
0.14319534142968138
0.14319534142968138
0.14319534142968138
0.14319534142968138
0.14319534142968138
0.14319534142968138
0.14319534142968138
0.14319534142968138
0.14319534142968138
0.14319534142968138
0.14319534142968138
0.14319534142968138
0.14319534142968138
0.14319534142968138
0.14319534142968138
0.14319534142968138
0.12886272801780407
0.12180234985008553
0.12180234985008553
0.12180234985008553
0.11394165085885533
0.10786334907798434
0.10699255602078139
0.09418874505637476
0.09418874505637476
0.09418874505637476
0.09418874505637476
0.09418874505637476
0.09418874505637476
0.09418874505637476
0.09418874505637476
0.09418874505637476
0.09418874505637476
0.09418874505637476
0.09418874505637476
0.09286251002699686
0.09286251002699686
0.0829945562724852
0.0829945562724852
0.0829945562724852
0.0829945562724852
0.0829945562724852
0.0829945562724852
0.0829945562724852
0.0829945562724852
0.06787516735709787
0.06787516735709787
0.06787516735709787
0.06787516735709787
0.06787516735709787
0.06787516735709787
0.06787516735709787
0.06787516735709787
0.06787516735709787
0.06787516735709787
0.06787516735709787
0.06787516735709787
0.06787516735709787
0.06787516735709787
0.06787516735709787
0.06669335413939592
0.06669335413939592
0.06669335413939592
0.06669335413939592
0.06669335413939592
0.06669335413939592
0.06669335413939592
0.06389772729982468
0.06321338869331328
0.06321338869331328
0.06321338869331328
0.06321338869331328
0.06321338869331328
0.06321338869331328
0.06321338869331328
0.06219257599330419
0.06219257599330419
0.06219257599330419
0.06219257599330419
0.06219257599330419
0.0584616856157254
0.0584616856157254
0.0584616856157254
0.0584616856157254
0.0584616856157254
0.0584616856157254
0.0584616856157254
0.0584616856157254
0.0584616856157254
0.0584616856157254
0.0584616856157254
0.05518056365165691
0.05518056365165691
0.05458329428549291
0.05458329428549291
0.05458329428549291
0.05458329428549291
0.05458329428549291
0.05190928105262316
0.05190928105262316
0.05190928105262316
0.05190928105262316
0.05190928105262316
0.05190928105262316
0.046863549968353624
0.04360756200389204
0.04360756200389204
0.04360756200389204
0.04360756200389204
0.04360756200389204
0.04360756200389204
0.04360756200389204
0.04360756200389204
0.04360756200389204
0.04360756200389204
0.04360756200389204
0.04360756200389204
0.04360756200389204
0.04360756200389204
0.04092825005375289
0.04092825005375289
0.04092825005375289
0.04092825005375289
0.04092825005375289
0.04092825005375289
0.04092825005375289
0.03919334175988354
0.03919334175988354
0.03919334175988354
0.03919334175988354
0.03919334175988354
0.03919334175988354
0.03919334175988354
0.038844623129737244
0.038844623129737244
0.03869872605759639
0.03869872605759639
0.03786960006932105
0.03786960006932105
0.03786960006932105
0.0377103193505306
0.0377103193505306
0.037409413373840295
0.037409413373840295
0.035368932777732454
0.035368932777732454
0.035368932777732454
0.035368932777732454
0.035368932777732454
0.035368932777732454
0.035368932777732454
0.035368932777732454
0.035368932777732454
0.035309638045635694
0.03441331070399656
0.0340013069468057
0.0340013069468057
0.0340013069468057
0.0340013069468057
0.0319522920004367
0.0319522920004367
0.0319522920004367
0.03163282178689286
0.030484799702271914
0.030484799702271914
0.030484799702271914
0.030484799702271914
0.030484799702271914
0.030484799702271914
0.030484799702271914
0.030484799702271914
0.030484799702271914
0.02931649349873311
0.025585445693085518
0.025585445693085518
0.025585445693085518
0.02488575965099571
0.02485168425154427
0.02352537560526713
0.02352537560526713
0.02352537560526713
0.02352537560526713
0.02352537560526713
0.02352537560526713
0.02352537560526713
0.02352537560526713
0.02352537560526713
0.02352537560526713
0.023218087488494632
0.023204622581420864
0.021672006536611832
0.021672006536611832
0.021672006536611832
0.021672006536611832
0.021672006536611832
0.021672006536611832
0.021672006536611832
0.01693430282451658
0.01693430282451658
0.01693430282451658
0.01693430282451658
0.01693430282451658
0.01693430282451658
0.01693430282451658
0.01693430282451658
0.01693430282451658
0.01693430282451658
0.01693422753009699
0.016902137946971152
0.016835551211826782
0.01679687696116261
0.015337421017282082
0.015337421017282082
0.015337421017282082
0.015337421017282082
0.015337421017282082
0.015337421017282082
0.015337421017282082
0.015337421017282082
0.015337421017282082
0.015337421017282082
0.015337421017282082
0.015337421017282082
0.015337421017282082
0.015337421017282082
0.015318157950911626
0.014376918099529234
0.012291841683655491
0.012291841683655491
0.012291841683655491
0.012291841683655491
0.012291841683655491
0.012291841683655491
0.012291841683655491
0.012291841683655491
0.012291841683655491
0.012291841683655491
0.012291841683655491
0.012291841683655491
0.012291841683655491
0.012291841683655491
0.012291841683655491
0.012291841683655491
0.01166830078306802
0.01166830078306802
0.011592540749497005
0.011240609026849313
0.011240609026849313
0.011218980374206211
0.011007842753343766
0.011007842753343766
0.011007842753343766
0.011007842753343766
0.011007842753343766
0.010307618272925367
0.010307618272925367
0.010307618272925367
0.010307618272925367
0.010307618272925367
0.010307618272925367
0.010182664372621275
0.010025545426355364
0.010025545426355364
0.009486693086021347
0.009486693086021347
0.009486693086021347
0.009486693086021347
0.009486693086021347
0.009486693086021347
0.009486693086021347
0.009486693086021347
0.009486693086021347
0.009486693086021347
0.008822747001566711
0.008822747001566711
0.008611022856879202
0.008611022856879202
0.008611022856879202
0.008611022856879202
0.008611022856879202
0.008611022856879202
0.008611022856879202
0.008611022856879202
0.008611022856879202
0.008611022856879202
0.008576231208614615
0.008437330646948737
0.008437330646948737
0.00771298998132508
0.00771298998132508
0.00771298998132508
0.00771298998132508
0.00771298998132508
0.00771298998132508
0.007014538179920038
0.00671651113433569
0.00671651113433569
0.00671651113433569
0.00671651113433569
0.00671568694822966
0.006512926005399322
0.006512926005399322
0.006512926005399322
0.006512926005399322
0.006426947160473873
0.006220967911236386
0.006220967911236386
0.005066241891256595
0.005066241891256595
0.005066241891256595
0.005066241891256595
0.005066241891256595
0.004711138043820284
0.004711138043820284
0.004711138043820284
0.004711138043820284
0.0046772586057741705
0.004557804006626753
0.004557804006626753
0.004557804006626753
0.004557804006626753
0.004557804006626753
0.004557804006626753
0.004557804006626753
0.0044602219268981
0.004358337960372438
0.004049475301808769
0.004049475301808769
0.004049475301808769
0.004049475301808769
0.0037586680122352334
0.0037586680122352334
0.0037586680122352334
0.0037586680122352334
0.0037586680122352334
0.0037586680122352334
0.0037586680122352334
0.0037586680122352334
0.003631826582566333
0.0032600091555714528
0.0032600091555714528
0.0032600091555714528
0.0032600091555714528
0.003066835561131853
0.003066835561131853
0.003066835561131853
0.003066835561131853
0.003066835561131853
0.003066835561131853
0.003066835561131853
0.003066835561131853
0.003066835561131853
0.0030324683498257343
0.0030324683498257343
0.0026438694077519642
0.0026438694077519642
0.0026438694077519642
0.0026438694077519642
0.0026438694077519642
0.0026438694077519642
0.0026438694077519642
0.0026438694077519642
0.0026438694077519642
0.0026438694077519642
0.0026438694077519642
0.0026438694077519642
0.0026438694077519642
0.002562814602164565
0.002562814602164565
0.002562814602164565
0.002562814602164565
0.002562814602164565
0.0024613408070379705
0.0024613408070379705
0.002023458151921176
0.002023458151921176
0.002023458151921176
0.002023458151921176
0.002023458151921176
0.002023458151921176
0.002023458151921176
0.002023458151921176
0.002023458151921176
0.002023458151921176
0.002023458151921176
0.002023458151921176
0.002023458151921176
0.002023458151921176
0.002023458151921176
0.002023458151921176
0.0017448534065955812
0.0017448534065955812
0.0017448534065955812
0.0016486329536533617
0.0016486329536533617
0.0016486329536533617
0.0016486329536533617
0.0016486329536533617
0.0016486329536533617
0.0016324349881280398
0.0016324349881280398
0.0015628276144461495
0.0015628276144461495
0.0015628276144461495
0.0015628276144461495
0.0015628276144461495
0.0015628276144461495
0.0015628276144461495
0.0015628276144461495
0.0015628276144461495
0.0015628276144461495
0.0015628276144461495
0.0015628276144461495
0.0015628276144461495
0.0015628276144461495
0.0015628276144461495
0.0015628276144461495
0.0015628276144461495
0.0015628276144461495
0.0015628276144461495
0.0015628276144461495
0.0015628276144461495
0.0015628276144461495
0.0015628276144461495
0.0015628276144461495
0.0015628276144461495
0.0015628276144461495
0.0015379417665606354
0.0015244944382821757
0.0014150484353052661
0.0014150484353052661
0.0014150484353052661
0.00136646920364214
0.00136646920364214
0.00136646920364214
0.00136646920364214
0.00136646920364214
0.00136646920364214
0.00136646920364214
0.00136646920364214
0.00136646920364214
0.00136646920364214
0.00136646920364214
0.0013463279164476205
0.0013463279164476205
0.0013463279164476205
0.0013463279164476205
0.0013463279164476205
0.0013460546613828228
0.0013460546613828228
0.0013279766946574512
0.0012278373279315247
