16.193008143636245
16.193008143636245
16.193008143636245
16.193008143636245
16.193008143636245
16.193008143636245
16.193008143636245
16.193008143636245
16.193008143636245
16.193008143636245
14.161638457735867
14.161638457735867
14.161638457735867
14.161638457735867
14.161638457735867
14.161638457735867
14.161638457735867
14.161638457735867
14.161638457735867
14.161638457735867
14.161638457735867
14.161638457735867
14.161638457735867
14.161638457735867
14.161638457735867
14.161638457735867
14.161638457735867
14.161638457735867
14.161638457735867
14.161638457735867
14.161638457735867
14.161638457735867
14.161638457735867
14.161638457735867
13.633808953084383
13.633808953084383
13.252871192893112
13.252871192893112
13.252871192893112
13.252871192893112
13.252871192893112
13.252871192893112
13.252871192893112
12.656043224352176
12.656043224352176
11.053089172101814
11.053089172101814
11.053089172101814
11.053089172101814
11.053089172101814
11.053089172101814
11.053089172101814
11.053089172101814
11.053089172101814
11.053089172101814
11.053089172101814
11.053089172101814
10.206022039649557
10.14678161345781
10.14678161345781
10.14678161345781
9.71529898898698
9.71529898898698
9.71529898898698
9.71529898898698
9.71529898898698
9.71529898898698
9.447243395648368
9.447243395648368
9.447243395648368
9.447243395648368
9.447243395648368
9.447243395648368
8.012631050272677
8.012631050272677
8.012631050272677
8.012631050272677
8.012631050272677
8.012631050272677
8.012631050272677
8.012631050272677
8.012631050272677
7.592919593012159
7.592919593012159
7.592919593012159
7.592919593012159
7.592919593012159
7.592919593012159
7.592919593012159
7.432713751678602
7.360250556057551
7.360250556057551
7.316829192783375
6.5337427684211296
6.5337427684211296
6.5337427684211296
6.5337427684211296
6.5337427684211296
6.220255954802603
6.220255954802603
6.220255954802603
6.220255954802603
6.220255954802603
5.931911086384249
5.931911086384249
5.162791852077834
5.162791852077834
5.162791852077834
5.162791852077834
5.162791852077834
5.162791852077834
5.162791852077834
5.162791852077834
5.162791852077834
5.162791852077834
5.162791852077834
4.8416018551596665
4.8416018551596665
4.8416018551596665
4.8416018551596665
4.8416018551596665
4.8416018551596665
4.8416018551596665
4.8416018551596665
4.8416018551596665
4.8416018551596665
4.8416018551596665
4.8416018551596665
4.745898329417724
4.745898329417724
4.729769388745666
4.729769388745666
4.729769388745666
4.597929607873297
4.597929607873297
4.597929607873297
4.597929607873297
4.340528614806889
4.197943327814006
4.197943327814006
4.197943327814006
4.197943327814006
4.197943327814006
4.197943327814006
4.083193795045833
4.083193795045833
4.083193795045833
4.083193795045833
4.007109203796954
3.805135782511428
3.805135782511428
3.805135782511428
3.805135782511428
3.805135782511428
3.805135782511428
3.805135782511428
3.805135782511428
3.805135782511428
3.805135782511428
3.805135782511428
3.805135782511428
3.7234036434990543
3.7234036434990543
3.704906978080089
3.704906978080089
3.688433988555115
3.688433988555115
3.688433988555115
3.688433988555115
3.6439264348235803
3.6439264348235803
3.6439264348235803
3.6439264348235803
3.6439264348235803
3.6253460508127837
3.6253460508127837
3.6253460508127837
3.6253460508127837
3.6253460508127837
3.6253460508127837
3.6253460508127837
3.6253460508127837
3.5335406347315086
3.3208229049229523
3.3208229049229523
3.3208229049229523
3.3208229049229523
3.3208229049229523
3.3208229049229523
3.3208229049229523
3.3208229049229523
3.3208229049229523
3.3208229049229523
3.3208229049229523
3.3208229049229523
3.3208229049229523
3.3208229049229523
3.3208229049229523
3.3208229049229523
3.3208229049229523
3.3208229049229523
3.3208229049229523
3.3208229049229523
3.3208229049229523
3.3208229049229523
3.3208229049229523
3.3208229049229523
3.3208229049229523
3.3208229049229523
3.312100645429311
3.312100645429311
3.312100645429311
3.255509161180189
3.255509161180189
3.255509161180189
3.255509161180189
3.23337411546132
3.23337411546132
2.895243556776805
2.895243556776805
2.895243556776805
2.895243556776805
2.895243556776805
2.895243556776805
2.816795794353336
2.816795794353336
2.816795794353336
2.744636819281496
2.744636819281496
2.744636819281496
2.744636819281496
2.744636819281496
2.59332250293998
2.59332250293998
2.59332250293998
2.59332250293998
2.59332250293998
2.59332250293998
2.59332250293998
2.473906746116061
2.473906746116061
2.473906746116061
2.473906746116061
2.473906746116061
2.473906746116061
2.473906746116061
2.466486558466457
2.466486558466457
2.466486558466457
2.466486558466457
2.4643022237930374
2.4643022237930374
2.4643022237930374
2.4643022237930374
2.459043896331874
2.457808205071668
2.1761664980071096
2.1761664980071096
2.1761664980071096
2.1761664980071096
2.1761664980071096
2.1761664980071096
2.1761664980071096
2.1761664980071096
2.042605533956113
2.042605533956113
1.8676793819071484
1.8676793819071484
1.8676793819071484
1.8676793819071484
1.8676793819071484
1.8676793819071484
1.8676793819071484
1.8676793819071484
1.8676793819071484
1.8676793819071484
1.7546769244341291
1.7546769244341291
1.7546769244341291
1.5907753212669995
1.5907753212669995
1.5907753212669995
1.150913945015077
1.0415060514775725
1.0415060514775725
1.0415060514775725
1.0415060514775725
1.0415060514775725
1.0415060514775725
1.0415060514775725
1.0415060514775725
1.0415060514775725
1.0415060514775725
1.0415060514775725
1.0415060514775725
1.0415060514775725
1.0415060514775725
1.0415060514775725
1.0415060514775725
1.0415060514775725
0.897708481136771
0.897708481136771
0.897708481136771
0.897708481136771
0.897708481136771
0.897708481136771
0.897708481136771
0.897708481136771
0.897708481136771
0.897708481136771
0.897708481136771
0.897708481136771
0.897708481136771
0.897708481136771
0.829531938607591
0.829531938607591
0.829531938607591
0.6362178443037543
0.6336534689366289
0.6205163268580769
0.6205163268580769
0.6205163268580769
0.6205163268580769
0.6186496329110938
0.6186496329110938
0.5937808966512463
0.5937808966512463
0.5848105649069453
0.5527270843929344
0.5527270843929344
0.5527270843929344
0.5527270843929344
0.5527270843929344
0.5527270843929344
0.48613261030841315
0.48613261030841315
0.48613261030841315
0.48613261030841315
0.48613261030841315
0.48613261030841315
0.48613261030841315
0.48613261030841315
0.48613261030841315
0.48613261030841315
0.42764655551671993
0.42764655551671993
0.42764655551671993
0.3337304590111252
0.3337304590111252
0.3337304590111252
0.3337304590111252
0.3337304590111252
0.3337304590111252
0.3337304590111252
0.3337304590111252
0.3337304590111252
0.3244060675649507
0.3244060675649507
0.3209175420437127
0.3203338744099149
0.3203338744099149
0.3081520739798158
0.3081520739798158
0.3081520739798158
0.3081520739798158
0.3081520739798158
0.3081520739798158
0.30511134620727276
0.30511134620727276
0.30511134620727276
0.30511134620727276
0.30511134620727276
0.3036361476492999
0.2990518656745422
0.2909494661164871
0.2909494661164871
0.2885064904325496
0.2885064904325496
0.28633162628979036
0.26292090751782027
0.26292090751782027
0.26292090751782027
0.26292090751782027
0.22600126810205978
0.1885906673094837
0.1885906673094837
0.1885906673094837
0.1885906673094837
0.1885906673094837
0.1885906673094837
0.1885906673094837
0.180169033548637
0.180169033548637
0.180169033548637
0.180169033548637
0.180169033548637
0.180169033548637
0.180169033548637
0.180169033548637
0.180169033548637
0.17796636559912216
0.17796636559912216
0.17796636559912216
0.14579100181077465
0.14579100181077465
0.14579100181077465
0.14579100181077465
0.14579100181077465
0.14579100181077465
0.14579100181077465
0.14579100181077465
0.14579100181077465
0.14579100181077465
0.14579100181077465
0.14579100181077465
0.14579100181077465
0.13404025054495605
0.09730606534266073
0.09730606534266073
0.09730606534266073
0.06926111219639353
0.06926111219639353
0.06926111219639353
0.06926111219639353
0.06926111219639353
0.06926111219639353
0.06926111219639353
0.06926111219639353
0.06926111219639353
0.06926111219639353
0.06926111219639353
0.06926111219639353
0.06926111219639353
0.06653909223766519
0.06653909223766519
0.06653909223766519
0.0645381670508165
0.0645381670508165
0.0645381670508165
0.0645381670508165
0.0645381670508165
0.0645381670508165
0.0645381670508165
0.05752118974731246
0.05752118974731246
0.05752118974731246
0.05752118974731246
0.05752118974731246
0.05496691648547625
0.05496691648547625
0.05496691648547625
0.05335905264655594
0.05266608011564955
0.05266608011564955
0.05266608011564955
0.05123856520659942
0.05109709522011485
0.05109709522011485
0.05109709522011485
0.05109709522011485
0.05109709522011485
0.05109709522011485
0.05109709522011485
0.05109709522011485
0.05109709522011485
0.05109709522011485
0.05109709522011485
0.05109709522011485
0.050835028736877064
0.04699346310961161
0.04699346310961161
0.04699346310961161
0.03809799597267016
0.03809799597267016
0.03590087605519088
0.03590087605519088
0.03590087605519088
0.03590087605519088
0.03590087605519088
0.03590087605519088
0.03590087605519088
0.03590087605519088
0.03590087605519088
0.03476196534393239
0.032854276346469646
0.032854276346469646
0.032854276346469646
0.032854276346469646
0.030149580102666107
0.030149580102666107
0.030149580102666107
0.030149580102666107
0.030149580102666107
0.030149580102666107
0.024295732369846945
0.024295732369846945
0.024295732369846945
0.024295732369846945
0.024295732369846945
0.024295732369846945
0.024295732369846945
0.024295732369846945
0.024295732369846945
0.024295732369846945
0.024295732369846945
0.024295732369846945
0.024295732369846945
0.024295732369846945
0.024295732369846945
0.024295732369846945
0.024295732369846945
0.024295732369846945
0.024295732369846945
0.024295732369846945
0.024295732369846945
0.021040622699953104
0.021040622699953104
0.021040622699953104
0.021040622699953104
0.021040622699953104
0.020799074879477075
0.018775049607008043
0.018775049607008043
0.018775049607008043
0.018775049607008043
0.018775049607008043
0.017306653825404084
0.017306653825404084
0.017306653825404084
0.017306653825404084
0.017306653825404084
0.01454291611891989
0.01454291611891989
0.01454291611891989
0.01454291611891989
0.01454291611891989
0.01454291611891989
0.01454291611891989
0.01454291611891989
0.01454291611891989
0.01454291611891989
0.01454291611891989
0.01454291611891989
0.01454291611891989
0.01454291611891989
0.01454291611891989
0.01454291611891989
0.01454291611891989
0.01454291611891989
0.01454291611891989
0.01454291611891989
0.012874024383197735
0.012562314650871542
0.012562314650871542
0.012356223743996253
0.012356223743996253
0.012356223743996253
0.012356223743996253
0.012356223743996253
0.012356223743996253
0.012356223743996253
0.011133808340769491
0.011133808340769491
0.011133808340769491
0.011133808340769491
0.011133808340769491
0.00931651956656765
0.00931651956656765
0.00931651956656765
0.0072723004529215984
0.0072723004529215984
0.0072723004529215984
0.0072723004529215984
0.0072723004529215984
0.0072723004529215984
0.0072723004529215984
0.0072723004529215984
0.0072723004529215984
0.0072723004529215984
0.0072723004529215984
0.0072723004529215984
0.0072723004529215984
0.0072723004529215984
0.0072723004529215984
0.0072723004529215984
0.0072723004529215984
0.0072723004529215984
0.0072723004529215984
0.0072723004529215984
0.0072723004529215984
0.0072723004529215984
0.0072723004529215984
0.0072723004529215984
0.006972765402977643
0.006744100619698656
0.006571092775121912
0.006571092775121912
0.006571092775121912
0.0063990212850058015
0.0063990212850058015
0.0063990212850058015
0.0063990212850058015
0.0063990212850058015
0.005016987500066961
0.005016987500066961
0.005016987500066961
0.005016987500066961
0.005016987500066961
0.005016987500066961
0.005016987500066961
0.005016987500066961
0.005016987500066961
0.005016987500066961
0.005016987500066961
0.005016987500066961
0.005016987500066961
0.005016987500066961
0.005016987500066961
0.005016987500066961
0.005016987500066961
0.005016987500066961
0.005016987500066961
0.004963679103546781
0.004963679103546781
0.004963679103546781
0.00486345597179394
0.00486345597179394
0.00486345597179394
0.00486345597179394
0.004600572151151283
0.00406800260963891
0.00406800260963891
0.00406800260963891
0.00406800260963891
0.00406800260963891
0.00406800260963891
0.00406800260963891
0.00406800260963891
0.00406800260963891
0.00406800260963891
0.00406800260963891
0.003836670690201771
0.003836670690201771
0.003836670690201771
0.003836670690201771
0.003413038026010895
0.003413038026010895
0.003413038026010895
0.003413038026010895
0.003413038026010895
0.003413038026010895
0.003413038026010895
0.003413038026010895
0.0031934899604628697
0.0031934899604628697
0.00296796276673561
0.00296796276673561
0.00296796276673561
0.00296796276673561
0.00296796276673561
0.0029247954538753618
0.0027831939637259495
0.0027831939637259495
0.0027831939637259495
0.0027831939637259495
0.0027831939637259495
0.0027831939637259495
0.002773949026078526
0.002773949026078526
0.002773949026078526
0.002773949026078526
0.0021157688892223803
0.0021157688892223803
0.0021157688892223803
0.0021157688892223803
0.0020396163206868323
0.0018368046407566396
0.0018368046407566396
0.0018368046407566396
0.0018368046407566396
0.0018368046407566396
0.0018368046407566396
0.0018368046407566396
0.0017539303216231872
0.0017539303216231872
0.0017539303216231872
0.0017539303216231872
0.0013122386503212624
0.0013122386503212624
0.0013122386503212624
0.0013122386503212624
0.0013122386503212624
0.0013122386503212624
0.0013122386503212624
0.0013122386503212624
0.0013122386503212624
0.0013122386503212624
0.0013122386503212624
0.0013122386503212624
0.0013122386503212624
0.0013122386503212624
0.0013122386503212624
0.0013122386503212624
0.0013122386503212624
0.0013122386503212624
0.0013078215291244533
0.0010070805745669986
0.0010070805745669986
0.0010070805745669986
0.0010070805745669986
0.0010070805745669986
0.0010070805745669986
0.0010070805745669986
0.0010070805745669986
0.0010070805745669986
0.0010070805745669986
0.0010070805745669986
0.0010070805745669986
0.0010070805745669986
0.0010070805745669986
0.0009832845165647086
0.0009832845165647086
0.0008470160662525927
0.0008470160662525927
0.0008470160662525927
0.0008470160662525927
0.0008470160662525927
0.000807337539274755
0.000807337539274755
0.000807337539274755
0.000807337539274755
0.000807337539274755
0.0006614160779037093
0.0006614160779037093
0.0006614160779037093
0.0006614160779037093
0.0006414292110648034
0.0006414292110648034
0.0006414292110648034
0.0006414292110648034
0.0006414292110648034
0.0006414292110648034
0.0005804504321424986
0.0005804504321424986
0.0005804504321424986
0.0005804504321424986
0.0005804504321424986
0.0005721236274141006
0.0005326081382364123
0.0005326081382364123
0.0005326081382364123
0.0005326081382364123
0.0005326081382364123
0.0005326081382364123
0.0005326081382364123
0.0005182245808299513
0.0005182245808299513
0.0005182245808299513
0.0005182245808299513
0.0004714675681256608
0.0004714675681256608
0.0004714675681256608
0.0004714675681256608
0.0004714675681256608
0.0004714675681256608
0.0004546094883295382
0.0004546094883295382
0.0004546094883295382
0.0004546094883295382
0.0004546094883295382
0.00045265614946288224
0.00041294446824480247
0.00038732450671474794
0.00038732450671474794
0.0003736224830639401
0.00027587514980353944
0.00027587514980353944
0.00027587514980353944
0.00027587514980353944
0.00027587514980353944
0.00027587514980353944
0.00027587514980353944
0.00027587514980353944
0.00027587514980353944
0.00027587514980353944
0.00027587514980353944
0.00027587514980353944
0.00027587514980353944
0.00027587514980353944
0.00027587514980353944
0.00027587514980353944
0.00027587514980353944
0.00027587514980353944
0.00027587514980353944
0.00027587514980353944
0.00027587514980353944
0.00027587514980353944
0.00027587514980353944
0.00027587514980353944
0.00027587514980353944
0.00023770805081824165
0.00023770805081824165
0.00023770805081824165
0.00023770805081824165
0.00023770805081824165
0.00023770805081824165
0.00023770805081824165
0.00023770805081824165
0.00023770805081824165
0.0002250311616194267
0.0002250311616194267
0.0002141880971748833
0.0002141880971748833
0.0002141880971748833
0.0001582718109816028
0.0001582718109816028
0.0001582718109816028
0.00012681037754447289
0.00012681037754447289
0.00012681037754447289
0.00012681037754447289
0.00012681037754447289
0.00012681037754447289
0.00012681037754447289
0.00012681037754447289
0.00012681037754447289
0.00012681037754447289
0.00012681037754447289
0.00012681037754447289
0.00012681037754447289
0.00012681037754447289
0.00012681037754447289
0.00012681037754447289
0.00012681037754447289
0.00012681037754447289
0.00012681037754447289
0.00012681037754447289
0.00012681037754447289
0.00012681037754447289
0.00012681037754447289
0.00012681037754447289
0.00012681037754447289
0.00012681037754447289
0.00012681037754447289
0.00012681037754447289
0.00012681037754447289
0.00012681037754447289
0.00012681037754447289
0.00012681037754447289
0.00011626219205496113
0.00011626219205496113
0.00010407972609272065
0.00010407972609272065
0.00010407972609272065
0.00010407972609272065
0.00010407972609272065
0.00010407972609272065
0.00010407972609272065
0.00010407972609272065
0.00010407972609272065
0.00010407972609272065
0.00010272279575573862
0.00010010718393971274
9.421334118897562e-05
9.421334118897562e-05
9.421334118897562e-05
8.810938011905023e-05
7.592861686234187e-05
7.592861686234187e-05
7.592861686234187e-05
7.592861686234187e-05
7.592861686234187e-05
7.592861686234187e-05
7.592861686234187e-05
7.592861686234187e-05
7.592861686234187e-05
7.592861686234187e-05
7.509879935696517e-05
7.509879935696517e-05
7.509879935696517e-05
7.509879935696517e-05
7.509879935696517e-05
7.441900076088359e-05
6.0255356451932585e-05
6.0255356451932585e-05
6.0255356451932585e-05
6.0255356451932585e-05
6.0255356451932585e-05
6.0255356451932585e-05
6.0255356451932585e-05
5.287653695518202e-05
5.287653695518202e-05
5.287653695518202e-05
5.287653695518202e-05
5.269837501487018e-05
5.1222445577536746e-05
5.1222445577536746e-05
5.1222445577536746e-05
5.1222445577536746e-05
5.1222445577536746e-05
5.1222445577536746e-05
5.1222445577536746e-05
5.1222445577536746e-05
5.1222445577536746e-05
5.040035229342266e-05
3.5246602706706653e-05
3.5246602706706653e-05
3.5246602706706653e-05
3.5246602706706653e-05
3.5246602706706653e-05
3.5246602706706653e-05
3.5246602706706653e-05
3.5246602706706653e-05
3.5246602706706653e-05
3.5246602706706653e-05
3.44329942798538e-05
3.44329942798538e-05
3.44329942798538e-05
3.1465952059051006e-05
3.1465952059051006e-05
3.1465952059051006e-05
3.1465952059051006e-05
3.1465952059051006e-05
3.1465952059051006e-05
3.1465952059051006e-05
3.1465952059051006e-05
3.1465952059051006e-05
3.1465952059051006e-05
3.1465952059051006e-05
3.1465952059051006e-05
3.1465952059051006e-05
3.053965987831475e-05
3.053965987831475e-05
3.053965987831475e-05
3.053965987831475e-05
3.053965987831475e-05
3.053965987831475e-05
3.053965987831475e-05
3.053965987831475e-05
3.053965987831475e-05
3.053965987831475e-05
2.945798105713493e-05
2.945798105713493e-05
2.945798105713493e-05
2.945798105713493e-05
2.9378821274406164e-05
2.9378821274406164e-05
2.4733672702836884e-05
2.4733672702836884e-05
2.4733672702836884e-05
2.4733672702836884e-05
2.4733672702836884e-05
2.4733672702836884e-05
2.4733672702836884e-05
2.4733672702836884e-05
2.4733672702836884e-05
2.4733672702836884e-05
2.4733672702836884e-05
2.4733672702836884e-05
2.4733672702836884e-05
2.4733672702836884e-05
2.4480254630532272e-05
2.2676634266360907e-05
2.2676634266360907e-05
2.2676634266360907e-05
2.2676634266360907e-05
2.2676634266360907e-05
2.0722550893026437e-05
2.0722550893026437e-05
2.0722550893026437e-05
2.0722550893026437e-05
2.0722550893026437e-05
2.0352809567469876e-05
1.191915384879394e-05
1.191915384879394e-05
1.191915384879394e-05
1.191915384879394e-05
1.191915384879394e-05
1.191915384879394e-05
1.191915384879394e-05
1.191915384879394e-05
1.191915384879394e-05
1.191915384879394e-05
1.191915384879394e-05
1.191915384879394e-05
1.191915384879394e-05
1.191915384879394e-05
1.191915384879394e-05
1.191915384879394e-05
1.191915384879394e-05
1.191915384879394e-05
1.191915384879394e-05
1.191915384879394e-05
1.191915384879394e-05
1.191915384879394e-05
1.191915384879394e-05
1.191915384879394e-05
1.191915384879394e-05
1.1866578876862377e-05
1.1866578876862377e-05
