0.002930164337158203
0.0024864673614501953
0.0024878978729248047
0.0026929378509521484
0.011419296264648438
0.0024726390838623047
0.0029141902923583984
0.0031473636627197266
0.012338638305664062
0.0031435489654541016
0.0024843215942382812
0.0027811527252197266
0.002475261688232422
0.002730131149291992
0.0025348663330078125
0.0040209293365478516
0.003445863723754883
0.003475666046142578
0.0034754276275634766
0.0027523040771484375
0.0024156570434570312
0.0023856163024902344
0.002412557601928711
0.002387523651123047
0.003451108932495117
0.003425121307373047
0.007831096649169922
0.0023984909057617188
0.014251232147216797
0.002445697784423828
0.002696990966796875
0.0025904178619384766
0.002649068832397461
0.0024862289428710938
0.0024509429931640625
0.002498149871826172
0.0025281906127929688
0.002652883529663086
0.0025708675384521484
0.0026366710662841797
0.0025174617767333984
0.0025196075439453125
0.0024366378784179688
0.002536296844482422
0.0025360584259033203
0.0024492740631103516
0.00252532958984375
0.0024566650390625
0.002481222152709961
0.002519369125366211
0.0027327537536621094
0.0024728775024414062
0.0025413036346435547
0.0026657581329345703
0.0024268627166748047
0.002359628677368164
0.0023915767669677734
0.002417325973510742
0.0023832321166992188
0.0025560855865478516
0.0024101734161376953
0.0024247169494628906
0.0024213790893554688
0.002368450164794922
0.002417325973510742
0.0023806095123291016
0.0023865699768066406
0.0023822784423828125
0.0024254322052001953
0.002390146255493164
0.0023958683013916016
0.002381563186645508
0.0024023056030273438
0.0024063587188720703
0.002391815185546875
0.002399444580078125
0.002404451370239258
0.002373933792114258
0.0023844242095947266
0.0023610591888427734
0.0024101734161376953
0.002397298812866211
0.002384662628173828
0.0023674964904785156
0.00240325927734375
0.0023603439331054688
0.0023643970489501953
0.0023725032806396484
0.0023996829986572266
0.0025069713592529297
0.002377748489379883
0.0023779869079589844
0.0023877620697021484
0.002383708953857422
0.002371072769165039
0.0024056434631347656
0.0023758411407470703
0.002386331558227539
0.00235748291015625
0.002406597137451172
0.002403736114501953
0.0023908615112304688
0.002373933792114258
0.00240325927734375
0.002378702163696289
0.0024030208587646484
0.0023932456970214844
0.002402067184448242
0.0023734569549560547
0.0023458003997802734
0.0023975372314453125
0.0023651123046875
0.0023844242095947266
0.0024166107177734375
0.002395153045654297
0.0023946762084960938
0.0023889541625976562
0.0023851394653320312
0.0023567676544189453
0.0023849010467529297
0.002385377883911133
0.0024366378784179688
0.0023827552795410156
0.0023937225341796875
0.0023887157440185547
0.0023925304412841797
0.0024366378784179688
0.002402782440185547
0.002590656280517578
0.0026133060455322266
0.0023767948150634766
0.0024003982543945312
0.002407550811767578
0.0024025440216064453
0.002381563186645508
0.002400636672973633
0.002404451370239258
0.002410888671875
0.0023915767669677734
0.002351999282836914
0.002399444580078125
0.002390146255493164
0.0023741722106933594
0.0024106502532958984
0.0024137496948242188
0.0023877620697021484
0.002398252487182617
0.0024275779724121094
0.002474546432495117
0.0024194717407226562
0.0024623870849609375
0.0024378299713134766
0.0024106502532958984
0.0024306774139404297
0.002423524856567383
0.0024690628051757812
0.0024051666259765625
0.0024254322052001953
0.0024385452270507812
0.0024268627166748047
0.0024254322052001953
0.0024073123931884766
0.002404451370239258
0.002446889877319336
0.002415180206298828
0.0024361610412597656
0.0024361610412597656
0.0024232864379882812
0.0024929046630859375
0.002402782440185547
0.002377748489379883
0.0023920536041259766
0.002368927001953125
0.0023641586303710938
0.002404451370239258
0.002371072769165039
0.0023436546325683594
0.002389669418334961
0.0023806095123291016
0.002373933792114258
0.0023844242095947266
0.0023856163024902344
0.0024242401123046875
0.002393960952758789
0.002427339553833008
0.0024216175079345703
0.002404451370239258
0.002396821975708008
0.002415895462036133
0.0024056434631347656
0.0024483203887939453
0.0024306774139404297
0.002394437789916992
0.002405881881713867
0.0023908615112304688
0.002370119094848633
0.0023975372314453125
0.0023996829986572266
0.002374887466430664
0.0023992061614990234
0.0024237632751464844
0.002391338348388672
0.0024178028106689453
0.0024907588958740234
0.0024263858795166016
0.0025305747985839844
0.0024449825286865234
0.0025703907012939453
0.0025513172149658203
0.0026259422302246094
0.002412557601928711
0.0024156570434570312
0.0024170875549316406
0.002430438995361328
0.002428770065307617
0.002422809600830078
0.0024657249450683594
0.002424001693725586
0.002429485321044922
0.002424955368041992
0.002403736114501953
0.0024268627166748047
0.002468109130859375
0.002388477325439453
0.002424955368041992
0.0023758411407470703
0.0024046897888183594
0.0023860931396484375
0.002393960952758789
0.002416849136352539
0.002431631088256836
0.002550363540649414
0.0025200843811035156
0.0024504661560058594
0.002411365509033203
0.0024182796478271484
0.00250244140625
0.0024781227111816406
0.0024039745330810547
0.002386808395385742
0.0023810863494873047
0.002443075180053711
0.002542257308959961
0.0025751590728759766
0.0023665428161621094
0.0024628639221191406
0.0023763179779052734
0.002382040023803711
0.002431631088256836
0.0025048255920410156
0.002451181411743164
0.0023937225341796875
0.002405881881713867
0.002534151077270508
0.0024042129516601562
0.0023882389068603516
0.002392292022705078
0.0024535655975341797
0.002382516860961914
0.0023775100708007812
0.0023980140686035156
0.002380847930908203
0.0024008750915527344
0.002477407455444336
0.002415180206298828
0.002415895462036133
0.0023996829986572266
0.002385377883911133
0.0023775100708007812
0.002384662628173828
0.002399444580078125
0.002428770065307617
0.00255584716796875
0.0024454593658447266
0.002511262893676758
0.002386331558227539
0.0023927688598632812
0.002424478530883789
0.002409219741821289
0.002402782440185547
0.0023810863494873047
0.002384185791015625
0.0024106502532958984
0.002372264862060547
0.002396821975708008
0.0023806095123291016
0.0024046897888183594
0.002401590347290039
0.0023980140686035156
0.002416372299194336
0.0024094581604003906
0.002344846725463867
0.0024034976959228516
0.002458810806274414
0.002353668212890625
0.0024132728576660156
0.002406597137451172
0.002386331558227539
0.002382993698120117
0.0023813247680664062
0.002399444580078125
0.0023965835571289062
0.002379894256591797
0.002404451370239258
0.002411365509033203
0.0023965835571289062
0.002381563186645508
0.0023708343505859375
0.002381563186645508
0.0024003982543945312
0.0023856163024902344
0.0023889541625976562
0.0024261474609375
0.0023865699768066406
0.002386331558227539
0.0025899410247802734
0.0023844242095947266
0.0023851394653320312
0.0023801326751708984
0.002494335174560547
0.002573728561401367
0.002382993698120117
0.0024001598358154297
0.0024101734161376953
0.0023920536041259766
0.0023813247680664062
0.002355813980102539
0.002386331558227539
0.002423524856567383
0.0024442672729492188
0.002510547637939453
0.0024802684783935547
0.0025060176849365234
0.0024344921112060547
0.0024671554565429688
0.0025730133056640625
0.0024590492248535156
0.0024902820587158203
0.002527475357055664
0.002428770065307617
0.002439260482788086
0.002438783645629883
0.0024712085723876953
0.0023956298828125
0.002388477325439453
0.0023789405822753906
0.002413034439086914
0.0024139881134033203
0.002399921417236328
0.002462148666381836
0.002445697784423828
0.0024309158325195312
0.002553701400756836
0.0025832653045654297
0.0025014877319335938
0.0024094581604003906
0.0024230480194091797
0.002424955368041992
0.0024051666259765625
0.002460002899169922
0.0024225711822509766
0.002401590347290039
0.0023925304412841797
0.002373218536376953
0.0024170875549316406
0.002410888671875
0.002420663833618164
0.0023877620697021484
0.0024034976959228516
0.002372264862060547
0.0023910999298095703
0.002371549606323242
0.0023856163024902344
0.0024144649505615234
0.0023696422576904297
0.002460479736328125
0.0024170875549316406
0.0023856163024902344
0.0023670196533203125
0.0023899078369140625
0.002388477325439453
0.0023758411407470703
0.002396106719970703
0.002404928207397461
0.0023946762084960938
0.0024118423461914062
0.0023975372314453125
0.0023963451385498047
0.00237274169921875
0.0024089813232421875
0.002400636672973633
0.0023984909057617188
0.0023946762084960938
0.002428770065307617
0.0023949146270751953
0.0024199485778808594
0.0023772716522216797
0.002420186996459961
0.0023789405822753906
0.0023500919342041016
0.002382040023803711
0.002340555191040039
0.002394437789916992
0.0023927688598632812
0.0023894309997558594
0.0023927688598632812
0.0023665428161621094
0.002404451370239258
0.0023784637451171875
0.0023810863494873047
0.002389669418334961
0.002376556396484375
0.0023996829986572266
0.0024123191833496094
0.0023729801177978516
0.0023958683013916016
0.0023834705352783203
0.0023796558380126953
0.002557516098022461
0.002399444580078125
0.002385377883911133
0.0026350021362304688
0.0026001930236816406
0.002496004104614258
0.0024559497833251953
0.002558469772338867
0.0024170875549316406
0.0023682117462158203
0.0023529529571533203
0.0023810863494873047
0.0023467540740966797
0.0024619102478027344
0.0024271011352539062
0.002371549606323242
0.0023927688598632812
0.002397775650024414
0.0023643970489501953
0.0023696422576904297
0.002373218536376953
0.0024433135986328125
0.002477884292602539
0.0025146007537841797
0.002456188201904297
0.0028128623962402344
0.0028772354125976562
0.002519369125366211
0.0024530887603759766
0.003027200698852539
0.002414226531982422
0.0024192333221435547
0.00238037109375
0.002412080764770508
0.0024106502532958984
0.0023956298828125
0.002401113510131836
0.0024225711822509766
0.002390623092651367
0.0023887157440185547
0.00238800048828125
0.0024144649505615234
0.0024275779724121094
0.0028340816497802734
0.0024933815002441406
0.002388477325439453
0.0023703575134277344
0.0023827552795410156
0.0024423599243164062
0.002496480941772461
0.002480745315551758
0.0024645328521728516
0.002664804458618164
0.002712726593017578
0.0028324127197265625
0.0031960010528564453
0.0028228759765625
0.0027942657470703125
0.0031142234802246094
0.002808809280395508
0.0023844242095947266
0.002418994903564453
0.002388477325439453
0.002386808395385742
0.002387523651123047
0.0024116039276123047
0.002414703369140625
0.0024721622467041016
0.0024080276489257812
0.002847909927368164
0.0023660659790039062
0.0017533302307128906
0.002339601516723633
0.0023882389068603516
0.002389669418334961
0.0023872852325439453
0.018384218215942383
0.002397298812866211
0.0023810863494873047
0.002378225326538086
0.002396106719970703
0.0023889541625976562
0.0023882389068603516
0.002385377883911133
0.0023975372314453125
0.0023813247680664062
0.002431154251098633
0.0024862289428710938
0.0023925304412841797
0.002367734909057617
0.002382516860961914
0.002400636672973633
0.0023670196533203125
0.0024085044860839844
0.0023679733276367188
0.002413511276245117
0.0024089813232421875
0.002398967742919922
0.0025048255920410156
0.0023882389068603516
0.0023941993713378906
0.0023670196533203125
0.002390623092651367
0.002440929412841797
0.002382040023803711
0.0024116039276123047
0.0023949146270751953
0.002391338348388672
0.0024595260620117188
0.002706289291381836
0.0024497509002685547
0.002579212188720703
0.00246429443359375
0.002392292022705078
0.002406597137451172
0.0025177001953125
0.002474069595336914
0.0024857521057128906
0.0024635791778564453
0.002431154251098633
0.002635478973388672
0.002434253692626953
0.002474069595336914
0.0024137496948242188
0.002405405044555664
0.0023963451385498047
0.002394437789916992
0.0023925304412841797
0.0024077892303466797
0.0023987293243408203
0.002358675003051758
0.002371549606323242
0.002386808395385742
0.0023899078369140625
0.0023932456970214844
0.0023717880249023438
0.0023975372314453125
0.002363443374633789
0.002393484115600586
0.0023801326751708984
0.0023894309997558594
0.002338409423828125
0.0024116039276123047
0.0024080276489257812
0.002398252487182617
0.0023963451385498047
0.0024085044860839844
0.002396821975708008
0.0024383068084716797
0.0025894641876220703
0.0024077892303466797
0.0024139881134033203
0.0023941993713378906
0.002405405044555664
0.002381563186645508
0.002407550811767578
0.0023925304412841797
0.0023717880249023438
0.002390623092651367
0.002424478530883789
0.002409696578979492
0.0023796558380126953
0.002396821975708008
0.0023872852325439453
0.002389669418334961
0.0023984909057617188
0.002393960952758789
0.0024259090423583984
0.0024127960205078125
0.0023887157440185547
0.002374410629272461
0.0024073123931884766
0.0023925304412841797
0.0023992061614990234
0.0023796558380126953
0.0023887157440185547
0.0023870468139648438
0.002345561981201172
0.002367258071899414
0.0023810863494873047
0.0023832321166992188
0.0024831295013427734
0.0024940967559814453
0.0024046897888183594
0.002504587173461914
0.0018782615661621094
0.0022542476654052734
0.002397298812866211
0.0023581981658935547
0.002404928207397461
0.0023894309997558594
0.002396821975708008
0.002358675003051758
0.002397298812866211
0.0023779869079589844
0.0023987293243408203
0.00235748291015625
0.0023932456970214844
0.002389669418334961
0.002360820770263672
0.0023703575134277344
0.0023813247680664062
0.0023589134216308594
0.002372264862060547
0.0023882389068603516
0.002399921417236328
0.002409219741821289
0.002382516860961914
0.0023813247680664062
0.002331256866455078
0.0023658275604248047
0.002382516860961914
0.0023708343505859375
0.0023894309997558594
0.002384662628173828
0.0023763179779052734
0.002375364303588867
0.0023889541625976562
0.0023801326751708984
0.0023834705352783203
0.0023779869079589844
0.0023987293243408203
0.0024263858795166016
0.0023910999298095703
0.002406597137451172
0.0023763179779052734
0.0023865699768066406
0.002406597137451172
0.0023946762084960938
0.0024099349975585938
0.0023801326751708984
0.002393484115600586
0.002384185791015625
0.002393484115600586
0.0023827552795410156
0.002396106719970703
0.002409219741821289
0.0023908615112304688
0.002366781234741211
0.002371072769165039
0.002358675003051758
0.002370119094848633
0.0023915767669677734
0.0024271011352539062
0.0023849010467529297
0.002382516860961914
0.002355813980102539
0.002378225326538086
0.0023822784423828125
0.0023813247680664062
0.002444028854370117
0.0023789405822753906
0.002390623092651367
0.0023937225341796875
0.0023953914642333984
0.0023860931396484375
0.002393484115600586
0.002361297607421875
0.0023827552795410156
0.002392292022705078
0.0023345947265625
0.002413511276245117
0.0023839473724365234
0.002391815185546875
0.0023887157440185547
0.0024068355560302734
0.002382040023803711
0.0024025440216064453
0.002371072769165039
0.00241851806640625
0.0023806095123291016
0.002351045608520508
0.0023908615112304688
0.0024030208587646484
0.002401590347290039
0.002396821975708008
0.002347707748413086
0.0023682117462158203
0.0023741722106933594
0.002368450164794922
0.0023899078369140625
0.002362489700317383
0.002392292022705078
0.0023741722106933594
0.0023658275604248047
0.002390623092651367
0.0023953914642333984
0.0023660659790039062
0.0024123191833496094
0.002407073974609375
0.0023720264434814453
0.002412080764770508
0.0024008750915527344
0.0023741722106933594
0.002355813980102539
0.0023682117462158203
0.0023813247680664062
0.0024192333221435547
0.0023920536041259766
0.0024013519287109375
0.002379179000854492
0.0023899078369140625
0.002401590347290039
0.0023937225341796875
0.0024225711822509766
0.0023910999298095703
0.002390623092651367
0.0023882389068603516
0.002380847930908203
0.002398252487182617
0.002409696578979492
0.002415180206298828
0.0024008750915527344
0.002446413040161133
0.002390146255493164
0.002377748489379883
0.002405405044555664
0.0024480819702148438
0.0024352073669433594
0.002472400665283203
0.0023527145385742188
0.0023937225341796875
0.0024242401123046875
0.0024030208587646484
0.0024161338806152344
0.0024099349975585938
0.002404928207397461
0.0024030208587646484
0.002397775650024414
0.0024919509887695312
0.002401113510131836
0.0023620128631591797
0.002377748489379883
0.002388477325439453
0.002367734909057617
0.0024018287658691406
0.002412557601928711
0.0023899078369140625
0.002390146255493164
0.0023648738861083984
0.002356290817260742
0.0024127960205078125
0.0023784637451171875
0.0023932456970214844
0.002359151840209961
0.002393484115600586
0.002415180206298828
0.002397298812866211
0.0024077892303466797
0.0023851394653320312
0.0023908615112304688
0.002367734909057617
0.002398252487182617
0.0024242401123046875
0.0024137496948242188
0.0024156570434570312
0.0024018287658691406
0.002433300018310547
0.0024306774139404297
0.002376079559326172
0.002373933792114258
0.0023529529571533203
0.0023794174194335938
0.0023925304412841797
0.0023872852325439453
0.0023958683013916016
0.002393960952758789
0.002399444580078125
0.0024557113647460938
0.002474546432495117
0.0023958683013916016
0.0023975372314453125
0.002377748489379883
0.0024263858795166016
0.0023953914642333984
0.0023894309997558594
0.0024077892303466797
0.0024063587188720703
0.0023772716522216797
0.002432107925415039
0.0023894309997558594
0.0024073123931884766
0.002414703369140625
0.002382040023803711
0.0023877620697021484
0.002395153045654297
0.002379894256591797
0.0023736953735351562
0.0024008750915527344
0.0023589134216308594
0.0023910999298095703
0.002424001693725586
0.002403736114501953
0.002401113510131836
0.0026412010192871094
0.0024678707122802734
0.0028803348541259766
0.002707958221435547
0.002752542495727539
0.0027348995208740234
0.0027146339416503906
0.003065824508666992
0.0027132034301757812
0.0027513504028320312
0.0027451515197753906
0.0027070045471191406
0.0032739639282226562
0.002679586410522461
0.002374410629272461
0.0023887157440185547
0.002389192581176758
0.002895355224609375
0.0024394989013671875
0.0024983882904052734
0.0024597644805908203
0.0024721622467041016
0.002853870391845703
0.0024573802947998047
0.0026807785034179688
0.0026597976684570312
0.0026895999908447266
0.0029833316802978516
0.0026712417602539062
0.0026934146881103516
0.0027370452880859375
0.002660512924194336
0.002967357635498047
0.0029861927032470703
0.002699613571166992
0.0031723976135253906
0.0026760101318359375
0.0027806758880615234
0.0028066635131835938
0.002658367156982422
0.002624988555908203
0.0023717880249023438
0.002362966537475586
0.002410411834716797
0.0023720264434814453
0.002384185791015625
0.0023529529571533203
0.002408266067504883
0.002397298812866211
0.002401590347290039
0.002409696578979492
0.0023736953735351562
0.002389669418334961
0.0023567676544189453
0.002384185791015625
0.0023818016052246094
0.002363920211791992
0.0023543834686279297
0.0024068355560302734
0.002370595932006836
0.0024003982543945312
0.0023813247680664062
0.002395153045654297
0.002368450164794922
0.002385854721069336
0.002407550811767578
0.0027272701263427734
0.002489328384399414
0.00241851806640625
0.002398967742919922
0.0023927688598632812
0.0023479461669921875
0.002401590347290039
0.0023453235626220703
0.002417325973510742
0.0024003982543945312
0.0024292469024658203
0.0024437904357910156
0.002392292022705078
0.0024487972259521484
0.002396106719970703
0.0023927688598632812
0.002424955368041992
0.0023810863494873047
0.0023365020751953125
0.0023703575134277344
0.002366781234741211
0.0023894309997558594
0.002376079559326172
0.002411365509033203
0.0023424625396728516
0.002371549606323242
0.0023903846740722656
0.0023958683013916016
0.0023674964904785156
0.002385854721069336
0.002373933792114258
0.002398967742919922
0.002370119094848633
0.0024411678314208984
0.0023975372314453125
0.002373218536376953
0.0023746490478515625
0.0024073123931884766
0.0023925304412841797
0.0023686885833740234
0.002407073974609375
0.0023522377014160156
0.0023877620697021484
0.0023987293243408203
0.0023734569549560547
0.002412557601928711
0.0024046897888183594
0.0024912357330322266
0.0024967193603515625
0.002495288848876953
0.002452850341796875
0.0023839473724365234
0.002423524856567383
0.002536296844482422
0.002437591552734375
0.0025358200073242188
0.002585887908935547
0.002417325973510742
0.002442598342895508
0.002438068389892578
0.002480745315551758
0.0024116039276123047
0.0024068355560302734
0.0024127960205078125
0.0025739669799804688
0.0024123191833496094
0.002473592758178711
0.002437591552734375
0.0024335384368896484
0.002393007278442383
0.0024492740631103516
0.0024871826171875
0.0024042129516601562
0.0024178028106689453
0.0025191307067871094
0.0025529861450195312
0.002390146255493164
0.0025796890258789062
0.0024018287658691406
0.0024700164794921875
0.0025129318237304688
0.0024580955505371094
0.002471446990966797
0.002418994903564453
0.0023818016052246094
0.0023725032806396484
0.002366781234741211
0.0023882389068603516
0.002641439437866211
0.0023665428161621094
0.0024259090423583984
0.002388477325439453
0.0024352073669433594
0.002418994903564453
0.002376079559326172
0.0023772716522216797
0.0023927688598632812
0.002390623092651367
0.002369403839111328
0.0023725032806396484
0.002423524856567383
0.002374887466430664
0.00238037109375
0.0024476051330566406
0.00234222412109375
0.002373933792114258
0.0023832321166992188
0.0024127960205078125
0.002532482147216797
0.0025064945220947266
0.0024149417877197266
0.002438783645629883
0.002398967742919922
0.0023956298828125
0.002409219741821289
0.002424955368041992
0.002397298812866211
0.0024144649505615234
0.002404928207397461
0.0024700164794921875
0.002430438995361328
0.002565145492553711
