16.99269973554505
16.99269973554505
16.992664458545043
16.990687227571776
16.990687227571776
16.307631970671338
16.307631970671338
16.307631970671338
16.298521714130892
16.298521714130892
16.298521714130892
16.298144383566445
16.296377624559714
16.296377624559714
16.292190951916396
16.292190951916396
16.292086816901584
16.291609981330712
16.291609981330712
16.138199081404213
15.80556983660591
15.804441709944516
15.804441709944516
15.804199769007493
15.804199769007493
15.800579433340282
15.350877499298768
15.350877499298768
15.298430292520615
15.185896916450922
15.182173428059626
15.181834571753793
15.181834571753793
15.181834571753793
15.181834571753793
15.18145018959367
15.180127656588404
15.179484612974761
15.17940504591795
15.174168180825735
15.174168180825735
15.169879167468117
15.169879167468117
15.169879167468117
15.169078596200492
15.04062954309251
14.549801267816163
14.549801267816163
14.549801267816163
14.549801267816163
14.549801267816163
14.541172637441061
14.501323979987756
14.497041532362614
14.497041532362614
14.49229893253141
14.454680033788996
14.454680033788996
14.444640234148709
14.011947511813181
14.01021775113609
14.01021775113609
14.01021775113609
14.01021775113609
14.005848540303479
14.005848540303479
14.00556543349817
14.005303515320822
14.005303515320822
13.946358168978426
13.906376495863977
13.906376495863977
13.904353775755606
13.904353775755606
13.902280716271894
13.518425729780915
13.378619869844014
13.378619869844014
13.377801968986871
13.377801968986871
13.377801968986871
12.845732361802455
12.75478799229403
12.75478799229403
12.747651529019238
12.747651529019238
12.730564932884732
12.729955725941137
12.729955725941137
12.724007923230872
12.724007923230872
12.72316961373326
12.699785265961241
12.699785265961241
12.699785265961241
12.699785265961241
12.699785265961241
12.367066097283196
12.367066097283196
11.781421632667014
11.779989652462845
11.777632160867466
11.77754020391211
11.77754020391211
11.771226536520558
11.718179591502224
11.666088104452673
11.66562288874223
11.66562288874223
11.089558885975245
10.95654667899466
10.95654667899466
10.95654667899466
10.840946652232123
10.840946652232123
10.840946652232123
10.840946652232123
10.8397196258901
10.83847174773848
10.83847174773848
10.83761140954798
10.83761140954798
10.830925006419116
10.830925006419116
10.830925006419116
10.820913568589848
10.820913568589848
10.820913568589848
10.820913568589848
10.820913568589848
10.820913568589848
10.81763275068911
10.816787066808322
10.816787066808322
10.816787066808322
10.816787066808322
10.816777641438403
10.816777641438403
10.808128918743309
10.808128918743309
10.808128918743309
10.808128918743309
10.805566989585408
10.610623278665352
10.583054426824855
10.583054426824855
10.582146387143581
10.573162755712172
10.277709151407047
10.27470697101923
10.015123762233543
10.015123762233543
10.015123762233543
10.015123762233543
10.015123762233543
10.015123762233543
10.009695544119987
10.009695544119987
10.00454499908977
10.00454499908977
10.004321233284
10.004321233284
10.004321233284
9.997410564719818
9.976165784529856
9.972205569676705
9.971036055189963
9.971036055189963
9.68421673487728
9.664189860019885
9.663904750085566
9.659557294239697
9.659557294239697
9.659557294239697
9.42403753902393
9.42403753902393
9.418794608502182
9.41704455250376
9.413557332367361
9.413557332367361
9.413193789887384
9.404635931198461
9.403624305342907
9.403393916609206
9.39245246139007
9.038341960693007
9.038341960693007
9.035960503617218
8.931410814698737
8.905513905922493
8.758851003334929
8.75789794211374
8.656072162469478
8.654939478856072
8.208684707672205
8.175227932669918
8.14969310616928
8.14967071192193
8.148223068262741
8.146288579822519
8.14185972801822
8.14185972801822
8.14185972801822
8.14155988583624
8.14155988583624
8.141459409868975
8.140314032984286
8.140314032984286
8.140314032984286
8.140314032984286
8.13787491843977
8.137834318965322
8.080117732324311
7.992653784191653
7.636577551405402
7.636577551405402
7.634600199044021
7.633834744473184
7.6323315697031
7.628940939924451
7.628940939924451
7.610849984696266
7.610849984696266
7.610849984696266
7.605214563320107
7.604961887282977
7.604961887282977
7.604961887282977
7.198219243850289
7.198138001849072
7.193404692093576
6.862532834387636
6.593894501321364
6.593894501321364
6.593894501321364
6.593894501321364
6.590234721474989
6.582882611086658
6.505345502339017
6.505345502339017
6.399429180976396
6.150020498849667
6.144970602877629
6.144970602877629
6.143425000980399
6.143425000980399
6.143425000980399
6.14232972674667
6.140330273744336
6.140330273744336
6.140330273744336
6.137476019660458
6.137476019660458
6.137476019660458
6.1344033756806695
6.127031559877892
6.127031559877892
6.127031559877892
6.127031559877892
6.126658898652778
6.126268109670374
6.126268109670374
6.119102611237462
6.119102611237462
6.119102611237462
6.039794185849683
6.0376040842719085
6.023643386687684
6.023643386687684
6.023643386687684
6.023643386687684
6.021959937823599
5.954912894930519
5.94646139029185
5.945255560021771
5.938770504796597
5.767293284847517
5.7655031973609
5.7655031973609
5.724267580735351
5.724267580735351
5.724267580735351
5.724267580735351
5.724240534864009
5.724240534864009
5.724240534864009
5.721805245465088
5.721805245465088
5.721805245465088
5.641399899041442
5.641399899041442
5.63975690769646
5.63975690769646
5.63975690769646
5.63196624104479
5.63196624104479
5.6201227932218085
5.6098358685235254
5.607847353898988
5.60549410175749
5.60549410175749
5.604129378027
5.524342405075153
5.404899841517935
5.4043482378201375
5.40366206279943
5.40366206279943
5.40366206279943
5.403608781946428
5.403608781946428
5.403608781946428
5.269826211052996
5.2667211195491355
5.25987862977906
5.25987862977906
5.25987862977906
5.25813250089703
5.25813250089703
5.254530681714812
5.25444993029617
5.25444993029617
5.2241136492068705
5.21884444632072
5.21884444632072
5.2158470626884395
5.120888655041593
5.120058230436211
5.11796768158915
5.116644276551735
5.113644545762268
5.113644545762268
5.112361088396197
5.086657045445856
4.999841568005735
4.983572259505358
4.983572259505358
4.983310768156903
4.983310768156903
4.983310768156903
4.982439379530813
4.95019863067488
4.90086024379424
4.896978262743946
4.896978262743946
4.896195145292914
4.862997675185882
4.859684025743061
4.8087997634447355
4.795432409128299
4.795432409128299
4.795268028788318
4.794634085538846
4.79460575005692
4.793975133941164
4.791529090334077
4.790778697736169
4.790177507242753
4.790177507242753
4.779205289714252
4.76194413404313
4.76194413404313
4.615886597296463
4.615335708693355
4.6128627752027285
4.6128627752027285
4.6128627752027285
4.611450976493014
4.611450976493014
4.611450976493014
4.611450976493014
4.611450976493014
4.592042024285366
4.5884831041985095
4.574692974927984
4.57327685429026
4.57327685429026
4.530842821790515
4.522088963755067
4.5204951859934965
4.5204951859934965
4.5204951859934965
4.447134880270486
4.445653921098913
4.445653921098913
4.432283599344334
4.409918312141329
4.405834849564517
4.405284051788218
4.405281379378984
4.404920962072907
4.361625301870681
4.361625301870681
4.356240786665467
4.356240786665467
4.351269794183207
4.351269794183207
4.349551046998641
4.33980823869593
4.3366296403466436
4.336212107961888
4.336212107961888
4.336212107961888
4.336212107961888
4.327830458229215
4.3226086331811935
4.320999342875691
4.320999342875691
4.320999342875691
4.320999342875691
4.317636741213825
4.313375741520435
4.30911823881911
4.035324782494879
4.035324782494879
4.035324782494879
4.033363089960421
4.032165874598132
4.032165874598132
4.020868073033693
4.004133909109036
3.9980652610937852
3.8387811605657056
3.8387811605657056
3.8387811605657056
3.8387811605657056
3.8387811605657056
3.8387811605657056
3.8383178129428615
3.8273444654313273
3.8273444654313273
3.826235989090492
3.7664144217047664
3.763281288795458
3.7631457358538576
3.7631457358538576
3.7631457358538576
3.7631457358538576
3.761711933573455
3.761563461752356
3.76018611136881
3.76018611136881
3.76018611136881
3.7594017563561692
3.748128889980336
3.748128889980336
3.748128889980336
3.747643065683647
3.747643065683647
3.746075788502978
3.745079844302129
3.745079844302129
3.7449930957108144
3.7449930957108144
3.7432143424108055
3.733109962086754
3.6357515203605786
3.6327772398075773
3.6327772398075773
3.6294560328388386
3.609711852014641
3.560398749094322
3.560398749094322
3.5573757963685466
3.5573757963685466
3.5556604021520464
3.5556604021520464
3.5556604021520464
3.5543690529017127
3.5543690529017127
3.5543690529017127
3.5543690529017127
3.5468867174397865
3.5028595650091674
3.5028595650091674
3.501226356468681
3.4994239534365583
3.4994239534365583
3.4922597899854644
3.4922597899854644
3.4922597899854644
3.4903054299726577
3.486740891043514
3.4686863883670966
3.4686863883670966
3.4686863883670966
3.4686863883670966
3.465210550312502
3.465210550312502
3.4425184622530445
3.417962227364768
3.3516377166313696
3.3516377166313696
3.3464069909744083
3.3464069909744083
3.3464069909744083
3.310619600611087
3.3105804812676816
3.3105804812676816
3.2886836567884394
3.2886836567884394
3.288555423002169
3.288555423002169
3.2820930000775874
3.2560562961689037
3.253247978477411
3.253247978477411
3.244486243489664
3.2441792577423385
3.2441792577423385
3.2206150726473908
3.2206150726473908
3.1645760871844644
3.1645760871844644
3.1633689114710144
3.1633689114710144
3.0769338543443823
3.075534015793462
3.075534015793462
3.0752547297706307
2.7310817859383043
2.6813619545854337
2.6813619545854337
2.679755411711497
2.6764062333769694
2.6764062333769694
2.6764062333769694
2.6761163698562385
2.6735802637070485
2.6734573316653183
2.66811556889823
2.66811556889823
2.6627156556939724
2.6627156556939724
2.6627156556939724
2.6627156556939724
2.6627156556939724
2.6627156556939724
2.660671454376267
2.660351055767194
2.6566697942407025
2.516365059647793
2.5109217297836786
2.5109217297836786
2.4453925276187896
2.3965964815816605
2.3965964815816605
2.3965964815816605
2.3965964815816605
2.3965964815816605
2.3885432259040087
2.3885432259040087
2.3885432259040087
2.3409074833469248
2.3322764186226728
2.2746718841680647
2.265577598329287
2.265577598329287
2.265577598329287
2.265577598329287
2.265577598329287
2.186444979263637
2.1858694960689107
2.1837376156252475
2.160829414852696
2.1608252528443757
2.1608252528443757
2.1608252528443757
2.158025181760202
2.158025181760202
2.155783293315004
2.1259917252827663
2.1259917252827663
2.1239739713223784
2.1207287637428998
2.1207287637428998
2.117452056603021
2.0957241278384053
2.0957241278384053
2.095702723090856
2.0916058960489075
2.0769476295313822
2.0769476295313822
2.076824551354992
2.076824551354992
2.076824551354992
1.9133626410096056
1.8416177285807542
1.8416177285807542
1.8416177285807542
1.8416177285807542
1.8358736365381851
1.834882710380871
1.8332660012231763
1.8329038805205933
1.8329038805205933
1.8329038805205933
1.8329038805205933
1.8323781417208025
1.8316411399359218
1.8316411399359218
1.8316411399359218
1.8316411399359218
1.831232114647655
1.7946230501445655
1.769084025494017
1.769084025494017
1.7606898125201305
1.7606898125201305
1.7606898125201305
1.7606898125201305
1.584484100217594
1.5753006478848555
1.5268433929694467
1.5240385539004286
1.5234063967824838
1.5179053546005044
1.5176826775157117
1.5176826775157117
1.5151702551714514
1.4905381798850819
1.4905381798850819
1.4905381798850819
1.4463695870849875
1.442454665581483
1.3668487303329293
1.3596501709745326
1.3495992979173117
1.3495992979173117
1.3492225952363128
1.3492225952363128
1.3492225952363128
1.3300496365112373
1.3300496365112373
1.3300496365112373
1.3257889566102072
1.3094469543846827
1.3028824726227057
1.1859903077858434
1.1859903077858434
1.1675222700154961
1.1675222700154961
1.1580716933988562
1.154005321050402
1.154005321050402
1.0972556290224773
0.6994662360350574
0.6937459876962748
0.6931068214828819
0.6918287824287503
0.6918287824287503
0.6918287824287503
0.6918287824287503
0.6830243138519698
0.6830243138519698
0.6824184457763067
0.6821590525776671
0.6809301856838701
0.6809301856838701
0.6809301856838701
0.655926683105136
0.655926683105136
0.655926683105136
0.6556704394107378
0.6556704394107378
0.6556704394107378
0.6556704394107378
0.6267409244893258
0.5992108770696696
0.5992108770696696
0.5887210148753184
0.5887210148753184
0.5630779555431893
0.5630779555431893
0.5630779555431893
0.5619948368899124
0.5619948368899124
0.5619948368899124
0.5619948368899124
0.5619948368899124
0.5619948368899124
0.5541534406843418
0.5541534406843418
0.5541534406843418
0.5495922862725848
0.5495922862725848
0.510736198933607
0.49888419790356764
0.4955454285050571
0.48031877996111305
0.4802684810680482
0.4802684810680482
0.4765621386157335
0.4765621386157335
0.4757685263475331
0.4757685263475331
0.4533653406354219
0.4357099745932338
0.43343658122346795
0.43343658122346795
0.39869677267114056
0.39869677267114056
0.39869677267114056
0.3963483270418422
0.3868083315813422
0.3868083315813422
0.3868083315813422
0.385616697455184
0.3670590923864978
0.3670590923864978
0.366375322176971
0.366375322176971
0.3653712608465405
0.3653712608465405
0.35192259541560134
0.35192259541560134
0.3506863571043617
0.3413939893612863
0.3413939893612863
0.3413939893612863
0.336917883678268
0.33423346136889265
0.33265130301932544
0.32330318677718495
0.3159223050602087
0.3159223050602087
0.3049094856328196
0.2989890409947904
0.2989890409947904
0.2989890409947904
0.28787321848964353
0.2851513453559775
0.2851513453559775
0.2851513453559775
0.2851513453559775
0.2816908527518045
0.27486035124870156
0.2746162490516646
0.2746162490516646
0.268044809238301
0.26750897632658166
0.26750897632658166
0.2530223410365231
0.2529155637368419
0.2529155637368419
0.2529155637368419
0.25117439992416024
0.24218620073136066
0.24218620073136066
0.24218620073136066
0.24218620073136066
0.24218620073136066
0.235191867252734
0.2260278521407848
0.21722910867010015
0.171193469972863
0.171193469972863
0.171193469972863
0.171193469972863
0.17044687322463048
0.16897596629691947
0.16633731917022487
0.15862279235945564
0.15862279235945564
0.15862279235945564
0.1579289489437734
0.1579289489437734
0.15580853650412507
0.14952373649205342
0.14952373649205342
0.14952373649205342
0.14695522473288136
0.14676885182132082
0.14676885182132082
0.14408245460045777
0.14408245460045777
0.1373808022025571
0.1373808022025571
0.1362895057722362
0.1362895057722362
0.1253355889108434
0.1253355889108434
0.1253355889108434
0.12475678829649084
0.1201760055420209
0.11945320013262872
0.11335584958038325
0.11335584958038325
0.11335584958038325
0.11151801846777332
0.11031109785226434
0.10865912319660254
0.10859536907986467
0.09276934417304972
0.09202064035252278
0.09202064035252278
0.08784727319953234
0.08752639603958201
0.08752639603958201
0.08752639603958201
0.08733001379111371
0.08733001379111371
0.08106431761233779
0.08083871456624792
0.08069499054743545
0.08048366108564764
0.08048366108564764
0.08030547249252962
0.08030547249252962
0.07250364280146115
0.07168497751230518
0.07168497751230518
0.07168497751230518
0.07168497751230518
0.07168497751230518
0.07168497751230518
0.06971622159062107
0.06552498483696567
0.06552498483696567
0.06552498483696567
0.06552498483696567
0.06376235478340675
0.06364751712293426
0.061718008964650295
0.060933366057383864
0.05802463002573788
0.05699450381026594
0.05643516458447806
0.05643516458447806
0.05626163454557087
0.05491287323045313
0.054325489268801874
0.052763190271804206
0.052763190271804206
0.05151465521785781
0.05151465521785781
0.05151465521785781
0.05151465521785781
0.05043492100039515
0.05043492100039515
0.04542725489997679
0.0454268503055566
0.0454268503055566
0.045324910263634166
0.04306092636257475
0.041778172117076906
0.041039746102178754
0.041039746102178754
0.041039746102178754
0.041039746102178754
0.038209109252683504
0.036051418226826115
0.03604531875086181
0.03604531875086181
0.03604531875086181
0.035587529109577076
0.03543758470295444
0.03543758470295444
0.03543758470295444
0.035333096587287116
0.034340207331005956
0.03366874434994571
0.03366874434994571
0.03366874434994571
0.03366094140918818
0.03366094140918818
0.03300127316399326
0.03300127316399326
0.03218783872938502
0.03131916229523313
0.029630477003685485
0.029630477003685485
0.029630477003685485
0.029489366241460147
0.029489366241460147
0.029489366241460147
0.028689536833343965
0.02823462558585632
0.028171539847992477
0.02801650613341522
0.026835751820303955
0.02676466246812126
0.02676466246812126
0.02676466246812126
0.026217962146436236
0.02568693496666441
0.023848095413264048
0.023848095413264048
0.023848095413264048
0.023848095413264048
0.023815400526927988
0.023305272677596633
0.023305272677596633
0.023305272677596633
0.022323192204542153
0.022232269711079056
0.0215491117070421
0.02138334507088757
0.020970618305483413
0.020488210916873584
0.018951724860546193
0.018951724860546193
0.018951724860546193
0.018951724860546193
0.018951724860546193
0.018951724860546193
0.018598002830348292
0.018191084681969727
0.018175446365422232
0.018175446365422232
0.018175446365422232
0.017362793629395412
0.016737656196294637
0.016737656196294637
0.016737656196294637
0.016673731020830473
0.016673731020830473
0.016673731020830473
0.016673731020830473
0.016673731020830473
0.01666432906324289
0.016237743841177377
0.016237743841177377
0.016237743841177377
0.015382346284514625
0.015382346284514625
0.015212565181450088
0.015212565181450088
0.015212565181450088
0.015212565181450088
0.015212565181450088
0.015136583257870484
0.014962746342185085
0.014962746342185085
0.014781956875232538
0.014714876162539525
0.014714876162539525
0.014714876162539525
0.01406080230133
0.01406080230133
0.01406080230133
0.013140171494018915
0.013140171494018915
0.013140171494018915
0.013140171494018915
0.013140171494018915
0.013140171494018915
0.012583400663398692
0.012583400663398692
0.012030412560793735
0.012002969890982484
0.012002969890982484
0.012002969890982484
0.010929598408655039
0.010012075739677329
0.010012075739677329
0.010012075739677329
0.010012075739677329
0.010012075739677329
0.010012075739677329
0.010012075739677329
0.010012075739677329
0.008825732382664597
0.008825732382664597
0.008825732382664597
0.008825732382664597
0.008825732382664597
0.008825732382664597
0.008825732382664597
0.00876814541767601
0.00876814541767601
0.00850664163134951
0.00850664163134951
0.00850664163134951
0.00850664163134951
0.00826188971371522
0.008259804747588362
0.008259804747588362
0.008259804747588362
0.008259804747588362
0.008259804747588362
0.008259804747588362
0.008259804747588362
0.008247206823401854
0.008247206823401854
0.008247206823401854
0.008247206823401854
0.008053666283135641
0.007184445724568889
0.007184445724568889
0.007184445724568889
0.007184445724568889
0.007184445724568889
0.007184445724568889
0.007184445724568889
0.007184445724568889
0.0070208955363852965
0.0070208955363852965
0.0070208955363852965
0.0070208955363852965
0.006691536030125178
