5.9521315830819095
5.9521315830819095
5.754798342638148
5.0335504932423145
5.0335504932423145
5.0335504932423145
5.0335504932423145
5.0335504932423145
5.0335504932423145
5.0335504932423145
4.6057834273747655
4.6057834273747655
4.6057834273747655
4.6057834273747655
4.6057834273747655
4.6057834273747655
4.6057834273747655
4.13043110248694
4.13043110248694
4.13043110248694
4.13043110248694
4.13043110248694
4.13043110248694
4.13043110248694
4.13043110248694
4.13043110248694
4.13043110248694
4.13043110248694
4.048221288720743
4.048221288720743
4.048221288720743
4.048221288720743
3.5964186920459404
3.5964186920459404
3.5964186920459404
3.5964186920459404
3.5964186920459404
3.5964186920459404
3.5964186920459404
3.5964186920459404
3.5964186920459404
3.5964186920459404
3.5964186920459404
3.5964186920459404
3.5964186920459404
3.5964186920459404
3.5964186920459404
3.5964186920459404
3.5964186920459404
3.5964186920459404
3.5964186920459404
3.5964186920459404
3.5964186920459404
3.5964186920459404
3.171568416007158
3.171568416007158
3.171568416007158
3.171568416007158
3.171568416007158
3.171568416007158
3.171568416007158
3.171568416007158
3.171568416007158
3.1473472061590577
3.1458743039648773
3.138900392666425
3.138900392666425
3.138900392666425
3.138900392666425
3.138900392666425
3.138900392666425
3.138900392666425
3.138900392666425
3.1238559215978334
2.778006074426333
2.778006074426333
2.667016371600276
2.667016371600276
2.667016371600276
2.667016371600276
2.667016371600276
2.667016371600276
2.667016371600276
2.649809663930103
2.649809663930103
2.649809663930103
2.3961683028152834
2.3961683028152834
2.3961683028152834
2.3961683028152834
2.3961683028152834
2.3961683028152834
2.3961683028152834
2.3961683028152834
2.3961683028152834
2.3961683028152834
2.327511216640243
2.327511216640243
2.327511216640243
2.327511216640243
2.327511216640243
2.322068727157788
2.3172066747096665
2.3172066747096665
2.3172066747096665
2.3172066747096665
2.3172066747096665
2.3172066747096665
2.3172066747096665
2.292536257081519
2.292536257081519
2.016882449425598
2.016882449425598
2.016882449425598
2.016882449425598
2.016882449425598
2.016882449425598
2.016882449425598
2.016882449425598
2.016882449425598
2.016882449425598
2.016882449425598
2.016882449425598
2.016882449425598
2.016882449425598
2.016882449425598
2.016882449425598
2.016882449425598
2.016882449425598
2.016882449425598
2.016882449425598
2.016882449425598
2.016882449425598
2.016882449425598
2.016882449425598
2.016882449425598
2.016882449425598
2.016882449425598
1.9643097210394167
1.9431018418922754
1.9431018418922754
1.9431018418922754
1.928384110780133
1.928384110780133
1.928384110780133
1.928384110780133
1.9096782825492724
1.9096782825492724
1.9096782825492724
1.9096782825492724
1.9096782825492724
1.8111520545710604
1.7378976954002852
1.7274383793386079
1.7274383793386079
1.5773119012394865
1.5773119012394865
1.5773119012394865
1.5773119012394865
1.5773119012394865
1.5773119012394865
1.5773119012394865
1.5680970153441685
1.5680970153441685
1.5219060098601211
1.5219060098601211
1.5219060098601211
1.5219060098601211
1.5219060098601211
1.5219060098601211
1.5219060098601211
1.4903474258175358
1.4903474258175358
1.4903474258175358
1.4903474258175358
1.4903474258175358
1.4903474258175358
1.4903474258175358
1.4903474258175358
1.4903474258175358
1.2890765021686867
1.2890765021686867
1.2890765021686867
1.2890765021686867
1.2890765021686867
1.2890765021686867
1.2890765021686867
1.2890765021686867
1.2890765021686867
1.2890765021686867
1.2890765021686867
1.2890765021686867
1.2657827596569469
1.264595666188697
1.1625806186445011
1.1625806186445011
1.1625806186445011
1.1625806186445011
1.1625806186445011
1.1625806186445011
1.1625806186445011
1.1625806186445011
1.1625806186445011
1.1625806186445011
1.1625806186445011
1.1625806186445011
1.1625806186445011
1.1625806186445011
1.1625806186445011
1.1625806186445011
1.1625806186445011
1.1625806186445011
1.1625806186445011
1.1625806186445011
1.1625806186445011
1.1625806186445011
1.1625806186445011
1.1625806186445011
1.1625806186445011
1.1625806186445011
1.1625806186445011
1.1625806186445011
1.1625806186445011
1.1625806186445011
1.1625806186445011
1.1625806186445011
1.1625806186445011
1.1625806186445011
1.1625806186445011
1.1625806186445011
1.1625806186445011
1.1625806186445011
1.1625806186445011
1.1625806186445011
1.1625806186445011
1.1625806186445011
1.1625806186445011
1.1625806186445011
1.1625806186445011
1.1625806186445011
1.1625806186445011
1.1625806186445011
1.15441428675798
1.1518551644169506
1.1518551644169506
1.1518551644169506
1.1518551644169506
1.1518551644169506
1.1518551644169506
1.1099080656822693
1.1099080656822693
1.1099080656822693
1.1099080656822693
1.1099080656822693
1.1099080656822693
1.1099080656822693
1.1099080656822693
1.1099080656822693
1.1099080656822693
1.1099080656822693
1.1099080656822693
1.1099080656822693
1.0962854411016139
1.0950874689659464
1.0950874689659464
1.0722757357575823
1.0722757357575823
1.0722757357575823
1.0722757357575823
1.0463317382992372
1.0463317382992372
1.0463317382992372
1.0463317382992372
1.0463317382992372
1.0463317382992372
1.0463317382992372
0.93243635755314
0.93243635755314
0.93243635755314
0.93243635755314
0.93243635755314
0.93243635755314
0.93243635755314
0.93243635755314
0.93243635755314
0.93243635755314
0.93243635755314
0.93243635755314
0.93243635755314
0.8451914040536721
0.8307035276341779
0.823883825289073
0.823883825289073
0.823883825289073
0.823883825289073
0.823883825289073
0.823883825289073
0.823883825289073
0.823883825289073
0.8156601394939393
0.7941877714482679
0.7941877714482679
0.7941877714482679
0.7941877714482679
0.7941877714482679
0.7941877714482679
0.7941877714482679
0.7941877714482679
0.7941877714482679
0.7941877714482679
0.7941877714482679
0.7941877714482679
0.7929984914616455
0.7929984914616455
0.6592803122908393
0.6592803122908393
0.6592803122908393
0.6592803122908393
0.6592803122908393
0.6592803122908393
0.6592803122908393
0.6592803122908393
0.6404760810564021
0.6367578700960301
0.6367578700960301
0.5995462662951425
0.5995462662951425
0.5995462662951425
0.5995462662951425
0.5995462662951425
0.5995462662951425
0.5995462662951425
0.5995462662951425
0.5995462662951425
0.5995462662951425
0.5995462662951425
0.5995462662951425
0.5995462662951425
0.5995462662951425
0.5995462662951425
0.5995462662951425
0.5995462662951425
0.5995462662951425
0.5995462662951425
0.5995462662951425
0.5995462662951425
0.5995462662951425
0.5995462662951425
0.5995462662951425
0.5879410038435324
0.5879410038435324
0.5879410038435324
0.584636123724799
0.584636123724799
0.5627960768925888
0.5627960768925888
0.5627960768925888
0.5627960768925888
0.5627960768925888
0.535696707259266
0.5288732026615826
0.5288732026615826
0.5288732026615826
0.5288732026615826
0.5288732026615826
0.5288732026615826
0.5288732026615826
0.5288732026615826
0.5288732026615826
0.5227900633036597
0.5227900633036597
0.5227900633036597
0.5227900633036597
0.5227900633036597
0.45850075306258375
0.45850075306258375
0.45850075306258375
0.45850075306258375
0.45850075306258375
0.45850075306258375
0.45850075306258375
0.45850075306258375
0.45850075306258375
0.43486287334529194
0.43486287334529194
0.43486287334529194
0.43486287334529194
0.43486287334529194
0.43486287334529194
0.3740186016198237
0.3740186016198237
0.3740186016198237
0.3740186016198237
0.3740186016198237
0.3740186016198237
0.3740186016198237
0.3740186016198237
0.3740186016198237
0.3740186016198237
0.3740186016198237
0.3740186016198237
0.3740186016198237
0.3740186016198237
0.3740186016198237
0.3740186016198237
0.3740186016198237
0.3740186016198237
0.3740186016198237
0.3740186016198237
0.3740186016198237
0.3740186016198237
0.3740186016198237
0.3740186016198237
0.3740186016198237
0.3740186016198237
0.3740186016198237
0.3740186016198237
0.3740186016198237
0.3740186016198237
0.3740186016198237
0.3740186016198237
0.3740186016198237
0.3740186016198237
0.3740186016198237
0.3740186016198237
0.3740186016198237
0.3740186016198237
0.3740186016198237
0.3740186016198237
0.3740186016198237
0.3740186016198237
0.3740186016198237
0.3740186016198237
0.3740186016198237
0.3740186016198237
0.3740186016198237
0.3740186016198237
0.3740186016198237
0.3635822861672686
0.3635822861672686
0.3635822861672686
0.3635822861672686
0.3635822861672686
0.3635822861672686
0.3635822861672686
0.3635822861672686
0.3635822861672686
0.3635822861672686
0.36310715440874475
0.36310715440874475
0.336174068273003
0.3280221683509055
0.327758956065491
0.327758956065491
0.327758956065491
0.327758956065491
0.327758956065491
0.327758956065491
0.327758956065491
0.30147601203467644
0.30147601203467644
0.30147601203467644
0.30147601203467644
0.30147601203467644
0.30147601203467644
0.30147601203467644
0.30147601203467644
0.29807481914810907
0.2866284458762074
0.2654265062375174
0.2654265062375174
0.2654265062375174
0.2654265062375174
0.2654265062375174
0.2654265062375174
0.2654265062375174
0.2654265062375174
0.2654265062375174
0.2654265062375174
0.2654265062375174
0.2654265062375174
0.2316796101332237
0.2316796101332237
0.2316796101332237
0.2316796101332237
0.2316796101332237
0.2316796101332237
0.2316796101332237
0.2316796101332237
0.2316796101332237
0.2316796101332237
0.2316796101332237
0.2316796101332237
0.2316796101332237
0.2316796101332237
0.2316796101332237
0.2316796101332237
0.2316796101332237
0.2316796101332237
0.2316796101332237
0.2316796101332237
0.2316796101332237
0.2316796101332237
0.2316796101332237
0.2316796101332237
0.2316796101332237
0.2316796101332237
0.2316796101332237
0.2316796101332237
0.2316796101332237
0.2316796101332237
0.2316796101332237
0.2316796101332237
0.2316796101332237
0.2316796101332237
0.2316796101332237
0.2316796101332237
0.2316796101332237
0.2316796101332237
0.2316796101332237
0.2316796101332237
0.2316796101332237
0.2316796101332237
0.2316796101332237
0.2316796101332237
0.2316796101332237
0.2316796101332237
0.2316796101332237
0.2316796101332237
0.2316796101332237
0.2316796101332237
0.2316796101332237
0.2316796101332237
0.2316796101332237
0.2316796101332237
0.2316796101332237
0.2316796101332237
0.2316796101332237
0.2316796101332237
0.2316796101332237
0.2316796101332237
0.2316796101332237
0.2316796101332237
0.2316796101332237
0.2316796101332237
0.2316796101332237
0.2316796101332237
0.2316796101332237
0.2316796101332237
0.2316796101332237
0.2316796101332237
0.2299061964181206
0.2299061964181206
0.2299061964181206
0.2284055284493185
0.2284055284493185
0.2284055284493185
0.2284055284493185
0.22271119757416002
0.22271119757416002
0.22271119757416002
0.21911136440102652
0.21911136440102652
0.21911136440102652
0.21911136440102652
0.21911136440102652
0.21911136440102652
0.20930282434765957
0.20930282434765957
0.20930282434765957
0.20930282434765957
0.20930282434765957
0.20930282434765957
0.20930282434765957
0.20930282434765957
0.20930282434765957
0.20930282434765957
0.20930282434765957
0.20930282434765957
0.20930282434765957
0.20930282434765957
0.20930282434765957
0.20930282434765957
0.20930282434765957
0.20930282434765957
0.20930282434765957
0.20930282434765957
0.20930282434765957
0.20930282434765957
0.20930282434765957
0.20930282434765957
0.20930282434765957
0.20930282434765957
0.20292810614944656
0.20292810614944656
0.20292810614944656
0.20292810614944656
0.20292810614944656
0.20292810614944656
0.20292810614944656
0.20292810614944656
0.20292810614944656
0.20292810614944656
0.20292810614944656
0.20292810614944656
0.20292810614944656
0.19778198057286644
0.19778198057286644
0.19778198057286644
0.19715997527017137
0.19715997527017137
0.19715997527017137
0.19715997527017137
0.19351532974138763
0.18896381825279107
0.18896381825279107
0.18896381825279107
0.18896381825279107
0.18896381825279107
0.18896381825279107
0.18896381825279107
0.18896381825279107
0.18896381825279107
0.18896381825279107
0.16930323132876524
0.16930323132876524
0.16930323132876524
0.16930323132876524
0.16930323132876524
0.16930323132876524
0.16930323132876524
0.16930323132876524
0.16930323132876524
0.15951462163836183
0.15951462163836183
0.15951462163836183
0.15951462163836183
0.15951462163836183
0.15951462163836183
0.15951462163836183
0.15951462163836183
0.15951462163836183
0.15951462163836183
0.15951462163836183
0.15951462163836183
0.15951462163836183
0.15734275558289923
0.1541305157117776
0.1472695008724969
0.1472695008724969
0.1472695008724969
0.1453763551945393
0.1453763551945393
0.1453763551945393
0.1453763551945393
0.1453763551945393
0.1453763551945393
0.1453763551945393
0.1453763551945393
0.1453763551945393
0.1453763551945393
0.1453763551945393
0.1453763551945393
0.1453763551945393
0.1453763551945393
0.1453763551945393
0.14389678719177823
0.14389678719177823
0.14389678719177823
0.14389678719177823
0.14389678719177823
0.14389678719177823
0.14389678719177823
0.14389678719177823
0.14389678719177823
0.14389678719177823
0.14389678719177823
0.14389678719177823
0.14389678719177823
0.1399284718476963
0.1399284718476963
0.1399284718476963
0.1399284718476963
0.1166220458231706
0.1166220458231706
0.1166220458231706
0.1166220458231706
0.1166220458231706
0.1166220458231706
0.1166220458231706
0.1166220458231706
0.1166220458231706
0.1166220458231706
0.1166220458231706
0.1166220458231706
0.1166220458231706
0.1166220458231706
0.1166220458231706
0.1166220458231706
0.1166220458231706
0.1166220458231706
0.1166220458231706
0.1166220458231706
0.1166220458231706
0.1166220458231706
0.1166220458231706
0.1166220458231706
0.1166220458231706
0.1166220458231706
0.1166220458231706
0.1166220458231706
0.1166220458231706
0.1166220458231706
0.1166220458231706
0.1166220458231706
0.1166220458231706
0.1166220458231706
0.1166220458231706
0.1166220458231706
0.1166220458231706
0.1166220458231706
0.1166220458231706
0.1166220458231706
0.1166220458231706
0.1166220458231706
0.1166220458231706
0.1166220458231706
0.1166220458231706
0.1166220458231706
0.11210004055921274
0.11210004055921274
0.11210004055921274
0.11210004055921274
0.11210004055921274
0.11210004055921274
0.11210004055921274
0.11210004055921274
0.11209445911427807
0.11209445911427807
0.11209445911427807
0.11203942023464819
0.11203942023464819
0.11203942023464819
0.10984738170955666
0.10984738170955666
0.10984738170955666
0.10984738170955666
0.10984738170955666
0.10984738170955666
0.10984738170955666
0.10984738170955666
0.10984738170955666
0.10984738170955666
0.10984738170955666
0.10984738170955666
0.10984738170955666
0.10984738170955666
0.10984738170955666
0.10984738170955666
0.10984738170955666
0.10984738170955666
0.10984738170955666
0.10984738170955666
0.10984738170955666
0.10984738170955666
0.10984738170955666
0.10984738170955666
0.10984738170955666
0.10898699194836681
0.10510641344628624
0.10510641344628624
0.10510641344628624
0.10510641344628624
0.10510641344628624
0.10510641344628624
0.10510641344628624
0.10510641344628624
0.10510641344628624
0.10510641344628624
0.10510641344628624
0.10510641344628624
0.10510641344628624
0.10510641344628624
0.10510641344628624
0.10510641344628624
0.10510641344628624
0.10510641344628624
0.10510641344628624
0.10510641344628624
0.10510641344628624
0.10510641344628624
0.10510641344628624
0.10510641344628624
0.10510641344628624
0.10510641344628624
0.09658942098889156
0.09658942098889156
0.09658942098889156
0.09658942098889156
0.09658942098889156
0.09658942098889156
0.09658942098889156
0.09658942098889156
0.09658942098889156
0.09658942098889156
0.09429020378629716
0.09429020378629716
0.09429020378629716
0.09429020378629716
0.09429020378629716
0.09117510700738052
0.09117510700738052
0.09117510700738052
0.09109463752005453
0.09109463752005453
0.0848683307214877
0.0848683307214877
0.0848683307214877
0.0848683307214877
0.0848683307214877
0.0848683307214877
0.0848683307214877
0.0848683307214877
0.0848683307214877
0.0848683307214877
0.0848683307214877
0.0848683307214877
0.0848683307214877
0.0848683307214877
0.08444086817915064
0.08444086817915064
0.08444086817915064
0.08320332284978349
0.08320332284978349
0.08320332284978349
0.08320332284978349
0.08320332284978349
0.08320332284978349
0.08320332284978349
0.08320332284978349
0.08320332284978349
0.08230665044867891
0.08230665044867891
0.07525861801522282
0.07525861801522282
0.07525861801522282
0.07525861801522282
0.07525861801522282
0.07525861801522282
0.07525861801522282
0.07525861801522282
0.07525861801522282
0.07525861801522282
0.07525861801522282
0.07525861801522282
0.07525861801522282
0.07525861801522282
0.07525861801522282
0.07525861801522282
0.07278784734616295
0.07278784734616295
0.0714596306390618
0.0714596306390618
0.0714596306390618
0.0714596306390618
0.0714596306390618
0.0714596306390618
0.07138232684945223
0.07138232684945223
0.06948881501158866
0.06948881501158866
0.06948881501158866
0.06948881501158866
0.06948881501158866
0.06948881501158866
0.06948881501158866
0.06948881501158866
0.06948881501158866
0.06948881501158866
0.06948881501158866
0.06874910521303335
0.06874910521303335
0.06824884627305394
0.067376978936597
0.067376978936597
0.067376978936597
0.067376978936597
0.067376978936597
0.067376978936597
0.06696609456538027
0.06696609456538027
0.06696609456538027
0.06696609456538027
0.06648519991800939
0.06276059172536819
0.06276059172536819
0.06276059172536819
0.06276059172536819
0.06276059172536819
0.06276059172536819
0.06276059172536819
0.06276059172536819
0.06276059172536819
0.06276059172536819
0.06276059172536819
0.06276059172536819
0.06276059172536819
0.06276059172536819
0.06276059172536819
0.06276059172536819
0.06276059172536819
0.06276059172536819
0.06276059172536819
0.06276059172536819
0.06276059172536819
0.06276059172536819
0.06215014604897817
0.06215014604897817
0.05477322425419828
0.05477322425419828
0.04999902766650166
0.04999902766650166
0.0495270371597627
0.0495270371597627
0.0495270371597627
0.0495270371597627
0.049203365975728275
0.049203365975728275
0.0483657696756552
0.0483657696756552
0.0483657696756552
0.0483657696756552
0.0483657696756552
0.0483657696756552
0.04757135876414864
0.04757135876414864
0.04757135876414864
0.04757135876414864
0.04757135876414864
0.04757135876414864
0.04757135876414864
0.04757135876414864
0.04757135876414864
0.04757135876414864
0.04757135876414864
0.04757135876414864
0.04757135876414864
0.04757135876414864
0.04757135876414864
0.04757135876414864
0.04757135876414864
0.04757135876414864
0.04757135876414864
0.04757135876414864
0.04757135876414864
0.04757135876414864
0.04757135876414864
0.04757135876414864
0.04757135876414864
0.04757135876414864
0.04757135876414864
0.04757135876414864
0.04757135876414864
0.04757135876414864
0.046956255106607614
0.04614882625895689
0.04614882625895689
0.04614882625895689
0.04614882625895689
0.04614882625895689
0.04614882625895689
0.04614882625895689
0.04614882625895689
0.04614882625895689
0.04604388789654834
0.04604388789654834
0.04604388789654834
0.04604388789654834
0.04604388789654834
0.04604388789654834
0.039010219669165735
0.039010219669165735
0.039010219669165735
0.039010219669165735
0.039010219669165735
0.039010219669165735
0.039010219669165735
0.039010219669165735
0.039010219669165735
0.03621989941083825
0.03621989941083825
0.03621989941083825
0.03621989941083825
0.03301797108038329
0.03301797108038329
0.03301797108038329
0.03301797108038329
0.03301797108038329
0.03301797108038329
0.03301797108038329
