0.015895605087280273
0.016158580780029297
0.01657247543334961
0.017063617706298828
0.017124414443969727
0.017245054244995117
0.016581296920776367
0.016956090927124023
0.016849279403686523
0.016589641571044922
0.0162508487701416
0.016730070114135742
0.01660943031311035
0.016246318817138672
0.016046762466430664
0.01618051528930664
0.016179323196411133
0.017540931701660156
0.017879724502563477
0.01682877540588379
0.015872478485107422
0.016038894653320312
0.01621222496032715
0.015656709671020508
0.01552724838256836
0.0157318115234375
0.015027046203613281
0.0153350830078125
0.015439748764038086
0.015292167663574219
0.015518426895141602
0.015466690063476562
0.014973640441894531
0.015640735626220703
0.015354394912719727
0.01554417610168457
0.015583038330078125
0.015215635299682617
0.015471935272216797
0.015636920928955078
0.015465021133422852
0.015621423721313477
0.0162503719329834
0.016272544860839844
0.01635265350341797
0.01586604118347168
0.015783309936523438
0.01627802848815918
0.017160892486572266
0.016434669494628906
0.016546249389648438
0.01633000373840332
0.016715288162231445
0.016266822814941406
0.0164797306060791
0.016347646713256836
0.016309738159179688
0.015986919403076172
0.016077756881713867
0.016283750534057617
0.0164644718170166
0.016063213348388672
0.01620936393737793
0.0160372257232666
0.016387462615966797
0.01744842529296875
0.016866445541381836
0.017089366912841797
0.016944169998168945
0.01730823516845703
0.01686573028564453
0.016544342041015625
0.01644587516784668
0.016177654266357422
0.01701045036315918
0.01640176773071289
0.016783475875854492
0.016582250595092773
0.01653456687927246
0.016219139099121094
0.01658487319946289
0.016477346420288086
0.01669025421142578
0.016986370086669922
0.017352581024169922
0.017654895782470703
0.01783132553100586
0.018914222717285156
0.022167205810546875
0.019266366958618164
0.017685890197753906
0.017200231552124023
0.01665639877319336
0.017375707626342773
0.016294479370117188
0.016225337982177734
0.016112565994262695
0.016073226928710938
0.016257762908935547
0.016594409942626953
0.0164949893951416
0.01618027687072754
0.016252756118774414
0.01674509048461914
0.01633453369140625
0.01684093475341797
0.01654791831970215
0.0167083740234375
0.016602516174316406
0.017505168914794922
0.016823291778564453
0.016026973724365234
0.0160980224609375
0.01596522331237793
0.01635432243347168
0.015759706497192383
0.01581597328186035
0.01575446128845215
0.015746593475341797
0.016046762466430664
0.01582050323486328
0.016269922256469727
0.01639389991760254
0.01654052734375
0.016201496124267578
0.016198396682739258
0.01613759994506836
0.015967607498168945
0.01585102081298828
0.016022920608520508
0.016629695892333984
0.016566753387451172
0.01708674430847168
0.01883387565612793
0.01655721664428711
0.016436338424682617
0.015669822692871094
0.01590585708618164
0.015996932983398438
0.01645064353942871
0.016650915145874023
0.01618814468383789
0.01613140106201172
0.016232013702392578
0.01604294776916504
0.016646623611450195
0.017279863357543945
0.017026901245117188
0.01712203025817871
0.01716160774230957
0.01677560806274414
0.01721358299255371
0.017241239547729492
0.017119646072387695
0.017376184463500977
0.017210960388183594
0.016812562942504883
0.01664280891418457
0.016344547271728516
0.016307830810546875
0.016800642013549805
0.01673126220703125
0.016468048095703125
0.01605081558227539
0.015342473983764648
0.015421152114868164
0.015475749969482422
0.01583695411682129
0.017651081085205078
0.015717267990112305
0.015594005584716797
0.015833616256713867
0.015883684158325195
0.015454769134521484
0.015373468399047852
0.015666484832763672
0.015789270401000977
0.01517796516418457
0.015146732330322266
0.015246391296386719
0.015198230743408203
0.015173673629760742
0.015400409698486328
0.015633821487426758
0.01577019691467285
0.015843868255615234
0.016013145446777344
0.015574216842651367
0.015476465225219727
0.015688180923461914
0.01568293571472168
0.015794038772583008
0.015961647033691406
0.015904664993286133
0.01621842384338379
0.016315937042236328
0.016706466674804688
0.016374826431274414
0.016041040420532227
0.01593756675720215
0.015931367874145508
0.015847206115722656
0.017152786254882812
0.01764845848083496
0.017431020736694336
0.016196250915527344
0.01601433753967285
0.015906572341918945
0.015731096267700195
0.0157012939453125
0.015449285507202148
0.015891313552856445
0.016840696334838867
0.017003774642944336
0.016086578369140625
0.015655040740966797
0.015895843505859375
0.015804290771484375
0.016169309616088867
0.01617288589477539
0.016391515731811523
0.01648879051208496
0.016744136810302734
0.01611042022705078
0.016218900680541992
0.017040729522705078
0.016644716262817383
0.016833782196044922
0.01676487922668457
0.016422748565673828
0.016489505767822266
0.0162050724029541
0.015862226486206055
0.015832901000976562
0.016329526901245117
0.015984773635864258
0.015984773635864258
0.015380382537841797
0.015400409698486328
0.015047788619995117
0.015182256698608398
0.01495814323425293
0.014859676361083984
0.015031099319458008
0.015490293502807617
0.015312671661376953
0.01550745964050293
0.014987707138061523
0.014899730682373047
0.015190601348876953
0.014774322509765625
0.015072822570800781
0.014738082885742188
0.014990091323852539
0.015031814575195312
0.014808893203735352
0.01500558853149414
0.015100717544555664
0.015030384063720703
0.014774322509765625
0.014747858047485352
0.015019416809082031
0.015065193176269531
0.015400409698486328
0.015638113021850586
0.015257596969604492
0.015072107315063477
0.01501011848449707
0.015134811401367188
0.015071868896484375
0.01486968994140625
0.015119075775146484
0.01471567153930664
0.014991998672485352
0.015216588973999023
0.014865398406982422
0.015525579452514648
0.015366315841674805
0.01541757583618164
0.015178680419921875
0.015721559524536133
0.01558375358581543
0.01517939567565918
0.015319108963012695
0.015239953994750977
0.014937400817871094
0.015265226364135742
0.015523433685302734
0.016464948654174805
0.016511917114257812
0.01624774932861328
0.015578746795654297
0.01639270782470703
0.016137361526489258
0.01604485511779785
0.01851654052734375
0.01851630210876465
0.018627643585205078
0.017438173294067383
0.016674041748046875
0.017001867294311523
0.01747441291809082
0.017774343490600586
0.017288923263549805
0.017281532287597656
0.016770124435424805
0.017093420028686523
0.01688671112060547
0.017383813858032227
0.017633438110351562
0.017160892486572266
0.0163881778717041
0.01642441749572754
0.016264677047729492
0.015734195709228516
0.015791893005371094
0.015578746795654297
0.015619754791259766
0.015679121017456055
0.01588726043701172
0.015601396560668945
0.015483856201171875
0.015796899795532227
0.01612401008605957
0.015770673751831055
0.01590704917907715
0.01615619659423828
0.015900373458862305
0.015797853469848633
0.015837907791137695
0.015935659408569336
0.015763282775878906
0.015690326690673828
0.015667200088500977
0.015608549118041992
0.015938520431518555
0.015738725662231445
0.015833377838134766
0.016127824783325195
0.015857934951782227
0.015508651733398438
0.0159759521484375
0.01614236831665039
0.0158383846282959
0.015766620635986328
0.015902280807495117
0.015697717666625977
0.01582813262939453
0.015906095504760742
0.015621423721313477
0.015909671783447266
0.015895366668701172
0.015552997589111328
0.01565074920654297
0.015871763229370117
0.015657901763916016
0.01610589027404785
0.0160367488861084
0.01596808433532715
0.015702247619628906
0.01630687713623047
0.016099929809570312
0.016266584396362305
0.016098499298095703
0.015694141387939453
0.015564441680908203
0.015762805938720703
0.016100406646728516
0.01677227020263672
0.016593217849731445
0.016539335250854492
0.016221284866333008
0.016027450561523438
0.015887022018432617
0.016294002532958984
0.01644277572631836
0.016166210174560547
0.016284465789794922
0.016104698181152344
0.015500783920288086
0.01564502716064453
0.016108036041259766
0.016393423080444336
0.016536235809326172
0.015962839126586914
0.015816450119018555
0.015202760696411133
0.014983654022216797
0.015401363372802734
0.015528202056884766
0.015323877334594727
0.015532732009887695
0.015931367874145508
0.016095638275146484
0.015923261642456055
0.015993833541870117
0.015571832656860352
0.015459060668945312
0.015372037887573242
0.01552438735961914
0.015531301498413086
0.015642404556274414
0.015274763107299805
0.015147686004638672
0.015155792236328125
0.015692710876464844
0.015628576278686523
0.015246391296386719
0.01525259017944336
0.015277862548828125
0.015494823455810547
0.015558719635009766
0.015186071395874023
0.015795230865478516
0.01590752601623535
0.015880346298217773
0.01567816734313965
0.01590871810913086
0.015695810317993164
0.015820980072021484
0.017982959747314453
0.01589179039001465
0.015659093856811523
0.015332937240600586
0.014783382415771484
0.014701604843139648
0.014915704727172852
0.015207290649414062
0.015141963958740234
0.014923572540283203
0.014969825744628906
0.015358924865722656
0.015554189682006836
0.0157012939453125
0.015607118606567383
0.01552581787109375
0.015633583068847656
0.015386819839477539
0.01562190055847168
0.015641212463378906
0.015396833419799805
0.015378236770629883
0.015432119369506836
0.015426158905029297
0.015421628952026367
0.015944957733154297
0.015873193740844727
0.015680789947509766
0.015577077865600586
0.015727519989013672
0.015523910522460938
0.015870094299316406
0.016134262084960938
0.016057968139648438
0.015692949295043945
0.015716075897216797
0.015889406204223633
0.01562952995300293
0.016043424606323242
0.01603221893310547
0.01567554473876953
0.015733003616333008
0.01564168930053711
0.015360116958618164
0.015099763870239258
0.014952421188354492
0.01472783088684082
0.015398979187011719
0.015774250030517578
0.015525102615356445
0.015543699264526367
0.01540684700012207
0.015470266342163086
0.015523433685302734
0.015862226486206055
0.015133142471313477
0.01562976837158203
0.01566314697265625
0.015566349029541016
0.015207529067993164
0.015280723571777344
0.015568017959594727
0.015438556671142578
0.015117406845092773
0.015636920928955078
0.01520228385925293
0.01489567756652832
0.01501321792602539
0.01511836051940918
0.01477193832397461
0.015141010284423828
0.015480518341064453
0.01464390754699707
0.015096426010131836
0.015387535095214844
0.014780282974243164
0.015086889266967773
0.01689600944519043
0.016227245330810547
0.015907764434814453
0.015925168991088867
0.016234159469604492
0.01594710350036621
0.015744686126708984
0.01578378677368164
0.015640974044799805
0.015539407730102539
0.01522517204284668
0.014856338500976562
0.015755891799926758
0.015691041946411133
0.015594005584716797
0.01553797721862793
0.015367507934570312
0.015037775039672852
0.015084028244018555
0.01540517807006836
0.014978170394897461
0.015418291091918945
0.015497922897338867
0.015612125396728516
0.015782594680786133
0.016426563262939453
0.016178607940673828
0.016084909439086914
0.01607513427734375
0.016662120819091797
0.015806913375854492
0.01627182960510254
0.016300201416015625
0.016155481338500977
0.015842676162719727
0.01626896858215332
0.01647496223449707
0.01638174057006836
0.01611018180847168
0.015748262405395508
0.015687942504882812
0.015445232391357422
0.015125751495361328
0.015482664108276367
0.015274763107299805
0.014990091323852539
0.015299797058105469
0.01513528823852539
0.01554417610168457
0.015316486358642578
0.015249013900756836
0.017041444778442383
0.017278194427490234
0.016452550888061523
0.01649332046508789
0.015732288360595703
0.015845298767089844
0.015758514404296875
0.015259504318237305
0.015331268310546875
0.01591348648071289
0.015364646911621094
0.015424251556396484
0.015264749526977539
0.015009403228759766
0.015511035919189453
0.014900445938110352
0.015502214431762695
0.014687538146972656
0.015082836151123047
0.015009880065917969
0.014719009399414062
0.015556573867797852
0.016126632690429688
0.015171051025390625
0.015510082244873047
0.015400886535644531
0.014916419982910156
0.015473365783691406
0.015125036239624023
0.015142679214477539
0.015065193176269531
0.015434026718139648
0.015080928802490234
0.015380144119262695
0.015499591827392578
0.01575160026550293
0.01554417610168457
0.016026020050048828
0.015979528427124023
0.017362356185913086
0.017062902450561523
0.016646862030029297
0.01589179039001465
0.015503883361816406
0.015417337417602539
0.01607489585876465
0.016078948974609375
0.016110658645629883
0.016479969024658203
0.01674056053161621
0.01637721061706543
0.016592979431152344
0.01665019989013672
0.016849994659423828
0.016592025756835938
0.016506195068359375
0.0166623592376709
0.01581549644470215
0.016025066375732422
0.01613783836364746
0.01648569107055664
0.016740798950195312
0.01631641387939453
0.015431642532348633
0.015194177627563477
0.015223264694213867
0.015131950378417969
0.014915943145751953
0.014893293380737305
0.01514887809753418
0.014964103698730469
0.01482391357421875
0.01555180549621582
0.01543736457824707
0.015627145767211914
0.01584792137145996
0.015291929244995117
0.015299797058105469
0.015131235122680664
0.015608072280883789
0.014946460723876953
0.015173196792602539
0.015187978744506836
0.015250921249389648
0.015142202377319336
0.015066385269165039
0.015287637710571289
0.015240669250488281
0.015321969985961914
0.015324831008911133
0.015074729919433594
0.014727115631103516
0.01526784896850586
0.014791488647460938
0.01523590087890625
0.015306949615478516
0.015095710754394531
0.015097379684448242
0.015156269073486328
0.015443563461303711
0.015589714050292969
0.015561580657958984
0.015304088592529297
0.015413522720336914
0.015707969665527344
0.015336751937866211
0.015376091003417969
0.015413522720336914
0.015189409255981445
0.015029430389404297
0.01522207260131836
0.015099287033081055
0.01520848274230957
0.015197038650512695
0.01524209976196289
0.015371322631835938
0.015124320983886719
0.015623092651367188
0.015855073928833008
0.015534162521362305
0.01575326919555664
0.015495061874389648
0.015463113784790039
0.015600919723510742
0.015859603881835938
0.016495943069458008
0.016272783279418945
0.016249895095825195
0.01832127571105957
0.017307519912719727
0.017287254333496094
0.017130613327026367
0.016176939010620117
0.01582193374633789
0.015603780746459961
0.015609025955200195
0.016158342361450195
0.016309738159179688
0.01630711555480957
0.015671253204345703
0.015164613723754883
0.015216588973999023
0.015155792236328125
0.015571117401123047
0.015377283096313477
0.015104293823242188
0.015046119689941406
0.014926671981811523
0.014836788177490234
0.014762163162231445
0.014748573303222656
0.015198230743408203
0.015597820281982422
0.01495218276977539
0.015007495880126953
0.015379905700683594
0.015478372573852539
0.014908552169799805
0.014620780944824219
0.015216827392578125
0.014803409576416016
0.015032768249511719
0.014821290969848633
0.015390396118164062
0.01491546630859375
0.015457630157470703
0.015449285507202148
0.01567840576171875
0.015485763549804688
0.015551090240478516
0.014692068099975586
0.014952659606933594
0.015113353729248047
0.01513814926147461
0.014803409576416016
0.015008687973022461
0.015337944030761719
0.014999628067016602
0.015260934829711914
0.015290975570678711
0.014949560165405273
0.015201330184936523
0.015074968338012695
0.015494585037231445
0.015554428100585938
0.015642166137695312
0.014832735061645508
0.014914989471435547
0.014739751815795898
0.015232086181640625
0.015100240707397461
0.016091108322143555
0.016245365142822266
0.016039371490478516
0.01584339141845703
0.015572071075439453
0.015629291534423828
0.01602911949157715
0.016701459884643555
0.016643285751342773
0.016610145568847656
0.01681375503540039
0.016561508178710938
0.016666889190673828
0.017208337783813477
0.01715826988220215
0.017191171646118164
0.016429424285888672
0.01642608642578125
0.01590108871459961
0.015769243240356445
0.015795469284057617
0.01611948013305664
0.015779972076416016
0.016277313232421875
0.01591181755065918
0.015642642974853516
0.01566767692565918
0.015507221221923828
0.015742778778076172
0.015838146209716797
0.014838457107543945
0.01627349853515625
0.015465974807739258
0.01567840576171875
0.015199661254882812
0.01532292366027832
0.014803647994995117
0.015240192413330078
0.015605688095092773
0.015415668487548828
0.014766216278076172
0.0160372257232666
0.016515731811523438
0.01594853401184082
0.01564502716064453
0.015466690063476562
0.015339851379394531
0.01545405387878418
0.015455484390258789
0.015033483505249023
0.015063762664794922
0.015320301055908203
0.014883041381835938
0.014956474304199219
0.015008926391601562
0.015229463577270508
0.015164375305175781
0.015222549438476562
0.01478266716003418
0.015177249908447266
0.01480555534362793
0.015480995178222656
0.015668869018554688
0.01557612419128418
0.015400886535644531
0.01670074462890625
0.016315221786499023
0.0158078670501709
0.016150236129760742
0.016353845596313477
0.015984773635864258
0.017010211944580078
0.017364025115966797
0.017523527145385742
0.016310691833496094
0.01651310920715332
0.016933917999267578
0.017226219177246094
0.0163424015045166
0.015921831130981445
0.01600813865661621
0.0157778263092041
0.015620946884155273
0.015494823455810547
0.016358613967895508
0.016358375549316406
0.016104936599731445
0.01656484603881836
0.01713848114013672
0.01894688606262207
0.017340660095214844
0.01741814613342285
0.016790151596069336
0.01631641387939453
0.01622319221496582
0.01621079444885254
0.016481876373291016
0.016651630401611328
0.01641058921813965
0.015843868255615234
0.015831708908081055
0.01563715934753418
0.015391111373901367
0.015571355819702148
0.015412330627441406
0.015694379806518555
0.015516996383666992
0.015276908874511719
0.015351295471191406
0.01503443717956543
0.015524148941040039
0.01542806625366211
0.015280008316040039
0.016047239303588867
0.01607036590576172
0.016068220138549805
0.01681995391845703
0.01720714569091797
0.01633167266845703
0.015755653381347656
0.01550602912902832
0.015463590621948242
0.015401601791381836
0.015599966049194336
0.015593767166137695
0.015920162200927734
0.015431404113769531
0.014992713928222656
0.015272378921508789
0.015442609786987305
0.01495671272277832
0.014765262603759766
0.015060663223266602
0.014561653137207031
0.01484227180480957
0.015201807022094727
0.015400409698486328
0.014888763427734375
0.01587200164794922
0.015598773956298828
0.015611410140991211
0.015413522720336914
0.015599966049194336
0.015521764755249023
0.015243768692016602
0.015358686447143555
0.01540064811706543
0.015345573425292969
0.015430450439453125
0.015942811965942383
0.01612567901611328
0.015995502471923828
0.015913963317871094
0.01560521125793457
0.01539301872253418
0.015844345092773438
0.015780210494995117
0.01624011993408203
0.016222000122070312
0.01633167266845703
0.01617264747619629
0.016223430633544922
0.016695737838745117
0.016801834106445312
0.01643085479736328
0.0163576602935791
0.01627326011657715
0.016197919845581055
0.016143321990966797
0.016092300415039062
0.016306161880493164
0.016415834426879883
0.016129732131958008
0.016025304794311523
0.01567983627319336
0.015525341033935547
0.015187978744506836
0.015277862548828125
0.015488624572753906
0.015273809432983398
0.015151500701904297
0.0152130126953125
0.015475273132324219
0.015177488327026367
0.015141725540161133
0.01506948471069336
0.015331268310546875
0.015549898147583008
0.015659570693969727
0.015067338943481445
0.015626907348632812
0.017101526260375977
0.016187191009521484
0.016002178192138672
0.015692472457885742
0.015923261642456055
0.01590108871459961
0.015667438507080078
0.015715599060058594
0.015683650970458984
0.0157473087310791
0.01596236228942871
0.01579451560974121
0.015752553939819336
0.015552043914794922
0.015573263168334961
0.01555013656616211
0.01538228988647461
0.015317916870117188
0.015184640884399414
0.015248298645019531
0.015373706817626953
0.015358448028564453
0.015468835830688477
0.015503168106079102
0.015035629272460938
0.015231132507324219
0.014782428741455078
0.015402078628540039
0.01523590087890625
0.015042781829833984
0.015239715576171875
0.015066862106323242
0.015464544296264648
0.015906333923339844
0.015851259231567383
0.01534891128540039
0.015360832214355469
0.014768838882446289
0.014495134353637695
0.015093564987182617
0.015810012817382812
0.01573014259338379
0.015697002410888672
0.016712665557861328
0.01640462875366211
0.015999317169189453
0.016163349151611328
0.016181230545043945
0.016398191452026367
0.016412973403930664
0.016328811645507812
0.01642584800720215
0.016088485717773438
0.01595306396484375
0.016234874725341797
0.015956878662109375
0.01623082160949707
0.01590251922607422
0.015766143798828125
0.01579880714416504
0.01569366455078125
0.015381813049316406
0.01522970199584961
0.015116691589355469
0.014583349227905273
0.01486349105834961
0.015208244323730469
0.015253067016601562
0.015450239181518555
0.01526331901550293
