4.889214262590174
4.889214262590174
4.889214262590174
4.889214262590174
4.889214262590174
4.889214262590174
4.889214262590174
4.889214262590174
4.889214262590174
4.889214262590174
4.889214262590174
4.889214262590174
4.889214262590174
4.447446006507084
4.447446006507084
4.447446006507084
4.447446006507084
4.447446006507084
4.447446006507084
4.447446006507084
4.447446006507084
4.110982346553413
4.110982346553413
4.110982346553413
4.110982346553413
4.110982346553413
3.73477862270623
3.73477862270623
3.73477862270623
3.6589346624307595
3.6589346624307595
3.6589346624307595
3.6589346624307595
3.6589346624307595
3.60091605567791
3.60091605567791
3.60091605567791
3.60091605567791
3.60091605567791
3.2388849404956517
3.2388849404956517
3.2388849404956517
3.2388849404956517
3.2163309595011995
3.2163309595011995
3.2163309595011995
2.856987678911274
2.856987678911274
2.856987678911274
2.856987678911274
2.856987678911274
2.783294390421478
2.783294390421478
2.783294390421478
2.684264963029463
2.684264963029463
2.684264963029463
2.684264963029463
2.684264963029463
2.684264963029463
2.684264963029463
2.684264963029463
2.684264963029463
2.6636971935002443
2.6428566885413147
2.6428566885413147
2.6428566885413147
2.514120433056643
2.305493510012358
2.305493510012358
2.305493510012358
2.2477628537237706
2.2477628537237706
2.2477628537237706
2.1535388083480065
2.1535388083480065
2.1077823556894018
1.8725549815085927
1.8725549815085927
1.8725549815085927
1.8725549815085927
1.8725549815085927
1.8725549815085927
1.8725549815085927
1.8265380738351986
1.8265380738351986
1.764894661524707
1.4293237171702842
1.4293237171702842
1.4293237171702842
1.4293237171702842
1.4293237171702842
1.4293237171702842
1.4293237171702842
1.4293237171702842
1.4293237171702842
1.4293237171702842
1.4293237171702842
1.383415158458071
1.3407508866442228
1.3407508866442228
1.3407508866442228
1.3407508866442228
1.3337172012943874
1.3337172012943874
1.3337172012943874
1.3337172012943874
1.1522313445183556
1.1522313445183556
1.1522313445183556
1.1522313445183556
1.1522313445183556
1.1522313445183556
1.1522313445183556
1.1522313445183556
1.1522313445183556
1.1522313445183556
1.1522313445183556
1.1522313445183556
1.1522313445183556
1.1522313445183556
1.1522313445183556
1.1522313445183556
1.1522313445183556
1.1522313445183556
1.1522313445183556
1.1522313445183556
1.1522313445183556
1.1522313445183556
1.1522313445183556
1.1522313445183556
1.1480336052529836
1.1480336052529836
1.1263251442668114
1.1263251442668114
1.1188378384312223
1.1146202597950179
1.0041536510659412
1.0041536510659412
1.0041536510659412
1.0041536510659412
1.0041536510659412
1.0041536510659412
1.0041536510659412
1.0041536510659412
1.0041536510659412
1.0041536510659412
1.0041536510659412
0.9971852481807559
0.9971852481807559
0.9971852481807559
0.9971852481807559
0.9687358137866262
0.9687358137866262
0.9687358137866262
0.9687358137866262
0.9687358137866262
0.9687358137866262
0.9687358137866262
0.9687358137866262
0.9687358137866262
0.9125907443386438
0.9125907443386438
0.9125907443386438
0.8822639450599148
0.8822639450599148
0.8822639450599148
0.8822639450599148
0.8822639450599148
0.8822639450599148
0.8822639450599148
0.8814200754863109
0.7616894718055534
0.6643909308218419
0.6643909308218419
0.6417599036116606
0.6417599036116606
0.6417599036116606
0.6417599036116606
0.6417599036116606
0.6417599036116606
0.6417599036116606
0.6417599036116606
0.6417599036116606
0.6417599036116606
0.6417599036116606
0.6417599036116606
0.6323689718497647
0.6323689718497647
0.6323689718497647
0.6323689718497647
0.6188539475292387
0.6129132965348774
0.6129132965348774
0.6129132965348774
0.6019566455070233
0.6019566455070233
0.6019566455070233
0.6019566455070233
0.6019566455070233
0.6019566455070233
0.6019566455070233
0.6019566455070233
0.6019566455070233
0.6014244861163505
0.598824372048437
0.598824372048437
0.5570373851820634
0.5570373851820634
0.5570373851820634
0.5570373851820634
0.5570373851820634
0.5093324220671143
0.5093324220671143
0.5093324220671143
0.5093324220671143
0.5093324220671143
0.5093324220671143
0.5093324220671143
0.5093324220671143
0.5093324220671143
0.5020599648860795
0.5020599648860795
0.5020599648860795
0.303015477878116
0.303015477878116
0.303015477878116
0.303015477878116
0.303015477878116
0.303015477878116
0.303015477878116
0.303015477878116
0.303015477878116
0.303015477878116
0.303015477878116
0.303015477878116
0.303015477878116
0.303015477878116
0.303015477878116
0.303015477878116
0.303015477878116
0.303015477878116
0.303015477878116
0.303015477878116
0.303015477878116
0.303015477878116
0.303015477878116
0.303015477878116
0.303015477878116
0.303015477878116
0.303015477878116
0.303015477878116
0.303015477878116
0.303015477878116
0.303015477878116
0.303015477878116
0.303015477878116
0.303015477878116
0.303015477878116
0.303015477878116
0.303015477878116
0.303015477878116
0.303015477878116
0.303015477878116
0.303015477878116
0.303015477878116
0.303015477878116
0.303015477878116
0.303015477878116
0.303015477878116
0.303015477878116
0.303015477878116
0.303015477878116
0.303015477878116
0.303015477878116
0.303015477878116
0.303015477878116
0.303015477878116
0.29445559815791356
0.29445559815791356
0.2547812186039913
0.2547812186039913
0.2547812186039913
0.2547812186039913
0.2547812186039913
0.2547812186039913
0.2547812186039913
0.2412723068104441
0.2412723068104441
0.2412723068104441
0.2412723068104441
0.2412723068104441
0.2412723068104441
0.21084495899020084
0.21084495899020084
0.21084495899020084
0.21084495899020084
0.21084495899020084
0.21084495899020084
0.21084495899020084
0.21084495899020084
0.21084495899020084
0.21084495899020084
0.21084495899020084
0.21084495899020084
0.21084495899020084
0.21084495899020084
0.21084495899020084
0.21084495899020084
0.19335742894201147
0.19335742894201147
0.19335742894201147
0.19335742894201147
0.19335742894201147
0.19335742894201147
0.19335742894201147
0.19335742894201147
0.18976396375767024
0.18976396375767024
0.18976396375767024
0.18976396375767024
0.18976396375767024
0.16215159366431564
0.16215159366431564
0.16215159366431564
0.16215159366431564
0.16215159366431564
0.16215159366431564
0.16215159366431564
0.16215159366431564
0.16194551652525746
0.16194551652525746
0.16194551652525746
0.16165433183482847
0.15603517282184498
0.15603517282184498
0.15603517282184498
0.15603517282184498
0.15603517282184498
0.15603517282184498
0.15603517282184498
0.15603517282184498
0.15603517282184498
0.15365219563496524
0.15365219563496524
0.14277974636929258
0.14277974636929258
0.14277974636929258
0.14277974636929258
0.14277974636929258
0.14277974636929258
0.13914587790279143
0.13914587790279143
0.13914587790279143
0.13914587790279143
0.13914587790279143
0.13914587790279143
0.13901404816818896
0.12617250613967457
0.12617250613967457
0.12617250613967457
0.12617250613967457
0.12617250613967457
0.12617250613967457
0.12617250613967457
0.12617250613967457
0.12617250613967457
0.12617250613967457
0.12617250613967457
0.12617250613967457
0.12617250613967457
0.12617250613967457
0.12617250613967457
0.12617250613967457
0.12617250613967457
0.12617250613967457
0.12617250613967457
0.12617250613967457
0.12617250613967457
0.12617250613967457
0.11422280414045005
0.11422280414045005
0.11422280414045005
0.11422280414045005
0.11422280414045005
0.11422280414045005
0.11422280414045005
0.11422280414045005
0.11422280414045005
0.11422280414045005
0.09823289227415088
0.0953904603575495
0.0953904603575495
0.0953904603575495
0.0953904603575495
0.0953904603575495
0.0953904603575495
0.0953904603575495
0.0953904603575495
0.0953904603575495
0.0953904603575495
0.0953904603575495
0.09178871259665655
0.09178871259665655
0.09104309585842074
0.09104309585842074
0.09104309585842074
0.09104309585842074
0.09104309585842074
0.09104309585842074
0.085199197742714
0.085199197742714
0.085199197742714
0.085199197742714
0.085199197742714
0.085199197742714
0.085199197742714
0.07931792343358879
0.07931792343358879
0.07931792343358879
0.07296426176786852
0.07296426176786852
0.07296426176786852
0.07296426176786852
0.07296426176786852
0.07296426176786852
0.07296426176786852
0.07296426176786852
0.07296426176786852
0.07100421631704279
0.07100421631704279
0.07042437634770238
0.07042437634770238
0.06769679258989925
0.06769679258989925
0.06769679258989925
0.06769679258989925
0.06769679258989925
0.06769679258989925
0.06769679258989925
0.06769679258989925
0.065253034360925
0.065253034360925
0.065253034360925
0.065253034360925
0.065253034360925
0.065253034360925
0.065253034360925
0.065253034360925
0.065253034360925
0.065253034360925
0.065253034360925
0.065253034360925
0.065253034360925
0.065253034360925
0.065253034360925
0.065253034360925
0.065253034360925
0.06493077346889464
0.06493077346889464
0.06493077346889464
0.06493077346889464
0.06493077346889464
0.06493077346889464
0.06493077346889464
0.06493077346889464
0.06493077346889464
0.06493077346889464
0.06493077346889464
0.06493077346889464
0.06493077346889464
0.05816184817828329
0.05816184817828329
0.04837137821795778
0.04837137821795778
0.04837137821795778
0.04837137821795778
0.04837137821795778
0.04837137821795778
0.04837137821795778
0.04837137821795778
0.04837137821795778
0.04837137821795778
0.04837137821795778
0.04589335327137434
0.04589335327137434
0.04589335327137434
0.04589335327137434
0.04589335327137434
0.04494945233355452
0.04494945233355452
0.044124661847597224
0.044124661847597224
0.044124661847597224
0.04361181850207885
0.04361181850207885
0.043164844187852935
0.043164844187852935
0.043164844187852935
0.043164844187852935
0.043164844187852935
0.043164844187852935
0.043164844187852935
0.043164844187852935
0.043164844187852935
0.042768534449546536
0.04232493847743157
0.042303633841736854
0.03968755963347803
0.03968755963347803
0.03968755963347803
0.03968755963347803
0.03968755963347803
0.03968755963347803
0.03968755963347803
0.03968755963347803
0.03968755963347803
0.03968755963347803
0.03968755963347803
0.03968755963347803
0.03968755963347803
0.03968755963347803
0.03968755963347803
0.03968755963347803
0.03968755963347803
0.03968755963347803
0.03968755963347803
0.03887733958275774
0.03662385752594943
0.03662385752594943
0.03662385752594943
0.03662385752594943
0.03662385752594943
0.03662385752594943
0.0360013273590738
0.03488875228082122
0.03488875228082122
0.03488875228082122
0.03488875228082122
0.03488875228082122
0.03488875228082122
0.03488875228082122
0.03488875228082122
0.03488875228082122
0.03488875228082122
0.034650168020704086
0.034650168020704086
0.034650168020704086
0.029404953932758104
0.029404953932758104
0.029404953932758104
0.029404953932758104
0.029404953932758104
0.029404953932758104
0.029404953932758104
0.029404953932758104
0.029404953932758104
0.029404953932758104
0.029404953932758104
0.029404953932758104
0.029404953932758104
0.029404953932758104
0.029404953932758104
0.029404953932758104
0.01974020601032933
0.01974020601032933
0.01974020601032933
0.01974020601032933
0.01974020601032933
0.01974020601032933
0.01974020601032933
0.01974020601032933
0.01974020601032933
0.01974020601032933
0.01974020601032933
0.01974020601032933
0.01974020601032933
0.01974020601032933
0.01974020601032933
0.01974020601032933
0.01974020601032933
0.01974020601032933
0.01974020601032933
0.01974020601032933
0.01974020601032933
0.01974020601032933
0.01974020601032933
0.01974020601032933
0.01974020601032933
0.01974020601032933
0.01974020601032933
0.01974020601032933
0.01974020601032933
0.01974020601032933
0.01974020601032933
0.01974020601032933
0.01974020601032933
0.01974020601032933
0.01974020601032933
0.01974020601032933
0.018283529078694016
0.018283529078694016
0.018283529078694016
0.018283529078694016
0.018283529078694016
0.018283529078694016
0.018283529078694016
0.018136049401888954
0.018136049401888954
0.017040175993070505
0.017040175993070505
0.017040175993070505
0.017040175993070505
0.01504761284070355
0.01504761284070355
0.01504761284070355
0.01504761284070355
0.01504761284070355
0.01504761284070355
0.01504761284070355
0.01504761284070355
0.01504761284070355
0.01504761284070355
0.01504761284070355
0.01504761284070355
0.01504761284070355
0.012628643375041548
0.012628643375041548
0.012628643375041548
0.012628643375041548
0.012628643375041548
0.012628643375041548
0.012628643375041548
0.012628643375041548
0.012628643375041548
0.012609086095576316
0.012609086095576316
0.012609086095576316
0.012609086095576316
0.011587432783517926
0.011170388780133322
0.011170388780133322
0.011048239245106117
0.011048239245106117
0.011048239245106117
0.011048239245106117
0.011048239245106117
0.011048239245106117
0.011048239245106117
0.011048239245106117
0.011048239245106117
0.011048239245106117
0.011048239245106117
0.011048239245106117
0.011048239245106117
0.01084065444578286
0.01084065444578286
0.01084065444578286
0.010582854331289582
0.010582854331289582
0.010582854331289582
0.010582854331289582
0.010582854331289582
0.010520022783353511
0.010520022783353511
0.010520022783353511
0.010520022783353511
0.010520022783353511
0.010041759687414498
0.007748187764878622
0.007748187764878622
0.007748187764878622
0.007748187764878622
0.007748187764878622
0.007748187764878622
0.007748187764878622
0.007748187764878622
0.007748187764878622
0.007748187764878622
0.007748187764878622
0.007748187764878622
0.007748187764878622
0.007748187764878622
0.007748187764878622
0.007748187764878622
0.007748187764878622
0.007485584708934567
0.007485584708934567
0.007147379084269545
0.007147379084269545
0.007147379084269545
0.007147379084269545
0.007147379084269545
0.006849630794480532
0.006849630794480532
0.0066024123274424085
0.0066024123274424085
0.0066024123274424085
0.0066024123274424085
0.0066024123274424085
0.0066024123274424085
0.0066024123274424085
0.0066024123274424085
0.0066024123274424085
0.0066024123274424085
0.0066024123274424085
0.0066024123274424085
0.0066024123274424085
0.0066024123274424085
0.0066024123274424085
0.0066024123274424085
0.0066024123274424085
0.00609751504020295
0.00609751504020295
0.00609751504020295
0.00609751504020295
0.00609751504020295
0.00609751504020295
0.00609751504020295
0.00609751504020295
0.006019394542825296
0.006019394542825296
0.006019394542825296
0.006019394542825296
0.006019394542825296
0.005873502885346937
0.005873502885346937
0.0057328869937585125
0.005212155126283591
0.005212155126283591
0.005212155126283591
0.005212155126283591
0.005212155126283591
0.005212155126283591
0.0045603902807798136
0.0045603902807798136
0.0045603902807798136
0.0045603902807798136
0.0045603902807798136
0.0045603902807798136
0.0045603902807798136
0.004443742767993086
0.004443742767993086
0.004443742767993086
0.004443742767993086
0.004404754136103861
0.004404754136103861
0.004119552838943719
0.004119552838943719
0.004119552838943719
0.004119552838943719
0.004119552838943719
0.004119552838943719
0.004119552838943719
0.004119552838943719
0.00406426520403258
0.00406426520403258
0.00406426520403258
0.004036066343498845
0.0039752450248720095
0.0039752450248720095
0.0039752450248720095
0.0039752450248720095
0.0039752450248720095
0.0039752450248720095
0.0039752450248720095
0.0037942894845421904
0.0037942894845421904
0.0037942894845421904
0.0036558108525106547
0.0036558108525106547
0.0036558108525106547
0.0036558108525106547
0.0036558108525106547
0.0036558108525106547
0.0036558108525106547
0.003532624591667144
0.003532624591667144
0.003532624591667144
0.003203842929512035
0.003203842929512035
0.003203842929512035
0.003203842929512035
0.003203842929512035
0.003203842929512035
0.003203842929512035
0.003203842929512035
0.003203842929512035
0.003203842929512035
0.003203842929512035
0.003203842929512035
0.0031875020454705805
0.003172588815335331
0.003172588815335331
0.003172588815335331
0.0031706652327585516
0.0031706652327585516
0.0031706652327585516
0.003071525168387268
0.003071525168387268
0.002505221217717235
0.002505221217717235
0.002505221217717235
0.002505221217717235
0.002505221217717235
0.002505221217717235
0.002505221217717235
0.0024015705564615075
0.002362155358216711
0.002362155358216711
0.0020512890999810907
0.0020512890999810907
0.0020512890999810907
0.0020512890999810907
0.0020512890999810907
0.0020512890999810907
0.0020512890999810907
0.0020512890999810907
0.0020512890999810907
0.0020512890999810907
0.0020512890999810907
0.0020512890999810907
0.0020512890999810907
0.0020512890999810907
0.0020512890999810907
0.0020512890999810907
0.0020512890999810907
0.002040352087799846
0.002040352087799846
0.002040352087799846
0.002040352087799846
0.0020192012019037975
0.0020008869451295652
0.0020008869451295652
0.0020008869451295652
0.0020008869451295652
0.0020008869451295652
0.0020008869451295652
0.0020008869451295652
0.0019405570720358867
0.0019405570720358867
0.0019282579782000653
0.001902875222530298
0.001902875222530298
0.001902875222530298
0.001902875222530298
0.001902875222530298
0.001902875222530298
0.001902875222530298
0.001902875222530298
0.001902875222530298
0.001902875222530298
0.0018747692236402713
0.0018747692236402713
0.0018437188218776157
0.0018437188218776157
0.0017125256144758794
0.0016989105713207664
0.0016205376041966701
0.0016205376041966701
0.0016205376041966701
0.0016205376041966701
0.0016205376041966701
0.0014813540251985557
0.0014813540251985557
0.0014813540251985557
0.0014813540251985557
0.001406205646940606
0.001406205646940606
0.001406205646940606
0.001406205646940606
0.001406205646940606
0.001406205646940606
0.001406205646940606
0.001406205646940606
0.001406205646940606
0.001406205646940606
0.001406205646940606
0.0013926786290490156
0.0013257267689574803
0.0013257267689574803
0.0013257267689574803
0.0013257267689574803
0.0013257267689574803
0.0013257267689574803
0.0013257267689574803
0.0013257267689574803
0.0013257267689574803
0.0013257267689574803
0.001036206798470829
0.001036206798470829
0.001036206798470829
0.001036206798470829
0.001036206798470829
0.001033410756036801
0.001033410756036801
0.001033410756036801
0.0009791153007832065
0.0009791153007832065
0.0009791153007832065
0.0009791153007832065
0.0009791153007832065
0.0009677527718885415
0.0009677527718885415
0.0009677527718885415
0.0009677527718885415
0.0009675104044220006
0.0009675104044220006
0.0008976802940452444
0.0008976802940452444
0.0008976802940452444
0.0008976802940452444
0.0008976802940452444
0.0008976802940452444
0.0008976802940452444
0.0008976802940452444
0.0008976802940452444
0.0008976802940452444
0.0008976802940452444
0.0008976802940452444
0.0008976802940452444
0.0008976802940452444
0.0008976802940452444
0.0008791983459097708
0.0008791983459097708
0.0008791983459097708
0.0008601240907282204
0.0006991000390712543
0.0006991000390712543
0.0006991000390712543
0.0006991000390712543
0.0006991000390712543
0.0006991000390712543
0.0006991000390712543
0.0006991000390712543
0.0006991000390712543
0.0006991000390712543
0.0006991000390712543
0.0006991000390712543
0.0006285275446273886
0.0006285275446273886
0.0006285275446273886
0.0006285275446273886
0.0006285275446273886
0.0006285275446273886
0.0006263287839587406
0.0006263287839587406
0.0006216044083551253
0.0006184265442783499
0.0006184265442783499
0.0006184265442783499
0.0006138087804217207
0.0006138087804217207
0.0006138087804217207
0.0006138087804217207
0.0006138087804217207
0.0006138087804217207
0.0006138087804217207
0.0006138087804217207
0.0005584743144488868
0.0005584743144488868
0.0005584743144488868
0.0005584743144488868
0.0005584743144488868
0.0005584743144488868
0.0005584743144488868
0.0005555849428837689
0.0005487234111427597
0.0005487234111427597
0.0005487234111427597
0.0005487234111427597
0.0005487234111427597
0.00044578669440298313
0.00044578669440298313
0.00044578669440298313
0.00044578669440298313
0.00044578669440298313
0.00044578669440298313
0.00044578669440298313
0.00044578669440298313
0.00044578669440298313
0.0004301935584400951
0.0004193121373567976
0.0003580885311613713
0.0003580885311613713
0.0003580885311613713
0.0003580885311613713
0.0003580885311613713
0.0003580885311613713
0.0003580885311613713
0.0003520370360412528
0.0003520370360412528
0.0003520370360412528
0.0003520370360412528
0.00031147564998690314
0.00031147564998690314
0.00031147564998690314
0.00031147564998690314
0.0003094336961062538
0.0003094336961062538
