0.0016088485717773438
0.001538991928100586
0.0014526844024658203
0.0015091896057128906
0.00148773193359375
0.0015399456024169922
0.001569509506225586
0.0014383792877197266
0.0015416145324707031
0.0015652179718017578
0.0014681816101074219
0.0015347003936767578
0.0014760494232177734
0.0015113353729248047
0.001497030258178711
0.0014634132385253906
0.0014650821685791016
0.0015521049499511719
0.00146484375
0.0014567375183105469
0.0014865398406982422
0.0014796257019042969
0.0014650821685791016
0.0014681816101074219
0.0014619827270507812
0.0014586448669433594
0.0014722347259521484
0.001466512680053711
0.0014681816101074219
0.0014743804931640625
0.0014481544494628906
0.001550912857055664
0.0014786720275878906
0.0014531612396240234
0.0014750957489013672
0.0014538764953613281
0.001463174819946289
0.0014564990997314453
0.0014505386352539062
0.0014560222625732422
0.0014445781707763672
0.0014677047729492188
0.0014424324035644531
0.001438140869140625
0.0014586448669433594
0.0014495849609375
0.0014503002166748047
0.0014483928680419922
0.001451730728149414
0.0014629364013671875
0.0015521049499511719
0.0014581680297851562
0.0014777183532714844
0.00145721435546875
0.0014538764953613281
0.0014545917510986328
0.0014514923095703125
0.001462697982788086
0.0015065670013427734
0.0015010833740234375
0.0014700889587402344
0.0014553070068359375
0.0014560222625732422
0.001453399658203125
0.0014424324035644531
0.001476287841796875
0.0014636516571044922
0.0015594959259033203
0.001493215560913086
0.001466512680053711
0.0015232563018798828
0.0015120506286621094
0.0014646053314208984
0.0014524459838867188
0.0014581680297851562
0.001466512680053711
0.0014672279357910156
0.0014591217041015625
0.0014567375183105469
0.0014624595642089844
0.0014622211456298828
0.0014965534210205078
0.0015475749969482422
0.0014598369598388672
0.0014433860778808594
0.0014634132385253906
0.0014519691467285156
0.0014557838439941406
0.0014557838439941406
0.001445770263671875
0.0014505386352539062
0.0014374256134033203
0.0014445781707763672
0.001443624496459961
0.0014531612396240234
0.001444101333618164
0.0014691352844238281
0.0014798641204833984
0.0014812946319580078
0.0014798641204833984
0.0014579296112060547
0.0014684200286865234
0.0014693737030029297
0.001476287841796875
0.0014705657958984375
0.0014793872833251953
0.0014824867248535156
0.001468658447265625
0.001462697982788086
0.0014607906341552734
0.0014710426330566406
0.0015132427215576172
0.0014548301696777344
0.0014739036560058594
0.0015702247619628906
0.0014662742614746094
0.001491546630859375
0.0014667510986328125
0.0014646053314208984
0.0014700889587402344
0.001444101333618164
0.0014681816101074219
0.0014808177947998047
0.0014789104461669922
0.0014793872833251953
0.0014715194702148438
0.0014655590057373047
0.001474618911743164
0.0014731884002685547
0.0014579296112060547
0.0014693737030029297
0.0014581680297851562
0.001468658447265625
0.0014679431915283203
0.0014638900756835938
0.0015456676483154297
0.00144195556640625
0.0014696121215820312
0.001462697982788086
0.001466989517211914
0.0014791488647460938
0.0014607906341552734
0.001476287841796875
0.0014798641204833984
0.0014791488647460938
0.001495361328125
0.0015568733215332031
0.0015156269073486328
0.0015306472778320312
0.0014598369598388672
0.0015225410461425781
0.001447439193725586
0.0015139579772949219
0.0014598369598388672
0.0014455318450927734
0.001524209976196289
0.001463174819946289
0.0014615058898925781
0.0014557838439941406
0.0014336109161376953
0.0015020370483398438
0.0014522075653076172
0.0014538764953613281
0.0014586448669433594
0.0014491081237792969
0.0014562606811523438
0.0014560222625732422
0.0014607906341552734
0.0014519691467285156
0.0014493465423583984
0.0014750957489013672
0.001455545425415039
0.0014524459838867188
0.0014505386352539062
0.0014421939849853516
0.0015392303466796875
0.0014986991882324219
0.0015451908111572266
0.001577615737915039
0.0014882087707519531
0.0014989376068115234
0.0014901161193847656
0.0014488697052001953
0.0015621185302734375
0.0014693737030029297
0.0015261173248291016
0.0015125274658203125
0.0014841556549072266
0.0016078948974609375
0.001485586166381836
0.0015079975128173828
0.0015106201171875
0.0014677047729492188
0.001528024673461914
0.0014598369598388672
0.0015866756439208984
0.0015103816986083984
0.0014598369598388672
0.0015568733215332031
0.0015187263488769531
0.0015645027160644531
0.0014519691467285156
0.0014798641204833984
0.0014569759368896484
0.0014781951904296875
0.0015211105346679688
0.0014624595642089844
0.0014808177947998047
0.0014743804931640625
0.001489400863647461
0.0015232563018798828
0.001550436019897461
0.001466989517211914
0.001508951187133789
0.0014584064483642578
0.001470804214477539
0.0014700889587402344
0.0014655590057373047
0.0014801025390625
0.0014765262603759766
0.0014731884002685547
0.0015022754669189453
0.001474142074584961
0.0014829635620117188
0.0014636516571044922
0.001458883285522461
0.0014717578887939453
0.0014483928680419922
0.0014739036560058594
0.00152587890625
0.0014867782592773438
0.0015320777893066406
0.0014865398406982422
0.0015079975128173828
0.0015475749969482422
0.0014710426330566406
0.0014705657958984375
0.001459360122680664
0.001461029052734375
0.0015599727630615234
0.0014598369598388672
0.0015075206756591797
0.0015676021575927734
0.0015308856964111328
0.001560211181640625
0.0015006065368652344
0.0015232563018798828
0.0014927387237548828
0.0014536380767822266
0.0015399456024169922
0.0015299320220947266
0.0015556812286376953
0.0014843940734863281
0.0014467239379882812
0.0015647411346435547
0.0015826225280761719
0.0017614364624023438
0.0017020702362060547
0.001712799072265625
0.0017037391662597656
0.0017428398132324219
0.0017757415771484375
0.0017185211181640625
0.001809835433959961
0.001744985580444336
0.0018091201782226562
0.0017824172973632812
0.0018372535705566406
0.001714944839477539
0.0017993450164794922
0.0015566349029541016
0.001692056655883789
0.0015397071838378906
0.001466512680053711
0.0017333030700683594
0.0014495849609375
0.0017459392547607422
0.001538991928100586
0.0015459060668945312
0.0016016960144042969
0.0014379024505615234
0.0017435550689697266
0.0014691352844238281
0.0016446113586425781
0.0015323162078857422
0.0014729499816894531
0.0017476081848144531
0.0014562606811523438
0.0016803741455078125
0.0014460086822509766
0.0015308856964111328
0.0016498565673828125
0.0014493465423583984
0.001729726791381836
0.0014564990997314453
0.001575469970703125
0.0015854835510253906
0.0014634132385253906
0.001708984375
0.0014629364013671875
0.0016417503356933594
0.0015289783477783203
0.001556396484375
0.0016918182373046875
0.0015385150909423828
0.001753091812133789
0.001522064208984375
0.0015959739685058594
0.0015752315521240234
0.0014960765838623047
0.0017480850219726562
0.001556396484375
0.0017590522766113281
0.0015614032745361328
0.0016803741455078125
0.0016083717346191406
0.0016074180603027344
0.0016937255859375
0.0016558170318603516
0.0018162727355957031
0.0015871524810791016
0.0017516613006591797
0.00159454345703125
0.0016417503356933594
0.0016283988952636719
0.0015480518341064453
0.001748800277709961
0.0015621185302734375
0.0017905235290527344
0.0016603469848632812
0.0018112659454345703
0.001575469970703125
0.0017626285552978516
0.0016636848449707031
0.0015494823455810547
0.0017807483673095703
0.0015573501586914062
0.0017540454864501953
0.0014605522155761719
0.0015332698822021484
0.0016150474548339844
0.0014574527740478516
0.0017654895782470703
0.0014803409576416016
0.001676797866821289
0.0016705989837646484
0.0015935897827148438
0.0017027854919433594
0.0015494823455810547
0.0017392635345458984
0.0014591217041015625
0.0016169548034667969
0.0016345977783203125
0.0014770030975341797
0.0016870498657226562
0.0014677047729492188
0.0016565322875976562
0.0014483928680419922
0.001560211181640625
0.0016741752624511719
0.0015628337860107422
0.0017499923706054688
0.0015537738800048828
0.001661062240600586
0.00148773193359375
0.0015187263488769531
0.0016794204711914062
0.0014901161193847656
0.0017461776733398438
0.001481771469116211
0.0016055107116699219
0.0015513896942138672
0.0014853477478027344
0.0017442703247070312
0.0014736652374267578
0.0017156600952148438
0.0014734268188476562
0.0015425682067871094
0.0016326904296875
0.0014584064483642578
0.0017573833465576172
0.0015196800231933594
0.0016274452209472656
0.0015218257904052734
0.001474618911743164
0.0017244815826416016
0.0015208721160888672
0.001760721206665039
0.0014967918395996094
0.0015573501586914062
0.0015680789947509766
0.0015256404876708984
0.0017268657684326172
0.0014412403106689453
0.0016124248504638672
0.001613616943359375
0.0015647411346435547
0.0016400814056396484
0.0015354156494140625
0.0017137527465820312
0.0015370845794677734
0.001653432846069336
0.0016655921936035156
0.0015468597412109375
0.001641988754272461
0.0015645027160644531
0.0017366409301757812
0.0016379356384277344
0.0016241073608398438
0.0015716552734375
0.001567840576171875
0.0016412734985351562
0.001560211181640625
0.0016663074493408203
0.0015418529510498047
0.001600503921508789
0.0016148090362548828
0.0015540122985839844
0.0017952919006347656
0.0015358924865722656
0.0016741752624511719
0.0015561580657958984
0.0016093254089355469
0.0015861988067626953
0.001539468765258789
0.0016658306121826172
0.0014908313751220703
0.001661062240600586
0.0014796257019042969
0.001468658447265625
0.0016560554504394531
0.0014646053314208984
0.0016620159149169922
0.0014808177947998047
0.001567840576171875
0.0015420913696289062
0.0014672279357910156
0.0015788078308105469
0.0015621185302734375
0.0015625953674316406
0.0015268325805664062
0.001554250717163086
0.0014586448669433594
0.0015606880187988281
0.0015130043029785156
0.001512289047241211
0.001543283462524414
0.0015611648559570312
0.0015454292297363281
0.001538991928100586
0.0015714168548583984
0.0014257431030273438
0.0016548633575439453
0.0014743804931640625
0.0016438961029052734
0.0014715194702148438
0.0014591217041015625
0.0016150474548339844
0.001461029052734375
0.0015139579772949219
0.0014858245849609375
0.0014619827270507812
0.0016450881958007812
0.0014965534210205078
0.0015192031860351562
0.0015172958374023438
0.0014581680297851562
0.0015499591827392578
0.001537322998046875
0.0015437602996826172
0.0014731884002685547
0.0014545917510986328
0.001523733139038086
0.001451253890991211
0.0015194416046142578
0.0015194416046142578
0.0014643669128417969
0.0015616416931152344
0.0015172958374023438
0.0015687942504882812
0.0015721321105957031
0.001476287841796875
0.001516580581665039
0.0015218257904052734
0.0015301704406738281
0.0014677047729492188
0.001459360122680664
0.0015871524810791016
0.0016820430755615234
0.001546621322631836
0.0014569759368896484
0.0017054080963134766
0.0016071796417236328
0.0015554428100585938
0.0015957355499267578
0.001592874526977539
0.001641988754272461
0.0016415119171142578
0.0015969276428222656
0.0015876293182373047
0.0016865730285644531
0.0016791820526123047
0.0015456676483154297
0.0016028881072998047
0.0015437602996826172
0.0016787052154541016
0.0015649795532226562
0.0015101432800292969
0.001566171646118164
0.0015094280242919922
0.001622915267944336
0.0015566349029541016
0.0014576911926269531
0.0016744136810302734
0.0014472007751464844
0.001583099365234375
0.0015273094177246094
0.0014657974243164062
0.0015850067138671875
0.0014622211456298828
0.0015218257904052734
0.001577138900756836
0.001466512680053711
0.0015718936920166016
0.0015208721160888672
0.0015637874603271484
0.0015311241149902344
0.001470804214477539
0.001554250717163086
0.0014801025390625
0.0015707015991210938
0.0015196800231933594
0.0014646053314208984
0.0015571117401123047
0.0014698505401611328
0.0015277862548828125
0.0014896392822265625
0.0015213489532470703
0.0015494823455810547
0.001481771469116211
0.0015153884887695312
0.0015559196472167969
0.0015392303466796875
0.0015866756439208984
0.001565694808959961
0.0015599727630615234
0.0014777183532714844
0.0014946460723876953
0.0014445781707763672
0.001461029052734375
0.0015292167663574219
0.001485586166381836
0.0014867782592773438
0.0014698505401611328
0.001474142074584961
0.0015273094177246094
0.0014925003051757812
0.0014946460723876953
0.0016431808471679688
0.0014748573303222656
0.0014793872833251953
0.0014667510986328125
0.001486063003540039
0.0015063285827636719
0.0014731884002685547
0.001493215560913086
0.001485586166381836
0.0014660358428955078
0.0014977455139160156
0.0014607906341552734
0.0014882087707519531
0.0014429092407226562
0.0015332698822021484
0.0015041828155517578
0.0014717578887939453
0.0014858245849609375
0.0014889240264892578
0.0014679431915283203
0.0014917850494384766
0.0014536380767822266
0.0014824867248535156
0.0014874935150146484
0.0014884471893310547
0.0014548301696777344
0.0014815330505371094
0.001453399658203125
0.0015163421630859375
0.0014619827270507812
0.001483917236328125
0.0014545917510986328
0.0014808177947998047
0.0014841556549072266
0.0014696121215820312
0.0014791488647460938
0.001462697982788086
0.0014653205871582031
0.0014791488647460938
0.0014729499816894531
0.0014841556549072266
0.0014772415161132812
0.0014774799346923828
0.0014903545379638672
0.001463174819946289
0.0014755725860595703
0.0014774799346923828
0.001485586166381836
0.0015213489532470703
0.0015003681182861328
0.0014576911926269531
0.0014805793762207031
0.0014722347259521484
0.0014731884002685547
0.0014748573303222656
0.0014705657958984375
0.0014832019805908203
0.0014808177947998047
0.0014832019805908203
0.0014691352844238281
0.0014786720275878906
0.0014827251434326172
0.0014944076538085938
0.0014760494232177734
0.0014843940734863281
0.0014998912811279297
0.0015022754669189453
0.001512289047241211
0.0015265941619873047
0.0014972686767578125
0.001461029052734375
0.0014994144439697266
0.001489877700805664
0.0014617443084716797
0.0014729499816894531
0.0014524459838867188
0.0014753341674804688
0.0014882087707519531
0.0014944076538085938
0.0014789104461669922
0.0014607906341552734
0.0014901161193847656
0.0015289783477783203
0.0014731884002685547
0.0014879703521728516
0.0014493465423583984
0.001463174819946289
0.001481771469116211
0.0014948844909667969
0.0015060901641845703
0.0014753341674804688
0.0014624595642089844
0.001527547836303711
0.0014793872833251953
0.0014657974243164062
0.001466512680053711
0.0014719963073730469
0.0014791488647460938
0.0014801025390625
0.0014646053314208984
0.0014958381652832031
0.001470327377319336
0.0014684200286865234
0.0014781951904296875
0.0014870166778564453
0.0014986991882324219
0.0014760494232177734
0.0014691352844238281
0.0014650821685791016
0.0014657974243164062
0.0015437602996826172
0.0014677047729492188
0.0014481544494628906
0.0014541149139404297
0.0014748573303222656
0.0015053749084472656
0.0014972686767578125
0.0014913082122802734
0.0014958381652832031
0.0014481544494628906
0.001440286636352539
0.001466989517211914
0.00147247314453125
0.0014524459838867188
0.0014719963073730469
0.0015714168548583984
0.0016684532165527344
0.0018239021301269531
0.0015349388122558594
0.0016787052154541016
0.001611948013305664
0.001630544662475586
0.0015385150909423828
0.0015370845794677734
0.0015480518341064453
0.001560211181640625
0.0015742778778076172
0.0015304088592529297
0.0015461444854736328
0.0015473365783691406
0.001589059829711914
0.001550436019897461
0.0015246868133544922
0.0015060901641845703
0.0015511512756347656
0.0015304088592529297
0.001506805419921875
0.0015027523040771484
0.001550912857055664
0.0015022754669189453
0.0015268325805664062
0.0015282630920410156
0.0015163421630859375
0.0014386177062988281
0.0014917850494384766
0.0016281604766845703
0.0014824867248535156
0.0014426708221435547
0.0014374256134033203
0.0014553070068359375
0.0014910697937011719
0.001470804214477539
0.0014562606811523438
0.001447439193725586
0.0014963150024414062
0.0015120506286621094
0.0014259815216064453
0.0014367103576660156
0.0014286041259765625
0.0014574527740478516
0.0014371871948242188
0.0014424324035644531
0.001531362533569336
0.0014729499816894531
0.0014529228210449219
0.0014462471008300781
0.0015289783477783203
0.0015609264373779297
0.0015323162078857422
0.0015687942504882812
0.0015573501586914062
0.0015795230865478516
0.0015780925750732422
0.0014495849609375
0.0015130043029785156
0.0015535354614257812
0.0016798973083496094
0.0016765594482421875
0.0015003681182861328
0.0016632080078125
0.0016207695007324219
0.0015587806701660156
0.0015377998352050781
0.0016705989837646484
0.001497507095336914
0.0014889240264892578
0.0014638900756835938
0.0014421939849853516
0.0014491081237792969
0.001474618911743164
0.0016617774963378906
0.0016117095947265625
0.001684427261352539
0.0017027854919433594
0.0017676353454589844
0.0017004013061523438
0.001817941665649414
0.0016982555389404297
0.0017020702362060547
0.0014882087707519531
0.0014705657958984375
0.0016984939575195312
0.0015330314636230469
0.0016651153564453125
0.0014455318450927734
0.0015079975128173828
0.0016837120056152344
0.0016040802001953125
0.0016841888427734375
0.001528024673461914
0.0015232563018798828
0.001542806625366211
0.0014920234680175781
0.001535654067993164
0.0014445781707763672
0.0015108585357666016
0.0015480518341064453
0.0024955272674560547
0.00154876708984375
0.0015544891357421875
0.0015077590942382812
0.0015234947204589844
0.001608133316040039
0.0015225410461425781
0.0014812946319580078
0.0015411376953125
0.001567840576171875
0.001562356948852539
0.0015213489532470703
0.0014429092407226562
0.0014357566833496094
0.0015063285827636719
0.0015513896942138672
0.0015349388122558594
0.0015273094177246094
0.0015549659729003906
0.0015676021575927734
0.0016369819641113281
0.001514434814453125
0.0016756057739257812
0.0015408992767333984
0.0015940666198730469
0.0014476776123046875
0.0016474723815917969
0.0015368461608886719
0.0015177726745605469
0.0014410018920898438
0.0015087127685546875
0.0014984607696533203
0.0015156269073486328
0.001444101333618164
0.0014832019805908203
0.0014803409576416016
0.0015444755554199219
0.0014557838439941406
0.0014395713806152344
0.0015213489532470703
0.0014414787292480469
0.00144195556640625
0.0014681816101074219
0.0015332698822021484
0.0014421939849853516
0.0015254020690917969
0.0015041828155517578
0.001535177230834961
0.0015108585357666016
0.001443624496459961
0.001455068588256836
0.0016579627990722656
0.0015778541564941406
0.001482248306274414
0.0015804767608642578
0.0014791488647460938
0.0014731884002685547
0.0015070438385009766
0.001435995101928711
0.0014998912811279297
0.0015342235565185547
0.0015211105346679688
0.0014681816101074219
0.0014960765838623047
0.0014851093292236328
0.0015265941619873047
0.001463174819946289
0.0014460086822509766
0.0014352798461914062
0.0014979839324951172
0.0015289783477783203
0.0015292167663574219
0.0014567375183105469
0.0014619827270507812
0.001451730728149414
0.0014405250549316406
0.0014333724975585938
0.001455545425415039
0.001516103744506836
0.0014750957489013672
0.0014643669128417969
0.0014357566833496094
0.0015554428100585938
0.0016753673553466797
0.001800537109375
0.0016367435455322266
0.0016341209411621094
0.0015506744384765625
0.001535654067993164
0.0016779899597167969
0.001550912857055664
0.0015709400177001953
0.001556396484375
0.00165557861328125
0.0016019344329833984
0.001560211181640625
0.0016548633575439453
0.0015196800231933594
0.0015473365783691406
0.0015337467193603516
0.001538991928100586
0.0015323162078857422
0.0015287399291992188
0.0015380382537841797
0.0015535354614257812
0.0015330314636230469
0.0015368461608886719
0.0015420913696289062
0.0015480518341064453
0.0015566349029541016
0.0015070438385009766
0.0015447139739990234
0.0016398429870605469
0.001689910888671875
0.0015711784362792969
0.0015366077423095703
0.00153350830078125
0.0015196800231933594
0.0015251636505126953
0.0015416145324707031
0.0015344619750976562
0.001554250717163086
0.0015561580657958984
0.0015316009521484375
0.0015532970428466797
0.0015094280242919922
0.0015659332275390625
0.001546621322631836
0.001589059829711914
0.0015251636505126953
0.0015823841094970703
0.001544952392578125
0.0015354156494140625
0.0015397071838378906
0.0015130043029785156
0.0015380382537841797
0.0015690326690673828
0.0015287399291992188
0.0015609264373779297
0.0015063285827636719
0.0015416145324707031
0.001544952392578125
0.0015358924865722656
0.001567840576171875
0.0016705989837646484
0.0015475749969482422
0.0015273094177246094
0.0016591548919677734
0.0015900135040283203
0.001569509506225586
0.0015399456024169922
0.0015387535095214844
0.001528024673461914
0.0015311241149902344
0.0015354156494140625
0.001537322998046875
0.0015339851379394531
0.0015420913696289062
0.0015461444854736328
0.0016391277313232422
0.0014955997467041016
0.0014412403106689453
0.0014438629150390625
0.0015430450439453125
0.0015137195587158203
0.0015475749969482422
0.0015616416931152344
0.0015234947204589844
0.0015342235565185547
0.0015323162078857422
0.0015549659729003906
0.0015227794647216797
0.001516103744506836
0.0015304088592529297
0.0015788078308105469
0.0015888214111328125
0.0015375614166259766
0.0015337467193603516
0.0015387535095214844
0.0015363693237304688
0.0015637874603271484
0.0015292167663574219
0.0015840530395507812
0.0015156269073486328
0.0015082359313964844
0.0015294551849365234
0.0015251636505126953
0.0015285015106201172
0.0015442371368408203
0.001554727554321289
0.0015380382537841797
0.0014660358428955078
0.0014350414276123047
0.0014350414276123047
0.0015392303466796875
0.0015299320220947266
0.0014431476593017578
0.0014774799346923828
0.0014982223510742188
0.0014493465423583984
0.0015442371368408203
0.0014431476593017578
0.0014331340789794922
0.001447439193725586
0.001440286636352539
0.0014374256134033203
0.0017170906066894531
0.0015420913696289062
0.0015215873718261719
0.0015339851379394531
0.0015308856964111328
0.0015406608581542969
0.0015811920166015625
0.0015196800231933594
0.0015172958374023438
