0.004390239715576172
0.004328250885009766
0.004309654235839844
0.004350423812866211
0.00433039665222168
0.004324674606323242
0.004337310791015625
0.004332065582275391
0.00431513786315918
0.004301548004150391
0.004328489303588867
0.004319906234741211
0.004311800003051758
0.0043239593505859375
0.004324197769165039
0.004312276840209961
0.0043108463287353516
0.00435638427734375
0.00433659553527832
0.0043163299560546875
0.0043201446533203125
0.004336357116699219
0.004321098327636719
0.004367828369140625
0.004345893859863281
0.0043337345123291016
0.004389047622680664
0.0043489933013916016
0.004326581954956055
0.004319667816162109
0.004317283630371094
0.004327058792114258
0.0043294429779052734
0.004395723342895508
0.0043621063232421875
0.0043582916259765625
0.004380702972412109
0.004360198974609375
0.0043468475341796875
0.004408359527587891
0.0043222904205322266
0.004332065582275391
0.004325151443481445
0.0043430328369140625
0.0043315887451171875
0.004331350326538086
0.004376411437988281
0.004338741302490234
0.004296302795410156
0.004316091537475586
0.004307746887207031
0.004335880279541016
0.004339694976806641
0.00434422492980957
0.004340648651123047
0.00432896614074707
0.0043790340423583984
0.0043489933013916016
0.0044193267822265625
0.004354715347290039
0.0043642520904541016
0.004332304000854492
0.004374265670776367
0.004356861114501953
0.004346609115600586
0.004412174224853516
0.0043103694915771484
0.004353523254394531
0.004395008087158203
0.00439143180847168
0.004325389862060547
0.004384756088256836
0.004343748092651367
0.004348039627075195
0.0043392181396484375
0.004342794418334961
0.004355907440185547
0.004396200180053711
0.004332304000854492
0.004354238510131836
0.004324674606323242
0.004324197769165039
0.0043184757232666016
0.004341602325439453
0.0043299198150634766
0.0044553279876708984
0.017397165298461914
0.0043332576751708984
0.004335641860961914
0.024415969848632812
0.004326343536376953
0.004311084747314453
0.004309892654418945
0.020334482192993164
0.004336833953857422
0.0043299198150634766
0.020331382751464844
0.004327535629272461
0.00435328483581543
0.004352569580078125
0.004345893859863281
0.004311084747314453
0.0043261051177978516
0.004337787628173828
0.0043599605560302734
0.0043506622314453125
0.004399538040161133
0.004370450973510742
0.004339694976806641
0.004328489303588867
0.0043277740478515625
0.004338741302490234
0.004364967346191406
0.004352092742919922
0.004368782043457031
0.004349231719970703
0.004357337951660156
0.004355430603027344
0.004487514495849609
0.00443577766418457
0.004339933395385742
0.0043489933013916016
0.004532814025878906
0.004398822784423828
0.00458073616027832
0.004654884338378906
0.004402875900268555
0.004329204559326172
0.0048449039459228516
0.00432896614074707
0.004333972930908203
0.00444793701171875
0.00430607795715332
0.004337787628173828
0.004374504089355469
0.004320859909057617
0.004341602325439453
0.004323005676269531
0.004316568374633789
0.004333972930908203
0.004328012466430664
0.0043103694915771484
0.0043370723724365234
0.0043408870697021484
0.004362583160400391
0.004361391067504883
0.004313945770263672
0.00443267822265625
0.004373788833618164
0.004392385482788086
0.0044248104095458984
0.0044651031494140625
0.004383087158203125
0.004446506500244141
0.004446744918823242
0.004439353942871094
0.004330158233642578
0.004316568374633789
0.004297494888305664
0.004592418670654297
0.004386425018310547
0.004315376281738281
0.004397869110107422
0.0043108463287353516
0.004274129867553711
0.004309654235839844
0.004321098327636719
0.0043370723724365234
0.0043256282806396484
0.004544258117675781
0.004372119903564453
0.004359722137451172
0.004319667816162109
0.004334449768066406
0.004337310791015625
0.004338502883911133
0.004361152648925781
0.004389762878417969
0.004874229431152344
0.004411220550537109
0.004389524459838867
0.0050394535064697266
0.004748106002807617
0.0043141841888427734
0.004327535629272461
0.004363536834716797
0.004328489303588867
0.004366874694824219
0.00436854362487793
0.0043184757232666016
0.004318714141845703
0.004404306411743164
0.0043523311614990234
0.0051419734954833984
0.004426002502441406
0.0044269561767578125
0.004796504974365234
0.004463672637939453
0.004641294479370117
0.005167245864868164
0.004499912261962891
0.0044403076171875
0.004632472991943359
0.004742145538330078
0.005029916763305664
0.004993438720703125
0.004700899124145508
0.004728555679321289
0.005276203155517578
0.004687309265136719
0.005064249038696289
0.00494074821472168
0.004725217819213867
0.0047473907470703125
0.0050411224365234375
0.004664182662963867
0.004964351654052734
0.0046117305755615234
0.0044803619384765625
0.0045320987701416016
0.004564046859741211
0.004556417465209961
0.005009889602661133
0.004533529281616211
0.004319906234741211
0.004322052001953125
0.004318714141845703
0.004314899444580078
0.0043277740478515625
0.004297018051147461
0.004309892654418945
0.004328489303588867
0.004330635070800781
0.004357337951660156
0.004387855529785156
0.004332542419433594
0.004328489303588867
0.004295825958251953
0.0043125152587890625
0.0043103694915771484
0.00429844856262207
0.004329681396484375
0.00433039665222168
0.004347801208496094
0.004342555999755859
0.004340410232543945
0.004372358322143555
0.004347324371337891
0.004403352737426758
0.004347324371337891
0.00433659553527832
0.004323244094848633
0.004324197769165039
0.0043413639068603516
0.004319667816162109
0.004392147064208984
0.004359722137451172
0.004339456558227539
0.0043413639068603516
0.00433039665222168
0.004400730133056641
0.004352569580078125
0.004384517669677734
0.004355907440185547
0.004325151443481445
0.004347085952758789
0.004303932189941406
0.0043222904205322266
0.004550933837890625
0.004422187805175781
0.004354953765869141
0.004471778869628906
0.004423856735229492
0.004496574401855469
0.004487752914428711
0.00445556640625
0.004419088363647461
0.004591703414916992
0.004404783248901367
0.00455784797668457
0.0043354034423828125
0.004363536834716797
0.0043604373931884766
0.004384756088256836
0.004351377487182617
0.004343271255493164
0.004342555999755859
0.004352569580078125
0.004372358322143555
0.004349470138549805
0.004355430603027344
0.004351377487182617
0.004354238510131836
0.004334926605224609
0.004343748092651367
0.004338741302490234
0.0043125152587890625
0.004329681396484375
0.00433802604675293
0.004336118698120117
0.004358053207397461
0.004376649856567383
0.0043430328369140625
0.003753185272216797
0.003365039825439453
0.004614114761352539
0.005884885787963867
0.004611492156982422
0.004441022872924805
0.004369974136352539
0.004490375518798828
0.0044786930084228516
0.0043604373931884766
0.004457712173461914
0.004395961761474609
0.004364967346191406
0.004484891891479492
0.00441431999206543
0.004526376724243164
0.004461050033569336
0.0044062137603759766
0.004355907440185547
0.004561901092529297
0.004352569580078125
0.004484415054321289
0.00438690185546875
0.004452943801879883
0.0044097900390625
0.004362344741821289
0.004507541656494141
0.0045948028564453125
0.004378318786621094
0.00444793701171875
0.004389762878417969
0.0043032169342041016
0.004510164260864258
0.004471302032470703
0.004443645477294922
0.004372835159301758
0.00447845458984375
0.004385709762573242
0.004381895065307617
0.004542827606201172
0.004436492919921875
0.004369020462036133
0.004532814025878906
0.004462003707885742
0.004374027252197266
0.004605770111083984
0.004458189010620117
0.004380464553833008
0.0044705867767333984
0.00440526008605957
0.004366159439086914
0.00480961799621582
0.0044329166412353516
0.0043904781341552734
0.004350185394287109
0.004460573196411133
0.004320859909057617
0.00429844856262207
0.00431060791015625
0.004519462585449219
0.00436711311340332
0.004460573196411133
0.004379749298095703
0.004351615905761719
0.004356861114501953
0.004353523254394531
0.004350900650024414
0.0043146610260009766
0.004330873489379883
0.004328012466430664
0.004507303237915039
0.004339456558227539
0.0043179988861083984
0.004323244094848633
0.004305362701416016
0.004303932189941406
0.004312992095947266
0.004334211349487305
0.00435185432434082
0.004301548004150391
0.004313230514526367
0.004456758499145508
0.004385471343994141
0.004364013671875
0.004323482513427734
0.004321098327636719
0.004315376281738281
0.004344940185546875
0.00435328483581543
0.004335165023803711
0.008321046829223633
0.004544973373413086
0.004357337951660156
0.004355669021606445
0.0043108463287353516
0.004332304000854492
0.004319667816162109
0.004330873489379883
0.004310131072998047
0.004366874694824219
0.004460334777832031
0.004568576812744141
0.004357576370239258
0.0043792724609375
0.004353761672973633
0.004354715347290039
0.0043489933013916016
0.004390239715576172
0.004363059997558594
0.00434112548828125
0.0043697357177734375
0.004334688186645508
0.004347801208496094
0.004344463348388672
0.004347562789916992
0.004372358322143555
0.0043964385986328125
0.0043599605560302734
0.0043718814849853516
0.004328727722167969
0.004366159439086914
0.004422664642333984
0.0043487548828125
0.0043680667877197266
0.004370212554931641
0.004303455352783203
0.004334211349487305
0.004320621490478516
0.004309654235839844
0.004346370697021484
0.0043087005615234375
0.004304170608520508
0.0045549869537353516
0.0050084590911865234
0.004763603210449219
0.005051136016845703
0.005106449127197266
0.004718303680419922
0.004703521728515625
0.005097866058349609
0.004707813262939453
0.005064725875854492
0.005097627639770508
0.004702091217041016
0.0047588348388671875
0.005110263824462891
0.005110263824462891
0.0047338008880615234
0.00503849983215332
0.004736423492431641
0.0046977996826171875
0.005031108856201172
0.00533604621887207
0.004728078842163086
0.0055048465728759766
0.0047702789306640625
0.004723310470581055
0.005068778991699219
0.005090236663818359
0.0047283172607421875
0.00511622428894043
0.004731178283691406
0.00481104850769043
0.0051670074462890625
0.005116701126098633
0.004781484603881836
0.004726409912109375
0.004305124282836914
0.004317760467529297
0.004334688186645508
0.0043218135833740234
0.004323720932006836
0.004318952560424805
0.004321575164794922
0.0042912960052490234
0.004317045211791992
0.004445791244506836
0.004433155059814453
0.005095958709716797
0.004340648651123047
0.0043048858642578125
0.004325151443481445
0.004324197769165039
0.004317760467529297
0.004328012466430664
0.0043239593505859375
0.004306793212890625
0.004319429397583008
0.004342079162597656
0.004317045211791992
0.004325389862060547
0.004344940185546875
0.0043201446533203125
0.004335165023803711
0.004314422607421875
0.0043413639068603516
0.004320621490478516
0.004312038421630859
0.0043261051177978516
0.0043146610260009766
0.0043179988861083984
0.004312276840209961
0.004342555999755859
0.004311561584472656
0.004366636276245117
0.004360675811767578
0.0043070316314697266
0.004379987716674805
0.00433349609375
0.004316091537475586
0.004331350326538086
0.004340410232543945
0.004318714141845703
0.004318714141845703
0.004321575164794922
0.0043070316314697266
0.004311800003051758
0.004359245300292969
0.0043179988861083984
0.004316568374633789
0.00429844856262207
0.0073850154876708984
0.00444483757019043
0.0045604705810546875
0.004397153854370117
0.004471540451049805
0.0043604373931884766
0.004438638687133789
0.004478931427001953
0.004651546478271484
0.004350185394287109
0.004535198211669922
0.00439143180847168
0.004540205001831055
0.004673004150390625
0.004518270492553711
0.004420757293701172
0.004487037658691406
0.004442930221557617
0.00433659553527832
0.004493236541748047
0.004560232162475586
0.004434108734130859
0.004498958587646484
0.004472494125366211
0.0043451786041259766
0.0043926239013671875
0.0046880245208740234
0.004401683807373047
0.004396677017211914
0.004357099533081055
0.004480123519897461
0.004437446594238281
0.004803895950317383
0.0044553279876708984
0.004347562789916992
0.004348039627075195
0.004365444183349609
0.0043294429779052734
0.004355192184448242
0.004380702972412109
0.004349708557128906
0.004400968551635742
0.004347801208496094
0.0043485164642333984
0.004301548004150391
0.004335641860961914
0.004344463348388672
0.004348278045654297
0.004332304000854492
0.0043141841888427734
0.004332542419433594
0.004609584808349609
0.004385709762573242
0.0043697357177734375
0.00436711311340332
0.004317283630371094
0.004306316375732422
0.004345893859863281
0.004437685012817383
0.004357576370239258
0.004326820373535156
0.004323244094848633
0.0043354034423828125
0.004354953765869141
0.00442194938659668
0.004330635070800781
0.00435185432434082
0.004356861114501953
0.004359006881713867
0.004323005676269531
0.00440669059753418
0.004392385482788086
0.004338264465332031
0.004340171813964844
0.004326581954956055
0.004330635070800781
0.004342555999755859
0.004335880279541016
0.0043714046478271484
0.004380941390991211
0.004350900650024414
0.004340648651123047
0.004347562789916992
0.0043256282806396484
0.0043337345123291016
0.004307270050048828
0.00430750846862793
0.00461125373840332
0.0043141841888427734
0.004380464553833008
0.0043294429779052734
0.004355669021606445
0.004332542419433594
0.00433039665222168
0.004318952560424805
0.0043222904205322266
0.004476785659790039
0.004391908645629883
0.004511833190917969
0.004400491714477539
0.004355430603027344
0.004479169845581055
0.004407167434692383
0.0044553279876708984
0.004328250885009766
0.004322528839111328
0.004315853118896484
0.004300832748413086
0.004309892654418945
0.004317522048950195
0.004305839538574219
0.00435328483581543
0.004346132278442383
0.004332304000854492
0.004545688629150391
0.004403352737426758
0.005072832107543945
0.00507664680480957
0.004675149917602539
0.004683971405029297
0.004795074462890625
0.004407644271850586
0.004423379898071289
0.004391670227050781
0.004326820373535156
0.004336357116699219
0.004336833953857422
0.0043337345123291016
0.004332304000854492
0.004337310791015625
0.004563570022583008
0.004473209381103516
0.004438161849975586
0.0045528411865234375
0.00431060791015625
0.004319429397583008
0.004352569580078125
0.00441741943359375
0.0044934749603271484
0.004373073577880859
0.004464864730834961
0.004356861114501953
0.0043108463287353516
0.004312753677368164
0.004305839538574219
0.004317283630371094
0.0043032169342041016
0.004319190979003906
0.004357814788818359
0.004320383071899414
0.004322052001953125
0.004313945770263672
0.0043261051177978516
0.0043337345123291016
0.004323005676269531
0.004284381866455078
0.004305839538574219
0.004324436187744141
0.004311800003051758
0.0043299198150634766
0.004303693771362305
0.0043027400970458984
0.004330158233642578
0.004345893859863281
0.0043239593505859375
0.0043103694915771484
0.0043375492095947266
0.0043103694915771484
0.004326343536376953
0.004319190979003906
0.004340171813964844
0.004321098327636719
0.004312038421630859
0.0043294429779052734
0.00432133674621582
0.004311561584472656
0.004294633865356445
0.00434565544128418
0.0043408870697021484
0.0043408870697021484
0.004328250885009766
0.004334211349487305
0.004332304000854492
0.004334211349487305
0.004283428192138672
0.004358053207397461
0.004327058792114258
0.00436854362487793
0.0043637752532958984
0.004443645477294922
0.004811763763427734
0.004441499710083008
0.0044062137603759766
0.005453586578369141
0.004861116409301758
0.0051691532135009766
0.005052328109741211
0.004666566848754883
0.00432133674621582
0.004203319549560547
0.004377841949462891
0.004757881164550781
0.004992008209228516
0.004852294921875
0.00469207763671875
0.004961252212524414
0.004498720169067383
0.004517316818237305
0.004331111907958984
0.004334449768066406
0.004584550857543945
0.004678964614868164
0.004487514495849609
0.004545927047729492
0.004744768142700195
0.004443168640136719
0.004842281341552734
0.004650592803955078
0.00445246696472168
0.004452705383300781
0.004853725433349609
0.0044307708740234375
0.004426002502441406
0.004338264465332031
0.0043354034423828125
0.00433659553527832
0.004326581954956055
0.004421234130859375
0.004381418228149414
0.005514860153198242
0.004678249359130859
0.004713296890258789
0.00487828254699707
0.004425525665283203
0.004387617111206055
0.0043659210205078125
0.004393100738525391
0.004354953765869141
0.0043735504150390625
0.004320383071899414
0.004305124282836914
0.004312992095947266
0.004312992095947266
0.004319429397583008
0.004326343536376953
0.004323244094848633
0.004343748092651367
0.004325151443481445
0.004419565200805664
0.0044825077056884766
0.00439000129699707
0.004361867904663086
0.004393339157104492
0.0045680999755859375
0.0043485164642333984
0.004403591156005859
0.004473686218261719
0.004370450973510742
0.004383563995361328
0.0045011043548583984
0.004328250885009766
0.0043201446533203125
0.004319429397583008
0.004408597946166992
0.004466533660888672
0.0049250125885009766
0.004351615905761719
0.0045049190521240234
0.005009174346923828
0.004653453826904297
0.004640102386474609
0.005404949188232422
0.004678964614868164
0.00469970703125
0.004700899124145508
0.004787445068359375
0.004717350006103516
0.004719257354736328
0.004500865936279297
0.004546165466308594
0.0044596195220947266
0.004462718963623047
0.004346132278442383
0.004381895065307617
0.0053484439849853516
0.004457712173461914
0.004380702972412109
0.004819631576538086
0.00443577766418457
0.004393815994262695
0.00467228889465332
0.004462242126464844
0.004474639892578125
0.00461888313293457
0.004500389099121094
0.0045278072357177734
0.004994630813598633
0.004509449005126953
0.004502773284912109
0.0045397281646728516
0.004696369171142578
0.0045511722564697266
0.004591703414916992
0.004770517349243164
0.004553318023681641
0.0045392513275146484
0.004728078842163086
0.0045545101165771484
0.004544258117675781
0.00487518310546875
0.004541635513305664
0.004501819610595703
0.004416227340698242
0.0043637752532958984
0.004354715347290039
0.0043811798095703125
0.004317283630371094
0.004338502883911133
0.00434112548828125
0.004342079162597656
0.004330873489379883
0.0043201446533203125
0.004663228988647461
0.00444340705871582
0.004408597946166992
0.00450897216796875
0.0047070980072021484
0.0044155120849609375
0.004712343215942383
0.0044596195220947266
0.004416704177856445
0.00444483757019043
0.004389762878417969
0.004389047622680664
0.005076885223388672
0.004456043243408203
0.0043718814849853516
0.004884481430053711
0.004473209381103516
0.004462480545043945
0.004555225372314453
0.004370450973510742
0.004379749298095703
0.004428863525390625
0.004475116729736328
0.004624366760253906
0.0044367313385009766
0.004427909851074219
0.00446009635925293
0.0044116973876953125
0.004456758499145508
0.0044097900390625
0.0044078826904296875
0.004300117492675781
0.0043182373046875
0.004327058792114258
0.0044405460357666016
0.0048065185546875
0.004430532455444336
0.0046710968017578125
0.0044956207275390625
0.004558563232421875
0.004698514938354492
0.004378318786621094
0.004653453826904297
0.004408121109008789
0.004398822784423828
0.00442957878112793
0.004330873489379883
0.004323244094848633
0.004315376281738281
0.004299163818359375
0.004309892654418945
0.00433802604675293
0.004379749298095703
0.004352569580078125
0.004420042037963867
0.004340410232543945
0.004333019256591797
0.004340648651123047
0.004441976547241211
0.004347085952758789
0.004361391067504883
0.0043451786041259766
0.0043413639068603516
0.004326581954956055
0.004357814788818359
0.004522085189819336
0.004418611526489258
0.004378795623779297
0.004384517669677734
0.004394054412841797
0.004369974136352539
0.004506826400756836
0.00442051887512207
0.004535198211669922
0.004324197769165039
0.004317760467529297
0.004317760467529297
0.00441741943359375
0.0045092105865478516
0.0045320987701416016
0.0044367313385009766
0.0044863224029541016
0.004438161849975586
0.004351377487182617
0.0046155452728271484
0.004547595977783203
0.0043985843658447266
0.004522800445556641
0.00436854362487793
0.0043332576751708984
0.004374027252197266
0.004330873489379883
0.004383087158203125
0.004333972930908203
0.004333972930908203
0.004362583160400391
0.00431513786315918
0.004311084747314453
0.004334926605224609
0.004312038421630859
0.004347562789916992
0.0043370723724365234
0.0044040679931640625
0.004320859909057617
0.0044095516204833984
0.004423379898071289
0.00434565544128418
0.004480123519897461
0.0043866634368896484
0.004339933395385742
0.004320383071899414
0.004376649856567383
0.0043201446533203125
0.004342555999755859
0.0045320987701416016
0.004333972930908203
0.004324197769165039
0.00431370735168457
0.0043315887451171875
0.004350900650024414
0.0043487548828125
0.004325151443481445
0.004349470138549805
0.0043582916259765625
0.004454612731933594
0.0043294429779052734
0.004317522048950195
0.004326581954956055
0.004327535629272461
0.0043125152587890625
0.004302024841308594
0.004325151443481445
0.00433659553527832
0.004313945770263672
0.0043222904205322266
0.004537343978881836
0.004442453384399414
0.00432896614074707
0.004325151443481445
0.004316091537475586
0.00433802604675293
0.004381895065307617
0.0043146610260009766
0.004352569580078125
0.004331827163696289
0.004346132278442383
0.004549980163574219
0.0044155120849609375
0.004355430603027344
0.0044367313385009766
0.004430294036865234
0.004352569580078125
0.004361391067504883
0.004416465759277344
