0.002756834030151367
0.0026633739471435547
0.0028111934661865234
0.002653360366821289
0.0026552677154541016
0.0026254653930664062
0.002667665481567383
0.002714395523071289
0.0026116371154785156
0.002679109573364258
0.0025725364685058594
0.0026361942291259766
0.002638101577758789
0.002653360366821289
0.002727985382080078
0.0027365684509277344
0.002668142318725586
0.002686738967895508
0.002606630325317383
0.0027108192443847656
0.0027260780334472656
0.002590656280517578
0.002602100372314453
0.002613067626953125
0.002577543258666992
0.0026502609252929688
0.002604246139526367
0.002553701400756836
0.0025992393493652344
0.0026001930236816406
0.002600431442260742
0.002556324005126953
0.002614736557006836
0.0025658607482910156
0.0026018619537353516
0.0026700496673583984
0.002572298049926758
0.002595186233520508
0.002603292465209961
0.0026922225952148438
0.002566099166870117
0.0025665760040283203
0.0025634765625
0.0025670528411865234
0.002632617950439453
0.002586841583251953
0.002546072006225586
0.002585887908935547
0.0025556087493896484
0.002627134323120117
0.0027685165405273438
0.0026175975799560547
0.002568483352661133
0.0025827884674072266
0.002613544464111328
0.002546548843383789
0.00261688232421875
0.0026018619537353516
0.0026891231536865234
0.0025463104248046875
0.0026590824127197266
0.0025360584259033203
0.0025970935821533203
0.002619504928588867
0.0025107860565185547
0.002539396286010742
0.0025835037231445312
0.0025331974029541016
0.0026624202728271484
0.0025882720947265625
0.0025911331176757812
0.002631664276123047
0.002670764923095703
0.0026216506958007812
0.002587556838989258
0.002628803253173828
0.0025491714477539062
0.00264739990234375
0.0025985240936279297
0.0025794506072998047
0.0025594234466552734
0.002535581588745117
0.0026013851165771484
0.0026090145111083984
0.0026314258575439453
0.0025587081909179688
0.0025725364685058594
0.0026102066040039062
0.002613544464111328
0.0026483535766601562
0.0026035308837890625
0.0026237964630126953
0.002566814422607422
0.0025730133056640625
0.0025544166564941406
0.002653360366821289
0.0026330947875976562
0.0025625228881835938
0.002562999725341797
0.0025615692138671875
0.0025491714477539062
0.002599000930786133
0.0025784969329833984
0.002567768096923828
0.0025620460510253906
0.002621889114379883
0.0026128292083740234
0.0025701522827148438
0.0025670528411865234
0.002597332000732422
0.002655506134033203
0.002625703811645508
0.002574920654296875
0.002572774887084961
0.002689361572265625
0.002614736557006836
0.002590179443359375
0.002620697021484375
0.002566099166870117
0.002566099166870117
0.002652883529663086
0.0025649070739746094
0.002589702606201172
0.0026085376739501953
0.0026459693908691406
0.002647876739501953
0.00274658203125
0.002614259719848633
0.0025904178619384766
0.002703428268432617
0.0026350021362304688
0.0026307106018066406
0.002681732177734375
0.0027313232421875
0.002686023712158203
0.002765178680419922
0.002643108367919922
0.0026319026947021484
0.0028061866760253906
0.002674579620361328
0.0026328563690185547
0.0025980472564697266
0.002699613571166992
0.002697467803955078
0.0026502609252929688
0.002703428268432617
0.002685070037841797
0.002696990966796875
0.0027370452880859375
0.0027244091033935547
0.0026061534881591797
0.002599000930786133
0.0027532577514648438
0.002849578857421875
0.0026853084564208984
0.002735137939453125
0.0028548240661621094
0.002630949020385742
0.0027794837951660156
0.002813577651977539
0.0028083324432373047
0.0028405189514160156
0.002721071243286133
0.002701997756958008
0.0028586387634277344
0.002755403518676758
0.0027587413787841797
0.0030794143676757812
0.0030908584594726562
0.0031909942626953125
0.0031585693359375
0.003057718276977539
0.002786397933959961
0.0027217864990234375
0.002924680709838867
0.0028116703033447266
0.0026235580444335938
0.0028460025787353516
0.0028874874114990234
0.002736806869506836
0.0027031898498535156
0.0028734207153320312
0.002904653549194336
0.0027284622192382812
0.0027620792388916016
0.0028350353240966797
0.0028388500213623047
0.002671480178833008
0.0028641223907470703
0.002830982208251953
0.0027229785919189453
0.0027418136596679688
0.002877950668334961
0.0028243064880371094
0.002650022506713867
0.0028884410858154297
0.0029706954956054688
0.0027854442596435547
0.0026035308837890625
0.002889871597290039
0.002949237823486328
0.0027837753295898438
0.0027115345001220703
0.002704620361328125
0.0027055740356445312
0.002938985824584961
0.003024578094482422
0.002943277359008789
0.0029449462890625
0.0028238296508789062
0.0028142929077148438
0.0028738975524902344
0.0027916431427001953
0.0027360916137695312
0.0028412342071533203
0.0028390884399414062
0.0028219223022460938
0.0027742385864257812
0.0028388500213623047
0.0027053356170654297
0.0026679039001464844
0.0026826858520507812
0.0028111934661865234
0.0026559829711914062
0.0028002262115478516
0.0028810501098632812
0.0028963088989257812
0.002790689468383789
0.0028696060180664062
0.002856016159057617
0.0029501914978027344
0.0028052330017089844
0.0028657913208007812
0.0027582645416259766
0.002805471420288086
0.002830982208251953
0.002852201461791992
0.0028154850006103516
0.0027518272399902344
0.0028228759765625
0.002794981002807617
0.002777576446533203
0.0027832984924316406
0.0027883052825927734
0.002895355224609375
0.002780914306640625
0.0027747154235839844
0.002843618392944336
0.002796173095703125
0.0027265548706054688
0.002712249755859375
0.002782583236694336
0.0028624534606933594
0.0027549266815185547
0.0028128623962402344
0.0028357505798339844
0.0027930736541748047
0.0029375553131103516
0.0028738975524902344
0.0029141902923583984
0.002787351608276367
0.0028281211853027344
0.002736806869506836
0.0028150081634521484
0.002779245376586914
0.0029342174530029297
0.002779245376586914
0.002802610397338867
0.0027937889099121094
0.0027284622192382812
0.0029649734497070312
0.0026700496673583984
0.0027146339416503906
0.0026895999908447266
0.002775907516479492
0.0026657581329345703
0.002729177474975586
0.002683877944946289
0.002692699432373047
0.002766132354736328
0.0028867721557617188
0.0027184486389160156
0.002767801284790039
0.002923727035522461
0.0028982162475585938
0.0027303695678710938
0.002833127975463867
0.002969503402709961
0.0028541088104248047
0.002778291702270508
0.002902507781982422
0.003027200698852539
0.003043651580810547
0.002801656723022461
0.002842426300048828
0.002927541732788086
0.0030388832092285156
0.002945423126220703
0.0029506683349609375
0.0029997825622558594
0.0029878616333007812
0.002826213836669922
0.0027794837951660156
0.0028390884399414062
0.002819061279296875
0.002786397933959961
0.0027725696563720703
0.0027146339416503906
0.0026726722717285156
0.0028247833251953125
0.002798318862915039
0.002857208251953125
0.0027360916137695312
0.002779722213745117
0.0027611255645751953
0.002704143524169922
0.002716541290283203
0.002731800079345703
0.0027213096618652344
0.002670764923095703
0.0026979446411132812
0.0027022361755371094
0.002746105194091797
0.0027077198028564453
0.002830982208251953
0.002624034881591797
0.0026624202728271484
0.002714872360229492
0.00274658203125
0.0027527809143066406
0.002782583236694336
0.002801656723022461
0.002761363983154297
0.002774953842163086
0.0029489994049072266
0.0028884410858154297
0.0028357505798339844
0.0028235912322998047
0.002691507339477539
0.002822399139404297
0.0027289390563964844
0.0026960372924804688
0.002714395523071289
0.002710103988647461
0.00273895263671875
0.002829313278198242
0.002765655517578125
0.002685546875
0.0027365684509277344
0.002846240997314453
0.0026865005493164062
0.0027570724487304688
0.002646207809448242
0.0026895999908447266
0.0027565956115722656
0.0027773380279541016
0.0026769638061523438
0.0027501583099365234
0.0027234554290771484
0.002625703811645508
0.0026013851165771484
0.0026366710662841797
0.0026216506958007812
0.002689361572265625
0.002598285675048828
0.0026569366455078125
0.0026178359985351562
0.002664327621459961
0.0027170181274414062
0.0026750564575195312
0.002684354782104492
0.002758026123046875
0.0028200149536132812
0.002737283706665039
0.002665281295776367
0.0027463436126708984
0.0027985572814941406
0.002732515335083008
0.0027294158935546875
0.002687215805053711
0.0027799606323242188
0.0028960704803466797
0.0027608871459960938
0.0026564598083496094
0.0027921199798583984
0.002810239791870117
0.0027947425842285156
0.002785921096801758
0.002760648727416992
0.002783060073852539
0.002875089645385742
0.002780914306640625
0.002776622772216797
0.0028121471405029297
0.004012584686279297
0.002857685089111328
0.0027191638946533203
0.0028645992279052734
0.002933025360107422
0.0028073787689208984
0.0026929378509521484
0.0027506351470947266
0.0029354095458984375
0.0029561519622802734
0.0028197765350341797
0.002846240997314453
0.0028929710388183594
0.0029077529907226562
0.002677440643310547
0.0028023719787597656
0.002786874771118164
0.0029311180114746094
0.002797842025756836
0.0028009414672851562
0.0028481483459472656
0.00287628173828125
0.00276947021484375
0.002866506576538086
0.0027282238006591797
0.002810239791870117
0.0028133392333984375
0.002789735794067383
0.0028972625732421875
0.003194093704223633
0.003178119659423828
0.0030999183654785156
0.0028820037841796875
0.0028498172760009766
0.0029287338256835938
0.002790689468383789
0.0027799606323242188
0.002716064453125
0.0028629302978515625
0.0027298927307128906
0.0027604103088378906
0.002716541290283203
0.002752542495727539
0.002887725830078125
0.0028939247131347656
0.0028274059295654297
0.0027260780334472656
0.0027806758880615234
0.002760171890258789
0.0027472972869873047
0.0027511119842529297
0.0027616024017333984
0.0027818679809570312
0.0027060508728027344
0.0027425289154052734
0.0026984214782714844
0.0027551651000976562
0.0027284622192382812
0.0027008056640625
0.0027680397033691406
0.0028078556060791016
0.0027763843536376953
0.0027065277099609375
0.0026781558990478516
0.002637147903442383
0.0028007030487060547
0.0027360916137695312
0.002613544464111328
0.002760171890258789
0.0027518272399902344
0.0027687549591064453
0.0026764869689941406
0.0027158260345458984
0.0026993751525878906
0.002755880355834961
0.002707958221435547
0.0026564598083496094
0.0027136802673339844
0.0026521682739257812
0.002837657928466797
0.0026695728302001953
0.0027227401733398438
0.002624034881591797
0.002729177474975586
0.0026292800903320312
0.00264739990234375
0.002666473388671875
0.0025882720947265625
0.002688169479370117
0.002617359161376953
0.002627134323120117
0.002615213394165039
0.0026712417602539062
0.0026323795318603516
0.0025930404663085938
0.0026311874389648438
0.002614736557006836
0.002719879150390625
0.002599000930786133
0.0026772022247314453
0.0025985240936279297
0.002702474594116211
0.0026824474334716797
0.0025937557220458984
0.0027060508728027344
0.002681255340576172
0.002618551254272461
0.0026335716247558594
0.0026171207427978516
0.002591371536254883
0.0026090145111083984
0.0026619434356689453
0.002664327621459961
0.002594470977783203
0.002599477767944336
0.002629518508911133
0.0026488304138183594
0.0025980472564697266
0.002633810043334961
0.002602815628051758
0.0026009082794189453
0.002653360366821289
0.0026619434356689453
0.0026564598083496094
0.0026030540466308594
0.002731800079345703
0.0026001930236816406
0.002647876739501953
0.0025892257690429688
0.0025987625122070312
0.0027244091033935547
0.002627134323120117
0.002658843994140625
0.002645730972290039
0.0027573108673095703
0.0026099681854248047
0.0026481151580810547
0.0026111602783203125
0.0026061534881591797
0.0026979446411132812
0.002599000930786133
0.002605915069580078
0.002593517303466797
0.0026216506958007812
0.0026967525482177734
0.002605915069580078
0.002621173858642578
0.002595663070678711
0.0026264190673828125
0.0025787353515625
0.002633333206176758
0.002611398696899414
0.0026226043701171875
0.002648591995239258
0.0025832653045654297
0.002599954605102539
0.002608776092529297
0.002597808837890625
0.0026705265045166016
0.0026273727416992188
0.002602815628051758
0.0026564598083496094
0.0026972293853759766
0.0026230812072753906
0.0026094913482666016
0.0025861263275146484
0.0026092529296875
0.002713441848754883
0.0027201175689697266
0.0028221607208251953
0.002704143524169922
0.002833843231201172
0.0028076171875
0.0026886463165283203
0.002844095230102539
0.0027692317962646484
0.0027027130126953125
0.0027976036071777344
0.0027501583099365234
0.0028061866760253906
0.0027527809143066406
0.0027313232421875
0.0027441978454589844
0.0027942657470703125
0.002666473388671875
0.002749919891357422
0.002635955810546875
0.002685546875
0.0027790069580078125
0.0026710033416748047
0.0026047229766845703
0.0026988983154296875
0.002604961395263672
0.0026330947875976562
0.0027894973754882812
0.002631664276123047
0.0026092529296875
0.0026712417602539062
0.0026445388793945312
0.002656221389770508
0.0026128292083740234
0.0026476383209228516
0.0026230812072753906
0.0026366710662841797
0.002661466598510742
0.0027112960815429688
0.0026731491088867188
0.002735137939453125
0.0028443336486816406
0.002711772918701172
0.002727031707763672
0.0027587413787841797
0.002749204635620117
0.002686738967895508
0.002691507339477539
0.002807140350341797
0.0027463436126708984
0.0028684139251708984
0.002753019332885742
0.0027899742126464844
0.0027763843536376953
0.0029425621032714844
0.002790212631225586
0.002584218978881836
0.002961397171020508
0.002809286117553711
0.0027425289154052734
0.0026929378509521484
0.002788543701171875
0.0027136802673339844
0.002813100814819336
0.002658367156982422
0.002693653106689453
0.0026612281799316406
0.0026216506958007812
0.002675771713256836
0.002660512924194336
0.002588510513305664
0.0026285648345947266
0.0027055740356445312
0.0026810169219970703
0.0026793479919433594
0.0026738643646240234
0.002687215805053711
0.002794027328491211
0.0027773380279541016
0.0027036666870117188
0.002695798873901367
0.0027763843536376953
0.0027701854705810547
0.0027332305908203125
0.0027740001678466797
0.002915620803833008
0.0028753280639648438
0.002850770950317383
0.0028371810913085938
0.003039121627807617
0.0028836727142333984
0.0027244091033935547
0.0029070377349853516
0.002755880355834961
0.002730846405029297
0.002758026123046875
0.0028862953186035156
0.0027382373809814453
0.002804994583129883
0.0027980804443359375
0.0028204917907714844
0.0027387142181396484
0.0027420520782470703
0.0028667449951171875
0.0027496814727783203
0.0027070045471191406
0.0027697086334228516
0.002841472625732422
0.0027086734771728516
0.002750396728515625
0.002778291702270508
0.0027544498443603516
0.002776622772216797
0.0027627944946289062
0.002778291702270508
0.0027303695678710938
0.0028123855590820312
0.002760171890258789
0.0026350021362304688
0.002698659896850586
0.002717256546020508
0.0027916431427001953
0.002675294876098633
0.002707958221435547
0.0027332305908203125
0.0027396678924560547
0.0027244091033935547
0.0027618408203125
0.002743959426879883
0.002672910690307617
0.0027947425842285156
0.002672433853149414
0.0026340484619140625
0.002665281295776367
0.0027112960815429688
0.0027251243591308594
0.0026831626892089844
0.0027146339416503906
0.0027093887329101562
0.0027382373809814453
0.0026721954345703125
0.002611875534057617
0.002602815628051758
0.0027167797088623047
0.0027284622192382812
0.002705812454223633
0.002585172653198242
0.0026040077209472656
0.0027036666870117188
0.002704143524169922
0.0025916099548339844
0.0026481151580810547
0.002580881118774414
0.0026924610137939453
0.002588033676147461
0.0025877952575683594
0.002601146697998047
0.002587556838989258
0.0026884078979492188
0.002598285675048828
0.0025970935821533203
0.0025937557220458984
0.0027379989624023438
0.0025970935821533203
0.0026655197143554688
0.0025739669799804688
0.002576589584350586
0.0026602745056152344
0.002634286880493164
0.002702951431274414
0.0026268959045410156
0.002610445022583008
0.0025634765625
0.0025539398193359375
0.0025882720947265625
0.002595186233520508
0.0025968551635742188
0.002579212188720703
0.002578258514404297
0.0025963783264160156
0.0025768280029296875
0.0026497840881347656
0.0025758743286132812
0.002555370330810547
0.0026450157165527344
0.002566099166870117
0.0026345252990722656
0.002579212188720703
0.002581357955932617
0.0025691986083984375
0.002603292465209961
0.0026502609252929688
0.0025670528411865234
0.0025610923767089844
0.0025649070739746094
0.002580881118774414
0.002554655075073242
0.0025894641876220703
0.002587556838989258
0.00266265869140625
0.0026547908782958984
0.0026903152465820312
0.0025634765625
0.002603769302368164
0.0026352405548095703
0.002692699432373047
0.0025777816772460938
0.002627849578857422
0.002573728561401367
0.0026056766510009766
0.002611398696899414
0.0026040077209472656
0.0026149749755859375
0.002590656280517578
0.0027081966400146484
0.0025827884674072266
0.0025796890258789062
0.0025911331176757812
0.0026102066040039062
0.002657651901245117
0.0026040077209472656
0.0027856826782226562
0.0026361942291259766
0.0026848316192626953
0.0026574134826660156
0.002588033676147461
0.0025784969329833984
0.002654552459716797
0.002691984176635742
0.0025784969329833984
0.0025894641876220703
0.002582073211669922
0.0026361942291259766
0.002671957015991211
0.002592325210571289
0.0025920867919921875
0.0026192665100097656
0.0025992393493652344
0.0027205944061279297
0.0026128292083740234
0.002601146697998047
0.002606630325317383
0.002666473388671875
0.0025954246520996094
0.002579212188720703
0.002554178237915039
0.002585887908935547
0.0026502609252929688
0.0025773048400878906
0.002594470977783203
0.002588987350463867
0.0026044845581054688
0.0025815963745117188
0.0025839805603027344
0.0025839805603027344
0.0026111602783203125
0.0025954246520996094
0.0025904178619384766
0.002591848373413086
0.002604961395263672
0.0025854110717773438
0.002665996551513672
0.0026001930236816406
0.0026159286499023438
0.0026140213012695312
0.0026128292083740234
0.002681255340576172
0.0026254653930664062
0.0026230812072753906
0.0026366710662841797
0.0026178359985351562
0.0026586055755615234
0.0025756359100341797
0.002641916275024414
0.0026051998138427734
0.0029077529907226562
0.0026586055755615234
0.002588987350463867
0.002588987350463867
0.0026607513427734375
0.002701282501220703
0.0026366710662841797
0.002582550048828125
0.0025992393493652344
0.0026390552520751953
0.0025854110717773438
0.002585887908935547
0.002587556838989258
0.002584695816040039
0.0026700496673583984
0.002576112747192383
0.002571582794189453
0.0026166439056396484
0.0026047229766845703
0.002623319625854492
0.0025947093963623047
0.0025861263275146484
0.0026166439056396484
0.0026230812072753906
0.0025506019592285156
0.002566814422607422
0.00257110595703125
0.002602100372314453
0.0026013851165771484
0.002599477767944336
0.0025811195373535156
0.002570629119873047
0.002572774887084961
0.002788066864013672
0.002566099166870117
0.0025641918182373047
0.0025796890258789062
0.0026378631591796875
0.0026443004608154297
0.0026094913482666016
0.002584695816040039
0.00261688232421875
0.0026302337646484375
0.002588987350463867
0.0025734901428222656
0.0025968551635742188
0.0025844573974609375
0.0026552677154541016
0.0025932788848876953
0.0025789737701416016
0.0025866031646728516
0.0026061534881591797
0.0026345252990722656
0.0026082992553710938
0.0026090145111083984
0.0025835037231445312
0.002600431442260742
0.0025751590728759766
0.0026092529296875
0.0025665760040283203
0.002568483352661133
0.002608776092529297
0.0025670528411865234
0.002605438232421875
0.002635955810546875
0.0025806427001953125
0.0026144981384277344
0.002577543258666992
0.0025796890258789062
0.002585887908935547
0.0026094913482666016
0.002629518508911133
0.002582073211669922
0.0025947093963623047
0.002625703811645508
0.0026497840881347656
0.0026047229766845703
0.0026175975799560547
0.002614736557006836
0.0026319026947021484
0.00267791748046875
0.0026721954345703125
0.0025780200958251953
0.002643585205078125
0.0026984214782714844
0.002777099609375
0.0026671886444091797
0.0026836395263671875
0.0026574134826660156
0.002643108367919922
0.002660989761352539
0.0026235580444335938
0.002669095993041992
0.002681255340576172
0.002696514129638672
0.0025801658630371094
0.00257110595703125
0.002598285675048828
0.002624034881591797
0.002654552459716797
0.0026502609252929688
0.0026044845581054688
0.0025789737701416016
0.002624034881591797
0.002607107162475586
0.0025751590728759766
0.002617359161376953
0.002596139907836914
0.002662181854248047
0.0025908946990966797
0.0025882720947265625
0.0026323795318603516
0.002606630325317383
0.002622842788696289
0.0025801658630371094
0.0025985240936279297
0.0025670528411865234
0.0026717185974121094
0.002699613571166992
0.002588510513305664
0.002588033676147461
0.002581357955932617
0.002719879150390625
0.002594470977783203
0.002608776092529297
0.0025801658630371094
0.002586841583251953
0.002652883529663086
0.0026421546936035156
0.002574920654296875
0.0025916099548339844
0.0027008056640625
0.002632617950439453
0.0026273727416992188
0.0026330947875976562
0.0026226043701171875
0.002613544464111328
0.0026082992553710938
0.0025873184204101562
0.002624034881591797
0.0025725364685058594
0.002658367156982422
0.0025866031646728516
0.0025970935821533203
0.0025670528411865234
0.002607583999633789
0.002586841583251953
0.002683877944946289
0.0025985240936279297
0.0025756359100341797
0.002629995346069336
0.0025713443756103516
0.0026171207427978516
0.0025663375854492188
0.002578258514404297
0.0026717185974121094
0.0026459693908691406
0.002661466598510742
0.002577066421508789
0.0026607513427734375
0.002546072006225586
0.0025637149810791016
0.0026314258575439453
0.0025796890258789062
