0.002747058868408203
0.00274658203125
0.0026602745056152344
0.002684354782104492
0.002621889114379883
0.0026400089263916016
0.002673625946044922
0.0026268959045410156
0.0026428699493408203
0.0026509761810302734
0.0027625560760498047
0.002599000930786133
0.0026242733001708984
0.0026552677154541016
0.002616405487060547
0.002655506134033203
0.0026407241821289062
0.002629518508911133
0.002646207809448242
0.0026624202728271484
0.002621173858642578
0.00270843505859375
0.002639293670654297
0.002619028091430664
0.0026674270629882812
0.002576589584350586
0.0026001930236816406
0.0025458335876464844
0.0025572776794433594
0.002823352813720703
0.002617359161376953
0.002580404281616211
0.0025305747985839844
0.0026454925537109375
0.002627849578857422
0.002649068832397461
0.0025954246520996094
0.0026416778564453125
0.002620697021484375
0.0026400089263916016
0.0026671886444091797
0.0026628971099853516
0.002663135528564453
0.002794504165649414
0.002624034881591797
0.002626180648803711
0.002625703811645508
0.0026373863220214844
0.002631664276123047
0.002610445022583008
0.0027086734771728516
0.0026383399963378906
0.002643108367919922
0.002623319625854492
0.0026063919067382812
0.0027132034301757812
0.002643108367919922
0.002665996551513672
0.002530813217163086
0.002721071243286133
0.0026121139526367188
0.002655029296875
0.0026988983154296875
0.0026764869689941406
0.002655029296875
0.00267791748046875
0.002830982208251953
0.0027418136596679688
0.0026929378509521484
0.0027282238006591797
0.002829313278198242
0.0026841163635253906
0.002675294876098633
0.0026950836181640625
0.0026421546936035156
0.0026938915252685547
0.0027077198028564453
0.0027027130126953125
0.002599477767944336
0.0027425289154052734
0.0027277469635009766
0.0026547908782958984
0.002641439437866211
0.0026290416717529297
0.0026769638061523438
0.002677440643310547
0.0026547908782958984
0.0026509761810302734
0.002606630325317383
0.0027420520782470703
0.002681732177734375
0.002640247344970703
0.0027234554290771484
0.0027239322662353516
0.002698183059692383
0.0027458667755126953
0.002744436264038086
0.002791881561279297
0.00274658203125
0.0027320384979248047
0.002685546875
0.0026290416717529297
0.002790212631225586
0.0026521682739257812
0.0026268959045410156
0.002774477005004883
0.0026841163635253906
0.002683877944946289
0.0029685497283935547
0.0031054019927978516
0.003054380416870117
0.003237009048461914
0.003203868865966797
0.0030014514923095703
0.0029897689819335938
0.003088712692260742
0.002854585647583008
0.0028333663940429688
0.0028989315032958984
0.0031280517578125
0.0028018951416015625
0.0030059814453125
0.002938508987426758
0.0029909610748291016
0.003054380416870117
0.002967357635498047
0.0029566287994384766
0.003031492233276367
0.00286102294921875
0.00299835205078125
0.002874612808227539
0.002839803695678711
0.0029115676879882812
0.0027740001678466797
0.0027840137481689453
0.0029053688049316406
0.0028798580169677734
0.0030455589294433594
0.0031125545501708984
0.0029993057250976562
0.003172159194946289
0.0030753612518310547
0.0029561519622802734
0.002904176712036133
0.0029909610748291016
0.0028498172760009766
0.002839803695678711
0.0027344226837158203
0.0028269290924072266
0.0028276443481445312
0.002827167510986328
0.002876758575439453
0.0027501583099365234
0.002779722213745117
0.0026178359985351562
0.0026552677154541016
0.002646207809448242
0.002620220184326172
0.0027379989624023438
0.0026428699493408203
0.0026433467864990234
0.0026557445526123047
0.002736330032348633
0.002614736557006836
0.002733469009399414
0.002688884735107422
0.002712249755859375
0.002743959426879883
0.0026285648345947266
0.002606630325317383
0.00260162353515625
0.002657651901245117
0.002603769302368164
0.002661466598510742
0.0025975704193115234
0.002613067626953125
0.0027773380279541016
0.0026695728302001953
0.002643585205078125
0.002588987350463867
0.0026788711547851562
0.0027489662170410156
0.0026972293853759766
0.00264739990234375
0.0027077198028564453
0.0026662349700927734
0.0025734901428222656
0.002616405487060547
0.002666950225830078
0.002549886703491211
0.002764463424682617
0.0026595592498779297
0.002607583999633789
0.0025963783264160156
0.002679586410522461
0.0026061534881591797
0.002704143524169922
0.002771615982055664
0.002697467803955078
0.002787351608276367
0.0027773380279541016
0.0026352405548095703
0.002611398696899414
0.0027527809143066406
0.002765655517578125
0.0027379989624023438
0.002746105194091797
0.0027167797088623047
0.0028553009033203125
0.002786397933959961
0.002758502960205078
0.0026879310607910156
0.0027337074279785156
0.002811908721923828
0.0026972293853759766
0.0027964115142822266
0.002737760543823242
0.00272369384765625
0.0026693344116210938
0.002665281295776367
0.0026941299438476562
0.0026633739471435547
0.0029015541076660156
0.002695798873901367
0.002672910690307617
0.002666950225830078
0.0027790069580078125
0.002781391143798828
0.002836465835571289
0.0027511119842529297
0.0027587413787841797
0.002785205841064453
0.002741098403930664
0.002743959426879883
0.002789735794067383
0.002864837646484375
0.002727508544921875
0.002755403518676758
0.0027840137481689453
0.0028493404388427734
0.002792835235595703
0.0028142929077148438
0.0027611255645751953
0.0028769969940185547
0.0028295516967773438
0.002725362777709961
0.0028138160705566406
0.0028939247131347656
0.0027823448181152344
0.002797842025756836
0.00293731689453125
0.002821683883666992
0.002984285354614258
0.0028274059295654297
0.0029942989349365234
0.0028107166290283203
0.002879619598388672
0.002901792526245117
0.0027341842651367188
0.002766847610473633
0.002633333206176758
0.002836942672729492
0.0027608871459960938
0.0027418136596679688
0.002743959426879883
0.002831697463989258
0.0029180049896240234
0.0027992725372314453
0.0027413368225097656
0.002850770950317383
0.0028734207153320312
0.002805948257446289
0.0028104782104492188
0.0027425289154052734
0.0028328895568847656
0.0028235912322998047
0.002794027328491211
0.0027163028717041016
0.002823352813720703
0.002967357635498047
0.0029325485229492188
0.0027923583984375
0.0028831958770751953
0.002832651138305664
0.0028121471405029297
0.0029685497283935547
0.0027942657470703125
0.0030455589294433594
0.003036022186279297
0.00289154052734375
0.0029273033142089844
0.0027968883514404297
0.00289154052734375
0.00292205810546875
0.002897977828979492
0.002788543701171875
0.002763032913208008
0.0029153823852539062
0.0028400421142578125
0.0028362274169921875
0.002829313278198242
0.0028760433197021484
0.002830028533935547
0.0027947425842285156
0.0027964115142822266
0.00278472900390625
0.002773284912109375
0.0027511119842529297
0.0028123855590820312
0.002767324447631836
0.0028755664825439453
0.002819061279296875
0.002758026123046875
0.002886533737182617
0.0027790069580078125
0.0027709007263183594
0.0028078556060791016
0.002816438674926758
0.0028727054595947266
0.0028154850006103516
0.0028533935546875
0.0027205944061279297
0.0027153491973876953
0.002847909927368164
0.0027379989624023438
0.002719879150390625
0.0028162002563476562
0.002718210220336914
0.002740621566772461
0.002733945846557617
0.0028028488159179688
0.0030274391174316406
0.002762317657470703
0.0027000904083251953
0.0027990341186523438
0.002901315689086914
0.002735614776611328
0.002753019332885742
0.0027315616607666016
0.0026102066040039062
0.002772092819213867
0.0028569698333740234
0.0026803016662597656
0.0026187896728515625
0.002952098846435547
0.002809286117553711
0.002833843231201172
0.0027353763580322266
0.002817869186401367
0.0027620792388916016
0.0026319026947021484
0.002765178680419922
0.0027039051055908203
0.002887725830078125
0.002764463424682617
0.0027990341186523438
0.0027747154235839844
0.002835988998413086
0.0029218196868896484
0.0027723312377929688
0.002805948257446289
0.002799510955810547
0.0028314590454101562
0.0028162002563476562
0.002761363983154297
0.0027170181274414062
0.002846240997314453
0.002737760543823242
0.002630472183227539
0.0027005672454833984
0.0026552677154541016
0.002741098403930664
0.002691507339477539
0.0027217864990234375
0.0026388168334960938
0.002722501754760742
0.0026900768280029297
0.0026302337646484375
0.0027618408203125
0.002804279327392578
0.0027570724487304688
0.0026178359985351562
0.002614259719848633
0.002739429473876953
0.002722501754760742
0.0026302337646484375
0.0026366710662841797
0.0027065277099609375
0.002634763717651367
0.002832651138305664
0.002666473388671875
0.002719402313232422
0.002715587615966797
0.0028200149536132812
0.0027074813842773438
0.002626180648803711
0.0026102066040039062
0.0026521682739257812
0.002691030502319336
0.0026292800903320312
0.002766847610473633
0.002691507339477539
0.0026886463165283203
0.002712726593017578
0.0026073455810546875
0.002689838409423828
0.002699613571166992
0.002767801284790039
0.002721548080444336
0.002742290496826172
0.0027780532836914062
0.00276947021484375
0.0028650760650634766
0.0026960372924804688
0.0028014183044433594
0.0028009414672851562
0.002888202667236328
0.0027837753295898438
0.0026395320892333984
0.002734661102294922
0.002683401107788086
0.0028312206268310547
0.0026710033416748047
0.0027456283569335938
0.002797365188598633
0.0027282238006591797
0.0027341842651367188
0.0026509761810302734
0.0026884078979492188
0.0027184486389160156
0.0027916431427001953
0.0028176307678222656
0.002712249755859375
0.002839803695678711
0.0028221607208251953
0.0028357505798339844
0.0026869773864746094
0.002794027328491211
0.002850770950317383
0.0027608871459960938
0.0027992725372314453
0.0027773380279541016
0.0028324127197265625
0.002797365188598633
0.0028591156005859375
0.002888917922973633
0.0028192996978759766
0.002855539321899414
0.0026509761810302734
0.0026848316192626953
0.002786874771118164
0.0026373863220214844
0.002707242965698242
0.002723217010498047
0.002696514129638672
0.0026073455810546875
0.0028634071350097656
0.002652883529663086
0.0027093887329101562
0.0028264522552490234
0.0027551651000976562
0.002773761749267578
0.0027294158935546875
0.0027523040771484375
0.0027725696563720703
0.002757549285888672
0.0027654170989990234
0.0026636123657226562
0.002718210220336914
0.002622365951538086
0.0028238296508789062
0.0027189254760742188
0.002729177474975586
0.0028235912322998047
0.0027446746826171875
0.0027463436126708984
0.002802133560180664
0.0027756690979003906
0.0028128623962402344
0.0027806758880615234
0.0028328895568847656
0.002757549285888672
0.0027441978454589844
0.0027773380279541016
0.002711057662963867
0.002863168716430664
0.0027990341186523438
0.0028486251831054688
0.0027871131896972656
0.002730846405029297
0.002716064453125
0.0027692317962646484
0.0026776790618896484
0.002735614776611328
0.0028078556060791016
0.0027260780334472656
0.0028209686279296875
0.0027081966400146484
0.0026235580444335938
0.0028045177459716797
0.0027489662170410156
0.0027675628662109375
0.0027244091033935547
0.00278472900390625
0.002627849578857422
0.00278472900390625
0.002695798873901367
0.0026116371154785156
0.0026006698608398438
0.00260162353515625
0.002681255340576172
0.0026459693908691406
0.002616405487060547
0.002663135528564453
0.002649545669555664
0.0025832653045654297
0.0026204586029052734
0.0026655197143554688
0.002660036087036133
0.0026144981384277344
0.0026137828826904297
0.0026433467864990234
0.002664327621459961
0.0026540756225585938
0.002645254135131836
0.0026357173919677734
0.0026483535766601562
0.0025925636291503906
0.0026214122772216797
0.002616405487060547
0.002682209014892578
0.002706289291381836
0.002712249755859375
0.0027616024017333984
0.002652406692504883
0.002725839614868164
0.002610921859741211
0.002676248550415039
0.0026884078979492188
0.0026471614837646484
0.0026221275329589844
0.0026235580444335938
0.002782583236694336
0.002716541290283203
0.002741098403930664
0.0027289390563964844
0.00276947021484375
0.0026924610137939453
0.002730131149291992
0.0027112960815429688
0.0026972293853759766
0.0028073787689208984
0.0027353763580322266
0.002637147903442383
0.002698183059692383
0.0027167797088623047
0.0027687549591064453
0.002675294876098633
0.002666950225830078
0.0026400089263916016
0.002651214599609375
0.0026302337646484375
0.002610445022583008
0.0026006698608398438
0.002726316452026367
0.0027642250061035156
0.0028481483459472656
0.0027785301208496094
0.002777576446533203
0.0028052330017089844
0.0026955604553222656
0.002776622772216797
0.0026979446411132812
0.002649545669555664
0.002657651901245117
0.0026710033416748047
0.0026216506958007812
0.002717733383178711
0.0027201175689697266
0.002675294876098633
0.002630949020385742
0.002627134323120117
0.0027256011962890625
0.0026950836181640625
0.002703428268432617
0.0026934146881103516
0.0027513504028320312
0.002790212631225586
0.002761363983154297
0.0026395320892333984
0.0026574134826660156
0.002714395523071289
0.0027382373809814453
0.0027055740356445312
0.0027098655700683594
0.0026645660400390625
0.0026938915252685547
0.0026559829711914062
0.0026733875274658203
0.002600431442260742
0.002638101577758789
0.0027265548706054688
0.0027196407318115234
0.0028066635131835938
0.002712726593017578
0.002622365951538086
0.0026972293853759766
0.0027115345001220703
0.0026018619537353516
0.002624988555908203
0.002693653106689453
0.002606630325317383
0.0026030540466308594
0.002612590789794922
0.0026133060455322266
0.002718210220336914
0.0026106834411621094
0.0025959014892578125
0.002604961395263672
0.002606630325317383
0.0026443004608154297
0.002629518508911133
0.0026230812072753906
0.0026268959045410156
0.002656698226928711
0.0026235580444335938
0.002591371536254883
0.002603292465209961
0.0026502609252929688
0.00266265869140625
0.002691507339477539
0.0026509761810302734
0.002593517303466797
0.0027637481689453125
0.002660036087036133
0.0025925636291503906
0.0026450157165527344
0.0026140213012695312
0.002671480178833008
0.0026712417602539062
0.0026035308837890625
0.002592325210571289
0.0026094913482666016
0.0027272701263427734
0.002723217010498047
0.0025949478149414062
0.0026178359985351562
0.002763032913208008
0.002669095993041992
0.002691507339477539
0.0026161670684814453
0.0026841163635253906
0.002694368362426758
0.002611875534057617
0.0026175975799560547
0.0026140213012695312
0.0026836395263671875
0.0026578903198242188
0.002585172653198242
0.0026063919067382812
0.0026297569274902344
0.0027327537536621094
0.0025603771209716797
0.0025827884674072266
0.0026073455810546875
0.0025687217712402344
0.002646207809448242
0.002526521682739258
0.002524137496948242
0.0025234222412109375
0.0025627613067626953
0.002691984176635742
0.002607583999633789
0.0026662349700927734
0.0026636123657226562
0.002656221389770508
0.0027065277099609375
0.002621889114379883
0.002652883529663086
0.002617359161376953
0.002732992172241211
0.00269317626953125
0.002628803253173828
0.0026645660400390625
0.0026040077209472656
0.002667665481567383
0.002623319625854492
0.0026204586029052734
0.0026006698608398438
0.0027437210083007812
0.002645730972290039
0.002625703811645508
0.002611398696899414
0.002593517303466797
0.0027191638946533203
0.0026106834411621094
0.0027053356170654297
0.0026090145111083984
0.0026443004608154297
0.002851724624633789
0.0026874542236328125
0.002604961395263672
0.0026595592498779297
0.0027408599853515625
0.0026972293853759766
0.0026547908782958984
0.0026159286499023438
0.002716541290283203
0.0027179718017578125
0.0026273727416992188
0.0026216506958007812
0.002584695816040039
0.0028624534606933594
0.0029006004333496094
0.002737283706665039
0.00269317626953125
0.0026531219482421875
0.002830028533935547
0.002658367156982422
0.0027246475219726562
0.002684354782104492
0.002691030502319336
0.002729654312133789
0.0026051998138427734
0.002607583999633789
0.0026497840881347656
0.002737760543823242
0.0025997161865234375
0.0027167797088623047
0.0026853084564208984
0.0025997161865234375
0.0026938915252685547
0.0027120113372802734
0.0027098655700683594
0.0027108192443847656
0.0026993751525878906
0.002638101577758789
0.002597808837890625
0.002624988555908203
0.002708911895751953
0.0026803016662597656
0.002599954605102539
0.002600431442260742
0.0026102066040039062
0.0026590824127197266
0.002722024917602539
0.002696990966796875
0.002674579620361328
0.002706289291381836
0.002765655517578125
0.0026841163635253906
0.0027806758880615234
0.002701282501220703
0.0027284622192382812
0.0026776790618896484
0.002748727798461914
0.0026874542236328125
0.002651214599609375
0.0027496814727783203
0.0027971267700195312
0.0026247501373291016
0.002745389938354492
0.0027065277099609375
0.002722501754760742
0.0028145313262939453
0.0026895999908447266
0.0026617050170898438
0.0027565956115722656
0.0027129650115966797
0.0027756690979003906
0.0027036666870117188
0.0027768611907958984
0.002718687057495117
0.0028052330017089844
0.002668619155883789
0.0028486251831054688
0.002786874771118164
0.002592802047729492
0.0027201175689697266
0.0026216506958007812
0.0027506351470947266
0.0028176307678222656
0.002659320831298828
0.0027358531951904297
0.002599000930786133
0.002790689468383789
0.002708911895751953
0.0028154850006103516
0.002732515335083008
0.0029053688049316406
0.0027894973754882812
0.0026726722717285156
0.002841949462890625
0.002597332000732422
0.0027840137481689453
0.002711057662963867
0.002685546875
0.0027556419372558594
0.002595663070678711
0.002882242202758789
0.002663135528564453
0.0026009082794189453
0.002688884735107422
0.0027284622192382812
0.002791881561279297
0.002777099609375
0.002722501754760742
0.0027284622192382812
0.0027005672454833984
0.0027213096618652344
0.002649545669555664
0.002669095993041992
0.0027801990509033203
0.0027039051055908203
0.002674579620361328
0.0026307106018066406
0.0027265548706054688
0.0027213096618652344
0.0028922557830810547
0.0030167102813720703
0.002957582473754883
0.0030517578125
0.0029010772705078125
0.0031311511993408203
0.0029256343841552734
0.0029349327087402344
0.0026912689208984375
0.002758502960205078
0.002788066864013672
0.0028333663940429688
0.002785921096801758
0.002790212631225586
0.0027625560760498047
0.002749204635620117
0.0028862953186035156
0.0027565956115722656
0.0027740001678466797
0.0027866363525390625
0.002899169921875
0.0027697086334228516
0.002742767333984375
0.002779245376586914
0.0027556419372558594
0.002877473831176758
0.0027556419372558594
0.002778291702270508
0.0027837753295898438
0.0027573108673095703
0.002667665481567383
0.002722024917602539
0.002691030502319336
0.0027222633361816406
0.002707242965698242
0.002762317657470703
0.002683877944946289
0.002695798873901367
0.002768993377685547
0.002722501754760742
0.002747774124145508
0.0027055740356445312
0.0026798248291015625
0.0027430057525634766
0.002735614776611328
0.0026717185974121094
0.002608060836791992
0.0027980804443359375
0.002783536911010742
0.002666473388671875
0.002687215805053711
0.002635478973388672
0.002711772918701172
0.002588510513305664
0.002586841583251953
0.0026314258575439453
0.0026369094848632812
0.0026705265045166016
0.0026001930236816406
0.002674102783203125
0.002618074417114258
0.0027060508728027344
0.0026082992553710938
0.0027103424072265625
0.0026192665100097656
0.002596616744995117
0.002707958221435547
0.0027365684509277344
0.0026094913482666016
0.002611398696899414
0.0027811527252197266
0.002689361572265625
0.002774477005004883
0.0027093887329101562
0.002778291702270508
0.0027065277099609375
0.0027086734771728516
0.0027773380279541016
0.0027551651000976562
0.002826213836669922
0.0027408599853515625
0.0026979446411132812
0.002719402313232422
0.002752542495727539
0.0027360916137695312
0.0027496814727783203
0.0027222633361816406
0.002724885940551758
0.002836942672729492
0.0027053356170654297
0.0027174949645996094
0.0027892589569091797
0.002722501754760742
0.002690553665161133
0.002727031707763672
0.002709627151489258
0.0027039051055908203
0.0027866363525390625
0.002800464630126953
0.0027589797973632812
0.002689838409423828
0.002858877182006836
0.0027780532836914062
0.002680540084838867
0.0027081966400146484
0.0027091503143310547
0.0027806758880615234
0.0028150081634521484
0.002701997756958008
0.0027799606323242188
0.002727985382080078
0.002721548080444336
0.002797365188598633
0.0026891231536865234
0.00270843505859375
0.0027704238891601562
0.0027358531951904297
0.0027124881744384766
0.0027544498443603516
0.0028030872344970703
0.0027420520782470703
0.002715587615966797
0.002681255340576172
0.002679586410522461
0.002801656723022461
0.002750873565673828
0.002736806869506836
0.0026388168334960938
0.0027894973754882812
0.0027658939361572266
0.002635955810546875
0.0026671886444091797
0.002613544464111328
0.0027608871459960938
0.0028514862060546875
0.0026159286499023438
0.0026993751525878906
0.0027730464935302734
0.002700328826904297
0.0026934146881103516
0.0026874542236328125
0.0027129650115966797
0.002895355224609375
0.002718210220336914
0.0027608871459960938
0.002729654312133789
0.002710580825805664
0.002802133560180664
0.002736806869506836
0.002717733383178711
0.0026128292083740234
0.002814769744873047
0.002703428268432617
0.002736330032348633
0.0027201175689697266
0.002755403518676758
0.002717256546020508
0.0027010440826416016
0.0028486251831054688
0.0027725696563720703
0.00274658203125
0.0027539730072021484
0.0028154850006103516
0.0026607513427734375
0.002665996551513672
0.002853870391845703
0.002868175506591797
0.0026123523712158203
0.0026793479919433594
0.0027587413787841797
0.0026869773864746094
0.002743244171142578
0.0027043819427490234
0.0027475357055664062
0.002658367156982422
0.0027043819427490234
0.002659320831298828
0.0026636123657226562
0.0027284622192382812
0.002657175064086914
0.0026030540466308594
0.002672433853149414
