17.084286704130093
17.084286704130093
16.664013362929555
16.664013362929555
16.664013362929555
16.664013362929555
16.664013362929555
16.6508707123067
16.178234215223874
16.178234215223874
14.65587150796004
14.65587150796004
14.65587150796004
14.65587150796004
14.65587150796004
14.65587150796004
14.65587150796004
14.65587150796004
13.995889703805656
13.995889703805656
12.077258189089696
12.077258189089696
12.077258189089696
12.077258189089696
12.077258189089696
12.077258189089696
12.077258189089696
12.077258189089696
12.077258189089696
12.077258189089696
12.077258189089696
12.077258189089696
12.077258189089696
12.077258189089696
12.077258189089696
12.077258189089696
12.003714353052501
12.003714353052501
12.003714353052501
11.591747177739812
11.57876643269721
11.518506947044717
11.518506947044717
11.518506947044717
11.369511253439658
11.222819390470228
11.222819390470228
11.222819390470228
11.222819390470228
11.222819390470228
11.222819390470228
11.222819390470228
10.709753184030568
10.709753184030568
10.709753184030568
10.709753184030568
9.904613395516844
9.904613395516844
9.904613395516844
9.904613395516844
9.904613395516844
9.904613395516844
9.904613395516844
9.904613395516844
9.904613395516844
9.904613395516844
9.904613395516844
9.904613395516844
9.269289517903138
9.269289517903138
9.269289517903138
9.269289517903138
9.269289517903138
9.269289517903138
9.269289517903138
9.269289517903138
9.269289517903138
6.882974070008093
6.882974070008093
6.882974070008093
6.882974070008093
6.882974070008093
6.882974070008093
6.882974070008093
6.882974070008093
6.882974070008093
6.882974070008093
6.882974070008093
6.882974070008093
6.882974070008093
6.882974070008093
6.882974070008093
6.882974070008093
6.882974070008093
6.882974070008093
6.882974070008093
6.882974070008093
6.882974070008093
6.882974070008093
6.882974070008093
6.882974070008093
6.882974070008093
6.882974070008093
6.882974070008093
6.882974070008093
6.882974070008093
6.665671770698982
6.665671770698982
6.665671770698982
6.665671770698982
6.665671770698982
6.665671770698982
6.665671770698982
6.665671770698982
6.665671770698982
6.665671770698982
6.665671770698982
6.665671770698982
6.398214519211491
6.398214519211491
6.398214519211491
6.398214519211491
6.398214519211491
6.398214519211491
6.398214519211491
6.398214519211491
6.398214519211491
5.926577940322613
5.926577940322613
5.926577940322613
5.926577940322613
5.926577940322613
5.926577940322613
5.926577940322613
5.926577940322613
5.926577940322613
5.926577940322613
5.926577940322613
5.926577940322613
5.926577940322613
5.926577940322613
5.668867627801774
5.668867627801774
5.668867627801774
5.668867627801774
5.668867627801774
5.668867627801774
5.668867627801774
5.668867627801774
5.668867627801774
5.668867627801774
5.668867627801774
5.668867627801774
5.668867627801774
5.668867627801774
5.668867627801774
5.668867627801774
5.668867627801774
5.668867627801774
5.537922860812305
5.524487895592923
5.451054401373865
5.397255454116346
5.2549610254467005
5.2549610254467005
5.2549610254467005
5.2549610254467005
4.486629701810017
4.486629701810017
4.486629701810017
4.486629701810017
4.486629701810017
4.486629701810017
4.486629701810017
4.486629701810017
4.486629701810017
4.486629701810017
4.486629701810017
4.486629701810017
4.486629701810017
4.486629701810017
4.486629701810017
4.486629701810017
4.486629701810017
4.486629701810017
4.486629701810017
4.486629701810017
4.486629701810017
4.486629701810017
4.125440239350372
4.125440239350372
4.125440239350372
4.125440239350372
4.125440239350372
4.125440239350372
4.125440239350372
4.125440239350372
4.125440239350372
4.125440239350372
4.125440239350372
4.125440239350372
4.125440239350372
4.125440239350372
4.125440239350372
4.125440239350372
4.069107885176489
4.069107885176489
4.069107885176489
4.069107885176489
4.045758120545056
4.045758120545056
4.045758120545056
4.044570515710653
4.044570515710653
4.044570515710653
4.044570515710653
4.044570515710653
3.925263842244707
3.925263842244707
3.925263842244707
3.925263842244707
3.894701449661998
3.894701449661998
3.894701449661998
3.894701449661998
3.894701449661998
3.894701449661998
3.8616586646938877
3.8616586646938877
3.741074445459841
3.741074445459841
3.19521052992566
3.19521052992566
3.19521052992566
3.19521052992566
3.19521052992566
3.19521052992566
3.19521052992566
3.19521052992566
3.19521052992566
3.19521052992566
3.19521052992566
3.19521052992566
3.1603854181394837
3.1603854181394837
3.1603854181394837
3.1603854181394837
3.1603854181394837
3.1603854181394837
3.1603854181394837
3.1603854181394837
3.1603854181394837
3.1603854181394837
3.1603854181394837
3.1603854181394837
3.0818191846565597
3.0818191846565597
3.0818191846565597
3.0818191846565597
2.9628881625642016
2.9628881625642016
2.9628881625642016
2.95510479656949
2.95510479656949
2.95510479656949
2.95510479656949
2.95510479656949
2.95510479656949
2.9153419590715153
2.9153419590715153
2.884408815785193
2.884408815785193
2.8766415697963303
2.8474704117691765
2.8474704117691765
2.8384882135849594
2.8384882135849594
2.8384882135849594
2.8247761448097783
2.8247761448097783
2.8247761448097783
2.8247761448097783
2.8247761448097783
2.8247761448097783
2.8228026424837935
2.784376883919016
2.784376883919016
2.784376883919016
2.784376883919016
2.4467690255199415
2.4467690255199415
2.4467690255199415
2.4467690255199415
2.4467690255199415
2.4467690255199415
2.4467690255199415
2.4467690255199415
2.4467690255199415
2.4467690255199415
2.4467690255199415
2.4467690255199415
2.4467690255199415
2.4467690255199415
2.4467690255199415
2.4467690255199415
2.4467690255199415
2.4467690255199415
2.4327997366265244
2.4327997366265244
2.4327997366265244
2.4327997366265244
2.4327997366265244
2.4327997366265244
2.3434153076182866
2.3434153076182866
2.285327081006862
2.285327081006862
2.285327081006862
2.285327081006862
2.285327081006862
2.285327081006862
2.285327081006862
2.285327081006862
2.285327081006862
2.285327081006862
2.285327081006862
2.285327081006862
2.2843319399540505
2.2843319399540505
2.2534969544933254
2.1946768949920994
2.1946768949920994
2.1946768949920994
2.187631268575341
2.1150663777017655
2.1150663777017655
2.051139547459659
2.051139547459659
2.051139547459659
1.89999521774903
1.89999521774903
1.89999521774903
1.89999521774903
1.89999521774903
1.8273972643030731
1.8273972643030731
1.8273972643030731
1.8273972643030731
1.8273972643030731
1.8273972643030731
1.8273972643030731
1.8273972643030731
1.8273972643030731
1.8273972643030731
1.8273972643030731
1.8273972643030731
1.7658815832724386
1.7237127821620248
1.7237127821620248
1.7237127821620248
1.7237127821620248
1.6064544138344239
1.3611740405589927
1.3611740405589927
1.3611740405589927
1.3611740405589927
1.3611740405589927
1.3591719940578812
1.3591719940578812
1.3591719940578812
1.3591719940578812
1.3591719940578812
1.354517300887352
1.354517300887352
1.354517300887352
1.354517300887352
1.354517300887352
1.2403747234360658
1.0687865313271132
1.0687865313271132
1.0687865313271132
1.0687865313271132
1.0687865313271132
1.0135033884220093
1.0135033884220093
1.0135033884220093
1.0111581407753683
1.0111581407753683
1.0111581407753683
1.0111581407753683
1.0111581407753683
1.0111581407753683
1.0111581407753683
1.0111581407753683
0.9549766663618549
0.9549766663618549
0.9549766663618549
0.917883965133381
0.917883965133381
0.917883965133381
0.917883965133381
0.7897984970955143
0.7897984970955143
0.7897984970955143
0.7897984970955143
0.7897984970955143
0.7897984970955143
0.7897984970955143
0.7897984970955143
0.7897984970955143
0.7897984970955143
0.7897984970955143
0.7897984970955143
0.7897984970955143
0.7897984970955143
0.7897984970955143
0.6225902187201413
0.6225902187201413
0.6225902187201413
0.48200394336443253
0.48200394336443253
0.48200394336443253
0.48200394336443253
0.48200394336443253
0.48200394336443253
0.48200394336443253
0.48200394336443253
0.48200394336443253
0.48200394336443253
0.48200394336443253
0.48200394336443253
0.48200394336443253
0.48200394336443253
0.48200394336443253
0.48200394336443253
0.48200394336443253
0.48200394336443253
0.48200394336443253
0.48200394336443253
0.48200394336443253
0.4585525751688415
0.4585525751688415
0.4585525751688415
0.4585525751688415
0.4585525751688415
0.4585525751688415
0.4585525751688415
0.4585525751688415
0.43196334155353355
0.4143688570747095
0.41204379157949944
0.41204379157949944
0.41204379157949944
0.35812408321559985
0.35812408321559985
0.35812408321559985
0.35812408321559985
0.35812408321559985
0.35812408321559985
0.35812408321559985
0.35812408321559985
0.35812408321559985
0.35812408321559985
0.35812408321559985
0.35812408321559985
0.35812408321559985
0.35812408321559985
0.3439804611174395
0.3439804611174395
0.31264860288093743
0.31264860288093743
0.31264860288093743
0.31264860288093743
0.2631018631181945
0.2631018631181945
0.2631018631181945
0.24886696494030502
0.24886696494030502
0.24788359512965386
0.24788359512965386
0.24788359512965386
0.24788359512965386
0.24315819964311913
0.24315819964311913
0.24315819964311913
0.24315819964311913
0.24315819964311913
0.21185433978956425
0.21185433978956425
0.21185433978956425
0.21185433978956425
0.2110965028497489
0.2110965028497489
0.2110965028497489
0.20336104835710245
0.20336104835710245
0.20336104835710245
0.20336104835710245
0.20336104835710245
0.20336104835710245
0.20336104835710245
0.19025693622005946
0.19025693622005946
0.19025693622005946
0.19025693622005946
0.19025693622005946
0.19025693622005946
0.19025693622005946
0.19025693622005946
0.19025693622005946
0.15434608250582116
0.15434608250582116
0.15434608250582116
0.15434608250582116
0.15434608250582116
0.15434608250582116
0.15434608250582116
0.15434608250582116
0.15434608250582116
0.1516144907791137
0.1516144907791137
0.1516144907791137
0.1516144907791137
0.1516144907791137
0.1516144907791137
0.1516144907791137
0.1516144907791137
0.1304151861442726
0.1304151861442726
0.1304151861442726
0.1304151861442726
0.1304151861442726
0.1271216340843182
0.1271216340843182
0.12036048751344808
0.12036048751344808
0.12036048751344808
0.12036048751344808
0.12036048751344808
0.12036048751344808
0.12036048751344808
0.12036048751344808
0.1163817245624017
0.1163817245624017
0.1163817245624017
0.11594718905112344
0.11594718905112344
0.11594718905112344
0.11594718905112344
0.09221472744684789
0.09221472744684789
0.09221472744684789
0.09221472744684789
0.09221472744684789
0.09221472744684789
0.09221472744684789
0.09221472744684789
0.09221472744684789
0.09221472744684789
0.09221472744684789
0.09221472744684789
0.09221472744684789
0.09221472744684789
0.09221472744684789
0.09221472744684789
0.09221472744684789
0.08649637228078433
0.08649637228078433
0.08649637228078433
0.08649637228078433
0.08649637228078433
0.08649637228078433
0.08649637228078433
0.08505803753079277
0.08505803753079277
0.08505803753079277
0.08249335991736473
0.07334689854706511
0.07334689854706511
0.07334689854706511
0.07334689854706511
0.07334689854706511
0.07334689854706511
0.07334689854706511
0.07334689854706511
0.07334689854706511
0.07334689854706511
0.07334689854706511
0.07334689854706511
0.07334689854706511
0.07334689854706511
0.07234342697732288
0.06688987608381325
0.06688987608381325
0.06688987608381325
0.0644347421203193
0.0644347421203193
0.058410165789627655
0.058410165789627655
0.058410165789627655
0.04897226629718432
0.04897226629718432
0.04897226629718432
0.04897226629718432
0.04897226629718432
0.04897226629718432
0.04897226629718432
0.04897226629718432
0.04897226629718432
0.04604078188229721
0.04604078188229721
0.04604078188229721
0.04604078188229721
0.04604078188229721
0.04604078188229721
0.04350171894238031
0.04350171894238031
0.04350171894238031
0.04350171894238031
0.04229420336071499
0.04229420336071499
0.04229420336071499
0.04229420336071499
0.04229420336071499
0.04229420336071499
0.04224793631007984
0.040132258426663014
0.040132258426663014
0.040132258426663014
0.040132258426663014
0.040132258426663014
0.03699251785264934
0.03699251785264934
0.03699251785264934
0.03699251785264934
0.03699251785264934
0.03699251785264934
0.03699251785264934
0.036900679881739507
0.036900679881739507
0.036900679881739507
0.036900679881739507
0.03667772331958119
0.036393243870062264
0.036393243870062264
0.036393243870062264
0.036393243870062264
0.035314128953388035
0.035314128953388035
0.035314128953388035
0.035314128953388035
0.035314128953388035
0.033740302345730555
0.033740302345730555
0.033740302345730555
0.033740302345730555
0.033740302345730555
0.033740302345730555
0.033740302345730555
0.033740302345730555
0.033740302345730555
0.0322745726334297
0.0322745726334297
0.0322745726334297
0.0322745726334297
0.0322745726334297
0.0322745726334297
0.0322745726334297
0.0322745726334297
0.03216713407575966
0.03216713407575966
0.03216713407575966
0.031104249091125524
0.030572950218680006
0.030572950218680006
0.030572950218680006
0.030572950218680006
0.030572950218680006
0.024309194743636908
0.024309194743636908
0.024309194743636908
0.024309194743636908
0.024309194743636908
0.024309194743636908
0.024309194743636908
0.024309194743636908
0.024309194743636908
0.024309194743636908
0.024309194743636908
0.024309194743636908
0.024309194743636908
0.024309194743636908
0.024309194743636908
0.024309194743636908
0.022087554329822012
0.022087554329822012
0.022087554329822012
0.022087554329822012
0.022087554329822012
0.022087554329822012
0.022087554329822012
0.022087554329822012
0.022087554329822012
0.022087554329822012
0.022087554329822012
0.021865833541689028
0.021863113640741005
0.021863113640741005
0.021863113640741005
0.021863113640741005
0.021863113640741005
0.021761237546087386
0.021761237546087386
0.01874579760449535
0.01874579760449535
0.01874579760449535
0.01874579760449535
0.01874579760449535
0.01874579760449535
0.01874579760449535
0.016636408431971006
0.016636408431971006
0.016636408431971006
0.015324551881143123
0.015324551881143123
0.015324551881143123
0.015324551881143123
0.015324551881143123
0.015324551881143123
0.014671519747505357
0.014671519747505357
0.014671519747505357
0.014671519747505357
0.014671519747505357
0.014671519747505357
0.014671519747505357
0.014671519747505357
0.014671519747505357
0.014671519747505357
0.014238772808234046
0.01422852496413185
0.01422852496413185
0.01422852496413185
0.01422852496413185
0.01422852496413185
0.01422852496413185
0.01422852496413185
0.014037685797909205
0.014037685797909205
0.014037685797909205
0.014037685797909205
0.014037685797909205
0.014037685797909205
0.013890212569968696
0.013890212569968696
0.013011457597194465
0.013011457597194465
0.013011457597194465
0.013011457597194465
0.013011457597194465
0.013011457597194465
0.012613518936539947
0.012613518936539947
0.012613518936539947
0.012613518936539947
0.012488832876417888
0.012488832876417888
0.012488832876417888
0.012488832876417888
0.009616952493548325
0.009616952493548325
0.009616952493548325
0.009616952493548325
0.009616952493548325
0.009616952493548325
0.009616952493548325
0.009616952493548325
0.009616952493548325
0.009616952493548325
0.009387956017423704
0.009387956017423704
0.009387956017423704
0.009387956017423704
0.009387956017423704
0.009387956017423704
0.009387956017423704
0.009387956017423704
0.009387956017423704
0.009387956017423704
0.008912561190559387
0.008912561190559387
0.008912561190559387
0.008912561190559387
0.008342846739907372
0.008342846739907372
0.008342846739907372
0.008342846739907372
0.00828117504046233
0.007737484378566251
0.007737484378566251
0.007737484378566251
0.007737484378566251
0.007737484378566251
0.007737484378566251
0.007737484378566251
0.007737484378566251
0.007737484378566251
0.007737484378566251
0.007737484378566251
0.007737484378566251
0.007562522875225852
0.007562522875225852
0.007562522875225852
0.007562522875225852
0.007562522875225852
0.007548876768289858
0.007548876768289858
0.007414954488883296
0.007190233023724346
0.00699356644247473
0.00699356644247473
0.00699356644247473
0.00699356644247473
0.00699356644247473
0.005942163178648485
0.005942163178648485
0.005942163178648485
0.005942163178648485
0.005942163178648485
0.005942163178648485
0.005942163178648485
0.005942163178648485
0.005942163178648485
0.005942163178648485
0.005942163178648485
0.005942163178648485
0.005942163178648485
0.005942163178648485
0.005942163178648485
0.005942163178648485
0.005942163178648485
0.005942163178648485
0.005846703906058792
0.005771941117096446
0.005771941117096446
0.005725159762985044
0.005686312125533277
0.005686312125533277
0.004711143333278045
0.004711143333278045
0.004711143333278045
0.004711143333278045
0.004711143333278045
0.004711143333278045
0.004711143333278045
0.004553098742430706
0.004553098742430706
0.004553098742430706
0.004553098742430706
0.004553098742430706
0.004553098742430706
0.004553098742430706
0.004553098742430706
0.004553098742430706
0.004553098742430706
0.004553098742430706
0.004553098742430706
0.004553098742430706
0.004553098742430706
0.004553098742430706
0.004553098742430706
0.004553098742430706
0.004553098742430706
0.004553098742430706
0.004512212921508052
0.004512212921508052
0.004194558648340063
0.004194558648340063
0.004194558648340063
0.0041675683905246785
0.0041370269371654445
0.0039484080826284185
0.0039484080826284185
0.0039484080826284185
0.0039484080826284185
0.0039484080826284185
0.003878514772633679
0.003878514772633679
0.0038069680634897907
0.0038069680634897907
0.0038069680634897907
0.0038069680634897907
0.0038069680634897907
0.0038069680634897907
0.0038069680634897907
0.0038069680634897907
0.003802228028956023
0.003802228028956023
0.003728863414615091
0.003728863414615091
0.003712357501591157
0.003712357501591157
0.003712357501591157
0.003597963103178614
0.003597963103178614
0.003597963103178614
0.003597963103178614
0.003597963103178614
0.0034967270712584764
0.0034967270712584764
0.0034321660095031348
0.0034321660095031348
0.0034321660095031348
0.0034321660095031348
0.003325587196943758
0.003325587196943758
0.003325587196943758
0.003186089051300911
0.003186089051300911
0.003186089051300911
0.003186089051300911
0.003186089051300911
0.003186089051300911
0.003186089051300911
0.0029349110334564443
0.0029349110334564443
0.0029349110334564443
0.002804296204043766
0.002804296204043766
0.0027604465011918933
0.0027604465011918933
0.0025736223751771092
0.0025736223751771092
0.0025736223751771092
0.0025736223751771092
0.0025736223751771092
0.0025736223751771092
0.0025736223751771092
0.0025736223751771092
0.0025736223751771092
0.0025736223751771092
0.002520453551831281
0.002520453551831281
0.002520453551831281
0.002520453551831281
0.002520453551831281
0.0020465922161037042
0.0020465922161037042
0.0020465922161037042
0.0020465922161037042
0.0020465922161037042
0.0020465922161037042
0.0020465922161037042
0.0020465922161037042
0.0020465922161037042
0.001917316556781401
0.001917316556781401
0.001917316556781401
0.001917316556781401
0.001917316556781401
0.001917316556781401
0.001917316556781401
0.001917316556781401
0.001917316556781401
0.001917316556781401
0.001917316556781401
0.001917316556781401
0.001917316556781401
0.001917316556781401
0.001917316556781401
0.001917316556781401
0.001917316556781401
0.001917316556781401
0.001917316556781401
0.001917316556781401
0.001788905587652323
0.001788905587652323
0.0016583315730329673
0.0015941053257080284
0.0015941053257080284
0.0015817058570668507
0.0015817058570668507
0.0015817058570668507
0.0014661020760726728
0.0014661020760726728
0.0014661020760726728
0.0014661020760726728
0.0014661020760726728
0.0014661020760726728
0.0014661020760726728
0.0014661020760726728
0.0014661020760726728
0.0014661020760726728
0.0014661020760726728
0.0014626724528312707
0.0014626724528312707
0.0013205460185758966
0.0013205460185758966
0.0013205460185758966
0.0013205460185758966
