0.0028579235076904297
0.002660512924194336
0.002580881118774414
0.0027625560760498047
0.002763986587524414
0.002498149871826172
0.0027532577514648438
0.002706289291381836
0.002545595169067383
0.0026350021362304688
0.002699136734008789
0.002392292022705078
0.0027108192443847656
0.002712249755859375
0.0028204917907714844
0.0029425621032714844
0.0028667449951171875
0.0028769969940185547
0.0028035640716552734
0.0026922225952148438
0.0028371810913085938
0.0026612281799316406
0.0026214122772216797
0.002825498580932617
0.002827167510986328
0.002511262893676758
0.002753734588623047
0.002744436264038086
0.0025136470794677734
0.002786874771118164
0.002717256546020508
0.0025942325592041016
0.0027174949645996094
0.002747058868408203
0.0026483535766601562
0.002582073211669922
0.0026254653930664062
0.002799510955810547
0.0025680065155029297
0.002731800079345703
0.002730846405029297
0.0024988651275634766
0.0026657581329345703
0.0025582313537597656
0.002569437026977539
0.0025839805603027344
0.002517223358154297
0.002503633499145508
0.0026111602783203125
0.002592802047729492
0.0027565956115722656
0.002657175064086914
0.002614736557006836
0.0025451183319091797
0.002666950225830078
0.002649068832397461
0.0024976730346679688
0.0026836395263671875
0.0025060176849365234
0.002531290054321289
0.002589702606201172
0.002631664276123047
0.002599000930786133
0.002504587173461914
0.002514362335205078
0.0025718212127685547
0.0025551319122314453
0.0025632381439208984
0.0025866031646728516
0.0026862621307373047
0.002561807632446289
0.0026297569274902344
0.002501249313354492
0.002517223358154297
0.002541065216064453
0.002560138702392578
0.0024955272674560547
0.0025374889373779297
0.002562284469604492
0.0026671886444091797
0.002615690231323242
0.002607107162475586
0.002601146697998047
0.002569437026977539
0.0025758743286132812
0.0026390552520751953
0.002520322799682617
0.0026106834411621094
0.002628326416015625
0.002604246139526367
0.0025789737701416016
0.0025882720947265625
0.002602815628051758
0.002504587173461914
0.0025551319122314453
0.002605438232421875
0.002466917037963867
0.0026619434356689453
0.0025718212127685547
0.0025970935821533203
0.002627134323120117
0.0025391578674316406
0.0025529861450195312
0.0025475025177001953
0.0026602745056152344
0.0025358200073242188
0.0026378631591796875
0.0026619434356689453
0.002556324005126953
0.002697467803955078
0.0025196075439453125
0.0025911331176757812
0.0026237964630126953
0.002635955810546875
0.0025930404663085938
0.0026319026947021484
0.0026521682739257812
0.002798795700073242
0.002527475357055664
0.0027151107788085938
0.002574443817138672
0.00263214111328125
0.002547740936279297
0.0026197433471679688
0.0026934146881103516
0.0031402111053466797
0.0027666091918945312
0.002542257308959961
0.002592802047729492
0.0027916431427001953
0.0026481151580810547
0.0028238296508789062
0.0025932788848876953
0.0027348995208740234
0.0026068687438964844
0.0026521682739257812
0.0027136802673339844
0.002627849578857422
0.0026357173919677734
0.0025959014892578125
0.0026559829711914062
0.002649545669555664
0.002628326416015625
0.0027713775634765625
0.002702951431274414
0.0027282238006591797
0.002542734146118164
0.0026013851165771484
0.002603292465209961
0.0026068687438964844
0.002662181854248047
0.0026199817657470703
0.0026464462280273438
0.0026116371154785156
0.002694845199584961
0.0026955604553222656
0.0025687217712402344
0.0025942325592041016
0.002782106399536133
0.002571582794189453
0.0027129650115966797
0.002827167510986328
0.002753019332885742
0.0026788711547851562
0.0026769638061523438
0.0027496814727783203
0.0025985240936279297
0.002762317657470703
0.0026988983154296875
0.002691507339477539
0.0028324127197265625
0.002664327621459961
0.0027074813842773438
0.002772808074951172
0.002760171890258789
0.002635478973388672
0.0028204917907714844
0.0026853084564208984
0.002815723419189453
0.0027594566345214844
0.0028154850006103516
0.0027573108673095703
0.00272369384765625
0.0025877952575683594
0.002682209014892578
0.0025517940521240234
0.0026161670684814453
0.0026993751525878906
0.0026400089263916016
0.0026862621307373047
0.002668142318725586
0.0026564598083496094
0.002590656280517578
0.0026526451110839844
0.002603769302368164
0.0025441646575927734
0.002574920654296875
0.0027074813842773438
0.0025987625122070312
0.0025544166564941406
0.0026345252990722656
0.0026979446411132812
0.0025441646575927734
0.002644777297973633
0.002654552459716797
0.0025730133056640625
0.0025262832641601562
0.0025975704193115234
0.0026366710662841797
0.0026273727416992188
0.002558469772338867
0.0025975704193115234
0.0025675296783447266
0.0025963783264160156
0.00258636474609375
0.002604246139526367
0.0026280879974365234
0.0025055408477783203
0.002506256103515625
0.0025975704193115234
0.0025970935821533203
0.0025475025177001953
0.002549409866333008
0.0026078224182128906
0.0026319026947021484
0.0025625228881835938
0.002525806427001953
0.002529144287109375
0.002624034881591797
0.0024056434631347656
0.0024499893188476562
0.0024645328521728516
0.002485513687133789
0.0024840831756591797
0.0026471614837646484
0.0025506019592285156
0.002504587173461914
0.0024802684783935547
0.002530813217163086
0.0025644302368164062
0.002450227737426758
0.0025360584259033203
0.0026330947875976562
0.0025093555450439453
0.002531766891479492
0.002573251724243164
0.002563953399658203
0.002514362335205078
0.002486705780029297
0.0024743080139160156
0.002561330795288086
0.002656698226928711
0.002530336380004883
0.002583742141723633
0.0026068687438964844
0.002569437026977539
0.00260162353515625
0.002623319625854492
0.0024771690368652344
0.002488374710083008
0.002618551254272461
0.002500295639038086
0.002746105194091797
0.0025110244750976562
0.002587556838989258
0.002608776092529297
0.0026259422302246094
0.0025637149810791016
0.0025794506072998047
0.0025501251220703125
0.0025429725646972656
0.0025739669799804688
0.002599000930786133
0.0025551319122314453
0.0024900436401367188
0.0024704933166503906
0.002606630325317383
0.0026438236236572266
0.0025131702423095703
0.002616405487060547
0.002545595169067383
0.0025496482849121094
0.0025551319122314453
0.0026595592498779297
0.00254058837890625
0.002634286880493164
0.002485036849975586
0.0025038719177246094
0.0025136470794677734
0.0025556087493896484
0.0025000572204589844
0.002575397491455078
0.002531290054321289
0.0024614334106445312
0.002521514892578125
0.002504587173461914
0.00249481201171875
0.002587556838989258
0.0024962425231933594
0.0025267601013183594
0.002624988555908203
0.0025153160095214844
0.002583742141723633
0.0025229454040527344
0.002513408660888672
0.002515554428100586
0.0024869441986083984
0.002477407455444336
0.0024476051330566406
0.0026051998138427734
0.002482891082763672
0.0024552345275878906
0.0025327205657958984
0.0025033950805664062
0.0024690628051757812
0.0026438236236572266
0.0025551319122314453
0.002652406692504883
0.0025110244750976562
0.0025856494903564453
0.0025634765625
0.0024971961975097656
0.0025827884674072266
0.0027594566345214844
0.002599477767944336
0.002524852752685547
0.002504110336303711
0.0025763511657714844
0.0025675296783447266
0.002490997314453125
0.0025675296783447266
0.002569913864135742
0.0026099681854248047
0.002580881118774414
0.002657175064086914
0.0026760101318359375
0.002665996551513672
0.00255584716796875
0.002640962600708008
0.0026726722717285156
0.0029256343841552734
0.0029184818267822266
0.002851724624633789
0.0029239654541015625
0.0028002262115478516
0.0028247833251953125
0.0028345584869384766
0.002931833267211914
0.00279998779296875
0.0026035308837890625
0.0026557445526123047
0.002682924270629883
0.0026941299438476562
0.002727508544921875
0.0027284622192382812
0.002577543258666992
0.002744436264038086
0.0025703907012939453
0.002630949020385742
0.002722024917602539
0.0025653839111328125
0.002587556838989258
0.0026900768280029297
0.0027620792388916016
0.0024793148040771484
0.0026810169219970703
0.002705812454223633
0.0026133060455322266
0.002714872360229492
0.0026597976684570312
0.0026063919067382812
0.0026092529296875
0.002644777297973633
0.002554655075073242
0.0026009082794189453
0.0026879310607910156
0.002621889114379883
0.0025534629821777344
0.0026977062225341797
0.002565145492553711
0.002568960189819336
0.0027124881744384766
0.0026116371154785156
0.002549409866333008
0.002615690231323242
0.0026924610137939453
0.0025458335876464844
0.002694368362426758
0.002798795700073242
0.002579927444458008
0.002629995346069336
0.002604961395263672
0.0025250911712646484
0.002586841583251953
0.0027303695678710938
0.0026426315307617188
0.002863645553588867
0.0027489662170410156
0.0027418136596679688
0.0026869773864746094
0.0027272701263427734
0.00262451171875
0.0025866031646728516
0.002798318862915039
0.0028188228607177734
0.0025985240936279297
0.002616405487060547
0.002763986587524414
0.002690553665161133
0.002590656280517578
0.0027413368225097656
0.002790212631225586
0.002628803253173828
0.0026733875274658203
0.0028450489044189453
0.0026998519897460938
0.002573251724243164
0.002778768539428711
0.0025386810302734375
0.0026123523712158203
0.002830982208251953
0.0027878284454345703
0.0027086734771728516
0.002760648727416992
0.002868175506591797
0.002758502960205078
0.002763509750366211
0.002729654312133789
0.0026319026947021484
0.002601146697998047
0.002732992172241211
0.002752065658569336
0.0026526451110839844
0.002656221389770508
0.002662181854248047
0.002699613571166992
0.002599954605102539
0.002661466598510742
0.0026633739471435547
0.0028276443481445312
0.002624988555908203
0.002659320831298828
0.0025162696838378906
0.0026581287384033203
0.002686738967895508
0.002830028533935547
0.002821683883666992
0.0027244091033935547
0.0029015541076660156
0.0026602745056152344
0.002706766128540039
0.0025758743286132812
0.0026328563690185547
0.0026760101318359375
0.0026941299438476562
0.002608776092529297
0.0026578903198242188
0.0027227401733398438
0.0025756359100341797
0.002689361572265625
0.0027763843536376953
0.0026254653930664062
0.0030536651611328125
0.0031473636627197266
0.0029480457305908203
0.0028548240661621094
0.003075838088989258
0.0030128955841064453
0.0029458999633789062
0.0028061866760253906
0.0029196739196777344
0.002859354019165039
0.0028791427612304688
0.002866506576538086
0.0025873184204101562
0.0027456283569335938
0.0027985572814941406
0.0028481483459472656
0.002694845199584961
0.0028357505798339844
0.002989530563354492
0.0027022361755371094
0.0027136802673339844
0.0028047561645507812
0.002627849578857422
0.0025205612182617188
0.0027048587799072266
0.0027298927307128906
0.0025594234466552734
0.0027959346771240234
0.0026633739471435547
0.002511739730834961
0.0027239322662353516
0.002606630325317383
0.002511262893676758
0.0027217864990234375
0.002678394317626953
0.002701997756958008
0.0025854110717773438
0.002542257308959961
0.002521038055419922
0.0025615692138671875
0.00264739990234375
0.002556324005126953
0.0025641918182373047
0.002553224563598633
0.0026471614837646484
0.002591371536254883
0.0026578903198242188
0.0024971961975097656
0.0025937557220458984
0.002608060836791992
0.002560853958129883
0.002579212188720703
0.002607583999633789
0.0024819374084472656
0.002545595169067383
0.0026574134826660156
0.0025937557220458984
0.0026695728302001953
0.002549409866333008
0.002519845962524414
0.0025458335876464844
0.002597332000732422
0.0025568008422851562
0.0025551319122314453
0.002498149871826172
0.0025091171264648438
0.0026183128356933594
0.0026443004608154297
0.0025200843811035156
0.0025343894958496094
0.0026862621307373047
0.002636432647705078
0.0025610923767089844
0.0026831626892089844
0.0026273727416992188
0.002547025680541992
0.0025894641876220703
0.0026483535766601562
0.002630949020385742
0.0026540756225585938
0.0025894641876220703
0.002529621124267578
0.0026035308837890625
0.0025856494903564453
0.002502918243408203
0.0025641918182373047
0.002568960189819336
0.002601146697998047
0.0026128292083740234
0.0026488304138183594
0.0025713443756103516
0.002584695816040039
0.0027060508728027344
0.002618551254272461
0.002644777297973633
0.0026426315307617188
0.0025022029876708984
0.0026683807373046875
0.0025162696838378906
0.0026085376739501953
0.0025987625122070312
0.002677440643310547
0.002532482147216797
0.002543210983276367
0.0026035308837890625
0.002535104751586914
0.002525806427001953
0.0026192665100097656
0.002534627914428711
0.0024797916412353516
0.0026319026947021484
0.0025560855865478516
0.002668619155883789
0.002500772476196289
0.0025892257690429688
0.002602815628051758
0.002496480941772461
0.0025844573974609375
0.0024967193603515625
0.0025708675384521484
0.002379179000854492
0.0024683475494384766
0.002424001693725586
0.002365589141845703
0.002445697784423828
0.002416372299194336
0.002664804458618164
0.002538919448852539
0.0024619102478027344
0.0024552345275878906
0.0024967193603515625
0.0025453567504882812
0.002472400665283203
0.0025899410247802734
0.0024263858795166016
0.0026047229766845703
0.0024101734161376953
0.0024225711822509766
0.0025081634521484375
0.0024514198303222656
0.0024559497833251953
0.002471923828125
0.0024733543395996094
0.0023996829986572266
0.0025186538696289062
0.0025005340576171875
0.002518892288208008
0.0024881362915039062
0.002485990524291992
0.0025234222412109375
0.0025353431701660156
0.0024416446685791016
0.0025162696838378906
0.0024340152740478516
0.002466440200805664
0.002470254898071289
0.0025429725646972656
0.002475738525390625
0.0025267601013183594
0.002444028854370117
0.002641916275024414
0.0025081634521484375
0.002524852752685547
0.002532482147216797
0.0024805068969726562
0.0025098323822021484
0.002527952194213867
0.0025529861450195312
0.002637624740600586
0.0027391910552978516
0.0026178359985351562
0.0026073455810546875
0.0026030540466308594
0.002584695816040039
0.0025720596313476562
0.002593994140625
0.002481222152709961
0.002510547637939453
0.002454519271850586
0.002534627914428711
0.002577543258666992
0.0024433135986328125
0.002463102340698242
0.002466917037963867
0.0025331974029541016
0.002609729766845703
0.002477884292602539
0.0025587081909179688
0.0024712085723876953
0.0024962425231933594
0.002701282501220703
0.002462148666381836
0.0025718212127685547
0.002517223358154297
0.002468109130859375
0.002557992935180664
0.002493619918823242
0.002526521682739258
0.002496480941772461
0.002568960189819336
0.002466440200805664
0.002508878707885742
0.0025000572204589844
0.0025141239166259766
0.0025599002838134766
0.002513408660888672
0.0024704933166503906
0.002641916275024414
0.0025844573974609375
0.0026607513427734375
0.0025281906127929688
0.0025844573974609375
0.0025169849395751953
0.0024557113647460938
0.0024573802947998047
0.0024368762969970703
0.0025472640991210938
0.002505064010620117
0.002492666244506836
0.0026607513427734375
0.002409219741821289
0.002452850341796875
0.002498626708984375
0.0027091503143310547
0.002646923065185547
0.0025374889373779297
0.0024919509887695312
0.0025424957275390625
0.002547740936279297
0.0024809837341308594
0.0025222301483154297
0.0025320053100585938
0.0024836063385009766
0.002424001693725586
0.002516508102416992
0.002505064010620117
0.0024497509002685547
0.002463102340698242
0.0024874210357666016
0.0025916099548339844
0.0025005340576171875
0.0024709701538085938
0.0025873184204101562
0.0025904178619384766
0.0025968551635742188
0.0025191307067871094
0.0025360584259033203
0.0024917125701904297
0.0026159286499023438
0.0025320053100585938
0.0025136470794677734
0.0024688243865966797
0.0023970603942871094
0.0023980140686035156
0.0024671554565429688
0.002391338348388672
0.002603769302368164
0.002508401870727539
0.0024063587188720703
0.002421140670776367
0.0025010108947753906
0.0028586387634277344
0.0027115345001220703
0.0027861595153808594
0.0026063919067382812
0.002567768096923828
0.002483367919921875
0.002560138702392578
0.0027039051055908203
0.002483367919921875
0.0025031566619873047
0.0025930404663085938
0.0025281906127929688
0.0024619102478027344
0.0026335716247558594
0.002471446990966797
0.002527475357055664
0.0025506019592285156
0.002519369125366211
0.0025560855865478516
0.002577543258666992
0.0024597644805908203
0.0025529861450195312
0.0025742053985595703
0.002484560012817383
0.0024662017822265625
0.0025687217712402344
0.0025157928466796875
0.002557516098022461
0.0026085376739501953
0.0024650096893310547
0.002475261688232422
0.0025894641876220703
0.0024657249450683594
0.0025916099548339844
0.0024976730346679688
0.0024781227111816406
0.0025560855865478516
0.00254058837890625
0.002595186233520508
0.002440214157104492
0.0024721622467041016
0.0025987625122070312
0.002455472946166992
0.0025720596313476562
0.0025968551635742188
0.002585172653198242
0.002553701400756836
0.0024688243865966797
0.0025053024291992188
0.002531766891479492
0.002573251724243164
0.0025072097778320312
0.002496004104614258
0.0025539398193359375
0.0026111602783203125
0.002608060836791992
0.002687215805053711
0.0026292800903320312
0.0025568008422851562
0.0027036666870117188
0.002749204635620117
0.002604961395263672
0.0027403831481933594
0.0027070045471191406
0.002649068832397461
0.002614736557006836
0.002593994140625
0.0026607513427734375
0.002664804458618164
0.0026187896728515625
0.002679586410522461
0.002549886703491211
0.002605438232421875
0.0025048255920410156
0.002640962600708008
0.0026803016662597656
0.0027544498443603516
0.002481222152709961
0.00252532958984375
0.0024895668029785156
0.002495288848876953
0.0026612281799316406
0.002577066421508789
0.002547025680541992
0.002508878707885742
0.002506256103515625
0.0024666786193847656
0.002586841583251953
0.0024785995483398438
0.002498149871826172
0.002634286880493164
0.0026535987854003906
0.0025420188903808594
0.0026209354400634766
0.0027315616607666016
0.002730846405029297
0.002758026123046875
0.0027337074279785156
0.0026330947875976562
0.002706766128540039
0.0027399063110351562
0.002727031707763672
0.002834796905517578
0.0027801990509033203
0.0026340484619140625
0.0027031898498535156
0.002641916275024414
0.002576112747192383
0.002605915069580078
0.002631664276123047
0.002672910690307617
0.0027322769165039062
0.002704143524169922
0.0026252269744873047
0.002620697021484375
0.0026166439056396484
0.002701282501220703
0.0028803348541259766
0.0027713775634765625
0.002625703811645508
0.002489328384399414
0.002438783645629883
0.0025527477264404297
0.0025730133056640625
0.0025017261505126953
0.0026159286499023438
0.002619504928588867
0.0024292469024658203
0.0026161670684814453
0.00243377685546875
0.0025081634521484375
0.0025904178619384766
0.0025472640991210938
0.002582550048828125
0.002682924270629883
0.002561807632446289
0.0026547908782958984
0.0026311874389648438
0.0024976730346679688
0.0025529861450195312
0.002563953399658203
0.0026001930236816406
0.002626657485961914
0.0027396678924560547
0.002617359161376953
0.002641916275024414
0.002694368362426758
0.0026612281799316406
0.0026361942291259766
0.002741098403930664
0.002831697463989258
0.002585887908935547
0.0027294158935546875
0.0026924610137939453
0.0027036666870117188
0.002746105194091797
0.0028486251831054688
0.002862691879272461
0.0025641918182373047
0.002620220184326172
0.0027098655700683594
0.002672433853149414
0.002647876739501953
0.0027709007263183594
0.0026776790618896484
0.002597808837890625
0.00258636474609375
0.002718210220336914
0.002543926239013672
0.0027222633361816406
0.002696514129638672
0.0025429725646972656
0.0027229785919189453
0.002731800079345703
0.0025093555450439453
0.0026400089263916016
0.0026733875274658203
0.0026102066040039062
0.002598285675048828
0.0026946067810058594
0.0025696754455566406
0.0026481151580810547
0.0027403831481933594
0.002527475357055664
0.002571582794189453
0.0025992393493652344
0.0027086734771728516
0.0025124549865722656
0.0025839805603027344
0.002620220184326172
0.002501249313354492
0.002608776092529297
0.0026824474334716797
0.002576112747192383
0.002622365951538086
0.002729177474975586
0.0025839805603027344
0.0028548240661621094
0.0028192996978759766
0.002608060836791992
0.002672910690307617
0.002781391143798828
0.0028045177459716797
0.002561807632446289
0.002772092819213867
0.002537965774536133
0.0025184154510498047
0.0026171207427978516
0.002672910690307617
0.00264739990234375
0.002580881118774414
0.0025489330291748047
0.002587556838989258
0.0025856494903564453
0.0025599002838134766
0.0024957656860351562
0.002606630325317383
0.002557516098022461
0.0025141239166259766
0.002469778060913086
0.002499818801879883
0.002515554428100586
0.00254058837890625
0.0026006698608398438
0.002508401870727539
0.0026090145111083984
0.002529144287109375
0.002511262893676758
0.0026407241821289062
0.002480745315551758
0.0025246143341064453
0.002489328384399414
0.0025022029876708984
0.0024712085723876953
0.00255584716796875
0.002499103546142578
0.0024847984313964844
0.002468585968017578
0.002513885498046875
0.002514362335205078
0.0024878978729248047
0.002465963363647461
0.0024917125701904297
0.0024869441986083984
0.0024573802947998047
0.0025718212127685547
0.0026793479919433594
0.002553224563598633
0.0025589466094970703
0.0025293827056884766
0.0025348663330078125
0.0025033950805664062
0.0024747848510742188
0.002485036849975586
0.0025043487548828125
0.002497434616088867
0.0025467872619628906
0.002479076385498047
0.002563953399658203
0.0025031566619873047
0.0025169849395751953
0.0025141239166259766
0.002457857131958008
0.0024766921997070312
0.002474069595336914
0.0024566650390625
0.002518892288208008
0.00247955322265625
0.002479076385498047
0.0024449825286865234
0.00246429443359375
0.0024640560150146484
0.002471923828125
0.0025408267974853516
0.002495288848876953
0.0024862289428710938
0.002466917037963867
