0.008751153945922852
0.008548974990844727
0.008613109588623047
0.008743762969970703
0.008788585662841797
0.008539915084838867
0.008566617965698242
0.008522748947143555
0.008445262908935547
0.008929729461669922
0.008595466613769531
0.00893402099609375
0.008536338806152344
0.008603572845458984
0.008974075317382812
0.00921320915222168
0.00887751579284668
0.008817911148071289
0.008858442306518555
0.008616447448730469
0.008458852767944336
0.008343696594238281
0.00924062728881836
0.009087324142456055
0.008982181549072266
0.009305477142333984
0.009220123291015625
0.009259939193725586
0.00947880744934082
0.009368658065795898
0.009227275848388672
0.0092315673828125
0.008950471878051758
0.009727001190185547
0.009321212768554688
0.009184598922729492
0.009426355361938477
0.00948023796081543
0.009395122528076172
0.009328365325927734
0.009036779403686523
0.009123086929321289
0.009061336517333984
0.009350061416625977
0.008929252624511719
0.008862018585205078
0.008808135986328125
0.00907444953918457
0.00921940803527832
0.00913858413696289
0.009175539016723633
0.008930206298828125
0.008739233016967773
0.009041309356689453
0.00922703742980957
0.008968830108642578
0.008895635604858398
0.008867502212524414
0.008908510208129883
0.008954763412475586
0.008654356002807617
0.00841832160949707
0.008553028106689453
0.008598566055297852
0.008533477783203125
0.008945226669311523
0.009237051010131836
0.009230852127075195
0.008623361587524414
0.008907079696655273
0.009138822555541992
0.00897073745727539
0.00918126106262207
0.008878231048583984
0.00890207290649414
0.008637666702270508
0.008478641510009766
0.008781671524047852
0.008371114730834961
0.009689569473266602
0.008952617645263672
0.008609771728515625
0.008541107177734375
0.00836324691772461
0.008279085159301758
0.008459091186523438
0.008582592010498047
0.00839090347290039
0.008550882339477539
0.008527278900146484
0.008513212203979492
0.008667945861816406
0.00857686996459961
0.008711099624633789
0.008380889892578125
0.008605241775512695
0.00897359848022461
0.008724451065063477
0.008590221405029297
0.008572578430175781
0.008732080459594727
0.009029865264892578
0.008759498596191406
0.008847713470458984
0.009009599685668945
0.008800983428955078
0.008963823318481445
0.008735895156860352
0.008691072463989258
0.00856328010559082
0.008535623550415039
0.008582115173339844
0.008571147918701172
0.008378028869628906
0.008672475814819336
0.008858680725097656
0.00873708724975586
0.00853109359741211
0.008898735046386719
0.008828163146972656
0.008723974227905273
0.008909463882446289
0.009175777435302734
0.009014606475830078
0.00904393196105957
0.008935928344726562
0.009445428848266602
0.009311437606811523
0.009456157684326172
0.009218692779541016
0.008971452713012695
0.008900880813598633
0.008774042129516602
0.009165525436401367
0.009285926818847656
0.008992433547973633
0.009171724319458008
0.009134292602539062
0.008926868438720703
0.008757829666137695
0.008884668350219727
0.008778572082519531
0.009335041046142578
0.009272336959838867
0.009648561477661133
0.009408712387084961
0.008897542953491211
0.008830785751342773
0.008742570877075195
0.008491992950439453
0.008681774139404297
0.008563995361328125
0.008446693420410156
0.008735418319702148
0.008999109268188477
0.008924245834350586
0.009022951126098633
0.009041309356689453
0.0094451904296875
0.009396553039550781
0.009139060974121094
0.009149789810180664
0.008847713470458984
0.00892949104309082
0.008830785751342773
0.009264469146728516
0.00960850715637207
0.009187698364257812
0.00901341438293457
0.009612083435058594
0.008930444717407227
0.009491205215454102
0.009236574172973633
0.009016990661621094
0.008760929107666016
0.00864267349243164
0.008669853210449219
0.008649349212646484
0.008867740631103516
0.008820056915283203
0.009158134460449219
0.009291410446166992
0.00930476188659668
0.009604454040527344
0.009011507034301758
0.008875846862792969
0.009012460708618164
0.008819341659545898
0.008710384368896484
0.008693218231201172
0.009153127670288086
0.008986949920654297
0.008948564529418945
0.008714437484741211
0.008496522903442383
0.008433103561401367
0.008750200271606445
0.008579730987548828
0.008403301239013672
0.008626461029052734
0.00858926773071289
0.008408308029174805
0.008611679077148438
0.008435487747192383
0.008597850799560547
0.008388042449951172
0.008645057678222656
0.008371353149414062
0.008349180221557617
0.008308649063110352
0.008246421813964844
0.008277416229248047
0.008259296417236328
0.008204936981201172
0.008371353149414062
0.008419275283813477
0.008460760116577148
0.008303403854370117
0.008253097534179688
0.008105993270874023
0.008173227310180664
0.008158206939697266
0.00816035270690918
0.008273839950561523
0.008185386657714844
0.00816655158996582
0.008468151092529297
0.008378744125366211
0.008657217025756836
0.008571147918701172
0.008345603942871094
0.008185863494873047
0.008366584777832031
0.008284330368041992
0.008144855499267578
0.008560657501220703
0.008325338363647461
0.008339643478393555
0.008500814437866211
0.008489131927490234
0.00832056999206543
0.008457660675048828
0.008402585983276367
0.00824594497680664
0.008337736129760742
0.008357524871826172
0.008465766906738281
0.00862431526184082
0.008442163467407227
0.008604764938354492
0.00877833366394043
0.008768558502197266
0.008395671844482422
0.008389711380004883
0.008453607559204102
0.008292436599731445
0.008398056030273438
0.008328914642333984
0.0084991455078125
0.008489370346069336
0.00832366943359375
0.008365392684936523
0.008382797241210938
0.008485794067382812
0.008322477340698242
0.008378982543945312
0.008295297622680664
0.00829768180847168
0.008348226547241211
0.008266687393188477
0.00848698616027832
0.008307218551635742
0.008325338363647461
0.008623123168945312
0.008393049240112305
0.008440971374511719
0.008311986923217773
0.008274555206298828
0.00841522216796875
0.008454084396362305
0.008777618408203125
0.00856471061706543
0.008546590805053711
0.008759498596191406
0.008533000946044922
0.0087432861328125
0.00860452651977539
0.008667707443237305
0.008344173431396484
0.008243560791015625
0.008587121963500977
0.008725881576538086
0.008625507354736328
0.009112358093261719
0.009165287017822266
0.008691787719726562
0.009157419204711914
0.009502649307250977
0.009221076965332031
0.00892496109008789
0.00886678695678711
0.008862972259521484
0.00924372673034668
0.009204626083374023
0.009461402893066406
0.009251117706298828
0.00920557975769043
0.009272575378417969
0.010389566421508789
0.008940696716308594
0.008794546127319336
0.008810281753540039
0.009005308151245117
0.008816003799438477
0.008619070053100586
0.00876617431640625
0.008275270462036133
0.008362293243408203
0.009223222732543945
0.008720636367797852
0.009194612503051758
0.008678197860717773
0.008779525756835938
0.008475542068481445
0.00831460952758789
0.008359193801879883
0.008301019668579102
0.00845479965209961
0.008554697036743164
0.008356571197509766
0.008372306823730469
0.008625268936157227
0.008356332778930664
0.008368253707885742
0.008423566818237305
0.008471250534057617
0.00820469856262207
0.008387565612792969
0.008359432220458984
0.0081939697265625
0.008331060409545898
0.008586406707763672
0.008475065231323242
0.008932113647460938
0.008541584014892578
0.008318424224853516
0.008262157440185547
0.008108139038085938
0.007860660552978516
0.007905721664428711
0.008523225784301758
0.008186578750610352
0.008348464965820312
0.008324146270751953
0.008394956588745117
0.008570194244384766
0.008761167526245117
0.008410453796386719
0.008561134338378906
0.00850224494934082
0.008266448974609375
0.008384943008422852
0.008840799331665039
0.008579015731811523
0.008594274520874023
0.008671760559082031
0.008622407913208008
0.008248567581176758
0.00814056396484375
0.008038997650146484
0.008289098739624023
0.008340120315551758
0.008097648620605469
0.008293628692626953
0.008379459381103516
0.008285284042358398
0.008418083190917969
0.00847172737121582
0.008411169052124023
0.008576154708862305
0.008422374725341797
0.008456230163574219
0.008419513702392578
0.008374214172363281
0.008342266082763672
0.00836944580078125
0.008423328399658203
0.008455276489257812
0.00860452651977539
0.008594751358032227
0.008604764938354492
0.008399009704589844
0.008488655090332031
0.008369922637939453
0.008459806442260742
0.008452892303466797
0.00839686393737793
0.008465290069580078
0.008411407470703125
0.008340835571289062
0.008447647094726562
0.008498430252075195
0.008864164352416992
0.00850224494934082
0.008527517318725586
0.008437871932983398
0.008350133895874023
0.008536577224731445
0.008576631546020508
0.008184194564819336
0.008254289627075195
0.008212089538574219
0.008162498474121094
0.009029388427734375
0.009185552597045898
0.008639812469482422
0.008886098861694336
0.008803367614746094
0.008896827697753906
0.008502483367919922
0.008830547332763672
0.008462667465209961
0.008714675903320312
0.008604764938354492
0.00854182243347168
0.008657455444335938
0.008503198623657227
0.008479833602905273
0.008494853973388672
0.008395910263061523
0.008515119552612305
0.00844430923461914
0.008667230606079102
0.008376359939575195
0.008735895156860352
0.008518218994140625
0.008582592010498047
0.008357763290405273
0.008484601974487305
0.008487462997436523
0.008527755737304688
0.008370161056518555
0.008452415466308594
0.008245229721069336
0.008374214172363281
0.008708715438842773
0.008700370788574219
0.008699655532836914
0.008867740631103516
0.008465766906738281
0.008296728134155273
0.008355379104614258
0.008456707000732422
0.008279561996459961
0.008449554443359375
0.00870060920715332
0.008590936660766602
0.008841753005981445
0.00881814956665039
0.008560419082641602
0.008538007736206055
0.008317947387695312
0.00833892822265625
0.008325576782226562
0.008434057235717773
0.008202791213989258
0.008281946182250977
0.008118867874145508
0.00783991813659668
0.008155107498168945
0.008085250854492188
0.007862091064453125
0.008428812026977539
0.008597373962402344
0.008451461791992188
0.008313417434692383
0.008316755294799805
0.00827169418334961
0.008936405181884766
0.0088348388671875
0.008615493774414062
0.008949041366577148
0.008642196655273438
0.008539676666259766
0.008489608764648438
0.008429288864135742
0.0085296630859375
0.008579015731811523
0.008501768112182617
0.008400440216064453
0.008496999740600586
0.008271455764770508
0.008270502090454102
0.008285999298095703
0.008376359939575195
0.008545637130737305
0.00842428207397461
0.008370637893676758
0.008504152297973633
0.008337259292602539
0.009377241134643555
0.008337020874023438
0.008362293243408203
0.008297204971313477
0.008382558822631836
0.00856637954711914
0.00874185562133789
0.008415699005126953
0.008052825927734375
0.008123159408569336
0.008049488067626953
0.008195161819458008
0.008205413818359375
0.00828695297241211
0.008191108703613281
0.008386850357055664
0.008419990539550781
0.008322715759277344
0.00857686996459961
0.008397817611694336
0.008263826370239258
0.008316755294799805
0.008385658264160156
0.00841665267944336
0.008549928665161133
0.008424043655395508
0.008096694946289062
0.008316278457641602
0.008480310440063477
0.008529901504516602
0.008788824081420898
0.008485555648803711
0.008552789688110352
0.008450984954833984
0.008512735366821289
0.008532524108886719
0.008465766906738281
0.00855255126953125
0.008347034454345703
0.008421182632446289
0.0084228515625
0.008668661117553711
0.009936332702636719
0.00874018669128418
0.008598804473876953
0.008574485778808594
0.008718729019165039
0.008623123168945312
0.00858759880065918
0.008634328842163086
0.008421182632446289
0.008566141128540039
0.008841991424560547
0.008818387985229492
0.00923609733581543
0.009450674057006836
0.008994579315185547
0.009070634841918945
0.010024070739746094
0.010501384735107422
0.01055145263671875
0.008953571319580078
0.009415864944458008
0.009102344512939453
0.00915074348449707
0.008983850479125977
0.008967876434326172
0.008805274963378906
0.009141206741333008
0.008871078491210938
0.00892782211303711
0.009318113327026367
0.008904218673706055
0.00908803939819336
0.009328126907348633
0.009528398513793945
0.009731054306030273
0.009673357009887695
0.009546518325805664
0.009852409362792969
0.009302377700805664
0.010316610336303711
0.010190963745117188
0.009571313858032227
0.009425878524780273
0.009595394134521484
0.009140491485595703
0.009031295776367188
0.009341001510620117
0.009023189544677734
0.009192943572998047
0.00945425033569336
0.009026050567626953
0.009345293045043945
0.009379148483276367
0.009035348892211914
0.008685827255249023
0.008762598037719727
0.00896763801574707
0.008634328842163086
0.008572816848754883
0.008364439010620117
0.008613109588623047
0.008339881896972656
0.008672237396240234
0.008549690246582031
0.008617639541625977
0.008525371551513672
0.00835108757019043
0.008286237716674805
0.008354902267456055
0.008535385131835938
0.0083770751953125
0.008333206176757812
0.00835275650024414
0.008353233337402344
0.008204221725463867
0.008387327194213867
0.008370637893676758
0.008571386337280273
0.008244037628173828
0.008240938186645508
0.008265972137451172
0.008274555206298828
0.008228778839111328
0.00822305679321289
0.008266925811767578
0.008268356323242188
0.008310794830322266
0.008339881896972656
0.008271217346191406
0.008497953414916992
0.00826573371887207
0.00824284553527832
0.008400201797485352
0.008451223373413086
0.008612871170043945
0.008455991744995117
0.008064031600952148
0.008260011672973633
0.009001493453979492
0.008894681930541992
0.00917363166809082
0.009184122085571289
0.008591413497924805
0.008495569229125977
0.008568048477172852
0.008398294448852539
0.008727550506591797
0.008448600769042969
0.008280277252197266
0.008548736572265625
0.008431434631347656
0.008465290069580078
0.008635282516479492
0.008105993270874023
0.008031368255615234
0.00808572769165039
0.007911205291748047
0.008221149444580078
0.008244514465332031
0.008289337158203125
0.007825613021850586
0.008347034454345703
0.008192777633666992
0.008228778839111328
0.008413076400756836
0.008133888244628906
0.008059978485107422
0.008091211318969727
0.008119821548461914
0.008338212966918945
0.008291482925415039
0.008267879486083984
0.008258342742919922
0.008174657821655273
0.008298873901367188
0.008286714553833008
0.008439779281616211
0.008194923400878906
0.00820469856262207
0.008223295211791992
0.008157730102539062
0.008194446563720703
0.008061647415161133
0.00789642333984375
0.008202075958251953
0.008340597152709961
0.008332967758178711
0.008569717407226562
0.008860349655151367
0.008520364761352539
0.008550405502319336
0.00883340835571289
0.008547544479370117
0.00867605209350586
0.008603811264038086
0.008953332901000977
0.008589982986450195
0.00872349739074707
0.008796453475952148
0.009002447128295898
0.008764982223510742
0.008772850036621094
0.008899211883544922
0.008922815322875977
0.008740901947021484
0.008840799331665039
0.008741617202758789
0.008582830429077148
0.008689165115356445
0.00853586196899414
0.009099006652832031
0.008873939514160156
0.00867152214050293
0.008927106857299805
0.008835554122924805
0.008601903915405273
0.008600473403930664
0.008921146392822266
0.008593559265136719
0.008489608764648438
0.008315801620483398
0.008565425872802734
0.008535385131835938
0.008224725723266602
0.008257150650024414
0.008424997329711914
0.008298158645629883
0.008542537689208984
0.008479595184326172
0.008768320083618164
0.008494138717651367
0.008430242538452148
0.00827646255493164
0.008459329605102539
0.008317708969116211
0.008317708969116211
0.008304595947265625
0.007880210876464844
0.007967710494995117
0.007946252822875977
0.007943153381347656
0.007933855056762695
0.0077855587005615234
0.007858753204345703
0.008255481719970703
0.008049249649047852
0.008405447006225586
0.007872819900512695
0.0078012943267822266
0.00790262222290039
0.007790327072143555
0.007790565490722656
0.008157014846801758
0.007864236831665039
0.008063077926635742
0.008069038391113281
0.008311271667480469
0.008258342742919922
0.008538961410522461
0.008417129516601562
0.00814962387084961
0.008179187774658203
0.008051872253417969
0.00832676887512207
0.008548974990844727
0.008594274520874023
0.00861501693725586
0.008677244186401367
0.008503913879394531
0.008620023727416992
0.009012222290039062
0.00886845588684082
0.008489847183227539
0.008320808410644531
0.008160591125488281
0.008471012115478516
0.008405447006225586
0.008475780487060547
0.008357048034667969
0.008432149887084961
0.008209228515625
0.008367776870727539
0.008467912673950195
0.008260726928710938
0.008351325988769531
0.008375883102416992
0.00832056999206543
0.00835561752319336
0.008316993713378906
0.00831913948059082
0.008313894271850586
0.008268117904663086
0.00836038589477539
0.008522510528564453
0.008620262145996094
0.008384227752685547
0.00841975212097168
0.008432149887084961
0.008445978164672852
0.008664131164550781
0.00913858413696289
0.008936405181884766
0.008585214614868164
0.008778810501098633
0.008835315704345703
0.008983135223388672
0.008507490158081055
0.008650779724121094
0.008385419845581055
0.008624792098999023
0.008778572082519531
0.008724212646484375
0.008330583572387695
0.008396387100219727
0.008506059646606445
0.008695363998413086
0.008900165557861328
0.00882863998413086
0.008577108383178711
0.008511066436767578
0.008574724197387695
0.008557558059692383
0.008974075317382812
0.008771181106567383
0.008579254150390625
0.00854945182800293
0.00881648063659668
0.008865594863891602
0.008667469024658203
0.00846099853515625
0.008550882339477539
0.008311033248901367
0.008424043655395508
0.008712053298950195
0.00895237922668457
0.008610010147094727
0.008442878723144531
0.00848388671875
0.008609294891357422
0.009042501449584961
0.008802175521850586
0.008555889129638672
0.008617162704467773
0.008454322814941406
0.008564949035644531
0.008796215057373047
0.008541107177734375
0.008533477783203125
0.008577823638916016
0.008712530136108398
0.008763551712036133
0.008959770202636719
0.008524417877197266
0.008395671844482422
0.008597135543823242
0.008441686630249023
0.008959054946899414
0.008512020111083984
0.008713960647583008
0.00853586196899414
0.008494138717651367
0.008597612380981445
0.008813858032226562
0.008213996887207031
0.008196830749511719
0.008583545684814453
0.008360862731933594
0.00872802734375
0.008813858032226562
0.00872945785522461
0.008608341217041016
0.008762121200561523
0.008314847946166992
0.008966445922851562
0.008792877197265625
0.00850367546081543
0.008439779281616211
0.0083160400390625
0.008425474166870117
0.008379459381103516
0.008580684661865234
0.00831913948059082
0.008337259292602539
0.008331537246704102
0.008333206176757812
0.008527994155883789
0.008610963821411133
0.008577823638916016
0.008528470993041992
0.008666515350341797
0.00853586196899414
0.00848388671875
0.008640766143798828
0.008429288864135742
0.008400201797485352
0.008418798446655273
0.008418560028076172
0.00856924057006836
0.008371353149414062
0.008340597152709961
0.008352041244506836
0.008367776870727539
0.008352994918823242
0.008364677429199219
0.008300304412841797
0.008270502090454102
0.008214473724365234
0.00872945785522461
0.00868988037109375
0.00839996337890625
0.008251667022705078
0.008322954177856445
0.008162498474121094
0.008330106735229492
0.00854802131652832
0.008614063262939453
0.008395195007324219
0.008415699005126953
0.008406400680541992
0.008378028869628906
0.00851583480834961
0.008896112442016602
0.008498430252075195
0.008601903915405273
0.008704185485839844
0.008611679077148438
0.00868535041809082
0.008770942687988281
0.008395671844482422
0.008389472961425781
0.008497238159179688
0.008580446243286133
0.008562564849853516
0.008601903915405273
0.008339643478393555
0.008377552032470703
0.008482694625854492
0.00842595100402832
0.00856161117553711
0.008670330047607422
0.008533477783203125
0.008648872375488281
0.00864267349243164
0.008520126342773438
0.008603572845458984
0.008486747741699219
0.008459329605102539
0.008318901062011719
0.008317708969116211
0.008347272872924805
0.008346796035766602
0.008302450180053711
0.008390188217163086
0.00840306282043457
0.008461952209472656
0.008524417877197266
0.00835561752319336
0.008285045623779297
0.008298635482788086
0.00828409194946289
0.00823068618774414
0.008314847946166992
0.008394241333007812
0.008344888687133789
0.008563756942749023
0.008430242538452148
0.008424520492553711
0.00855398178100586
0.008397340774536133
0.008426904678344727
0.008494853973388672
0.00823211669921875
0.008010149002075195
0.007942438125610352
0.00815725326538086
0.008282661437988281
0.008171558380126953
0.0081939697265625
0.008253335952758789
0.00845956802368164
0.008383035659790039
0.008389949798583984
0.008471488952636719
0.008717060089111328
0.00887751579284668
0.008695840835571289
0.008652687072753906
0.008758068084716797
0.008910417556762695
0.008951902389526367
0.009377002716064453
0.009410619735717773
0.008854389190673828
0.00875711441040039
0.008585214614868164
0.008736848831176758
0.00881052017211914
0.008577823638916016
