16.352689224233437
15.982716602602713
15.982716602602713
15.982716602602713
15.982716602602713
15.982716602602713
14.882663450064774
14.882663450064774
14.882663450064774
14.882663450064774
14.882663450064774
14.882663450064774
14.882663450064774
14.882663450064774
14.110622268638469
14.110622268638469
14.110622268638469
14.110622268638469
11.831966278224888
11.831966278224888
11.831966278224888
11.831966278224888
11.831966278224888
11.831966278224888
11.831966278224888
11.831966278224888
11.831966278224888
11.831966278224888
11.831966278224888
11.831966278224888
11.831966278224888
11.831966278224888
11.768981274021439
9.17696325698947
8.31296338413253
8.31296338413253
8.31296338413253
8.31296338413253
8.31296338413253
8.31296338413253
8.31296338413253
8.31296338413253
8.31296338413253
8.31296338413253
8.31296338413253
8.31296338413253
8.31296338413253
8.31296338413253
8.31296338413253
8.31296338413253
8.31296338413253
8.31296338413253
8.31296338413253
8.31296338413253
8.31296338413253
8.31296338413253
8.31296338413253
8.31296338413253
8.31296338413253
8.31296338413253
8.31296338413253
8.31296338413253
7.25591323578349
7.25591323578349
6.539347061983431
6.539347061983431
6.539347061983431
6.539347061983431
6.539347061983431
6.539347061983431
6.539347061983431
6.539347061983431
6.539347061983431
6.539347061983431
6.539347061983431
6.539347061983431
6.539347061983431
6.539347061983431
6.539347061983431
6.539347061983431
6.539347061983431
6.539347061983431
6.3244942250445035
6.3244942250445035
6.3244942250445035
6.3244942250445035
6.230505748395025
5.8623615871516535
5.8623615871516535
5.8623615871516535
5.5948700085673195
5.5948700085673195
5.5948700085673195
5.5948700085673195
5.5948700085673195
5.357870536369031
5.357870536369031
5.357870536369031
5.357870536369031
5.357870536369031
5.357870536369031
5.317415743269731
5.317415743269731
5.317415743269731
5.317415743269731
5.273256389640132
5.083882196358648
5.083882196358648
4.544777092936634
4.335129963620183
4.335129963620183
4.335129963620183
4.335129963620183
4.335129963620183
4.335129963620183
4.335129963620183
4.335129963620183
4.335129963620183
4.335129963620183
4.335129963620183
4.335129963620183
4.335129963620183
4.335129963620183
4.335129963620183
4.335129963620183
4.335129963620183
4.335129963620183
4.335129963620183
4.335129963620183
4.335129963620183
4.335129963620183
4.335129963620183
4.275544621419513
4.275544621419513
4.275544621419513
4.275544621419513
4.275544621419513
4.275544621419513
4.275544621419513
4.2108478717016204
4.2108478717016204
4.068771613526884
4.068771613526884
4.068771613526884
4.068771613526884
4.068771613526884
3.9633072878365745
3.9633072878365745
3.9633072878365745
3.9633072878365745
3.9633072878365745
3.70459963840241
3.4157595212086527
3.4157595212086527
3.4157595212086527
3.4157595212086527
3.4157595212086527
3.4157595212086527
3.0891631886766504
3.0891631886766504
3.0891631886766504
3.0891631886766504
3.0891631886766504
3.0891631886766504
3.0891631886766504
2.948240938492976
2.948240938492976
2.948240938492976
2.948240938492976
2.7304770793536655
2.7304770793536655
2.7304770793536655
2.7304770793536655
2.7304770793536655
2.7304770793536655
2.7304770793536655
2.7304770793536655
2.7304770793536655
2.473509421002582
2.473509421002582
2.473509421002582
2.473509421002582
2.473509421002582
2.473509421002582
2.473509421002582
2.473509421002582
2.473509421002582
2.473509421002582
2.473509421002582
2.473509421002582
2.432893744788199
2.412351280370558
2.412351280370558
2.412351280370558
2.412351280370558
2.412351280370558
2.412351280370558
2.412351280370558
2.412351280370558
2.412351280370558
1.9956482846668955
1.9956482846668955
1.9956482846668955
1.9956482846668955
1.9956482846668955
1.9956482846668955
1.9956482846668955
1.9956482846668955
1.9956482846668955
1.9956482846668955
1.9956482846668955
1.9956482846668955
1.9956482846668955
1.9956482846668955
1.9869247487791846
1.9607158346010998
1.9607158346010998
1.9607158346010998
1.9607158346010998
1.9607158346010998
1.9607158346010998
1.9607158346010998
1.9607158346010998
1.5268176289805098
1.5268176289805098
1.5268176289805098
1.3944199532757153
1.3944199532757153
1.3944199532757153
1.3944199532757153
1.3944199532757153
1.3944199532757153
1.3944199532757153
1.3944199532757153
1.3944199532757153
0.9588370179091221
0.9588370179091221
0.9588370179091221
0.9588370179091221
0.9588370179091221
0.9588370179091221
0.9588370179091221
0.9588370179091221
0.9588370179091221
0.6988544382945783
0.6988544382945783
0.6988544382945783
0.6988544382945783
0.618016827137815
0.618016827137815
0.5727884980306754
0.5711117209948
0.5671837001773916
0.5431931308327371
0.5431931308327371
0.5431931308327371
0.5310047439022476
0.5310047439022476
0.5310047439022476
0.26658136696072887
0.26658136696072887
0.26658136696072887
0.26658136696072887
0.26658136696072887
0.26658136696072887
0.26658136696072887
0.26658136696072887
0.26658136696072887
0.26658136696072887
0.26658136696072887
0.26658136696072887
0.26658136696072887
0.26658136696072887
0.26658136696072887
0.26658136696072887
0.26658136696072887
0.26658136696072887
0.26658136696072887
0.26658136696072887
0.25279817317965225
0.25279817317965225
0.25279817317965225
0.25279817317965225
0.25279817317965225
0.25279817317965225
0.25279817317965225
0.25279817317965225
0.25279817317965225
0.25279817317965225
0.25279817317965225
0.25279817317965225
0.25279817317965225
0.25279817317965225
0.25279817317965225
0.25279817317965225
0.25279817317965225
0.25279817317965225
0.17129069638453842
0.17129069638453842
0.17129069638453842
0.17129069638453842
0.17129069638453842
0.17129069638453842
0.17129069638453842
0.17129069638453842
0.17129069638453842
0.15947858134823178
0.11800434338380583
0.11800434338380583
0.11800434338380583
0.11800434338380583
0.11800434338380583
0.11800434338380583
0.11800434338380583
0.11800434338380583
0.11800434338380583
0.11800434338380583
0.11800434338380583
0.11800434338380583
0.11800434338380583
0.11800434338380583
0.11800434338380583
0.11800434338380583
0.11800434338380583
0.11800434338380583
0.11800434338380583
0.11800434338380583
0.11800434338380583
0.11800434338380583
0.1150634621982185
0.1150634621982185
0.1150634621982185
0.1150634621982185
0.1150634621982185
0.1150634621982185
0.1150634621982185
0.1150634621982185
0.1150634621982185
0.1150634621982185
0.10350567636846364
0.10350567636846364
0.10350567636846364
0.10350567636846364
0.10350567636846364
0.10350567636846364
0.10350567636846364
0.10350567636846364
0.10350567636846364
0.08517475534582175
0.08517475534582175
0.08517475534582175
0.08517475534582175
0.08517475534582175
0.08517475534582175
0.08517475534582175
0.08517475534582175
0.08517475534582175
0.08517475534582175
0.08517475534582175
0.08517475534582175
0.08517475534582175
0.08517475534582175
0.08517475534582175
0.08517475534582175
0.08517475534582175
0.08517475534582175
0.07732706220609842
0.07732706220609842
0.07732706220609842
0.07732706220609842
0.07732706220609842
0.06772663169137516
0.06772663169137516
0.06772663169137516
0.06772663169137516
0.06772663169137516
0.06772663169137516
0.06465244297873696
0.06465244297873696
0.06465244297873696
0.054966169429309986
0.054966169429309986
0.054966169429309986
0.054966169429309986
0.054966169429309986
0.054966169429309986
0.054966169429309986
0.054966169429309986
0.054966169429309986
0.054966169429309986
0.054966169429309986
0.054966169429309986
0.04426292414069266
0.04426292414069266
0.04426292414069266
0.04426292414069266
0.04426292414069266
0.04426292414069266
0.04426292414069266
0.04426292414069266
0.04021287421207376
0.04021287421207376
0.04021287421207376
0.04021287421207376
0.04021287421207376
0.04021287421207376
0.04021287421207376
0.04021287421207376
0.04021287421207376
0.03852369158060043
0.03852369158060043
0.03852369158060043
0.03852369158060043
0.03852369158060043
0.0342466378164481
0.0342466378164481
0.0342466378164481
0.0342466378164481
0.0342466378164481
0.0342466378164481
0.0342466378164481
0.0342466378164481
0.0342466378164481
0.0342466378164481
0.0342466378164481
0.0342466378164481
0.0342466378164481
0.0342466378164481
0.0342466378164481
0.03180952322703945
0.03180952322703945
0.03180952322703945
0.03180747524714178
0.031129798216312565
0.02671103342013481
0.02671103342013481
0.02671103342013481
0.02671103342013481
0.02671103342013481
0.02671103342013481
0.021206526434959017
0.021206526434959017
0.019238862227950904
0.019238862227950904
0.019238862227950904
0.018641102549487698
0.01847867828516314
0.01847867828516314
0.01847867828516314
0.01847867828516314
0.014770426131448744
0.014770426131448744
0.014770426131448744
0.014770426131448744
0.014770426131448744
0.014770426131448744
0.014770426131448744
0.014770426131448744
0.014770426131448744
0.014770426131448744
0.014770426131448744
0.014770426131448744
0.014770426131448744
0.014770426131448744
0.014770426131448744
0.014770426131448744
0.014770426131448744
0.014770426131448744
0.014770426131448744
0.014770426131448744
0.014770426131448744
0.014770426131448744
0.014770426131448744
0.014770426131448744
0.014770426131448744
0.014770426131448744
0.014770426131448744
0.014770426131448744
0.014242745239641863
0.014136860490079783
0.014090796060848731
0.013342271848010512
0.013342271848010512
0.013342271848010512
0.013342271848010512
0.013342271848010512
0.012544039940191709
0.012544039940191709
0.012544039940191709
0.012544039940191709
0.012174655445178928
0.012174655445178928
0.011740870149512972
0.010649774825107983
0.00992472463281402
0.00992472463281402
0.009724683127572575
0.009724683127572575
0.009724683127572575
0.009724683127572575
0.009724683127572575
0.009724683127572575
0.009724683127572575
0.009724683127572575
0.009724683127572575
0.008936053559722268
0.008936053559722268
0.008936053559722268
0.008936053559722268
0.008936053559722268
0.008936053559722268
0.008936053559722268
0.008597564582924377
0.008597564582924377
0.008597564582924377
0.007454701593616164
0.0073638211544775345
0.0073638211544775345
0.0073001119062503506
0.0073001119062503506
0.006546518076973484
0.006546518076973484
0.006546518076973484
0.006546518076973484
0.006546518076973484
0.006546518076973484
0.006546518076973484
0.006546518076973484
0.006546518076973484
0.006546518076973484
0.006349444964371287
0.006349444964371287
0.006349444964371287
0.006349444964371287
0.006349444964371287
0.006072315887116986
0.006072315887116986
0.006072315887116986
0.006072315887116986
0.006072315887116986
0.006072315887116986
0.005877261817278878
0.005877261817278878
0.005696664113060024
0.004606049099649567
0.004161863951221534
0.004161863951221534
0.004161863951221534
0.004161863951221534
0.004161863951221534
0.004161863951221534
0.004161863951221534
0.004161863951221534
0.004161863951221534
0.004161863951221534
0.004126001565168735
0.004126001565168735
0.004126001565168735
0.004126001565168735
0.004126001565168735
0.004100883193014937
0.004100883193014937
0.004100883193014937
0.0040263459099278975
0.0040263459099278975
0.0034014644932582883
0.0034014644932582883
0.002917947862957959
0.002917947862957959
0.002917947862957959
0.002917947862957959
0.002917947862957959
0.002917947862957959
0.002917947862957959
0.0028710045529614092
0.0028710045529614092
0.0028710045529614092
0.0028710045529614092
0.0028710045529614092
0.0028710045529614092
0.0028710045529614092
0.0028710045529614092
0.002563732711745814
0.002563732711745814
0.002563732711745814
0.002563732711745814
0.002563732711745814
0.002563732711745814
0.002563732711745814
0.002563732711745814
0.002563732711745814
0.002563732711745814
0.002563732711745814
0.002563732711745814
0.002563732711745814
0.002563732711745814
0.002563732711745814
0.002563732711745814
0.002563732711745814
0.0025501111061316806
0.002072577137152365
0.0019641125527627423
0.0019641125527627423
0.0019641125527627423
0.0019641125527627423
0.0019641125527627423
0.0019641125527627423
0.0019641125527627423
0.0017309781717855799
0.0017309781717855799
0.0016834630936202188
0.0016824367954910713
0.0016662284542725558
0.0016662284542725558
0.0016662284542725558
0.0014573836453948275
0.0014573836453948275
0.0014573836453948275
0.0014573836453948275
0.0014507364438216541
0.001119403960601062
0.001119403960601062
0.001119403960601062
0.0007844425260188359
0.0007844425260188359
0.0007844425260188359
0.0007844425260188359
0.0007844425260188359
0.0007844425260188359
0.0007844425260188359
0.0007844425260188359
0.0007844425260188359
0.0007844425260188359
0.0007844425260188359
0.0007844425260188359
0.0007844425260188359
0.0007844425260188359
0.0007844425260188359
0.0007844425260188359
0.0007844425260188359
0.0007844425260188359
0.0007293501675142977
0.0007293501675142977
0.0007293501675142977
0.0007293501675142977
0.0007293501675142977
0.0005241320221962553
0.0005241320221962553
0.0005241320221962553
0.0005241320221962553
0.0005241320221962553
0.0005241320221962553
0.0004178086999964137
0.0004178086999964137
0.0004178086999964137
0.0004178086999964137
0.0004178086999964137
0.0004178086999964137
0.0004178086999964137
0.0004178086999964137
0.0004178086999964137
0.0004178086999964137
0.0004178086999964137
0.0004178086999964137
0.0004178086999964137
0.000416724709648264
0.000416724709648264
0.000416724709648264
0.0004071109725565236
0.0004071109725565236
0.0004071109725565236
0.0004071109725565236
0.0004071109725565236
0.0004071109725565236
0.0004071109725565236
0.0004071109725565236
0.0004071109725565236
0.0004071109725565236
0.0004071109725565236
0.0004071109725565236
0.0004071109725565236
0.0004071109725565236
0.0004071109725565236
0.0004071109725565236
0.0004071109725565236
0.0004071109725565236
0.0004071109725565236
0.0004071109725565236
0.0004071109725565236
0.00033169134426813685
0.00033169134426813685
0.00033169134426813685
0.00033169134426813685
0.00033169134426813685
0.00033169134426813685
0.0003285828865671192
0.0003198533546537874
0.0003198533546537874
0.0003198533546537874
0.0003198533546537874
0.000300444727557192
0.000300444727557192
0.000300444727557192
0.0002834697320786006
0.0002834697320786006
0.0002834697320786006
0.0002834697320786006
0.0002834697320786006
0.0002834697320786006
0.0002834697320786006
0.0002834697320786006
0.0002834697320786006
0.00024321905330637605
0.00024321905330637605
0.00024321905330637605
0.00024250242679713097
0.00024250242679713097
0.00024250242679713097
0.00024250242679713097
0.00024250242679713097
0.00016540535652254107
0.00016540535652254107
0.00016540535652254107
0.00016540535652254107
0.00016540535652254107
0.00016540535652254107
0.00016540535652254107
0.00016540535652254107
0.00016540535652254107
0.00016540535652254107
0.00016540535652254107
0.00016540535652254107
0.00016540535652254107
0.00016540535652254107
0.00016540535652254107
0.00016540535652254107
0.00016540535652254107
0.00016540535652254107
0.00016540535652254107
0.00016540535652254107
0.00016276959862437934
0.00016276959862437934
0.00016276959862437934
0.00015561074744852021
0.00015561074744852021
0.00015561074744852021
0.00015561074744852021
0.00015561074744852021
0.00015561074744852021
0.00015561074744852021
0.00013417662906789474
0.00013417662906789474
0.00013417662906789474
0.00013417662906789474
0.00013417662906789474
0.00013417662906789474
0.00013377224869870474
0.00012852181931677364
0.00012852181931677364
0.00011899917226898538
0.00011899917226898538
0.00011899917226898538
0.00011899917226898538
0.00011817137787772936
0.00011817137787772936
0.00011817137787772936
0.00011601582365372565
0.00011601582365372565
0.00011601582365372565
0.00010864772988483651
0.00010864772988483651
0.00010361910761602644
0.00010361910761602644
9.886266354541817e-05
9.886266354541817e-05
9.886266354541817e-05
9.886266354541817e-05
9.886266354541817e-05
9.886266354541817e-05
9.381610636438609e-05
9.296001542224985e-05
9.296001542224985e-05
9.082980083974235e-05
9.082980083974235e-05
9.082980083974235e-05
9.082980083974235e-05
9.082980083974235e-05
9.082980083974235e-05
7.64366077667944e-05
7.64366077667944e-05
7.043472807310991e-05
6.974507079959835e-05
6.974507079959835e-05
6.932436624040861e-05
6.932436624040861e-05
6.387403101726363e-05
6.387403101726363e-05
6.371081169476156e-05
6.370813250455853e-05
6.370813250455853e-05
6.370813250455853e-05
6.370813250455853e-05
5.9726056992559506e-05
5.1111155357830285e-05
5.1111155357830285e-05
5.1111155357830285e-05
5.1111155357830285e-05
5.1111155357830285e-05
5.1111155357830285e-05
4.544843356413253e-05
4.544843356413253e-05
4.544843356413253e-05
4.544843356413253e-05
4.544843356413253e-05
4.544843356413253e-05
4.544843356413253e-05
4.544843356413253e-05
4.544843356413253e-05
4.396281756768872e-05
4.396281756768872e-05
4.396281756768872e-05
4.396281756768872e-05
4.396281756768872e-05
4.396281756768872e-05
4.396281756768872e-05
3.931559141179264e-05
3.9197429430259945e-05
3.9197429430259945e-05
3.851236061436225e-05
3.851236061436225e-05
3.851236061436225e-05
3.851236061436225e-05
3.851236061436225e-05
3.202979930350125e-05
2.469866692322853e-05
2.469866692322853e-05
2.469866692322853e-05
2.469866692322853e-05
2.469866692322853e-05
2.469866692322853e-05
2.469866692322853e-05
2.469866692322853e-05
2.469866692322853e-05
2.469866692322853e-05
2.469866692322853e-05
2.469866692322853e-05
2.469866692322853e-05
2.469866692322853e-05
2.469866692322853e-05
2.469866692322853e-05
2.469866692322853e-05
2.469866692322853e-05
2.469866692322853e-05
2.469866692322853e-05
2.469866692322853e-05
2.469866692322853e-05
2.469866692322853e-05
2.469866692322853e-05
2.469866692322853e-05
2.469866692322853e-05
2.469866692322853e-05
2.469866692322853e-05
2.469866692322853e-05
2.469866692322853e-05
2.469866692322853e-05
2.469866692322853e-05
2.469866692322853e-05
2.3071563255427918e-05
2.3071563255427918e-05
2.3071563255427918e-05
2.3071563255427918e-05
2.2344237461169314e-05
2.2344237461169314e-05
2.2344237461169314e-05
2.2344237461169314e-05
1.8789085981296694e-05
1.8789085981296694e-05
1.8789085981296694e-05
1.8127255952293808e-05
1.8127255952293808e-05
1.8127255952293808e-05
1.8127255952293808e-05
1.548841599685602e-05
1.548841599685602e-05
1.548841599685602e-05
1.548841599685602e-05
1.548841599685602e-05
1.548841599685602e-05
1.548841599685602e-05
1.4729082419506767e-05
1.4729082419506767e-05
1.4729082419506767e-05
1.4729082419506767e-05
1.4729082419506767e-05
1.4729082419506767e-05
1.4729082419506767e-05
1.4729082419506767e-05
1.1930116322389495e-05
1.1930116322389495e-05
1.1930116322389495e-05
1.1930116322389495e-05
1.1930116322389495e-05
1.1887262694187939e-05
1.1887262694187939e-05
1.1388192259431662e-05
1.1388192259431662e-05
1.1388192259431662e-05
1.1388192259431662e-05
1.1388192259431662e-05
1.1388192259431662e-05
1.1388192259431662e-05
1.1388192259431662e-05
1.1388192259431662e-05
7.800072687302873e-06
7.800072687302873e-06
7.800072687302873e-06
7.800072687302873e-06
7.800072687302873e-06
7.800072687302873e-06
7.800072687302873e-06
7.800072687302873e-06
7.800072687302873e-06
7.800072687302873e-06
7.363218326617016e-06
7.363218326617016e-06
7.363218326617016e-06
7.363218326617016e-06
7.363218326617016e-06
7.363218326617016e-06
7.363218326617016e-06
7.363218326617016e-06
7.363218326617016e-06
7.363218326617016e-06
7.363218326617016e-06
6.136223202446445e-06
6.101164711225238e-06
5.5126913274250455e-06
5.5126913274250455e-06
5.5126913274250455e-06
5.326651685066963e-06
5.326651685066963e-06
5.326651685066963e-06
5.326651685066963e-06
5.326651685066963e-06
5.326651685066963e-06
5.326651685066963e-06
5.326651685066963e-06
5.326651685066963e-06
5.326651685066963e-06
5.326651685066963e-06
5.326651685066963e-06
5.326651685066963e-06
5.326651685066963e-06
5.326651685066963e-06
4.8482303007801875e-06
4.8482303007801875e-06
4.8482303007801875e-06
4.8482303007801875e-06
4.8482303007801875e-06
4.8482303007801875e-06
4.8482303007801875e-06
4.8482303007801875e-06
4.8482303007801875e-06
4.8482303007801875e-06
4.55525990616934e-06
4.55525990616934e-06
4.55525990616934e-06
4.55525990616934e-06
4.55525990616934e-06
4.249352560492525e-06
4.249352560492525e-06
4.249352560492525e-06
4.249352560492525e-06
4.249352560492525e-06
4.132917808874481e-06
4.132917808874481e-06
4.132917808874481e-06
4.030481079553283e-06
4.030481079553283e-06
3.983282443442704e-06
3.983282443442704e-06
3.983282443442704e-06
3.769317835633501e-06
3.613247624656424e-06
3.613247624656424e-06
3.3368696428226485e-06
3.3368696428226485e-06
3.3368696428226485e-06
3.3368696428226485e-06
3.3368696428226485e-06
2.947754648374712e-06
2.947754648374712e-06
2.933667584414934e-06
2.933667584414934e-06
2.933667584414934e-06
2.8375954350678967e-06
2.8375954350678967e-06
2.1399993990200983e-06
2.1399993990200983e-06
2.1399993990200983e-06
