5.757861188305085
5.757861188305085
5.757861188305085
5.33923886484944
5.33923886484944
5.33923886484944
5.33923886484944
5.33923886484944
5.33923886484944
5.174439886358998
4.751277804050895
4.751277804050895
4.751277804050895
4.751277804050895
4.751277804050895
4.751277804050895
4.751277804050895
4.751277804050895
4.751277804050895
4.751277804050895
4.2116117336078975
4.2116117336078975
4.2116117336078975
4.2116117336078975
4.2116117336078975
4.2116117336078975
4.2116117336078975
4.2116117336078975
4.2116117336078975
4.2116117336078975
4.2116117336078975
4.2116117336078975
3.967833051451535
3.967833051451535
3.967833051451535
3.967833051451535
3.967833051451535
3.967833051451535
3.8388753898276633
3.8388753898276633
3.5986637593190487
3.5986637593190487
3.5986637593190487
3.5986637593190487
3.5986637593190487
3.5986637593190487
3.5986637593190487
3.5986637593190487
3.5986637593190487
3.5986637593190487
3.5986637593190487
2.7898215245193008
2.7898215245193008
2.7898215245193008
2.7898215245193008
2.7898215245193008
2.7898215245193008
2.7898215245193008
2.7898215245193008
2.7898215245193008
2.7898215245193008
2.7898215245193008
2.7898215245193008
2.7898215245193008
2.7898215245193008
2.7898215245193008
2.7898215245193008
2.7898215245193008
2.7898215245193008
2.7898215245193008
2.7898215245193008
2.7898215245193008
2.7898215245193008
2.7898215245193008
2.7898215245193008
2.7898215245193008
2.7898215245193008
2.7898215245193008
2.7898215245193008
2.7898215245193008
2.7898215245193008
2.7898215245193008
2.7898215245193008
2.7898215245193008
2.7898215245193008
2.7898215245193008
2.7418747435640967
2.655099716794517
2.655099716794517
2.655099716794517
2.655099716794517
2.655099716794517
2.655099716794517
2.655099716794517
2.655099716794517
2.655099716794517
2.655099716794517
2.655099716794517
2.655099716794517
2.6368490164508174
2.6368490164508174
2.6368490164508174
2.6368490164508174
2.6368490164508174
2.5969410621485487
2.5969410621485487
2.5969410621485487
2.5969410621485487
2.5969410621485487
2.5969410621485487
2.5969410621485487
2.5969410621485487
2.5969410621485487
2.5969410621485487
2.5969410621485487
2.5969410621485487
2.576857992417043
2.576857992417043
2.576857992417043
2.5624392472565063
2.5624392472565063
2.5624392472565063
2.5624392472565063
2.4724978077518998
2.4724978077518998
2.4724978077518998
2.4724978077518998
2.4724978077518998
2.407073292289784
2.407073292289784
2.388892875600451
2.388892875600451
2.388892875600451
2.322190727288458
2.322190727288458
2.314528074426363
2.0483543354932046
2.0483543354932046
2.0483543354932046
2.0483543354932046
2.0483543354932046
2.0483543354932046
2.0483543354932046
2.0483543354932046
2.0483543354932046
2.0483543354932046
2.0483543354932046
2.0483543354932046
2.0483543354932046
2.0483543354932046
2.0483543354932046
2.0483543354932046
2.0483543354932046
2.0483543354932046
2.0483543354932046
2.0483543354932046
2.0483543354932046
2.0483543354932046
1.9126607772269253
1.55922149914716
1.55922149914716
1.55922149914716
1.55922149914716
1.55922149914716
1.55922149914716
1.55922149914716
1.55922149914716
1.55922149914716
1.55922149914716
1.55922149914716
1.55922149914716
1.55922149914716
1.55922149914716
1.55922149914716
1.55922149914716
1.55922149914716
1.55922149914716
1.55922149914716
1.55922149914716
1.55922149914716
1.55922149914716
1.4425206672463453
1.4425206672463453
1.4425206672463453
1.4425206672463453
1.4425206672463453
1.4425206672463453
1.4425206672463453
1.4425206672463453
1.4425206672463453
1.4425206672463453
1.4425206672463453
1.4425206672463453
1.4425206672463453
1.4425206672463453
1.4425206672463453
1.4425206672463453
1.4425206672463453
1.4425206672463453
1.4333889906448931
1.4333889906448931
1.4333889906448931
1.4333889906448931
1.4333889906448931
1.4333889906448931
1.4333889906448931
1.4333889906448931
1.4333889906448931
1.4173455444200478
1.3195381761496847
1.3195381761496847
1.3195381761496847
1.3195381761496847
1.3195381761496847
1.3195381761496847
1.3195381761496847
1.3195381761496847
1.3195381761496847
1.3195381761496847
1.3195381761496847
1.3195381761496847
1.3195381761496847
1.3195381761496847
1.3195381761496847
1.3195381761496847
1.3195381761496847
1.3195381761496847
1.3195381761496847
1.3195381761496847
1.3195381761496847
1.3195381761496847
1.3195381761496847
1.3195381761496847
1.3195381761496847
1.3195381761496847
1.3195381761496847
1.3195381761496847
1.3195381761496847
1.3195381761496847
1.3195381761496847
1.3195381761496847
1.3195381761496847
1.3115022588596297
1.3115022588596297
1.3115022588596297
1.3115022588596297
1.3115022588596297
1.271783795391503
1.271783795391503
1.23764449818594
1.23764449818594
1.23764449818594
1.23764449818594
1.23764449818594
1.23764449818594
1.23764449818594
1.23764449818594
1.23764449818594
1.23764449818594
1.23764449818594
1.185033566414944
1.185033566414944
1.185033566414944
1.185033566414944
1.185033566414944
1.185033566414944
1.185033566414944
1.185033566414944
1.185033566414944
1.185033566414944
1.1806278349126522
1.1806278349126522
1.1806278349126522
1.1763897337515878
1.1763897337515878
1.1763897337515878
1.1763897337515878
1.1763897337515878
1.1763897337515878
1.1763897337515878
1.1763897337515878
1.1763897337515878
1.1763897337515878
1.1763897337515878
1.1016908145117306
1.1016908145117306
1.1016908145117306
1.1016908145117306
1.1016908145117306
1.1016908145117306
1.1016908145117306
1.0001094704535554
1.0001094704535554
1.0001094704535554
1.0001094704535554
1.0001094704535554
1.0001094704535554
1.0001094704535554
0.9518421512613244
0.9518421512613244
0.9518421512613244
0.7448801360037827
0.7448801360037827
0.7448801360037827
0.7448801360037827
0.7448801360037827
0.7448801360037827
0.7448801360037827
0.7448801360037827
0.7448801360037827
0.7448801360037827
0.7448801360037827
0.7448801360037827
0.7448801360037827
0.7448801360037827
0.7448801360037827
0.7448801360037827
0.7448801360037827
0.7448801360037827
0.7448801360037827
0.7448801360037827
0.742921462320254
0.7334191283269824
0.7334191283269824
0.7334191283269824
0.7334191283269824
0.7334191283269824
0.7334191283269824
0.6897767454465509
0.6897767454465509
0.6897767454465509
0.6897767454465509
0.6897767454465509
0.6406639562476606
0.6406639562476606
0.6406639562476606
0.6406639562476606
0.6406639562476606
0.6406639562476606
0.6406639562476606
0.6406639562476606
0.6406639562476606
0.6406639562476606
0.6406639562476606
0.6406639562476606
0.6062701746562063
0.6062701746562063
0.6062701746562063
0.6062701746562063
0.6062701746562063
0.6062701746562063
0.6062701746562063
0.6050105922034454
0.6050105922034454
0.6050105922034454
0.6050105922034454
0.6050105922034454
0.6050105922034454
0.6050105922034454
0.6050105922034454
0.6050105922034454
0.6050105922034454
0.6050105922034454
0.595458139426281
0.595458139426281
0.595458139426281
0.595458139426281
0.562535212646349
0.562535212646349
0.562535212646349
0.562535212646349
0.562535212646349
0.562535212646349
0.562535212646349
0.562535212646349
0.562535212646349
0.562535212646349
0.562535212646349
0.562535212646349
0.562535212646349
0.562535212646349
0.562535212646349
0.562535212646349
0.562535212646349
0.562535212646349
0.562535212646349
0.54466898037726
0.54466898037726
0.54466898037726
0.54466898037726
0.54466898037726
0.54466898037726
0.54466898037726
0.54466898037726
0.54466898037726
0.5169550011360649
0.5169550011360649
0.5112240668199632
0.5112240668199632
0.49483414415971794
0.49483414415971794
0.47330706841353276
0.47330706841353276
0.47330706841353276
0.47330706841353276
0.47330706841353276
0.47330706841353276
0.47330706841353276
0.47330706841353276
0.47330706841353276
0.47330706841353276
0.47330706841353276
0.47330706841353276
0.47330706841353276
0.47330706841353276
0.47330706841353276
0.47330706841353276
0.47330706841353276
0.47330706841353276
0.47330706841353276
0.47330706841353276
0.47330706841353276
0.47330706841353276
0.47330706841353276
0.47330706841353276
0.47330706841353276
0.47330706841353276
0.47330706841353276
0.47330706841353276
0.4272598370578464
0.4272598370578464
0.4272598370578464
0.4272598370578464
0.4272598370578464
0.4272598370578464
0.4272598370578464
0.4272598370578464
0.4272598370578464
0.4272598370578464
0.4272598370578464
0.4272598370578464
0.4272598370578464
0.4272598370578464
0.4272598370578464
0.4272598370578464
0.4272598370578464
0.4272598370578464
0.4272598370578464
0.4272598370578464
0.4272598370578464
0.4215205193116667
0.4215205193116667
0.4215205193116667
0.4215205193116667
0.4215205193116667
0.4190535866157923
0.4190535866157923
0.4190535866157923
0.4190535866157923
0.4190535866157923
0.4190535866157923
0.4190535866157923
0.4190535866157923
0.4190535866157923
0.4190535866157923
0.4190535866157923
0.4190535866157923
0.4190535866157923
0.4190535866157923
0.4190535866157923
0.41170375949599247
0.41170375949599247
0.41170375949599247
0.41170375949599247
0.41170375949599247
0.4105943076992915
0.4105943076992915
0.4105943076992915
0.4105943076992915
0.4105943076992915
0.4105943076992915
0.4105943076992915
0.4105943076992915
0.4105943076992915
0.4105943076992915
0.4014987388820259
0.4014987388820259
0.4014987388820259
0.4000713722892222
0.4000713722892222
0.4000713722892222
0.4000713722892222
0.4000713722892222
0.4000713722892222
0.4000713722892222
0.4000713722892222
0.4000713722892222
0.4000713722892222
0.4000713722892222
0.4000713722892222
0.4000713722892222
0.3973898033672931
0.3831652792658993
0.3831652792658993
0.3831652792658993
0.3831652792658993
0.3831652792658993
0.3831652792658993
0.3831652792658993
0.3831652792658993
0.3831652792658993
0.3831652792658993
0.3831652792658993
0.3831652792658993
0.3831652792658993
0.38027380176006176
0.38027380176006176
0.3775390104441456
0.3775390104441456
0.3685439752177899
0.3670843334671581
0.3652859861772306
0.36219103609792214
0.36219103609792214
0.36219103609792214
0.36219103609792214
0.36219103609792214
0.35847893778123563
0.35847893778123563
0.35847893778123563
0.3487609152060607
0.3487609152060607
0.3487609152060607
0.3487609152060607
0.3487609152060607
0.3487609152060607
0.3487609152060607
0.3348996054516853
0.3348996054516853
0.3348996054516853
0.3348996054516853
0.3348996054516853
0.3348996054516853
0.3348996054516853
0.3348996054516853
0.3348996054516853
0.3348996054516853
0.3348996054516853
0.3348996054516853
0.3348996054516853
0.3137893446040856
0.3137893446040856
0.3137893446040856
0.3137893446040856
0.3137893446040856
0.3137893446040856
0.3137893446040856
0.3137893446040856
0.3137893446040856
0.29454233090808657
0.29454233090808657
0.29454233090808657
0.29454233090808657
0.29454233090808657
0.29454233090808657
0.29454233090808657
0.29454233090808657
0.29454233090808657
0.29454233090808657
0.29454233090808657
0.29454233090808657
0.29454233090808657
0.29454233090808657
0.29454233090808657
0.29454233090808657
0.29454233090808657
0.29454233090808657
0.29454233090808657
0.29454233090808657
0.29454233090808657
0.29454233090808657
0.29454233090808657
0.2831497133922447
0.2831497133922447
0.2831497133922447
0.2831497133922447
0.2831497133922447
0.27440753363211456
0.27075838595910895
0.27075838595910895
0.27075838595910895
0.25766916364834813
0.25766916364834813
0.25766916364834813
0.25766916364834813
0.25766916364834813
0.25766916364834813
0.25766916364834813
0.25115926028051305
0.25115926028051305
0.25115926028051305
0.25115926028051305
0.25115926028051305
0.25115926028051305
0.25115926028051305
0.25115926028051305
0.25115926028051305
0.25115926028051305
0.25115926028051305
0.2476811512822934
0.2476811512822934
0.2476811512822934
0.2476811512822934
0.2476811512822934
0.22511732131437157
0.22511732131437157
0.22511732131437157
0.22511732131437157
0.22511732131437157
0.22511732131437157
0.22511732131437157
0.22511732131437157
0.22511732131437157
0.22511732131437157
0.22511732131437157
0.22511732131437157
0.21828797770453434
0.21828797770453434
0.21828797770453434
0.21828797770453434
0.21828797770453434
0.21828797770453434
0.21828797770453434
0.21828797770453434
0.21828797770453434
0.21828797770453434
0.21828797770453434
0.21828797770453434
0.21677594370804343
0.21677594370804343
0.21677594370804343
0.21146110349130254
0.21146110349130254
0.21146110349130254
0.21146110349130254
0.21099618514041296
0.20817047439863146
0.20817047439863146
0.20817047439863146
0.20817047439863146
0.20817047439863146
0.20817047439863146
0.20817047439863146
0.20817047439863146
0.20817047439863146
0.20817047439863146
0.20817047439863146
0.20817047439863146
0.20817047439863146
0.20817047439863146
0.20817047439863146
0.20817047439863146
0.1993253388776779
0.1993253388776779
0.1993253388776779
0.1993253388776779
0.1993253388776779
0.1993253388776779
0.1993253388776779
0.1993253388776779
0.1993253388776779
0.1993253388776779
0.1993253388776779
0.1993253388776779
0.1993253388776779
0.1993253388776779
0.17438597950747337
0.17438597950747337
0.17438597950747337
0.17438597950747337
0.17438597950747337
0.17438597950747337
0.17438597950747337
0.17438597950747337
0.17438597950747337
0.17438597950747337
0.17438597950747337
0.17438597950747337
0.17438597950747337
0.17438597950747337
0.17438597950747337
0.17438597950747337
0.17438597950747337
0.17438597950747337
0.17438597950747337
0.17438597950747337
0.17438597950747337
0.17438597950747337
0.17438597950747337
0.17438597950747337
0.17438597950747337
0.17438597950747337
0.17438597950747337
0.17438597950747337
0.17438597950747337
0.17438597950747337
0.17438597950747337
0.17438597950747337
0.17438597950747337
0.17438597950747337
0.17438597950747337
0.17438597950747337
0.17438597950747337
0.17438597950747337
0.17438597950747337
0.17438597950747337
0.17438597950747337
0.17438597950747337
0.17438597950747337
0.17438597950747337
0.17438597950747337
0.17438597950747337
0.17438597950747337
0.17438597950747337
0.17438597950747337
0.17438597950747337
0.17438597950747337
0.17438597950747337
0.17438597950747337
0.17438597950747337
0.17438597950747337
0.17438597950747337
0.17438597950747337
0.17438597950747337
0.17438597950747337
0.17438597950747337
0.17438597950747337
0.17438597950747337
0.17438597950747337
0.17438597950747337
0.17438597950747337
0.17438597950747337
0.17438597950747337
0.17438597950747337
0.17438597950747337
0.17438597950747337
0.17438597950747337
0.17438597950747337
0.17438597950747337
0.17438597950747337
0.17438597950747337
0.17124273060729678
0.17120584062327637
0.17120584062327637
0.17120584062327637
0.17120584062327637
0.1652201062197456
0.1652201062197456
0.1652201062197456
0.1652201062197456
0.1652201062197456
0.1652201062197456
0.1652201062197456
0.1652201062197456
0.1652201062197456
0.1652201062197456
0.1652201062197456
0.1652201062197456
0.1652201062197456
0.1563658590481225
0.1563658590481225
0.1563658590481225
0.1563658590481225
0.1563658590481225
0.1563658590481225
0.1563658590481225
0.1563658590481225
0.1563658590481225
0.1562787387330289
0.1562787387330289
0.1562787387330289
0.1562787387330289
0.1560840244240076
0.1560840244240076
0.1560840244240076
0.1560840244240076
0.15127373511246134
0.15127373511246134
0.15127373511246134
0.15127373511246134
0.15127373511246134
0.15127373511246134
0.15127373511246134
0.15127373511246134
0.14119376339345635
0.14119376339345635
0.14119376339345635
0.14119376339345635
0.14119376339345635
0.14119376339345635
0.14119376339345635
0.14119376339345635
0.14024039078011086
0.14024039078011086
0.13334027925631275
0.13334027925631275
0.13334027925631275
0.12640854978604565
0.12640854978604565
0.12640854978604565
0.11829705444601757
0.11829705444601757
0.11829705444601757
0.11829705444601757
0.11829705444601757
0.11829705444601757
0.11829705444601757
0.11829705444601757
0.11829705444601757
0.11512290153114435
0.11136796531459225
0.11136796531459225
0.11136796531459225
0.10906500222658977
0.10906500222658977
0.10906500222658977
0.10906500222658977
0.10906500222658977
0.10906500222658977
0.10401242839899538
0.10401242839899538
0.10401242839899538
0.10401242839899538
0.10350786564070091
0.10350786564070091
0.10350786564070091
0.10350786564070091
0.10350786564070091
0.10350786564070091
0.10350786564070091
0.10350786564070091
0.10320655918576094
0.10036760850585935
0.10036760850585935
0.10036760850585935
0.10036760850585935
0.10036760850585935
0.10036760850585935
0.10036760850585935
0.10036760850585935
0.10036760850585935
0.10036760850585935
0.10036760850585935
0.10036760850585935
0.09652769668219108
0.09652769668219108
0.09652769668219108
0.09652769668219108
0.09652769668219108
0.09652769668219108
0.09652769668219108
0.09652769668219108
0.09652769668219108
0.09428990757492173
0.07245486557582126
0.07245486557582126
0.07245486557582126
0.07245486557582126
0.07245486557582126
0.07245486557582126
0.07245486557582126
0.07245486557582126
0.07245486557582126
0.07245486557582126
0.07245486557582126
0.07245486557582126
0.07245486557582126
0.07245486557582126
0.07245486557582126
0.07245486557582126
0.07245486557582126
0.07245486557582126
0.07245486557582126
0.07245486557582126
0.07245486557582126
0.07245486557582126
0.07245486557582126
0.07245486557582126
0.07245486557582126
0.07245486557582126
0.07245486557582126
0.07245486557582126
0.07245486557582126
0.07245486557582126
0.07245486557582126
0.07245486557582126
0.07245486557582126
0.07245486557582126
0.07245486557582126
0.07245486557582126
0.07245486557582126
0.07245486557582126
0.07245486557582126
0.07245486557582126
0.07245486557582126
0.07245486557582126
0.07245486557582126
0.07245486557582126
0.07245486557582126
0.07245486557582126
0.07245486557582126
0.07245486557582126
0.07245486557582126
0.07245486557582126
0.07245486557582126
0.07245486557582126
0.07245486557582126
0.07245486557582126
0.07245486557582126
0.07245486557582126
0.07245486557582126
0.07245486557582126
0.07245486557582126
0.07245486557582126
0.07245486557582126
0.07245486557582126
0.07245486557582126
0.07245486557582126
0.07245486557582126
0.07245486557582126
0.07245486557582126
0.07245486557582126
0.07245486557582126
0.07245486557582126
0.07245486557582126
0.07245486557582126
0.07245486557582126
0.07245486557582126
0.07245486557582126
0.07245486557582126
0.07245486557582126
0.07245486557582126
0.07245486557582126
0.07245486557582126
0.07245486557582126
0.07245486557582126
0.07245486557582126
0.07245486557582126
0.07245486557582126
0.07245486557582126
0.0682406308826522
0.0682406308826522
0.0682406308826522
0.0682406308826522
0.0682406308826522
0.0682406308826522
0.0682406308826522
0.0682406308826522
0.0682406308826522
0.0682406308826522
0.0682406308826522
0.06812814408784718
0.06486552519566402
0.06486552519566402
0.06486552519566402
0.06486552519566402
0.06486552519566402
0.06486552519566402
0.06486552519566402
0.06486552519566402
0.06345967580915257
0.06345967580915257
0.06345967580915257
0.06345967580915257
0.06345967580915257
0.06345967580915257
0.06345967580915257
0.06345967580915257
0.06345967580915257
0.06345967580915257
0.06345967580915257
0.0630871765844283
0.0630871765844283
0.0630871765844283
0.0630871765844283
0.062461208300049975
0.062461208300049975
0.05984133588830076
0.05877188713870751
0.05877188713870751
0.05877188713870751
0.05877188713870751
0.05877188713870751
0.051566776545953985
0.051566776545953985
0.051566776545953985
0.051566776545953985
0.051566776545953985
0.051566776545953985
0.051566776545953985
