14.25731112978098
13.757996314673825
13.504100634760881
13.124863593375007
13.124863593375007
13.124863593375007
12.575773889011337
12.575773889011337
12.575773889011337
12.567335360018895
12.567335360018895
12.215300258175244
11.782005433182071
11.610633633366632
11.514734695110697
11.486026336305542
11.486026336305542
10.800730927661412
10.800730927661412
10.800730927661412
10.774747851337292
10.453467133038007
10.438795765874609
10.428651307304744
10.410933199341425
10.320204472688829
10.320204472688829
10.320204472688829
10.301613059881799
10.301613059881799
10.301613059881799
10.137956124218924
10.137956124218924
10.049451240376385
9.299168934416457
9.272069508938198
9.272069508938198
9.272069508938198
9.092585165450057
9.073952169713042
9.073952169713042
9.073952169713042
9.06800791061568
8.756646524287497
7.661746507383128
7.660134444794998
7.660134444794998
7.652498271175581
7.652498271175581
7.652498271175581
7.639526765611535
7.639526765611535
7.639526765611535
7.639526765611535
7.636611566642223
7.636611566642223
7.636611566642223
7.636611566642223
7.636611566642223
7.636611566642223
7.636611566642223
7.636611566642223
7.636611566642223
7.636611566642223
7.628240798568271
7.628240798568271
7.608903738843381
7.608903738843381
7.608903738843381
7.608903738843381
7.608903738843381
7.608903738843381
7.608903738843381
7.608903738843381
7.608903738843381
7.608903738843381
7.608903738843381
7.608903738843381
6.7117246939557305
6.698192667589751
6.698192667589751
6.697352110722868
6.697352110722868
6.696302874973604
6.696302874973604
6.696302874973604
6.696302874973604
6.696302874973604
6.696302874973604
6.696302874973604
6.694222535798616
6.694222535798616
6.694222535798616
6.686100844853065
6.686100844853065
6.685173049837246
6.685173049837246
6.685173049837246
6.627552462571771
6.627552462571771
6.619319495435647
6.619319495435647
6.619319495435647
6.342427064719416
6.342427064719416
6.313841371336466
6.313841371336466
6.313841371336466
6.313841371336466
6.313841371336466
6.313841371336466
6.313841371336466
6.313841371336466
6.313841371336466
6.157463898334839
6.157463898334839
6.145750424878699
6.145750424878699
6.145750424878699
6.13441330529745
6.098385495175634
5.967402430272642
5.945446107361484
5.937091854669873
5.937091854669873
5.937091854669873
5.937091854669873
5.937091854669873
5.901834016022413
5.901834016022413
5.832906213662646
5.811841647040993
5.5650738638556305
5.532412630234006
5.475399402753737
5.475399402753737
5.475399402753737
5.475399402753737
5.466287324772452
5.463031363691698
5.463031363691698
5.459522994778197
5.459522994778197
5.459522994778197
5.358417763635465
5.358417763635465
5.358417763635465
5.358417763635465
5.358417763635465
5.358417763635465
5.358275797687824
5.358275797687824
5.358275797687824
5.244954416322514
5.244475163579217
5.110725444589477
5.110725444589477
5.106866816961386
5.106866816961386
4.9432152881797435
4.57900293087657
4.57900293087657
4.5532169257501565
4.542152785661948
4.542152785661948
4.534726192383658
4.529212941455256
4.511633576720008
4.511633576720008
4.511633576720008
4.511633576720008
4.511633576720008
4.504772089186936
4.504772089186936
4.504772089186936
4.504772089186936
4.504772089186936
4.504772089186936
4.504772089186936
4.492985807637702
4.492985807637702
4.492985807637702
4.439687596996478
4.4354141326700045
4.405540850085558
4.39717704901247
4.39717704901247
4.39717704901247
4.39717704901247
4.39717704901247
4.39717704901247
4.39717704901247
4.39717704901247
4.39717704901247
4.373607109552481
4.270228969846677
4.270228969846677
4.270228969846677
4.11455795615236
4.107127674167366
4.107127674167366
4.099897589606783
4.099897589606783
4.0935331842919425
4.0935331842919425
4.0935331842919425
4.0935331842919425
4.0935331842919425
4.0935331842919425
4.075052942137432
4.065275542249417
4.065275542249417
4.062015483854111
4.0474887807143105
4.0474887807143105
4.0474887807143105
4.037839482542395
4.037839482542395
4.037839482542395
4.037839482542395
3.9963486112220394
3.9898348263147483
3.8920499670142945
3.836033333523183
3.836033333523183
3.836033333523183
3.836033333523183
3.834828269726067
3.834828269726067
3.834828269726067
3.834828269726067
3.8156517065643314
3.813436618887465
3.813436618887465
3.813436618887465
3.809475759288503
3.809475759288503
3.8061432825786454
3.8061432825786454
3.563682200451879
3.4595369910743514
3.455865060123692
3.448682900881117
3.448682900881117
3.391266745168892
3.391266745168892
3.391266745168892
3.391266745168892
3.3808379749579274
3.3808379749579274
3.3808379749579274
3.3808379749579274
3.3808379749579274
3.3798605161754267
3.3774803300714495
3.3774803300714495
3.3723084571281774
3.361039501881777
3.361039501881777
3.2570600640297513
3.2570600640297513
3.2570600640297513
3.2522292063942686
3.2409663030210396
3.2160758849459654
3.2062578062115534
3.2062578062115534
3.2062578062115534
3.1659148069706617
3.1659148069706617
3.1156956145019024
3.113281575389486
3.113281575389486
3.113281575389486
3.113281575389486
3.113281575389486
3.113281575389486
3.105796218165004
3.105796218165004
3.1057747078545646
3.0957556050351513
3.092538109490036
3.092538109490036
3.092538109490036
3.042495971395404
2.7780573389600747
2.7780573389600747
2.7767547382312188
2.7767547382312188
2.7767547382312188
2.7767547382312188
2.7767547382312188
2.7767547382312188
2.7767547382312188
2.768814832994437
2.6816016165430696
2.6816016165430696
2.6816016165430696
2.6816016165430696
2.675994992237264
2.675994992237264
2.5925566947991996
2.536701139142167
2.5330861803136955
2.5330861803136955
2.5330861803136955
2.5330861803136955
2.5330861803136955
2.520630088733391
2.4801949490278545
2.4801949490278545
2.4801949490278545
2.4801949490278545
2.4801949490278545
2.4801949490278545
2.4801949490278545
2.4801949490278545
2.4801949490278545
2.4801949490278545
2.4801949490278545
2.4801949490278545
2.479224020844299
2.479224020844299
2.479224020844299
2.479224020844299
2.479224020844299
2.479224020844299
2.474235782434654
2.474235782434654
2.474235782434654
2.4562797409201096
2.4562797409201096
2.4562797409201096
2.4562797409201096
2.4562797409201096
2.4562797409201096
2.4562797409201096
2.4562797409201096
2.4562797409201096
2.4562797409201096
2.4562797409201096
2.4539358513119964
2.4539358513119964
2.4522114965821586
2.4522114965821586
2.4522114965821586
2.4522114965821586
2.4522114965821586
2.449889066631613
2.4471539323978604
2.4471539323978604
2.4471539323978604
2.4215135667396197
2.4215135667396197
2.409374972245061
2.409374972245061
2.409374972245061
2.3799956180761015
2.3786385530293614
2.3786385530293614
2.3786385530293614
2.3613408020367004
2.3613408020367004
2.330976937093517
2.328627535389444
2.328627535389444
2.3180108731886406
2.3065309937312364
2.3065309937312364
2.3065309937312364
2.2914050547234055
2.2914050547234055
2.2630690706687204
2.262594822823253
2.262594822823253
2.262594822823253
2.262594822823253
2.2501015702506635
2.1397961685983162
2.1039027720158927
2.0859382856307747
2.0859382856307747
2.0859382856307747
2.0859382856307747
2.0766625432184824
2.069180746881088
2.069180746881088
2.069180746881088
2.067215038244136
2.067215038244136
2.067215038244136
2.05128069880643
2.05128069880643
2.048473356087733
2.048473356087733
2.048473356087733
2.048473356087733
2.025190716938887
2.025190716938887
2.01275598461946
2.01275598461946
2.01275598461946
2.01275598461946
2.01275598461946
2.01275598461946
2.01275598461946
2.01275598461946
2.01275598461946
2.01275598461946
2.01275598461946
2.006871169172321
2.006871169172321
2.006871169172321
2.0067510096717314
1.9914078448393369
1.9809333037613115
1.9809333037613115
1.9809333037613115
1.9809333037613115
1.9696077656975461
1.9523179056318227
1.9228754689263425
1.9228754689263425
1.9228754689263425
1.9228754689263425
1.9228754689263425
1.9228754689263425
1.9069007784992422
1.9069007784992422
1.8991383072010777
1.8991383072010777
1.8799768197392055
1.8798563341079557
1.8798563341079557
1.8540412054332194
1.8514938070879978
1.8473655314577258
1.8473655314577258
1.8473655314577258
1.6855263045365163
1.6646480106990182
1.6646480106990182
1.6646480106990182
1.6507416821469079
1.6507416821469079
1.6507416821469079
1.6472508738537073
1.6472508738537073
1.6472508738537073
1.6472508738537073
1.6470235303744758
1.6470235303744758
1.6448352522812684
1.6448352522812684
1.6343265940527658
1.630253138411291
1.630253138411291
1.630253138411291
1.6152883478704538
1.6152883478704538
1.6152883478704538
1.6152160833031957
1.6152160833031957
1.6096811044915498
1.6064601401016958
1.6064601401016958
1.6064601401016958
1.6064601401016958
1.6064601401016958
1.6064601401016958
1.6064601401016958
1.6064601401016958
1.6064601401016958
1.6064601401016958
1.6064601401016958
1.6041025101563875
1.6027250410609
1.6022941727402866
1.6022941727402866
1.6022941727402866
1.6022941727402866
1.6022941727402866
1.5997088941122257
1.5813596294305654
1.5813596294305654
1.5813596294305654
1.5709566436814129
1.5709566436814129
1.5709566436814129
1.5709566436814129
1.5695122073474153
1.565439348845615
1.565439348845615
1.565439348845615
1.565439348845615
1.565439348845615
1.565439348845615
1.565439348845615
1.565439348845615
1.565439348845615
1.565439348845615
1.565439348845615
1.5344351235016518
1.5344351235016518
1.5328665346014319
1.5027647454199595
1.4821921157196485
1.4821921157196485
1.4814348788214105
1.3891861857157153
1.3858311493572586
1.3858311493572586
1.3858311493572586
1.3858311493572586
1.3854214420242457
1.383751234946061
1.383751234946061
1.383751234946061
1.3817788631807346
1.379344461875938
1.379344461875938
1.379344461875938
1.3786171592063923
1.3786171592063923
1.367406736223792
1.367406736223792
1.367406736223792
1.367406736223792
1.3444896237849733
1.3444896237849733
1.3444896237849733
1.3191280609716216
1.3191280609716216
1.3191280609716216
1.3191280609716216
1.3191280609716216
1.3046986391982642
1.3033906673145381
1.302467293090153
1.302467293090153
1.300512403683797
1.2954919852346762
1.271705556200402
1.264822902023063
1.264228371309109
1.2534128207904303
1.2534128207904303
1.2436402765738919
1.2392359496695775
1.2376257607794372
1.2376257607794372
1.2376257607794372
1.1690579832784067
1.1567288770838005
1.0886540529430064
1.0886540529430064
1.0886540529430064
1.0870267659466535
1.0870267659466535
1.0870267659466535
1.0870267659466535
1.0870267659466535
1.0870267659466535
1.0870267659466535
1.0870267659466535
1.0870267659466535
1.0870267659466535
1.0870267659466535
1.0870267659466535
1.0870267659466535
1.086645987062127
1.086645987062127
1.086645987062127
1.08536762742321
1.0708373265065703
1.0459460461627614
1.0459460461627614
1.0459460461627614
0.979128945363243
0.979128945363243
0.9659296140271323
0.965823958625883
0.965823958625883
0.965823958625883
0.9653788319875645
0.9653788319875645
0.9653788319875645
0.9653788319875645
0.9597407036199996
0.9534854478322217
0.9125622389336314
0.9125622389336314
0.9125622389336314
0.8701409495501053
0.8701409495501053
0.8576032536805798
0.8576032536805798
0.8576032536805798
0.8545893024333395
0.8545893024333395
0.8545893024333395
0.8545893024333395
0.8545893024333395
0.8545893024333395
0.8545893024333395
0.8545893024333395
0.8545893024333395
0.8545893024333395
0.8545893024333395
0.8545893024333395
0.8545893024333395
0.8545893024333395
0.841130949291049
0.841130949291049
0.8393617413361554
0.8393617413361554
0.8393617413361554
0.8393617413361554
0.8367809476508441
0.8367809476508441
0.8367809476508441
0.8321350682952513
0.8321350682952513
0.8321350682952513
0.8321350682952513
0.8321350682952513
0.8321350682952513
0.8321350682952513
0.8321350682952513
0.8321350682952513
0.8321350682952513
0.8172241509826819
0.8172241509826819
0.8172241509826819
0.8172241509826819
0.8172241509826819
0.8172241509826819
0.8172241509826819
0.8172241509826819
0.8172241509826819
0.8061397648920448
0.8053904485455661
0.7922839761965861
0.7922839761965861
0.7889128689574108
0.7889128689574108
0.7866660268813703
0.7851104378376164
0.7851104378376164
0.7851104378376164
0.7825819532735707
0.7825819532735707
0.7825819532735707
0.7825819532735707
0.7825819532735707
0.7825819532735707
0.7825819532735707
0.7825819532735707
0.7825819532735707
0.7825819532735707
0.7467738714213255
0.7433342198128585
0.7368391125446863
0.7368391125446863
0.7368391125446863
0.7368391125446863
0.7368391125446863
0.7329051104804734
0.7329051104804734
0.7329051104804734
0.7318571609229849
0.702845301106386
0.702845301106386
0.702845301106386
0.702845301106386
0.702845301106386
0.702845301106386
0.702845301106386
0.702845301106386
0.702845301106386
0.702845301106386
0.702845301106386
0.702845301106386
0.69975491659563
0.69975491659563
0.6978518750089293
0.6866947332015201
0.6866947332015201
0.6866947332015201
0.6866947332015201
0.6866947332015201
0.6866947332015201
0.6866947332015201
0.6866947332015201
0.6866947332015201
0.6866947332015201
0.6866947332015201
0.6866947332015201
0.6866947332015201
0.6866947332015201
0.6866947332015201
0.6866947332015201
0.6866947332015201
0.6866947332015201
0.6806702784685896
0.6806702784685896
0.6786609412041713
0.6323313319076789
0.6323313319076789
0.6299583280825445
0.628063219707002
0.6191670638576667
0.5622795093860731
0.5622795093860731
0.5622795093860731
0.5622795093860731
0.5517144020444249
0.5485455413844633
0.5410224598467224
0.5410224598467224
0.5410224598467224
0.5354178121945452
0.5354178121945452
0.5354178121945452
0.5354178121945452
0.5354178121945452
0.5354178121945452
0.5354178121945452
0.5222158710780676
0.5222158710780676
0.5222158710780676
0.5222158710780676
0.5222158710780676
0.5222158710780676
0.5222158710780676
0.5222158710780676
0.5222158710780676
0.5222158710780676
0.5222158710780676
0.520915646227877
0.520915646227877
0.520915646227877
0.520915646227877
0.520915646227877
0.520915646227877
0.520915646227877
0.520915646227877
0.520915646227877
0.520915646227877
0.520915646227877
0.520915646227877
0.520915646227877
0.520915646227877
0.520915646227877
0.520915646227877
0.520915646227877
0.520915646227877
0.520915646227877
0.520915646227877
0.520915646227877
0.520915646227877
0.520915646227877
0.520915646227877
0.520915646227877
0.520915646227877
0.520915646227877
0.520915646227877
0.520915646227877
0.520915646227877
0.520915646227877
0.520915646227877
0.520915646227877
0.520915646227877
0.520915646227877
0.520915646227877
0.520915646227877
0.520915646227877
0.520915646227877
0.520915646227877
0.520915646227877
0.520915646227877
0.520915646227877
0.5166624478717239
0.5166624478717239
0.5166624478717239
0.5166624478717239
0.5098615710527667
0.5067974179608186
0.5067974179608186
0.49594551518870844
0.49135534097845834
0.49135534097845834
0.49135534097845834
0.48671531153913605
0.48671531153913605
0.47980187330868773
0.4797848494662773
0.4797848494662773
0.4797848494662773
0.4797848494662773
0.4797848494662773
0.4797848494662773
0.4716860883468357
0.4716860883468357
0.4716860883468357
0.4716860883468357
0.4716860883468357
0.4716860883468357
0.4716860883468357
0.4716860883468357
0.4716860883468357
0.4716860883468357
0.4716860883468357
0.4716860883468357
0.4716860883468357
0.4716860883468357
0.4716860883468357
0.4716860883468357
0.4716860883468357
0.4698019226587249
0.4698019226587249
0.4698019226587249
0.4698019226587249
0.4698019226587249
0.4698019226587249
0.4684981784243405
0.4618701430313763
0.4618701430313763
0.4588997303752862
0.4588997303752862
0.4588997303752862
0.4588997303752862
0.4588997303752862
0.4588997303752862
0.4588997303752862
0.4588997303752862
0.4588997303752862
0.4588997303752862
0.4588997303752862
0.45588127900938247
0.43308035729937444
0.43308035729937444
0.43308035729937444
0.43308035729937444
0.43308035729937444
0.43308035729937444
0.43308035729937444
0.43308035729937444
0.43308035729937444
0.43308035729937444
0.43308035729937444
0.428063497602615
0.4279860259166668
0.4249275816086282
0.4249275816086282
0.4249275816086282
0.4249275816086282
0.4249275816086282
0.4249275816086282
0.4249275816086282
0.4249275816086282
0.4249275816086282
0.4249275816086282
0.4249275816086282
0.4249275816086282
0.4249275816086282
0.4249275816086282
0.4249275816086282
0.4249275816086282
0.4249275816086282
0.4249275816086282
0.4249275816086282
0.4249275816086282
0.4249275816086282
0.42103664879967084
0.41939894837446445
0.41939894837446445
0.41939894837446445
0.41939894837446445
0.41939894837446445
0.41939894837446445
0.41939894837446445
0.41939894837446445
0.41939894837446445
0.41939894837446445
0.41939894837446445
0.41939894837446445
0.41939894837446445
0.41939894837446445
0.41939894837446445
0.41939894837446445
0.41939894837446445
0.41939894837446445
0.41939894837446445
0.41939894837446445
0.41939894837446445
0.41939894837446445
0.41939894837446445
0.41939894837446445
0.41939894837446445
0.41939894837446445
0.41939894837446445
0.41939894837446445
0.41939894837446445
0.41939894837446445
0.41939894837446445
0.41939894837446445
0.41939894837446445
0.41939894837446445
0.41939894837446445
0.41187692731508463
0.41187692731508463
0.41187692731508463
0.41187692731508463
0.41187692731508463
0.4079896034884527
0.4079896034884527
0.4079896034884527
0.4079896034884527
0.4079896034884527
0.4079896034884527
0.4079896034884527
0.4079896034884527
0.4079896034884527
0.4079896034884527
0.4079896034884527
0.4079896034884527
0.4079896034884527
0.4079896034884527
0.4077722925482803
0.4077722925482803
0.4077722925482803
0.4077722925482803
0.4077722925482803
0.4077722925482803
0.4077722925482803
0.4077722925482803
0.38772620976642713
0.3681461406151172
0.3681461406151172
0.3681461406151172
0.3681461406151172
0.3681461406151172
0.3665361210438576
0.3665361210438576
0.3665361210438576
0.3665361210438576
0.3665361210438576
0.3665361210438576
0.35661747364549257
0.35661747364549257
0.344122619558199
0.344122619558199
0.344122619558199
0.344122619558199
0.344122619558199
0.344122619558199
0.3434485645491492
0.3433830332457575
0.3433830332457575
0.34227651270442294
0.34227651270442294
0.33825691757925824
0.33825691757925824
0.33825691757925824
0.33825691757925824
0.33825691757925824
0.33825691757925824
0.33825691757925824
0.33825691757925824
0.33105268783487674
0.33105268783487674
0.33105268783487674
0.33105268783487674
0.33105268783487674
0.33105268783487674
0.33105268783487674
0.33105268783487674
0.33105268783487674
0.33105268783487674
0.33082708825762097
0.32915827165288647
0.32915827165288647
0.32915827165288647
0.32915827165288647
0.32915827165288647
0.32915827165288647
0.32883027693834777
0.32883027693834777
0.3145770855906065
0.3145770855906065
0.3145770855906065
0.3145770855906065
0.3145770855906065
0.3145770855906065
0.3145770855906065
0.3145770855906065
0.3145770855906065
0.3145770855906065
0.3145770855906065
