17.82185820951751
17.82185820951751
16.62088559852624
16.62088559852624
16.62088559852624
16.62088559852624
16.62088559852624
16.62088559852624
16.257727549520904
16.257727549520904
16.257727549520904
16.257727549520904
16.257727549520904
16.257727549520904
15.579535314803397
15.303984749856893
15.303984749856893
15.303984749856893
15.303984749856893
14.631345596671158
14.631345596671158
14.631345596671158
14.631345596671158
14.187907586139616
14.187907586139616
14.187907586139616
14.05314082801095
14.05314082801095
14.05314082801095
13.933575648164322
13.933575648164322
13.933575648164322
13.687071133758142
13.687071133758142
13.687071133758142
13.687071133758142
13.687071133758142
13.687071133758142
13.477429784467287
13.386242774277862
13.20924619512346
13.20924619512346
13.20924619512346
10.877537419930032
10.877537419930032
10.877537419930032
10.877537419930032
10.068489209266488
10.068489209266488
10.068489209266488
10.068489209266488
10.068489209266488
10.068489209266488
10.068489209266488
10.068489209266488
9.504344989048597
9.504344989048597
9.504344989048597
9.504344989048597
9.504344989048597
9.504344989048597
9.504344989048597
9.504344989048597
9.504344989048597
9.504344989048597
9.504344989048597
9.504344989048597
9.504344989048597
9.504344989048597
9.429151454602838
9.429151454602838
9.429151454602838
9.429151454602838
9.429151454602838
9.429151454602838
9.429151454602838
9.217846178251861
9.207543608780641
9.207543608780641
9.207543608780641
8.614095869705658
8.614095869705658
8.614095869705658
8.614095869705658
8.58132203964705
8.58132203964705
8.58132203964705
8.412995190503644
8.412995190503644
8.412995190503644
8.412995190503644
8.154062158170657
8.154062158170657
8.154062158170657
8.154062158170657
8.154062158170657
8.154062158170657
8.154062158170657
8.154062158170657
8.154062158170657
8.154062158170657
8.154062158170657
6.732471827508544
6.732471827508544
6.732471827508544
6.732471827508544
6.732471827508544
6.692111431474304
6.692111431474304
6.692111431474304
6.692111431474304
6.692111431474304
6.692111431474304
6.692111431474304
6.692111431474304
6.692111431474304
6.692111431474304
6.692111431474304
6.692111431474304
6.584759737727493
6.372556107827673
6.372556107827673
6.350252423484308
6.350252423484308
6.240878943264631
6.09816088478269
6.09816088478269
6.09816088478269
5.9970669411436965
5.9970669411436965
5.9970669411436965
5.82866655577455
5.82866655577455
5.82866655577455
5.82866655577455
5.82866655577455
5.79369888126838
5.413850228906018
4.3399982974394895
4.3399982974394895
4.3399982974394895
4.3399982974394895
4.3399982974394895
4.3399982974394895
4.3399982974394895
4.3399982974394895
4.3399982974394895
4.3399982974394895
4.3399982974394895
4.3399982974394895
4.3399982974394895
4.3399982974394895
4.3399982974394895
4.3399982974394895
4.3399982974394895
4.3399982974394895
4.3399982974394895
4.3399982974394895
4.3399982974394895
4.3399982974394895
4.3399982974394895
4.127506802305501
4.127506802305501
4.127506802305501
4.127506802305501
4.127506802305501
4.127506802305501
4.127506802305501
4.127506802305501
4.016192029424623
3.77645062020353
3.77645062020353
3.77645062020353
3.77645062020353
3.7174210028260113
3.708799582946206
3.708799582946206
3.6468946697439826
3.6468946697439826
3.6468946697439826
3.550414319620824
3.409204473965925
3.409204473965925
3.409204473965925
3.409204473965925
3.409204473965925
3.409204473965925
3.1645163663594076
3.1645163663594076
3.1645163663594076
3.1645163663594076
3.1645163663594076
3.1645163663594076
3.1645163663594076
3.1645163663594076
3.1645163663594076
3.1645163663594076
3.1645163663594076
3.1645163663594076
3.1645163663594076
3.1645163663594076
3.1645163663594076
3.1645163663594076
3.1083637713945294
3.1083637713945294
3.1083637713945294
3.1083637713945294
3.1083637713945294
3.1083637713945294
3.1083637713945294
3.1083637713945294
3.1083637713945294
3.1083637713945294
3.1083637713945294
3.1083637713945294
3.1083637713945294
3.0754118693145855
2.752829349162141
2.752829349162141
2.752829349162141
2.752829349162141
2.752829349162141
2.752829349162141
2.752829349162141
2.752829349162141
2.752829349162141
2.752829349162141
2.752829349162141
2.752829349162141
2.677673851217566
2.677673851217566
2.677673851217566
2.677673851217566
2.677673851217566
2.677673851217566
2.6393406487890054
2.6393406487890054
2.6393406487890054
2.6393406487890054
2.6393406487890054
2.6196739905818447
2.457342777868213
2.457342777868213
2.457342777868213
2.457342777868213
2.395780489572541
2.395780489572541
2.395780489572541
2.395780489572541
2.395780489572541
2.395780489572541
2.395780489572541
2.395780489572541
2.388477795546983
2.3556575328833134
2.3556575328833134
1.8520204331494199
1.8520204331494199
1.8520204331494199
1.8520204331494199
1.8520204331494199
1.8520204331494199
1.8520204331494199
1.8520204331494199
1.8520204331494199
1.8520204331494199
1.8520204331494199
1.8520204331494199
1.8520204331494199
1.8520204331494199
1.8520204331494199
1.8520204331494199
1.8520204331494199
1.8520204331494199
1.8520204331494199
1.8520204331494199
1.8520204331494199
1.8520204331494199
1.8520204331494199
1.8520204331494199
1.8520204331494199
1.8520204331494199
1.8520204331494199
1.8520204331494199
1.8520204331494199
1.8520204331494199
1.8520204331494199
1.8520204331494199
1.8520204331494199
1.8520204331494199
1.8520204331494199
1.8520204331494199
1.8520204331494199
1.8520204331494199
1.8520204331494199
1.670191778540616
1.670191778540616
1.670191778540616
1.670191778540616
1.670191778540616
1.670191778540616
1.670191778540616
1.670191778540616
1.670191778540616
1.670191778540616
1.670191778540616
1.670191778540616
1.670191778540616
1.670191778540616
1.670191778540616
1.670191778540616
1.670191778540616
1.670191778540616
1.670191778540616
1.6252037818457552
1.6252037818457552
1.6252037818457552
1.6252037818457552
1.6252037818457552
1.6104223714221
1.585389491611629
1.585389491611629
1.3392290807504565
1.3392290807504565
1.3392290807504565
1.3392290807504565
1.2356622851663914
1.2356622851663914
1.2356622851663914
1.2356622851663914
1.233498491813922
1.1652335756069583
1.1652335756069583
1.1652335756069583
1.1652335756069583
1.1652335756069583
1.1652335756069583
1.1652335756069583
1.1652335756069583
1.0276744454841236
1.0276744454841236
0.9819293053297535
0.9819293053297535
0.9819293053297535
0.9030257653691258
0.9030257653691258
0.9030257653691258
0.8903130812201852
0.68469643700411
0.68469643700411
0.68469643700411
0.68469643700411
0.5724780517922348
0.5724780517922348
0.5724780517922348
0.5724780517922348
0.5533039071141559
0.5533039071141559
0.5447365839034148
0.5447365839034148
0.5447365839034148
0.5195314549152705
0.5195314549152705
0.5187061185448592
0.5187061185448592
0.4962761015493591
0.4962761015493591
0.4962761015493591
0.4962761015493591
0.4962761015493591
0.4962761015493591
0.491504418601032
0.491504418601032
0.491504418601032
0.45707623829850164
0.4544932277199756
0.4544932277199756
0.4544932277199756
0.4544932277199756
0.4534140573229095
0.4534140573229095
0.44804954481391235
0.4257615877666936
0.4257615877666936
0.4257615877666936
0.4257615877666936
0.4257615877666936
0.4257615877666936
0.4257615877666936
0.41635967528960904
0.41635967528960904
0.40676019787672857
0.40676019787672857
0.40676019787672857
0.40676019787672857
0.39503815484527394
0.39503815484527394
0.38855027780820706
0.288526381710156
0.288526381710156
0.288526381710156
0.288526381710156
0.288526381710156
0.288526381710156
0.288526381710156
0.288526381710156
0.288526381710156
0.288526381710156
0.288526381710156
0.288526381710156
0.2875602013337186
0.2875602013337186
0.2763127190093755
0.2763127190093755
0.2763127190093755
0.2763127190093755
0.2763127190093755
0.2678498419866706
0.2678498419866706
0.2678498419866706
0.25922158307562526
0.25922158307562526
0.25922158307562526
0.253757952138443
0.2408055459497227
0.2408055459497227
0.2408055459497227
0.2408055459497227
0.24068602034722986
0.24068602034722986
0.23250997760268888
0.23250997760268888
0.22146543937813945
0.22146543937813945
0.22146543937813945
0.22146543937813945
0.22146543937813945
0.22146543937813945
0.19046669042864295
0.19046669042864295
0.19046669042864295
0.19046669042864295
0.18267070238520944
0.17303177066814257
0.1566938790328436
0.1566938790328436
0.1566938790328436
0.1566938790328436
0.12909261243635228
0.12909261243635228
0.12909261243635228
0.12909261243635228
0.12909261243635228
0.12909261243635228
0.12571605001602038
0.12571605001602038
0.12092739046531165
0.12092739046531165
0.12092739046531165
0.12092739046531165
0.12092739046531165
0.12092739046531165
0.12092739046531165
0.12092739046531165
0.1187849288275089
0.1103233044429679
0.1103233044429679
0.1103233044429679
0.1103233044429679
0.10854280448905484
0.10798610848151569
0.10798610848151569
0.10798610848151569
0.10798610848151569
0.10587775814122224
0.10587775814122224
0.09922064816648302
0.09922064816648302
0.09922064816648302
0.09922064816648302
0.09922064816648302
0.09922064816648302
0.09759676408397766
0.09759676408397766
0.09099581945605806
0.09099581945605806
0.09099581945605806
0.09099581945605806
0.09099581945605806
0.09099581945605806
0.08846307100990813
0.08250919442766147
0.08250919442766147
0.08250919442766147
0.08250919442766147
0.08250919442766147
0.08250919442766147
0.08250919442766147
0.08250919442766147
0.08247958916656728
0.07880485081648558
0.07880485081648558
0.07880485081648558
0.07880485081648558
0.0782989734741868
0.0782989734741868
0.0782989734741868
0.0782989734741868
0.07603618749564589
0.07603618749564589
0.07603618749564589
0.0712841604324872
0.0712841604324872
0.0712841604324872
0.0712841604324872
0.0712841604324872
0.07119418680334277
0.07119418680334277
0.07119418680334277
0.06933413296443547
0.061039298969497224
0.061039298969497224
0.061039298969497224
0.061039298969497224
0.061039298969497224
0.061039298969497224
0.05868173198321003
0.05868173198321003
0.05868173198321003
0.05868173198321003
0.05868173198321003
0.05868173198321003
0.05868173198321003
0.05640787077698661
0.05640787077698661
0.05153926927186703
0.05153926927186703
0.05153926927186703
0.05153926927186703
0.05153926927186703
0.05153926927186703
0.05153926927186703
0.05109604951868363
0.050930456103472466
0.050930456103472466
0.050930456103472466
0.050930456103472466
0.048545599898552894
0.04466968138315508
0.04466968138315508
0.04457519696909529
0.043671944645605976
0.043671944645605976
0.043010333102092346
0.043010333102092346
0.03861848358689812
0.0365685807225411
0.0365685807225411
0.0365685807225411
0.0365685807225411
0.0365685807225411
0.0365685807225411
0.0365685807225411
0.0365685807225411
0.0365685807225411
0.0365685807225411
0.0365685807225411
0.0365685807225411
0.0365685807225411
0.03638693005827065
0.03578088418506198
0.03578088418506198
0.03222131691740415
0.03222131691740415
0.03185968316882537
0.02988336213537579
0.02988336213537579
0.025528565332930242
0.025528565332930242
0.025528565332930242
0.025528565332930242
0.0233461840829996
0.0233461840829996
0.0233461840829996
0.02121600891668507
0.02121600891668507
0.02121600891668507
0.02121600891668507
0.02121600891668507
0.02121600891668507
0.02121600891668507
0.02121600891668507
0.02121600891668507
0.02121600891668507
0.02121600891668507
0.02121600891668507
0.02121600891668507
0.02121600891668507
0.0204076469115968
0.01946917780587043
0.01946917780587043
0.01946917780587043
0.01946917780587043
0.01946917780587043
0.01946917780587043
0.01946917780587043
0.01946917780587043
0.019207361618608587
0.019207361618608587
0.018829719187063887
0.018829719187063887
0.018829719187063887
0.018829719187063887
0.018633190867419103
0.016730093014743375
0.016730093014743375
0.016730093014743375
0.016730093014743375
0.016730093014743375
0.016730093014743375
0.01599958560954562
0.01599958560954562
0.01599958560954562
0.014167576539275473
0.014167576539275473
0.014167576539275473
0.014167576539275473
0.014167576539275473
0.014167576539275473
0.014167576539275473
0.014167576539275473
0.014167576539275473
0.014167576539275473
0.014167576539275473
0.014167576539275473
0.013643784016377225
0.013456968047648843
0.013456968047648843
0.010809600242442485
0.010809600242442485
0.010809600242442485
0.010809600242442485
0.010809600242442485
0.010809600242442485
0.010809600242442485
0.010809600242442485
0.010809600242442485
0.010809600242442485
0.010809600242442485
0.010809600242442485
0.010809600242442485
0.010809600242442485
0.010809600242442485
0.010809600242442485
0.010809600242442485
0.010809600242442485
0.010809600242442485
0.010809600242442485
0.010809600242442485
0.010649545432428908
0.010649545432428908
0.010040672926781014
0.010040672926781014
0.008722020904770034
0.008722020904770034
0.008722020904770034
0.008722020904770034
0.008722020904770034
0.008703252349341994
0.008467360964250048
0.008467360964250048
0.008062318190585671
0.008062318190585671
0.008062318190585671
0.008062318190585671
0.008062318190585671
0.008062318190585671
0.008062318190585671
0.008062318190585671
0.008062318190585671
0.007491666187402046
0.007407038436962665
0.007407038436962665
0.007407038436962665
0.007407038436962665
0.007407038436962665
0.007407038436962665
0.007407038436962665
0.007407038436962665
0.007407038436962665
0.007407038436962665
0.007407038436962665
0.0073963794624241075
0.0073963794624241075
0.0073963794624241075
0.007200799761129417
0.007200799761129417
0.00694904944150565
0.006904907477217392
0.0068531701881866525
0.0068531701881866525
0.006787273990831011
0.006787273990831011
0.006729864109139783
0.006729864109139783
0.006678783212887396
0.0066592271465566455
0.006418003444750298
0.006418003444750298
0.006418003444750298
0.006132090991147976
0.006132090991147976
0.006132090991147976
0.00595792556803687
0.0050654581779738805
0.0050654581779738805
0.0050654581779738805
0.0050654581779738805
0.0050654581779738805
0.0050654581779738805
0.004498512375992192
0.004498512375992192
0.004498512375992192
0.004498512375992192
0.004498512375992192
0.004498512375992192
0.004498512375992192
0.004498512375992192
0.004498512375992192
0.004498512375992192
0.004498512375992192
0.004498512375992192
0.004498512375992192
0.004411775203738699
0.004411775203738699
0.004395263307952035
0.004395263307952035
0.00434536599903268
0.00434536599903268
0.00434536599903268
0.004194761747925213
0.004194761747925213
0.0041213300608831105
0.0041213300608831105
0.0041213300608831105
0.004106475102922502
0.003608159105223052
0.003608159105223052
0.003608159105223052
0.003608159105223052
0.003608159105223052
0.0035939885154796514
0.0035939885154796514
0.003430950312019121
0.003430950312019121
0.003430950312019121
0.003053756967645427
0.003053756967645427
0.003053756967645427
0.003053756967645427
0.003053756967645427
0.003053756967645427
0.003053756967645427
0.003053756967645427
0.003053756967645427
0.002922989173573143
0.002887389379043981
0.002887389379043981
0.002887389379043981
0.002764593410081062
0.002764593410081062
0.002764593410081062
0.0026419951058223035
0.0026419951058223035
0.0026322288126330307
0.0026150439909926604
0.002232184000099835
0.002232184000099835
0.002232184000099835
0.002232184000099835
0.002232184000099835
0.002232184000099835
0.0015718278890339832
0.0015718278890339832
0.0015718278890339832
0.0015718278890339832
0.0015718278890339832
0.0015718278890339832
0.0015718278890339832
0.0015718278890339832
0.0015718278890339832
0.0015718278890339832
0.0015718278890339832
0.0015718278890339832
0.0015718278890339832
0.0015718278890339832
0.0015146485919146357
0.0015146485919146357
0.001510083213695168
0.0014622482168817896
0.0014622482168817896
0.0014622482168817896
0.0014622482168817896
0.0014622482168817896
0.0014622482168817896
0.0013905005077958776
0.0013905005077958776
0.0012914682557862989
0.0012914682557862989
0.0012914682557862989
0.0012914682557862989
0.0012914682557862989
0.0012914682557862989
0.0012914682557862989
0.001270573553636467
0.001270573553636467
0.001270573553636467
0.0011128585412976122
0.0011128585412976122
0.0011128585412976122
0.0011128585412976122
0.001048616995223739
0.001048616995223739
0.001048616995223739
0.001048616995223739
0.001048616995223739
0.001048616995223739
0.0010275713966088063
0.0010275713966088063
0.0010275713966088063
0.0010275713966088063
0.0009410509826182079
0.0009366784622706348
0.0009366784622706348
0.0009366784622706348
0.0009366784622706348
0.0009023466306565808
0.0008887633994341115
0.000845785028968038
0.000845785028968038
0.000845785028968038
0.000845785028968038
0.0007834125579648799
0.0007834125579648799
0.0007834125579648799
0.0007834125579648799
0.0006770743691184578
0.0006770743691184578
0.0006770743691184578
0.0006770743691184578
0.0006770743691184578
0.0006770743691184578
0.0006770743691184578
0.0006770743691184578
0.000659005735251128
0.000651251506774031
0.000651251506774031
0.0006488915391997807
0.0005227525852049553
0.0005227525852049553
0.0005227525852049553
0.0005227525852049553
0.0005227525852049553
0.0005227525852049553
0.0005227525852049553
0.0005227525852049553
0.0005227525852049553
0.0005227525852049553
0.0005012705878222334
0.0005012705878222334
0.0004903428264384502
0.0004896370495366398
0.0004896370495366398
0.0004888905991791148
0.000486292385026843
0.00046978270017206114
0.0004408955490795563
0.0004408955490795563
0.0004408955490795563
0.0004408955490795563
0.0004408955490795563
0.00044075613241290057
0.00044075613241290057
0.0003812533081628544
0.0003812533081628544
0.0003812533081628544
0.0003812533081628544
0.0003786236785927599
0.0003495095451704344
0.0003495095451704344
0.0003495095451704344
0.00032693619943913177
0.00032693619943913177
0.00032693619943913177
0.00032693619943913177
0.00032693619943913177
0.00032693619943913177
0.00030748184163442716
0.00028968589429823055
0.00028968589429823055
0.00028968589429823055
0.00028968589429823055
0.00028968589429823055
0.00028968589429823055
0.0002845865212215415
0.0002845865212215415
0.00024309466375882494
0.00024309466375882494
0.00024309466375882494
0.00024309466375882494
0.00024309466375882494
0.00024309466375882494
0.00024309466375882494
0.00023720005620120332
0.0002061931518504423
0.0002061931518504423
0.0002061931518504423
0.0002061931518504423
0.0002061931518504423
0.00019120152981599858
0.00019120152981599858
0.00019068073916628236
0.0001817998354844974
0.00017430338148116675
0.00017430338148116675
0.00017430338148116675
0.00017430338148116675
0.00017430338148116675
0.00015669991632805136
0.00015669991632805136
0.00015669991632805136
0.00015669991632805136
0.00015669991632805136
0.00015669991632805136
0.00015669991632805136
0.00015669991632805136
0.00015669991632805136
0.0001562325890382965
0.00015430492499035608
0.00015430492499035608
0.00015430492499035608
0.00015284778415036726
0.00013155971867107041
0.00010365051480221155
0.00010365051480221155
0.00010365051480221155
0.00010365051480221155
0.00010365051480221155
0.00010365051480221155
0.00010365051480221155
0.00010365051480221155
0.00010365051480221155
0.00010365051480221155
0.00010365051480221155
0.00010365051480221155
0.00010365051480221155
0.00010365051480221155
0.00010365051480221155
0.00010365051480221155
0.00010365051480221155
0.00010365051480221155
0.00010329695076194412
0.00010226213447595
0.00010226213447595
9.51956803234566e-05
9.51956803234566e-05
9.51956803234566e-05
9.51956803234566e-05
9.51956803234566e-05
9.47199887875172e-05
8.461784541324846e-05
8.461784541324846e-05
8.461784541324846e-05
8.461784541324846e-05
8.461784541324846e-05
8.461784541324846e-05
8.248956186207579e-05
8.248956186207579e-05
8.248956186207579e-05
8.224900629016929e-05
8.224900629016929e-05
8.224900629016929e-05
8.224900629016929e-05
8.224900629016929e-05
8.224900629016929e-05
8.224900629016929e-05
8.224900629016929e-05
8.050936732573177e-05
8.050936732573177e-05
8.050936732573177e-05
8.050936732573177e-05
7.908461027739122e-05
7.908461027739122e-05
7.487515554771562e-05
7.487515554771562e-05
7.487515554771562e-05
7.487515554771562e-05
7.344974565270945e-05
6.96172943897011e-05
6.96172943897011e-05
