17.43910299634626
17.43910299634626
17.386593693262853
17.354167378186535
17.27940470582591
17.040022474712753
16.743002585517626
16.72881954750818
16.72881954750818
16.72881954750818
16.572792495043643
16.572792495043643
16.532835949553174
16.532835949553174
16.532835949553174
16.531087508224168
16.497122413753047
16.430870983954513
16.425571204065516
16.425571204065516
16.256938308996638
16.248127313652827
16.248127313652827
16.182067794669123
16.17911812305117
15.988654170376456
15.988654170376456
15.492919822058225
15.482762726206689
15.44756950250589
15.446014168255118
15.045136935886429
15.045136935886429
14.74642175397652
14.736224808739475
14.736224808739475
14.732912989134608
14.728013180548455
14.728013180548455
14.72188741371143
14.721571710469679
14.721571710469679
14.716589503440886
14.713785388579499
14.713785388579499
14.692912286612824
14.684735888484308
14.684735888484308
14.684735888484308
14.684735888484308
14.682191229690563
14.682191229690563
14.546248077380202
14.227791170198858
14.227791170198858
14.227791170198858
14.227791170198858
14.227791170198858
13.992697870576073
13.992697870576073
13.992697870576073
13.988553800046542
13.942683200968839
13.77404599339661
13.710920915648991
13.30314769667339
13.30016900190087
13.30016900190087
10.413448470545251
10.413448470545251
10.410820308653244
10.410820308653244
10.410820308653244
10.410820308653244
10.393732981908599
10.393732981908599
10.393732981908599
10.393732981908599
10.314902137836347
10.311606794669304
10.309962847181794
10.309872516118652
10.289548437640638
10.279944407411493
10.26111705750094
10.253479757550657
10.253479757550657
10.237492848663738
10.237492848663738
10.237492848663738
10.23565656522596
10.233129497821622
10.233129497821622
10.233129497821622
10.22226002573673
10.22226002573673
10.164751224375815
10.163447979111867
10.16196094492512
10.154819490542195
10.139917411106856
10.13540656037928
10.13540656037928
10.13540656037928
10.126596567489896
10.125072853162758
10.123363639884227
10.123363639884227
10.121474834804568
10.121474834804568
10.02483888568919
9.924188528592605
9.921782797621958
9.902481718847609
9.89775690046351
9.89775690046351
9.89775690046351
9.89775690046351
9.89775690046351
9.88677067392176
9.88677067392176
9.24322061648429
9.035060567413556
9.035060567413556
9.035060567413556
9.034113753944187
9.027490843941782
9.025039757552943
9.025039757552943
9.025039757552943
9.025039757552943
9.025039757552943
9.025039757552943
9.025039757552943
9.024112857943273
9.024112857943273
9.024112857943273
9.024112857943273
9.023089130549678
9.017479029209284
9.006644537639417
9.001504788935097
9.001504788935097
9.001504788935097
8.998591192949462
8.977587591305031
8.975060716824458
8.974604959198425
8.974604959198425
8.974604959198425
8.968136927677968
8.968136927677968
8.937979485977387
8.076193486458392
8.076193486458392
8.070553362829845
8.069389229922251
8.060834149558115
8.046359609787146
8.046359609787146
7.781173755090606
7.781173755090606
7.775421115568598
7.773649523778996
7.751724073875332
7.751724073875332
7.751724073875332
7.736193774011763
7.736173964257096
7.736085652659227
7.736085652659227
7.734975757641935
7.734975757641935
7.734975757641935
7.715361926593092
7.683057714569117
7.616862066001907
7.582592750566388
7.577083260390035
7.577083260390035
7.563995875607024
7.563942015813575
7.555999753516767
7.543530543491894
7.394714228648132
7.394714228648132
7.393122266090897
7.379681798887379
7.353282259859368
7.3530888771906415
7.346735801012333
7.311572310277098
7.223634881007502
7.223634881007502
7.223634881007502
7.016132631544881
7.015892896214904
7.015892896214904
6.334009122100127
6.334009122100127
6.334009122100127
6.334009122100127
6.334009122100127
6.334009122100127
6.334009122100127
6.322253527135718
6.322253527135718
6.322253527135718
6.322253527135718
6.321043247129399
6.31946939790398
6.314462002348497
6.311100482507166
6.304304259446273
6.304304259446273
6.301979888873015
6.301979888873015
6.300815332937885
6.297403295863758
6.297403295863758
6.29523696552355
6.29523696552355
6.2885899102155225
6.2885899102155225
6.2885899102155225
6.2876038364848
6.284732385883942
6.283873674072817
6.283873674072817
6.283873674072817
6.283873674072817
6.271879720739101
6.27086657646074
6.27086657646074
6.27086657646074
6.264467204871464
6.264467204871464
6.252702204812294
6.244220982300602
6.244220982300602
6.228681085941444
6.228681085941444
6.224561797792271
6.210506928270927
6.116785275838463
6.064814358601652
6.064531972239211
5.66965854054429
5.6676992153219565
5.663356954386273
5.663356954386273
5.65553520973673
5.645591400785996
5.645532254391611
5.644878366723624
5.6004809965209805
5.6004809965209805
5.109434660309947
5.109434660309947
5.104605050506148
5.104605050506148
5.104605050506148
5.104605050506148
5.104605050506148
5.104605050506148
5.104605050506148
5.0977935559462395
5.0977935559462395
5.097277789997751
5.096410423324013
5.090809251093685
5.0887748247561255
5.0887748247561255
5.0869042915878815
5.084470979117722
4.8578884098081225
4.8539975791094925
4.8539975791094925
4.8539975791094925
4.8539975791094925
4.8539975791094925
4.829813704285588
4.829813704285588
4.829813704285588
4.82179589237062
4.518139480944807
4.299731742044514
4.299731742044514
4.145657837391553
4.1183129497562945
4.118298124113924
4.118298124113924
4.1160664353406595
4.1160664353406595
4.1160664353406595
4.089163328661652
4.065220988347342
4.058736763882646
4.058736763882646
4.052161112352671
4.052161112352671
4.052161112352671
4.050993087543048
4.049389776441544
4.046993348770894
4.045940532863192
4.024092575812016
4.024092575812016
4.024092575812016
4.024092575812016
4.024092575812016
3.9074072147129932
3.9074072147129932
3.9074072147129932
3.9074072147129932
3.9039817990526053
3.901027327454049
3.8995143066887685
3.897815113169216
3.5939329885630116
3.5939329885630116
3.5921129073646014
3.5921129073646014
3.575464388421615
3.575464388421615
3.562732343284843
3.545498133014423
3.5449762540495584
3.5302842401979184
3.5302842401979184
3.5302842401979184
3.528879389978531
3.524262647722882
3.520662574965936
3.520662574965936
3.519718019947728
3.519718019947728
3.519718019947728
3.519718019947728
3.519718019947728
3.519718019947728
3.511540860326683
3.489169258059807
3.4632386048568797
3.449612838148422
3.449612838148422
3.4490747321338766
3.439621169052895
3.439621169052895
3.437174368185673
3.4366309297393514
3.4366309297393514
3.424919276496823
3.424919276496823
3.424919276496823
3.424919276496823
3.4239714905018914
3.4218052900848335
3.4218052900848335
3.41138094843706
3.41138094843706
3.4088276220018727
3.380202179555468
3.244723054119877
3.244723054119877
3.244723054119877
3.2430414621935526
3.2420555095408936
3.229343462298708
3.229343462298708
3.2193932142306636
3.2169346184172802
3.2169346184172802
3.215670451444268
3.215451710762512
3.215451710762512
3.2041982565846254
3.1994631762974812
3.1994631762974812
3.1994631762974812
3.1994631762974812
3.1824416803564937
3.1824416803564937
3.138731124407748
3.138731124407748
3.136128341915338
3.136128341915338
3.1359729247302717
3.128120448859857
3.1181949507771236
3.1181949507771236
3.116935685937026
3.0970050931743494
3.077008488191204
3.0430627663386502
3.040026820647874
3.01471838583495
3.0080037016817016
3.0080037016817016
3.0040771740470227
3.0040771740470227
3.0012031064412987
2.9887357129473493
2.9803850177150295
2.9775877518419485
2.9775877518419485
2.9718358144915342
2.970131060809493
2.970131060809493
2.9652177513814273
2.9648766494423207
2.9648766494423207
2.9636118990575646
2.962696954037014
2.962696954037014
2.962696954037014
2.9433245138932023
2.9429951574234643
2.934562608000526
2.933948023957228
2.933448223755615
2.933448223755615
2.932433528908284
2.9265508401718527
2.9249114306853947
2.9216953378025465
2.9216953378025465
2.9216953378025465
2.921454305719646
2.921454305719646
2.9080935559248147
2.7010738147213793
2.7010738147213793
2.7010738147213793
2.6980671270665475
2.6978438070512425
2.6978438070512425
2.6978438070512425
2.6944167060053843
2.6339100676889444
2.6308425362634082
2.629561639345191
2.629217997183023
2.629217997183023
2.6291205961973105
2.6291205961973105
2.6291205961973105
2.6280302339538366
2.6280302339538366
2.5831512447873877
2.5831512447873877
2.5831512447873877
2.583104126843068
2.5827896138498616
2.5811529267766318
2.5712799224366876
2.569925354654071
2.565117015576657
2.565117015576657
2.562966983907277
2.562966983907277
2.552724716158526
2.5524461627359116
2.5524461627359116
2.5505508952442106
2.5471467252594735
2.5471467252594735
2.5471467252594735
2.5471467252594735
2.5471467252594735
2.5471467252594735
2.5471467252594735
2.5471467252594735
2.5415196466166776
2.5403303078457604
2.538460542499074
2.538460542499074
2.5376461275295945
2.536379909473183
2.5353051537850853
2.5352545262195925
2.5330045143434354
2.527688240272969
2.527688240272969
2.5248406058020443
2.5248406058020443
2.5248406058020443
2.52043776805602
2.52043776805602
2.5082468024277524
2.5082468024277524
2.5079332765053195
2.5079332765053195
2.5009358689958603
2.5009358689958603
2.4996547558223483
2.4996547558223483
2.478997936494551
2.478997936494551
2.478997936494551
2.478997936494551
2.478997936494551
2.478997936494551
2.467246619528254
2.467246619528254
2.467246619528254
2.4616129935972033
2.4615724606865754
2.4425694106137534
2.4366371766384454
2.391747212982157
2.3905127786229805
2.3903651507503305
2.0144951350036955
1.8637537966210225
1.8556109259159506
1.8556109259159506
1.8556109259159506
1.8489314014287501
1.8471188892169579
1.8471188892169579
1.8445637129718833
1.8445637129718833
1.8445637129718833
1.8445637129718833
1.839788066973405
1.839788066973405
1.839788066973405
1.839788066973405
1.839788066973405
1.8290539525352507
1.8290539525352507
1.791681903144653
1.791681903144653
1.791681903144653
1.791681903144653
1.791681903144653
1.791681903144653
1.3272313172857615
1.2686379973759117
1.2653439012531322
1.2616488413243268
1.2264547484639188
1.2264547484639188
1.2264547484639188
1.2263002667403988
1.223985480549075
1.2236727993167555
1.2142861186375065
1.1672497179329646
1.154945275296754
1.154945275296754
1.154945275296754
1.1432728964885612
1.1432728964885612
1.1275956955025244
1.1262730408462787
1.1262730408462787
1.1262730408462787
1.1262730408462787
1.1262730408462787
1.1262730408462787
1.124605764105418
1.1177345121331008
1.1177345121331008
1.116361215834722
1.116361215834722
1.116361215834722
1.116361215834722
1.1131044390131883
1.1131044390131883
1.1131044390131883
1.1131044390131883
1.1131044390131883
1.1131044390131883
1.098420949432878
1.093822044338033
1.093822044338033
1.093822044338033
1.093822044338033
1.093822044338033
1.0922679447055437
1.0847785098771716
1.0837242928803832
1.0837242928803832
1.0674069973557323
1.0636897469177988
1.0633764813837914
1.0633764813837914
1.0633764813837914
1.0616188880518322
1.0613989899822052
1.0613989899822052
1.0499141250380504
1.0499141250380504
1.0499141250380504
1.0499141250380504
1.0499141250380504
1.0499141250380504
1.0499141250380504
1.0499141250380504
1.0499141250380504
1.0392698527832565
1.0390381628166203
1.0390381628166203
1.0379922921984885
1.0379922921984885
1.0364355508849137
1.0359615955202806
1.0359615955202806
1.0341470986182273
1.0341470986182273
1.0341470986182273
1.0341470986182273
1.033696970290137
1.0323121744997792
1.0323121744997792
1.0323121744997792
1.0022702907328203
1.0022702907328203
1.0022702907328203
1.002154214213835
1.002154214213835
1.002154214213835
1.002154214213835
1.002154214213835
0.9747683306741273
0.9701198541183231
0.9701198541183231
0.9701198541183231
0.9701198541183231
0.9671959250404107
0.960242315158677
0.960242315158677
0.960242315158677
0.960242315158677
0.960242315158677
0.9594902483793781
0.9594902483793781
0.9594902483793781
0.950556908091162
0.950556908091162
0.9400405592264249
0.9400405592264249
0.9400405592264249
0.9400405592264249
0.9392825421597877
0.9383541672256612
0.937093633464432
0.9352439389498528
0.9304569059934735
0.8987620805388765
0.8987620805388765
0.8987620805388765
0.8987620805388765
0.8987620805388765
0.8797929601766654
0.8536852049464407
0.8536852049464407
0.8415402861519077
0.8398349861720327
0.8252736936899545
0.8209154461002548
0.8209154461002548
0.8209154461002548
0.7892834163184901
0.7892834163184901
0.7822197165698377
0.7822197165698377
0.7822197165698377
0.7820890421053512
0.7793166829179654
0.7793166829179654
0.7793166829179654
0.7793166829179654
0.7793166829179654
0.7716008816286255
0.7455184464035263
0.7346280229562474
0.7346280229562474
0.7213719042236555
0.7213719042236555
0.7089731949210645
0.7089731949210645
0.7089731949210645
0.7089731949210645
0.33212399302524886
0.3279195721341601
0.3279195721341601
0.3279195721341601
0.3199786210544886
0.31639834558158597
0.31639834558158597
0.31639834558158597
0.31639834558158597
0.31639834558158597
0.31639834558158597
0.31636573960546244
0.29947930363623954
0.28561345765130497
0.28561345765130497
0.28561345765130497
0.28561345765130497
0.28543055034467457
0.28543055034467457
0.2789299077664076
0.2789299077664076
0.2703410640932731
0.2703410640932731
0.2703410640932731
0.25677665636820635
0.25609766991445326
0.24472513573390842
0.24472513573390842
0.24472513573390842
0.24472513573390842
0.24251010963476105
0.24251010963476105
0.24129002646574094
0.24071001975771011
0.24071001975771011
0.23971260695408603
0.23971260695408603
0.23899494892326345
0.23899494892326345
0.2312559726818435
0.22948773665915567
0.22948773665915567
0.22763001891636137
0.22763001891636137
0.2239092120396151
0.2117952663031879
0.2117952663031879
0.20927328379701393
0.20927328379701393
0.20009715536484052
0.20009715536484052
0.19953306961143724
0.1988525376368564
0.18945587153054433
0.18370311855022337
0.18370311855022337
0.18267555638766098
0.18267555638766098
0.17251117166957997
0.14861671218004346
0.14861671218004346
0.14861671218004346
0.14861671218004346
0.13440523486917044
0.12635423113469457
0.12588869047622708
0.12588869047622708
0.1243246134102094
0.1243246134102094
0.12243980531189536
0.12243980531189536
0.12090527938640605
0.12090527938640605
0.11892858402171669
0.11892858402171669
0.11767930996905562
0.10961877682276722
0.10773161195549719
0.10773161195549719
0.10773161195549719
0.10773161195549719
0.1042411464610602
0.09654862573522394
0.09654862573522394
0.08907829640708798
0.08907829640708798
0.08907829640708798
0.08653412557266194
0.08177887609489076
0.08173806841260856
0.06556328347200946
0.05792515545619281
0.05792515545619281
0.05792515545619281
0.05335540473889466
0.04983612257267822
0.049765578287448875
0.04937319841402399
0.04937319841402399
0.03929530952872895
0.03929530952872895
0.03929530952872895
0.031455956443362965
0.029687391437015265
0.026826184943853804
0.026826184943853804
0.026826184943853804
0.026826184943853804
0.026826184943853804
0.017795157156776042
0.017795157156776042
0.017795157156776042
0.017795157156776042
0.017773123603330276
0.017773123603330276
0.017773123603330276
0.017773123603330276
0.017773123603330276
0.016906937907776864
0.01107471789170944
0.01107471789170944
0.01107471789170944
0.01107471789170944
0.00961121802181708
0.00961121802181708
0.00961121802181708
0.00961121802181708
0.00961121802181708
0.00961121802181708
0.00961121802181708
0.00961121802181708
0.00961121802181708
0.008589020726581964
0.008589020726581964
0.008589020726581964
0.008589020726581964
0.008589020726581964
0.008589020726581964
0.008589020726581964
0.008589020726581964
0.008589020726581964
0.008589020726581964
0.007101628308113561
0.007101628308113561
0.007101628308113561
0.007101628308113561
0.007101628308113561
0.007101628308113561
0.007101628308113561
0.007101628308113561
0.007101628308113561
0.007101628308113561
0.007101628308113561
0.007101628308113561
0.007101628308113561
0.007101628308113561
0.007101628308113561
0.007101628308113561
0.007101628308113561
0.006849879975160178
0.006849879975160178
0.006849879975160178
0.006488029477857538
0.006488029477857538
0.006488029477857538
0.006488029477857538
0.006488029477857538
0.006488029477857538
0.006488029477857538
0.0058009701977077555
0.0058009701977077555
0.0058009701977077555
0.0058009701977077555
0.0058009701977077555
0.0058009701977077555
0.0058009701977077555
0.0055621703311317106
0.0055621703311317106
0.0055621703311317106
0.0055621703311317106
0.0055621703311317106
0.0055621703311317106
0.0055621703311317106
0.0055621703311317106
0.0055621703311317106
0.0055621703311317106
0.0055621703311317106
0.0055621703311317106
0.0055621703311317106
0.0055621703311317106
0.0055621703311317106
0.004916750347803145
0.004916750347803145
0.004916750347803145
0.004916750347803145
0.004916750347803145
0.004916750347803145
0.004916750347803145
0.004916750347803145
0.004916750347803145
0.004795043919305186
0.004795043919305186
0.004795043919305186
0.004795043919305186
0.004795043919305186
0.004795043919305186
0.004795043919305186
0.004795043919305186
0.004795043919305186
0.004795043919305186
0.004795043919305186
0.004795043919305186
0.004795043919305186
0.004795043919305186
0.004795043919305186
0.004044247599846784
0.004044247599846784
0.004044247599846784
0.004044247599846784
0.004044247599846784
0.004044247599846784
0.004044247599846784
0.004044247599846784
0.004044247599846784
0.004044247599846784
0.004044247599846784
0.004044247599846784
0.004044247599846784
0.004044247599846784
0.004044247599846784
0.004044247599846784
0.004044247599846784
0.004044247599846784
0.004044247599846784
0.004044247599846784
0.004044247599846784
0.003919596833689809
0.0035875901457202986
0.0035875901457202986
0.0035875901457202986
0.0035875901457202986
0.003537208150039106
0.003537208150039106
0.003537208150039106
0.003537208150039106
0.0034858534202797387
0.0034796197481661295
0.0034278399997305087
0.0034278399997305087
0.0034278399997305087
0.0034278399997305087
0.0032763659127610367
0.0032453575567217285
0.0032453575567217285
0.0032453575567217285
0.0032453575567217285
0.0032453575567217285
0.0032453575567217285
0.0032453575567217285
0.0032453575567217285
0.0032453575567217285
0.0032453575567217285
0.0032453575567217285
0.0032453575567217285
0.0032453575567217285
0.0026009560607960225
0.0026009560607960225
0.0026009560607960225
0.0025383688098656876
0.00250498025506829
0.00250498025506829
0.00250498025506829
0.00250498025506829
0.00250498025506829
0.00250498025506829
0.00250498025506829
0.00250498025506829
0.00250498025506829
0.00250498025506829
0.00250498025506829
0.002346366487770979
0.002346366487770979
0.002346366487770979
0.002346366487770979
0.002346366487770979
0.002346366487770979
0.002346366487770979
0.0022664149662432465
0.0022664149662432465
0.0022664149662432465
0.0022664149662432465
0.0022664149662432465
0.0022257145960509206
0.0021952709194685838
0.0019377556865975976
0.0019377556865975976
0.0019377556865975976
0.0019377556865975976
0.0019377556865975976
0.0019377556865975976
0.0019377556865975976
0.0019377556865975976
0.0018948961636198192
0.0018948961636198192
0.0018948961636198192
0.0018948961636198192
0.0018948961636198192
0.0018948961636198192
0.0018948961636198192
0.0018758380559837917
0.0018758380559837917
0.0018758380559837917
0.0018173750501766506
0.0017074162508379231
