16.49802596876014
16.497815308685638
16.492041433048794
16.492041433048794
16.490067455551387
16.489318066233626
16.489318066233626
16.489050178628872
16.297672847241422
16.297672847241422
16.28269537739053
16.28078005350328
16.28078005350328
16.27355825672174
16.180311051987406
15.440561951149023
15.440561951149023
15.440561951149023
13.529485632631717
13.461173700858495
13.454164086335245
13.453346498804315
13.451800104578913
13.450258322148423
13.448687968116623
13.448687968116623
13.448687968116623
13.412407742499754
13.408771677368
13.408771677368
13.407725172220644
13.400950272335118
13.400950272335118
13.400950272335118
13.400950272335118
13.400950272335118
13.400950272335118
13.394689245748221
13.394689245748221
13.393915954938771
13.393915954938771
13.38985579771216
13.334835534960737
13.32169022866148
12.889812720729708
12.790499612526895
12.787464674764735
12.647690342351218
11.318223494026014
11.318037916113818
11.318037916113818
11.318037916113818
11.310513307996818
11.310513307996818
11.310501909557267
11.307828728341814
11.306809255559191
11.299412805204067
11.299412805204067
11.294946324173996
11.294946324173996
11.290346941694741
11.290346941694741
11.290346941694741
11.290048831661712
11.287262526741005
11.287262526741005
11.278255580202119
11.278255580202119
11.277854322106139
11.078007758068253
11.076041122491013
11.076041122491013
11.074626791735692
11.060234528870303
11.060234528870303
11.057720025459112
11.055864508585154
11.055054506191563
11.055054506191563
11.054278377167394
11.053030056864987
11.052304827202796
10.471517775232567
10.471517775232567
10.471517775232567
9.742556261099658
9.742556261099658
9.742556261099658
9.742556261099658
9.742298753837531
9.742298753837531
9.742298753837531
9.739810859260878
9.739810859260878
9.739810859260878
9.739810859260878
9.739810859260878
9.739810859260878
9.739810859260878
9.739810859260878
9.727917889073042
9.727917889073042
9.724542153348905
9.724542153348905
9.723648665949234
9.723648665949234
9.723648665949234
9.720686844134315
9.69042623474148
9.689608150618891
9.689537653412845
9.686895217356648
9.672180731295601
9.658974444840197
9.65774007242299
9.65774007242299
9.653272420894247
9.652003399505258
9.494793476868779
9.494793476868779
9.487984404475487
9.487984404475487
9.487436705004496
9.472066164425893
9.472066164425893
9.41803205226076
9.053852447220445
9.04507825459349
9.042240962158226
9.041455418205937
9.022916645561548
9.01599107639432
8.923211468382199
8.923023689552947
8.916880315819899
8.916880315819899
8.916258777299392
8.916258777299392
8.914991735682833
8.914991735682833
8.912177491799664
8.912177491799664
8.912177491799664
8.908292174193477
8.898145666855482
8.896007107895
8.894970322726127
8.893887878815729
8.88211357801303
8.879941666985133
8.86162316036952
8.596178638590796
8.596178638590796
8.596178638590796
8.578306344072558
8.578274413407549
8.572597987677606
8.572402226505119
8.572402226505119
8.50133682626517
8.477650602850119
8.477650602850119
8.477650602850119
8.477650602850119
8.432366549288949
8.430969692310157
8.288469673802027
8.285508652228945
8.285508652228945
8.285508652228945
8.272780203873879
8.272780203873879
8.268277300568139
8.264134528827046
8.244083443241356
8.238022668831684
8.22018947848771
8.22018947848771
8.218884373498726
8.218884373498726
8.205428513838555
8.189436190941995
8.189436190941995
8.189436190941995
8.177773420737191
8.175802295778894
7.997627901550478
7.997627901550478
7.967728775338326
7.967728775338326
7.967352083111319
7.967352083111319
7.967352083111319
7.965306429550582
7.965014887943134
7.965014887943134
7.91490304798187
7.91423790871182
7.91423790871182
7.888358811734333
7.888358811734333
7.88416615163708
7.88416615163708
7.88416615163708
7.8450493835377415
7.844705770052807
7.844705770052807
7.844705770052807
7.842892286023309
7.806839971716771
7.562854364356989
7.55682293472662
7.55682293472662
7.553214655925332
7.553214655925332
7.553214655925332
7.553214655925332
7.547736761568874
7.541095777896251
7.541095777896251
7.51521322540864
7.513174723031035
7.513174723031035
7.45976250571829
7.378916432688786
7.37864473234449
7.37864473234449
7.37864473234449
7.3722827599780025
7.221826126838556
7.103101104244022
7.097180467986668
7.097180467986668
7.097180467986668
7.088544351884336
7.082469313678029
7.082469313678029
7.082469313678029
7.082469313678029
7.0823165407506306
6.9651134256973695
6.9648483163931605
6.928414371262242
6.928414371262242
6.9043531886218314
6.902339819544784
6.621543992624375
6.621543992624375
6.621543992624375
6.621543992624375
6.613738278861932
6.61347673537508
6.609260858517612
6.5940319520044
6.190322377843058
6.183490578672831
6.183490578672831
6.167383634055721
6.167383634055721
6.167383634055721
6.16193487463109
6.116183649159959
6.087388325875239
6.066612282076392
5.97262518702469
5.883517967561348
5.721653705456715
5.686557515689849
5.686557515689849
5.678660317020521
5.6774232161109435
5.6765280690985165
5.639094791348512
5.639087024480666
5.624425195972025
5.603016934486035
5.588458788518871
5.487527095409924
5.487506741669421
5.4746060421351075
5.474124371800732
5.474124371800732
5.474124371800732
5.47378844761565
5.471827715584119
5.453187556552123
5.453187556552123
5.451325101182368
5.439874927504883
5.439714021956171
5.439714021956171
5.421773673220557
5.421773673220557
5.41181535217515
5.41181535217515
5.4097013080092395
5.4097013080092395
5.4007272006181015
5.398020530497554
5.398020530497554
5.397237858199162
5.397237858199162
5.397237858199162
5.367526217745203
5.367526217745203
5.367526217745203
5.367526217745203
5.365743739988282
5.333243409847423
4.982208910177086
4.981392270614656
4.9785073419584585
4.962559053791928
4.962559053791928
4.962167217480452
4.962167217480452
4.959759619206896
4.959759619206896
4.951225112567819
4.946068235444663
4.946068235444663
4.9436267454593015
4.9436267454593015
4.9436267454593015
4.940902315028801
4.940731512401001
4.925439764227873
4.925439764227873
4.925439764227873
4.912172011337669
4.912172011337669
4.912172011337669
4.89580370612488
4.89580370612488
4.89580370612488
4.89580370612488
4.89580370612488
4.89580370612488
4.890094057786504
4.889796591737316
4.889784687162749
4.881778277932181
4.864598265545556
4.857061185576063
4.857061185576063
4.856312358249955
4.855298476550198
4.855298476550198
4.855298476550198
4.854361988543431
4.854361988543431
4.854361988543431
4.851334337026627
4.851334337026627
4.537882896982364
4.537882896982364
4.537882896982364
4.535935372873748
4.525719627144408
4.52151450345173
4.5200730144784025
4.5200730144784025
4.5200730144784025
4.5200730144784025
4.5200730144784025
4.518230325709702
4.518230325709702
4.518230325709702
4.518230325709702
4.511838798107103
4.511838798107103
4.502788201019847
4.502788201019847
4.502516929526749
4.502516929526749
4.50098479625667
4.500683734752133
4.500683734752133
4.500683734752133
4.500683734752133
4.500683734752133
4.500051174287801
4.500051174287801
4.500051174287801
4.499535035829098
4.497906392746231
4.497906392746231
4.497906392746231
4.4960820860218575
4.4960820860218575
4.481573293155456
4.481573293155456
4.478196210681983
4.478196210681983
4.478196210681983
4.404450030451681
4.404450030451681
4.404450030451681
4.404450030451681
4.404450030451681
4.404450030451681
4.4037041007673245
4.402449174473489
4.394235000845008
4.394235000845008
4.384484835369648
4.384484835369648
4.384484835369648
4.384484835369648
4.381641190423057
4.381641190423057
4.313800915808763
4.313800915808763
4.282990241555595
4.282990241555595
4.282990241555595
4.2825874529358074
4.2825874529358074
4.275243945905174
4.271841756973085
4.271841756973085
4.271841756973085
4.267203921470497
4.2661172842331965
4.264769324514866
4.259072445777676
4.243768769119253
4.243768769119253
3.9573323983445263
3.9514519588942996
3.9514519588942996
3.9514519588942996
3.9514519588942996
3.9514519588942996
3.9282564803131876
3.92567874564077
3.922107869900163
3.9217358646525575
3.9217358646525575
3.8970799739336215
3.8915390992856906
3.8915390992856906
3.8915390992856906
3.8915390992856906
3.8914708719451774
3.8894522831964657
3.8894522831964657
3.8894522831964657
3.889178185828893
3.878358930109428
3.8691343739121002
3.80916261833066
3.7765110967839988
3.761797082980163
3.7609303347396335
3.7609303347396335
3.7230155733591204
3.7230155733591204
3.7230155733591204
3.717015548769062
3.717015548769062
3.717015548769062
3.6740016059001874
3.6705078486575253
3.633321852149926
3.633321852149926
3.623684314112108
3.6172021625834994
3.6142041010184194
3.402153924022411
3.402153924022411
3.40169318085783
3.40169318085783
3.39770271142514
3.39770271142514
3.39770271142514
3.3972129396207436
3.3703860455828973
3.3513361775203165
3.3473477971376546
3.3473477971376546
3.3435744691028866
3.3435744691028866
3.3435744691028866
3.326372205445942
3.224369543752175
3.224369543752175
3.191204126903564
3.1268451256877654
3.1268451256877654
3.1268451256877654
3.1268451256877654
3.115336893951728
3.0635456201988305
3.0503538658477467
3.0503538658477467
3.049344637191382
3.0403156490372183
3.0403156490372183
3.019615309501077
3.019615309501077
3.019615309501077
3.0164912491829483
3.0043647037935948
3.0035786256020707
3.0035786256020707
3.0035786256020707
3.0035786256020707
2.994991817559587
2.994991817559587
2.986146342103549
2.986146342103549
2.9848228885621033
2.9815115395090643
2.976789810049027
2.976789810049027
2.9757194166873795
2.9757194166873795
2.9729145987773755
2.965067611706619
2.958553602284173
2.9579916864129885
2.9579916864129885
2.9538372092660232
2.9538372092660232
2.9538372092660232
2.9538372092660232
2.949447971496788
2.949447971496788
2.947325042414697
2.947325042414697
2.947325042414697
2.947325042414697
2.8545418212960243
2.8545418212960243
2.8545418212960243
2.8533407851575916
2.8511841117285357
2.8485835405195346
2.8476232627023563
2.847445428351431
2.847445428351431
2.847445428351431
2.8447979474948397
2.8447979474948397
2.8447979474948397
2.8447979474948397
2.785717484446643
2.785717484446643
2.785717484446643
2.785717484446643
2.785717484446643
2.785717484446643
2.783234497880663
2.7829353628262616
2.7829353628262616
2.7829353628262616
2.7829353628262616
2.7829353628262616
2.7829353628262616
2.7829353628262616
2.771130665222646
2.771130665222646
2.771130665222646
2.770059162258839
2.768064241138074
2.768064241138074
2.768064241138074
2.768064241138074
2.744596294736997
2.744596294736997
2.744596294736997
2.733923518018514
2.7320223410413362
2.7313015849123303
2.7313015849123303
2.7192478714399932
2.7192478714399932
2.718811696339259
2.718811696339259
2.7099380751558364
2.7085847676372268
2.6958301770311657
2.6653805559548225
2.6653805559548225
2.6653805559548225
2.6653805559548225
2.665010345777091
2.6639674752696756
2.6639674752696756
2.6639674752696756
2.646066999332259
2.646066999332259
2.593394243325495
2.5915336802873945
2.5915336802873945
2.5503323578554493
2.5503323578554493
2.51814809643421
2.4729440395427993
2.469229272128363
2.399942766740107
2.399942766740107
2.399942766740107
2.399942766740107
2.3945703170819144
2.3945001166719067
2.3910768665052515
2.3879764665105156
2.3879764665105156
2.3879764665105156
2.3782990829931947
2.3782990829931947
2.3782215815535075
2.3704491846120384
2.3703818595539374
2.3694740762728337
2.3694740762728337
2.3679536555010117
2.3679536555010117
2.3679536555010117
2.3679536555010117
2.3659451801143874
2.36219084988889
2.356400269090095
2.356400269090095
2.356400269090095
2.356400269090095
2.356400269090095
2.3499027548850826
2.3499027548850826
2.3420882749587975
2.3327121839070095
2.3198560932836187
2.3186885898259355
2.3186885898259355
2.312671633500468
2.312634729211897
2.307946429320875
2.2944776363648565
2.2944776363648565
2.2935779245362973
2.2935779245362973
2.2935779245362973
2.2935779245362973
2.2935779245362973
2.286323047293653
2.2853367342803566
2.2853367342803566
2.2853367342803566
2.2853367342803566
2.2684054535717593
2.2676323582333424
2.2586997864998075
2.2586997864998075
2.2586997864998075
2.2586997864998075
2.2586997864998075
2.2586997864998075
2.2488153423079673
2.236646605514391
2.2283416513928493
2.2283416513928493
2.222871754453351
2.2227247393239935
2.2227247393239935
2.2227247393239935
2.2227247393239935
2.2227247393239935
2.217765244063962
2.2070315763407997
2.2045784110306137
2.2045784110306137
2.184154054348401
2.184154054348401
2.184154054348401
2.184154054348401
2.184154054348401
2.1761033197843886
2.1761033197843886
2.1761033197843886
2.1761033197843886
2.175772485009883
2.1665680452878746
2.1636708232971884
2.1636708232971884
2.1636708232971884
2.1636708232971884
2.1636708232971884
2.1584977637684943
2.155448918121305
2.1487900673734615
2.1487900673734615
2.1487900673734615
2.1487900673734615
2.1487900673734615
2.1487900673734615
2.1487900673734615
2.1485396724857857
2.1482069500323284
2.1482069500323284
2.1482069500323284
2.1482069500323284
2.1302286340300363
2.129143543584277
2.1226403981753563
2.1226403981753563
2.1226403981753563
2.1226403981753563
2.1226403981753563
2.1226403981753563
2.1226403981753563
2.110984407675236
2.110984407675236
2.106550351601026
2.096291714083751
2.096291714083751
2.094408931704667
2.094358300895113
2.0706452294017588
2.0706452294017588
2.0706452294017588
2.0687532264963124
2.0578525615688754
2.0578525615688754
2.0578525615688754
2.030878101720731
2.030878101720731
2.030878101720731
2.030878101720731
2.030878101720731
2.030878101720731
2.030878101720731
2.030878101720731
2.030878101720731
2.018181364468642
2.0118115968508405
2.0118115968508405
2.0116287124086334
2.0116287124086334
2.0098587782278834
2.007495839199418
2.007495839199418
2.0031265147418615
2.0031265147418615
2.0031265147418615
2.003120506595277
2.003120506595277
2.003120506595277
2.003120506595277
1.97936337445352
1.9753937335919076
1.9753937335919076
1.9753937335919076
1.9707046572957516
1.95148943900071
1.95148943900071
1.9511628650875288
1.9507590047482495
1.9507590047482495
1.9507590047482495
1.9507590047482495
1.948108288349843
1.948108288349843
1.9467507773782522
1.9467507773782522
1.9467507773782522
1.9459381282758805
1.929879774482707
1.929879774482707
1.9282081096038048
1.9282081096038048
1.9282081096038048
1.9282081096038048
1.9281439997627103
1.9281439997627103
1.9281439997627103
1.9260592119421958
1.9260592119421958
1.901089066786163
1.896632690298361
1.896632690298361
1.8945439293100108
1.8945439293100108
1.8945439293100108
1.8945439293100108
1.8945439293100108
1.8945439293100108
1.8945439293100108
1.8945439293100108
1.8860655486923008
1.8858301371841009
1.8417044076358344
1.83776030292168
1.83776030292168
1.8359099921365605
1.8346084860395422
1.8333221748240298
1.824997792541911
1.8232707904282712
1.8232707904282712
1.8232707904282712
1.8232707904282712
1.8225846825824163
1.8128848262334607
1.8128848262334607
1.8128848262334607
1.8128256405285157
1.80751707204832
1.8054035736668723
1.8054035736668723
1.7733280831555973
1.7732350658815648
1.7732350658815648
1.7732350658815648
1.758886056965924
1.7529176191375058
1.742923648454891
1.742923648454891
1.742923648454891
1.742923648454891
1.742923648454891
1.742923648454891
1.740659789508939
1.740659789508939
1.739315078106987
1.7377068595475258
1.7377068595475258
1.737220225703627
1.7306328341707449
1.7269206960820824
1.724191705033224
1.724191705033224
1.7231820025851938
1.7231735344466124
1.7207839776421885
1.7207839776421885
1.7207839776421885
1.7207839776421885
1.718817838622222
1.718817838622222
1.718817838622222
1.718817838622222
1.718817838622222
1.7160672715912852
1.6868227926748318
1.6831000015313293
1.6752399755218725
1.6752399755218725
1.6676210065234898
1.6601707062862658
1.6601707062862658
1.6601707062862658
1.6579059239250533
1.6579059239250533
1.6579059239250533
1.6568868550580511
1.6521410977079753
1.6521410977079753
1.6521410977079753
1.6521410977079753
1.6498152583947814
1.6498152583947814
1.632730640988349
1.632730640988349
1.632730640988349
1.632730640988349
1.632730640988349
1.632730640988349
1.6237204097467348
1.6198247917890072
1.6198247917890072
1.6198247917890072
1.611101067859952
1.611101067859952
1.611101067859952
1.611101067859952
1.4973783700553724
1.4937996801612279
1.4937996801612279
1.4937996801612279
1.4772881228584183
1.4768020605287475
1.4768020605287475
1.4768020605287475
1.4706895328939495
1.4661578372274313
1.4654233381711421
1.4654233381711421
1.4654233381711421
1.4631974098826532
1.4571316516377237
1.4501739042905832
1.4501739042905832
1.4501739042905832
1.4459302970417127
1.4459302970417127
1.4459302970417127
1.4459302970417127
1.4459302970417127
1.4445495619148794
1.4445495619148794
1.4445495619148794
1.4445495619148794
1.4443492400593705
1.4443492400593705
1.4443492400593705
1.442266494096529
1.4267589407509398
1.4138823348482568
1.4138823348482568
1.4138823348482568
1.4138823348482568
1.4078465235378417
1.4024811154410735
1.4024811154410735
1.402464947886628
1.3863490136216363
1.3863490136216363
1.3814009031306007
1.3814009031306007
1.381225605884616
1.3631006876794416
1.3631006876794416
1.3322223749555029
1.3322223749555029
1.3322223749555029
1.3322223749555029
1.3322223749555029
1.3322223749555029
1.3302715649905643
1.3302715649905643
1.329799324254136
1.3291799511487525
1.3175210184610613
1.3175210184610613
1.3134958877539162
1.3134958877539162
1.3134958877539162
1.3134958877539162
1.3133356065193595
1.305907812328698
1.3051472139126474
1.3008183472275192
1.3008183472275192
1.3008183472275192
1.3008183472275192
1.3008183472275192
1.2964553433317114
1.2874303495322401
1.2874303495322401
1.2849449012620155
1.2845179060007794
1.2782118069445474
1.2750318581753106
1.2750318581753106
1.2750318581753106
1.2727061928856749
1.2727061928856749
1.2727061928856749
1.2680301931274798
1.2680301931274798
1.2680301931274798
1.2639369360455
1.2639369360455
1.259253175246009
1.259253175246009
1.259253175246009
1.2552191580635146
1.2540054258190771
1.2540054258190771
1.2540054258190771
1.2538572593163266
1.2538572593163266
1.2538572593163266
1.2481969091330676
1.2481969091330676
1.2476088252366253
1.2457487435240253
1.2457487435240253
1.2457487435240253
1.2457487435240253
1.245208524892206
1.2438888586310846
1.2438888586310846
1.2438218014258524
1.2434516701601872
1.2434516701601872
1.2420751783995598
1.2420751783995598
1.2420751783995598
1.2420751783995598
1.2409538416389125
1.2409538416389125
1.2311075887240683
1.2294435830824568
1.2294435830824568
1.2294435830824568
1.2281689122989299
