17.793412192540405
17.793412192540405
17.793412192540405
17.793412192540405
17.793412192540405
17.793412192540405
17.793412192540405
17.793412192540405
17.793412192540405
17.793412192540405
17.793412192540405
17.793412192540405
17.793412192540405
17.793412192540405
17.793412192540405
17.793412192540405
17.793412192540405
17.793412192540405
17.793412192540405
17.793412192540405
17.793412192540405
17.793412192540405
17.793412192540405
17.793412192540405
17.793412192540405
17.793412192540405
17.793412192540405
17.793412192540405
17.793412192540405
16.998645072406784
16.998645072406784
16.998645072406784
16.998645072406784
16.998645072406784
16.998645072406784
16.998645072406784
16.998645072406784
16.998645072406784
16.998645072406784
16.998645072406784
16.998645072406784
16.998645072406784
16.998645072406784
16.998645072406784
16.998645072406784
16.998645072406784
16.998645072406784
16.998645072406784
16.998645072406784
16.998645072406784
16.998645072406784
16.998645072406784
16.998645072406784
16.998645072406784
16.998645072406784
16.998645072406784
16.998645072406784
16.998645072406784
16.998645072406784
16.998645072406784
16.998645072406784
16.998645072406784
16.998645072406784
16.998645072406784
16.998645072406784
16.998645072406784
16.998645072406784
16.998645072406784
16.998645072406784
16.998645072406784
16.998645072406784
16.998645072406784
16.998645072406784
16.998645072406784
16.998645072406784
16.998645072406784
16.998645072406784
16.998645072406784
16.998645072406784
16.998645072406784
16.998645072406784
16.998645072406784
16.998645072406784
16.998645072406784
16.998645072406784
16.998645072406784
16.998645072406784
16.998645072406784
16.998645072406784
16.998645072406784
16.998645072406784
16.998645072406784
16.998645072406784
16.998645072406784
16.998645072406784
16.998645072406784
16.998645072406784
16.998645072406784
16.998645072406784
16.998645072406784
16.998645072406784
16.998645072406784
16.7926597931562
16.7926597931562
16.7926597931562
16.7926597931562
16.7926597931562
16.561682410107267
16.561682410107267
16.561682410107267
16.561682410107267
16.561682410107267
16.561682410107267
16.561682410107267
16.561682410107267
16.561682410107267
16.561682410107267
16.561682410107267
16.561682410107267
16.561682410107267
16.561682410107267
16.561682410107267
16.561682410107267
16.561682410107267
16.561682410107267
16.561682410107267
16.561682410107267
16.561682410107267
16.561682410107267
16.561682410107267
16.561682410107267
16.561682410107267
16.561682410107267
16.561682410107267
16.561682410107267
16.561682410107267
16.561682410107267
16.561682410107267
16.561682410107267
16.561682410107267
16.561682410107267
16.561682410107267
16.561682410107267
16.561682410107267
16.561682410107267
16.561682410107267
16.561682410107267
16.561682410107267
16.561682410107267
16.561682410107267
16.561682410107267
16.561682410107267
16.561682410107267
16.561682410107267
16.561682410107267
16.561682410107267
16.561682410107267
16.561682410107267
16.561682410107267
16.561682410107267
16.561682410107267
16.561682410107267
16.39416367232483
16.39416367232483
16.352857309682584
16.352857309682584
16.352857309682584
16.352857309682584
16.352857309682584
16.352857309682584
16.352857309682584
16.352857309682584
16.352857309682584
16.352857309682584
16.352857309682584
16.352857309682584
16.352857309682584
16.352857309682584
16.352857309682584
16.352857309682584
16.352857309682584
16.352857309682584
16.352857309682584
16.352857309682584
16.352857309682584
16.352857309682584
15.079886687584168
15.079886687584168
15.079886687584168
15.079886687584168
15.079886687584168
15.079886687584168
13.51959219226515
13.51959219226515
13.51959219226515
13.51959219226515
13.51959219226515
13.51959219226515
13.51959219226515
13.51959219226515
13.51959219226515
13.51959219226515
13.51959219226515
13.51959219226515
13.51959219226515
13.51959219226515
13.51959219226515
13.51959219226515
13.51959219226515
13.51959219226515
13.51959219226515
13.51959219226515
13.51959219226515
13.51959219226515
13.51959219226515
13.51959219226515
13.51959219226515
13.51959219226515
13.51959219226515
13.51959219226515
13.51959219226515
13.51959219226515
13.51959219226515
13.51959219226515
13.51959219226515
13.51959219226515
13.51959219226515
13.51959219226515
13.51959219226515
13.51959219226515
13.51959219226515
13.51959219226515
13.51959219226515
13.51959219226515
13.51959219226515
13.51959219226515
13.51959219226515
13.51959219226515
13.51959219226515
13.51959219226515
13.51959219226515
13.51959219226515
13.51959219226515
13.51959219226515
13.51959219226515
13.51959219226515
13.51959219226515
13.51959219226515
13.51959219226515
13.51959219226515
13.51959219226515
13.51959219226515
13.51959219226515
13.51959219226515
13.51959219226515
13.51959219226515
13.51959219226515
13.51959219226515
13.51959219226515
13.51959219226515
13.51959219226515
13.51959219226515
13.51959219226515
13.51959219226515
13.51959219226515
13.51959219226515
13.51959219226515
13.51959219226515
13.51959219226515
13.51959219226515
13.51959219226515
13.51959219226515
13.51959219226515
13.51959219226515
13.51959219226515
13.51959219226515
13.51959219226515
13.51959219226515
13.51959219226515
13.51959219226515
13.51959219226515
13.51959219226515
13.51959219226515
13.51959219226515
13.51959219226515
13.51959219226515
13.51959219226515
13.51959219226515
13.51959219226515
13.51959219226515
13.51959219226515
13.51959219226515
13.51959219226515
13.51959219226515
13.51959219226515
13.51959219226515
13.51959219226515
13.51959219226515
13.51959219226515
13.51959219226515
13.51959219226515
13.51959219226515
13.51959219226515
13.51959219226515
13.51959219226515
13.51959219226515
13.51959219226515
13.51959219226515
13.51959219226515
13.40834760333835
13.40834760333835
13.40834760333835
13.40834760333835
13.40834760333835
13.40834760333835
13.40834760333835
13.40834760333835
13.40834760333835
13.40834760333835
13.40834760333835
13.40834760333835
13.40834760333835
13.40834760333835
13.40834760333835
13.40834760333835
13.40834760333835
13.40834760333835
13.40834760333835
13.40834760333835
13.40834760333835
13.40834760333835
13.40834760333835
13.40834760333835
13.40834760333835
13.40834760333835
13.40834760333835
13.40834760333835
13.40834760333835
13.40834760333835
13.40834760333835
13.40834760333835
13.40834760333835
13.40834760333835
13.40834760333835
13.40834760333835
13.40834760333835
13.40834760333835
13.40834760333835
13.40834760333835
13.40834760333835
13.40834760333835
13.40834760333835
13.40834760333835
13.40834760333835
13.40834760333835
13.40834760333835
13.40834760333835
13.40834760333835
13.40834760333835
13.40834760333835
13.40834760333835
13.40834760333835
13.40834760333835
13.40834760333835
13.40834760333835
13.40834760333835
13.40834760333835
13.40834760333835
13.40834760333835
13.40834760333835
13.40834760333835
12.204478997962678
12.204478997962678
12.204478997962678
12.204478997962678
12.204478997962678
12.204478997962678
12.204478997962678
12.204478997962678
12.204478997962678
12.204478997962678
12.204478997962678
12.204478997962678
12.204478997962678
12.204478997962678
12.204478997962678
12.204478997962678
12.204478997962678
12.204478997962678
12.204478997962678
12.204478997962678
12.204478997962678
12.204478997962678
12.204478997962678
12.204478997962678
12.204478997962678
12.204478997962678
12.204478997962678
12.204478997962678
12.204478997962678
12.204478997962678
12.204478997962678
12.204478997962678
12.204478997962678
12.204478997962678
12.204478997962678
12.204478997962678
12.204478997962678
12.204478997962678
12.204478997962678
12.204478997962678
12.204478997962678
12.204478997962678
12.204478997962678
12.204478997962678
12.204478997962678
12.204478997962678
12.204478997962678
12.204478997962678
12.204478997962678
12.204478997962678
12.204478997962678
12.204478997962678
12.204478997962678
12.204478997962678
12.204478997962678
12.204478997962678
12.204478997962678
12.204478997962678
12.204478997962678
12.204478997962678
12.204478997962678
12.204478997962678
12.204478997962678
12.204478997962678
12.204478997962678
12.204478997962678
12.204478997962678
12.204478997962678
12.204478997962678
12.204478997962678
12.204478997962678
12.204478997962678
12.204478997962678
12.204478997962678
12.204478997962678
12.204478997962678
12.204478997962678
12.204478997962678
12.204478997962678
12.204478997962678
12.204478997962678
12.204478997962678
12.204478997962678
12.204478997962678
12.204478997962678
12.204478997962678
12.204478997962678
12.204478997962678
12.204478997962678
12.204478997962678
12.204478997962678
12.204478997962678
12.204478997962678
12.204478997962678
12.204478997962678
12.204478997962678
12.204478997962678
12.204478997962678
12.204478997962678
12.204478997962678
12.204478997962678
12.204478997962678
12.204478997962678
12.204478997962678
12.204478997962678
12.204478997962678
12.204478997962678
12.204478997962678
12.204478997962678
12.204478997962678
12.204478997962678
12.204478997962678
12.204478997962678
12.204478997962678
12.204478997962678
10.367803634894514
10.367803634894514
10.367803634894514
10.367803634894514
10.367803634894514
10.367803634894514
10.367803634894514
10.367803634894514
10.367803634894514
10.367803634894514
10.367803634894514
10.367803634894514
10.367803634894514
10.367803634894514
10.367803634894514
10.367803634894514
10.367803634894514
10.367803634894514
10.367803634894514
10.367803634894514
10.367803634894514
10.367803634894514
10.367803634894514
10.367803634894514
10.367803634894514
10.367803634894514
10.367803634894514
10.367803634894514
10.367803634894514
10.367803634894514
10.367803634894514
10.367803634894514
10.367803634894514
10.367803634894514
10.367803634894514
10.367803634894514
10.367803634894514
10.367803634894514
10.367803634894514
10.367803634894514
10.367803634894514
10.367803634894514
10.367803634894514
10.367803634894514
10.367803634894514
10.367803634894514
10.367803634894514
10.367803634894514
10.367803634894514
10.367803634894514
10.367803634894514
10.367803634894514
10.367803634894514
10.367803634894514
10.367803634894514
10.367803634894514
10.367803634894514
10.367803634894514
10.367803634894514
10.367803634894514
10.367803634894514
10.367803634894514
10.367803634894514
10.367803634894514
10.367803634894514
10.367803634894514
10.367803634894514
10.367803634894514
10.367803634894514
10.367803634894514
10.367803634894514
10.367803634894514
10.367803634894514
10.367803634894514
10.367803634894514
10.367803634894514
10.367803634894514
10.367803634894514
10.367803634894514
10.367803634894514
10.367803634894514
10.367803634894514
10.367803634894514
10.367803634894514
10.367803634894514
10.367803634894514
10.367803634894514
10.367803634894514
10.367803634894514
10.367803634894514
10.367803634894514
10.367803634894514
10.367803634894514
10.367803634894514
10.367803634894514
10.367803634894514
10.367803634894514
10.367803634894514
10.367803634894514
10.367803634894514
9.921566811257913
9.921566811257913
9.921566811257913
9.921566811257913
9.921566811257913
9.921566811257913
9.921566811257913
9.921566811257913
9.921566811257913
9.921566811257913
9.921566811257913
9.921566811257913
9.921566811257913
9.921566811257913
9.921566811257913
9.921566811257913
9.921566811257913
9.921566811257913
9.921566811257913
9.921566811257913
9.921566811257913
9.921566811257913
9.921566811257913
9.921566811257913
9.921566811257913
9.921566811257913
9.921566811257913
9.921566811257913
9.921566811257913
9.921566811257913
9.921566811257913
9.921566811257913
9.921566811257913
9.921566811257913
9.921566811257913
9.921566811257913
9.921566811257913
9.921566811257913
9.921566811257913
9.921566811257913
9.724561685120602
9.724561685120602
8.412163759654826
8.412163759654826
8.412163759654826
8.412163759654826
8.412163759654826
8.412163759654826
8.412163759654826
8.412163759654826
8.412163759654826
8.412163759654826
8.412163759654826
8.412163759654826
8.412163759654826
8.412163759654826
8.412163759654826
8.412163759654826
8.412163759654826
8.412163759654826
8.412163759654826
8.412163759654826
8.412163759654826
8.412163759654826
8.412163759654826
8.412163759654826
8.412163759654826
8.412163759654826
8.412163759654826
8.412163759654826
8.412163759654826
8.412163759654826
8.412163759654826
8.412163759654826
8.412163759654826
8.412163759654826
8.412163759654826
8.412163759654826
8.412163759654826
8.412163759654826
8.412163759654826
8.412163759654826
8.412163759654826
8.412163759654826
8.412163759654826
8.412163759654826
8.412163759654826
8.412163759654826
8.412163759654826
8.412163759654826
8.412163759654826
8.412163759654826
8.412163759654826
8.412163759654826
8.412163759654826
8.412163759654826
8.412163759654826
8.412163759654826
8.412163759654826
8.412163759654826
8.412163759654826
8.412163759654826
8.412163759654826
8.412163759654826
8.412163759654826
8.412163759654826
8.412163759654826
8.412163759654826
8.412163759654826
8.412163759654826
8.412163759654826
8.412163759654826
8.412163759654826
8.412163759654826
8.412163759654826
8.412163759654826
8.412163759654826
8.412163759654826
8.412163759654826
8.412163759654826
8.412163759654826
8.412163759654826
8.412163759654826
8.412163759654826
8.412163759654826
8.412163759654826
8.412163759654826
8.412163759654826
8.412163759654826
8.412163759654826
8.412163759654826
8.412163759654826
8.412163759654826
8.412163759654826
8.412163759654826
8.412163759654826
8.412163759654826
8.412163759654826
8.412163759654826
8.412163759654826
8.412163759654826
8.412163759654826
8.412163759654826
8.412163759654826
8.412163759654826
8.412163759654826
8.412163759654826
8.412163759654826
8.412163759654826
8.412163759654826
8.412163759654826
8.412163759654826
8.412163759654826
8.412163759654826
8.179111082222136
8.179111082222136
8.179111082222136
8.179111082222136
8.179111082222136
8.179111082222136
8.179111082222136
8.179111082222136
8.179111082222136
8.179111082222136
8.179111082222136
8.179111082222136
8.179111082222136
8.179111082222136
8.179111082222136
8.179111082222136
8.179111082222136
8.179111082222136
8.179111082222136
8.179111082222136
7.31795579765617
7.31795579765617
7.31795579765617
7.31795579765617
7.31795579765617
7.31795579765617
7.31795579765617
7.31795579765617
7.31795579765617
7.31795579765617
7.31795579765617
7.31795579765617
7.31795579765617
7.31795579765617
7.31795579765617
7.31795579765617
7.31795579765617
7.31795579765617
7.31795579765617
7.109223803629748
7.109223803629748
7.109223803629748
7.109223803629748
7.109223803629748
7.109223803629748
7.109223803629748
7.109223803629748
7.109223803629748
7.109223803629748
7.109223803629748
7.109223803629748
7.109223803629748
7.109223803629748
7.109223803629748
7.109223803629748
7.109223803629748
7.109223803629748
7.109223803629748
7.109223803629748
7.109223803629748
7.109223803629748
7.109223803629748
7.109223803629748
7.109223803629748
7.109223803629748
7.109223803629748
7.109223803629748
7.109223803629748
7.109223803629748
7.109223803629748
7.109223803629748
7.109223803629748
7.109223803629748
7.109223803629748
7.109223803629748
7.109223803629748
7.109223803629748
7.109223803629748
7.109223803629748
7.109223803629748
7.109223803629748
7.109223803629748
7.109223803629748
7.109223803629748
7.109223803629748
7.109223803629748
7.109223803629748
7.109223803629748
7.109223803629748
7.109223803629748
7.109223803629748
7.109223803629748
7.109223803629748
7.109223803629748
7.109223803629748
7.109223803629748
7.109223803629748
7.109223803629748
7.109223803629748
7.109223803629748
7.109223803629748
7.109223803629748
7.109223803629748
7.109223803629748
7.109223803629748
7.109223803629748
7.109223803629748
7.109223803629748
7.109223803629748
7.109223803629748
7.109223803629748
7.109223803629748
7.109223803629748
7.109223803629748
7.109223803629748
7.109223803629748
7.109223803629748
7.109223803629748
7.109223803629748
7.109223803629748
6.9863963721809395
6.9863963721809395
6.9863963721809395
6.9863963721809395
6.9863963721809395
6.9863963721809395
6.9863963721809395
6.9863963721809395
6.9863963721809395
6.9863963721809395
6.9863963721809395
6.9863963721809395
6.9863963721809395
6.9863963721809395
6.9863963721809395
6.9863963721809395
6.9863963721809395
6.9863963721809395
6.9863963721809395
6.9863963721809395
6.9863963721809395
6.9863963721809395
6.9863963721809395
6.9863963721809395
6.9863963721809395
6.9863963721809395
6.9863963721809395
6.9863963721809395
6.9863963721809395
6.9863963721809395
6.9863963721809395
6.9863963721809395
6.9863963721809395
6.9863963721809395
6.9863963721809395
6.9863963721809395
6.9863963721809395
6.9863963721809395
6.9863963721809395
6.9863963721809395
6.9863963721809395
6.9863963721809395
6.9863963721809395
6.9863963721809395
6.9863963721809395
6.9863963721809395
6.9863963721809395
6.9863963721809395
6.9863963721809395
6.9863963721809395
6.9863963721809395
6.9863963721809395
6.9863963721809395
6.9863963721809395
6.9863963721809395
6.9863963721809395
6.9863963721809395
6.9863963721809395
6.9863963721809395
6.9863963721809395
6.9863963721809395
6.9863963721809395
6.9863963721809395
6.965602654138298
6.965602654138298
6.880984142850544
6.880984142850544
6.880984142850544
6.880984142850544
6.880984142850544
6.880984142850544
6.880984142850544
6.880984142850544
6.880984142850544
6.880984142850544
6.880984142850544
6.880984142850544
6.880984142850544
6.880984142850544
6.880984142850544
6.880984142850544
6.880984142850544
6.880984142850544
6.880984142850544
6.880984142850544
6.880984142850544
6.880984142850544
6.880984142850544
6.880984142850544
6.880984142850544
6.880984142850544
6.880984142850544
6.880984142850544
6.880984142850544
6.880984142850544
6.880984142850544
6.880984142850544
6.880984142850544
6.880984142850544
6.880984142850544
6.880984142850544
6.880984142850544
6.880984142850544
6.880984142850544
6.880984142850544
6.880984142850544
6.880984142850544
6.880984142850544
6.880984142850544
6.880984142850544
6.880984142850544
6.880984142850544
6.880984142850544
6.880984142850544
6.880984142850544
6.880984142850544
6.880984142850544
6.880984142850544
6.880984142850544
6.880984142850544
6.468577670859933
6.468577670859933
6.468577670859933
6.468577670859933
6.468577670859933
6.468577670859933
6.468577670859933
6.468577670859933
6.468577670859933
6.468577670859933
6.468577670859933
6.468577670859933
6.468577670859933
6.468577670859933
6.468577670859933
6.468577670859933
6.468577670859933
6.468577670859933
6.468577670859933
6.468577670859933
